1356069505858,0.0,0.0,0.0
1356069505899,-0.08165693,-0.12248421,-0.10887605
1356069505937,0.041270494,-0.08099842,-0.040243417
1356069505978,0.042085648,0.002661705,0.16550565
1356069506018,0.11115122,-0.1842041,0.3171779
1356069506058,0.070497274,-0.06927967,0.6574126
1356069506098,8.4877014E-4,0.02053833,0.50062716
1356069506137,-0.1253457,-0.010592461,0.52268046
1356069506179,-0.38856006,0.14916325,0.5164831
1356069506218,-0.81261635,0.0076589584,0.82138526
1356069506257,-0.84687877,-0.028113365,1.1806266
1356069506297,-0.9060614,-0.1356163,0.9807998
1356069506337,-0.9024811,-0.3269863,0.8205184
1356069506377,-0.7520416,-0.68048096,0.78211606
1356069506417,-0.96056867,-0.55068016,0.977784
1356069506457,-2.3490825,0.12203312,2.146553
1356069506497,-0.6971998,0.031064987,3.238168
1356069506537,0.4532075,0.57425976,2.9741952
1356069506577,-1.2340171,1.4549794,2.5082893
1356069506617,0.28808618,2.6984615,2.0339093
1356069506657,-0.04610896,3.8609238,1.6339914
1356069506697,0.28774285,4.0039926,1.7741389
1356069506743,0.46676254,3.1713638,2.474937
1356069506779,0.6247306,2.3874984,2.635851
1356069506819,-0.3667047,2.2961898,2.8913748
1356069506859,-1.8464468,1.2628522,2.935207
1356069506899,-2.80058,0.064816475,3.0026374
1356069506957,-1.686975,-0.15060568,1.7909942
1356069506978,0.50033045,-3.2108388,0.53879213
1356069507018,0.96110296,-7.2236176,0.19868994
1356069507056,1.1689878,-0.7211733,-3.6817987
1356069507098,3.710713,0.3837614,-6.2524476
1356069507137,-0.33792877,-2.1787968,-6.599763
1356069507177,-1.0744677,-2.7981772,-5.114747
1356069507217,1.6157854,-1.165412,-4.531144
1356069507257,2.6372569,-1.64956,-4.0401235
1356069507297,1.5366867,-0.8984413,-3.5545166
1356069507337,0.52573633,-0.121896744,-2.9870985
1356069507377,0.45406866,0.045705795,-2.6413808
1356069507417,0.8152814,0.5252781,-1.4299226
1356069507457,1.0232029,0.41482544,-0.41289687
1356069507497,0.364635,-0.2430687,0.030583873
1356069507537,-3.0621657,1.1471052,1.1542943
1356069507577,-4.026663,0.46986198,1.6603305
1356069507617,-0.7987523,-1.41819,1.3479247
1356069507657,-2.3018665,-1.858182,0.35123932
1356069507697,-0.43010187,-1.0977278,2.3702185
1356069507743,2.7489848,-5.2648478,1.0163108
1356069507779,2.2537074,-4.933298,-0.93136925
1356069507819,-0.6544435,-0.6867075,1.8913189
1356069507857,-1.4951708,0.39405537,0.7514068
1356069507897,1.4447606,2.6079283,0.35904524
1356069507937,3.7745562,4.5346045,-0.23753178
1356069507977,3.7248788,5.4731274,0.5005317
1356069508018,3.466924,6.2558494,1.3458793
1356069508057,2.32087,5.01023,2.657541
1356069508097,-4.2889795,-0.24681664,7.4899855
1356069508137,-9.739817,0.1503563,7.2575893
1356069508177,-1.1347489,3.9826355,3.4144168
1356069508218,1.1915586,-6.139881,1.3416613
1356069508257,-2.231666,-3.6780686,-2.7206829
1356069508298,4.0379586,5.330233,-2.3641326
1356069508337,2.1249433,-1.4888744,-9.476089
1356069508377,-2.5482602,-7.1349583,-3.4008882
1356069508417,1.2631953,-1.4773898,-1.8042225
1356069508457,3.8212094,-0.895319,-3.912133
1356069508497,0.9133687,-0.83297443,-4.2783546
1356069508537,0.22019315,1.0158896,-2.0154753
1356069508577,0.5263102,1.2929702,-1.9319847
1356069508617,0.35442448,0.98861504,-1.5488216
1356069508657,-0.99573994,0.4802332,0.8795579
1356069508697,-4.6077805,0.29328918,1.4041406
1356069508743,-3.363804,-1.0017052,0.68050706
1356069508779,-2.4602852,-2.507783,0.19874068
1356069508819,-0.6690736,-2.256981,2.9263291
1356069508859,2.647261,-6.3141737,1.094212
1356069508899,1.532431,-5.382369,-1.686691
1356069508937,-0.26128268,-1.3436422,1.8096331
1356069508977,-1.3743553,0.83469105,1.1324853
1356069509017,0.94268703,3.2152538,0.35079455
1356069509057,3.7221627,5.25384,-0.4455526
1356069509098,3.8992772,6.1878386,0.24441397
1356069509137,3.6076415,7.487717,1.0464772
1356069509177,3.054816,6.3874974,2.3632684
1356069509217,-3.057166,-0.118463516,6.6793747
1356069509257,-11.33663,-4.930112,9.371696
1356069509298,-2.764614,-2.2956905,3.8787746
1356069509337,2.40469,-4.2848854,-3.9193559
1356069509377,4.8367815,5.4568653,-1.2662473
1356069509417,2.0719333,-0.14078236,-5.853639
1356069509457,-3.6148858,-7.1304655,-4.4443626
1356069509498,-2.4179153,0.6445031,-2.6808631
1356069509538,2.6646345,-0.8599367,-2.6142073
1356069509577,2.5661886,-1.2468224,-2.507107
1356069509617,0.6186819,0.01817894,-1.8661835
1356069509657,0.061508894,0.9962506,-2.1619546
1356069509697,-0.56908894,1.7168708,-2.0644853
1356069509740,-0.43495488,1.1501741,0.33940184
1356069509779,-2.3875132,0.63835335,1.1251078
1356069509819,-3.8762555,-0.4040203,0.39502043
1356069509859,-2.6078858,-1.7338505,0.16587134
1356069509897,0.17397451,-3.0373154,2.742084
1356069509956,4.801474,-7.7201967,0.8096224
1356069509978,3.0360086,-5.3141546,-1.6083199
1356069510018,-0.84333587,-1.1990795,2.203932
1356069510055,-2.1106677,0.7609453,1.0434462
1356069510098,1.3547254,2.8924756,-0.058789283
1356069510137,3.677816,4.966367,-0.6156106
1356069510177,3.4004278,6.361886,0.19882542
1356069510217,3.3554387,7.5509534,0.7712295
1356069510257,2.4802237,7.3244867,2.9650564
1356069510298,-3.9258416,0.33157635,8.050842
1356069510337,-10.499969,-3.169201,8.947968
1356069510378,-0.49915266,-2.0641785,4.8315744
1356069510417,-0.3774705,-6.7979875,-0.5073272
1356069510458,0.57417977,4.7493606,-2.9809184
1356069510498,3.7079458,2.6158633,-5.1606274
1356069510538,-2.0746741,-6.860402,-5.3949394
1356069510577,-2.8015058,-2.1657624,-3.6523643
1356069510617,3.0284688,-0.690547,-3.4305134
1356069510657,2.6771655,-1.4459653,-3.4785419
1356069510697,0.40741277,0.16459513,-2.5743158
1356069510742,-0.10400939,1.4885516,-3.1441221
1356069510779,0.13782763,1.9162502,-3.0673084
1356069510819,0.2917204,0.8026829,-0.05119872
1356069510859,-2.114263,0.9771333,1.4971696
1356069510899,-4.527041,-0.18360329,0.39354032
1356069510937,-2.6468897,-2.3246222,0.19140407
1356069510977,-1.2090378,-1.9948874,1.7831957
1356069511017,2.910245,-5.431527,2.5807474
1356069511057,2.3439734,-6.516555,-1.5200485
1356069511097,0.08550382,-2.2067451,0.6005367
1356069511137,-0.69954634,-0.69306946,2.2378702
1356069511178,0.030320406,2.4500418,-0.36269572
1356069511217,3.5118616,4.627523,-0.20845847
1356069511258,4.583538,6.6279087,-0.33962727
1356069511298,4.675276,8.191268,0.668985
1356069511337,4.49034,8.403046,1.6460407
1356069511378,-2.235108,-0.48323917,7.667224
1356069511417,-13.423162,-6.4471607,10.470122
1356069511458,-0.9429445,6.928215,4.731773
1356069511498,2.9664903,-8.496578,-2.9377294
1356069511538,-2.948938,1.8123908,-1.8887448
1356069511577,2.8725698,3.4417765,-2.4291282
1356069511617,-0.29102898,-5.3597956,-6.8086176
1356069511657,-2.649195,-3.134427,-3.9198074
1356069511697,2.3762357,-1.6672039,-1.729757
1356069511742,3.4431903,-1.2040081,-3.1476843
1356069511779,0.9061279,-0.44324064,-3.3005462
1356069511819,-0.12226224,0.4401474,-2.048388
1356069511858,0.22277236,1.3355117,-2.372845
1356069511899,-0.26099277,1.1312261,-0.9381516
1356069511939,-1.3508091,0.9597616,1.3889529
1356069511978,-3.918316,-0.8060694,1.7406524
1356069512019,-2.3682005,-1.6283007,1.0968899
1356069512059,-3.602002,-1.9301653,0.03029754
1356069512099,-0.85115266,-4.030319,1.657381
1356069512138,2.5703316,-8.257408,-0.6227883
1356069512179,2.462583,-3.386097,-1.1069478
1356069512217,-0.9110093,0.25036526,1.9528302
1356069512257,-0.7178774,2.4720984,-0.3596289
1356069512297,1.8661063,4.384529,-0.15861541
1356069512337,4.6582866,6.0625296,-1.1748343
1356069512377,5.036196,7.29704,0.5272378
1356069512418,3.86126,7.8278513,1.2928419
1356069512457,1.3542287,3.8879375,3.5301013
1356069512498,-11.780381,-7.217762,11.72274
1356069512538,-4.9879503,2.6407452,4.0803785
1356069512577,3.3181825,-2.9226065,2.6679506
1356069512617,0.2760768,-4.9358573,-1.8641034
1356069512657,0.95471513,3.8163588,-1.0249846
1356069512697,2.1779482,-0.76308537,-6.336539
1356069512742,-3.989581,-4.5050926,-4.8987017
1356069512779,-0.82227325,-1.1331277,-2.4818292
1356069512819,4.3277574,-0.87181664,-3.1811154
1356069512859,3.166797,-1.278481,-3.5838573
1356069512898,0.2862413,0.3515067,-2.2594843
1356069512938,-1.028456,1.6342845,-2.3900456
1356069512978,-0.75955296,1.0870447,-2.1547577
1356069513015,-0.6727123,0.3931837,0.94444513
1356069513058,-3.677559,0.349061,1.5553665
1356069513097,-3.9834304,-0.24267769,0.5264388
1356069513137,-2.6172943,-1.5174723,0.42428303
1356069513177,-2.122427,-2.1442413,1.9602566
1356069513217,3.7404432,-6.9973164,1.8990564
1356069513258,5.245592,-5.891897,-1.4893806
1356069513297,0.13511324,-0.8251543,1.1882689
1356069513338,-2.5710497,0.67444324,1.5362618
1356069513377,0.443655,2.7830105,0.24852508
1356069513418,4.580973,5.0933785,-0.6207343
1356069513457,4.1841183,7.0722847,0.02363807
1356069513498,3.7972505,7.8161564,1.055432
1356069513538,3.178444,6.6440697,2.3344586
1356069513577,-4.6179104,-2.4763212,8.917547
1356069513617,-11.8247795,-3.066823,8.084429
1356069513657,-0.77085304,5.5248466,4.3519697
1356069513697,2.2800305,-9.833757,-3.131621
1356069513743,-0.4370365,1.9437485,-0.13409352
1356069513779,6.210429,3.916809,-3.0090196
1356069513819,-1.5054588,-6.133165,-8.516643
1356069513859,-4.5311027,-4.0860868,-2.313875
1356069513899,2.3827496,0.0973444,-1.7113299
1356069513939,2.8536751,-1.2548695,-3.5768
1356069513977,1.0839794,0.4796996,-2.8389988
1356069514017,0.0875113,1.3619952,-2.5516372
1356069514057,0.28344083,0.96319485,-2.8355494
1356069514097,0.0173347,0.013254166,-0.4105553
1356069514137,-2.6171737,0.12320042,0.6232183
1356069514177,-4.0600586,-0.040875435,0.8600197
1356069514217,-2.4078095,-1.1836815,0.4661816
1356069514257,-2.191823,-1.5657616,0.20941342
1356069514297,-0.47634912,-4.6894407,2.9458423
1356069514337,3.4202666,-7.977604,-0.38972732
1356069514377,3.6218877,-3.5623026,-1.4228026
1356069514418,-1.9365025,0.11943817,2.958054
1356069514457,-1.8106935,1.5268531,0.51146585
1356069514498,2.1608195,3.3110242,-0.19476797
1356069514538,4.0978274,5.6906204,-0.3817607
1356069514578,3.4196436,7.169269,0.664455
1356069514617,3.1860173,8.017569,0.74150574
1356069514657,2.6359024,6.0080295,3.2622173
1356069514697,-7.9740744,-3.9559174,11.128157
1356069514742,-7.886258,0.73680973,6.137878
1356069514779,0.54815257,4.4266977,3.065977
1356069514819,0.44262922,-9.729923,-1.7319113
1356069514859,-1.9841094,-1.7165394,-0.39300954
1356069514899,5.7652826,3.5349736,-3.9696798
1356069514939,0.15616179,-3.6570616,-9.260803
1356069514977,-3.4673529,-5.9126825,-2.3853607
1356069515017,2.8048215,0.3702879,-1.4727516
1356069515057,2.7391326,-1.0763206,-3.519089
1356069515097,0.7496064,0.14645147,-3.5958583
1356069515137,-0.48087788,1.4119611,-1.765221
1356069515177,0.119820595,1.271277,-2.0151763
1356069515217,-0.39592528,0.6192856,-0.39047778
1356069515258,-1.8979745,1.1336637,1.1300595
1356069515297,-3.5249834,0.29586697,0.86482847
1356069515337,-1.9811904,-1.376503,0.52529824
1356069515377,-1.5270524,-2.1658974,0.15349853
1356069515418,-1.2750473,-2.9778957,2.6524491
1356069515458,2.2186258,-6.5396547,-0.3791309
1356069515498,2.3687427,-3.951252,-1.2706957
1356069515537,-0.78779507,-0.12812424,1.8366646
1356069515578,-0.7155199,0.70966816,0.664081
1356069515617,1.3243313,3.0084977,-0.52511555
1356069515657,3.631682,4.7125354,-0.53009033
1356069515697,4.0927954,5.8336067,0.024120629
1356069515743,4.171755,7.585599,0.26683003
1356069515779,2.0170693,6.1904697,3.2011209
1356069515819,-8.413574,-2.1978378,10.121391
1356069515859,-7.5416946,1.6466107,6.8714294
1356069515905,0.25979948,2.1843128,3.5494287
1356069515938,-2.963899,-9.997753,-1.2867393
1356069515975,0.40273,1.5702767,-1.634842
1356069516018,6.4978685,3.5486853,-4.6047883
1356069516057,-2.1943378,-7.1273203,-6.627839
1356069516097,-2.2805226,-3.153626,-1.5967963
1356069516137,3.9945717,-0.19846582,-1.7519977
1356069516177,2.8010106,-1.1465816,-4.0151124
1356069516218,0.668947,0.54524326,-2.5130394
1356069516257,0.5647001,1.5798178,-1.4378421
1356069516298,0.3368709,1.3075571,-2.3607805
1356069516338,0.13446736,0.7147379,0.1762147
1356069516377,-2.370436,0.51309395,1.07605
1356069516418,-2.76892,-0.26693726,0.41873217
1356069516458,-1.9391575,-1.4788837,0.0665953
1356069516497,-3.181209,-2.1911268,0.8253246
1356069516538,1.2849462,-6.4922247,2.5492065
1356069516578,2.7690501,-7.827627,-2.3787777
1356069516617,-0.2024107,-2.054739,0.08550127
1356069516658,-2.4874449,0.67935944,2.3342795
1356069516697,-0.39811015,2.7056565,-0.7291938
1356069516743,3.6726894,4.471569,-0.8158065
1356069516779,4.883415,6.61528,-0.64607626
1356069516819,3.9530432,7.3638144,0.50737697
1356069516859,3.4266436,7.390588,1.9623227
1356069516897,-0.27825093,3.089435,4.994182
1356069516938,-13.449591,-3.4953423,9.722881
1356069516978,-2.0478323,3.5330243,5.0084276
1356069517017,0.70985305,-6.3275084,1.9578639
1356069517057,-2.5597265,-3.6465635,-2.9376106
1356069517098,5.241109,5.497279,-0.8944818
1356069517137,4.4747715,-0.697927,-7.6080327
1356069517177,-3.0408287,-8.010038,-4.021848
1356069517217,0.164356,-1.1800342,-1.1707413
1356069517258,4.382881,-0.07367706,-2.3069823
1356069517298,1.1074924,-1.1295981,-3.7185838
1356069517337,0.19353008,0.85313416,-1.5970995
1356069517377,0.44346452,1.0736923,-1.6583134
1356069517418,-0.33765268,1.0319257,-1.8019105
1356069517457,-1.7409344,0.67647696,1.0417677
1356069517497,-4.7771273,-0.05053234,1.2273602
1356069517538,-2.7350676,-1.2526894,0.4881826
1356069517578,-2.1091113,-1.912509,0.026201941
1356069517618,-2.0352159,-1.724844,1.716486
1356069517657,2.5401146,-7.5892143,1.5634575
1356069517697,4.5170045,-6.762863,-1.756377
1356069517743,0.7079258,-0.34417725,0.9792378
1356069517779,-3.3735023,1.7050405,1.369962
1356069517819,0.09975982,3.309752,0.48328274
1356069517859,3.615813,5.138844,-1.349277
1356069517899,3.902533,6.6251106,-0.1623863
1356069517938,3.5702863,6.883149,0.50770086
1356069517978,3.0690835,5.8326583,1.6824306
1356069518017,-0.95993114,1.2291365,6.382068
1356069518057,-13.529626,-4.8595686,10.393701
1356069518097,-1.7696624,3.9689484,3.947913
1356069518138,2.4067929,-8.074846,0.22236204
1356069518177,-1.6749234,-2.4546857,-1.8693041
1356069518218,5.2273207,4.236848,-2.0977316
1356069518257,1.5072409,-3.6944575,-8.675023
1356069518297,-3.4566205,-5.6744857,-2.4496498
1356069518337,1.4064939,-0.48775816,-1.9140023
1356069518377,3.875931,-0.8322897,-3.6068077
1356069518418,1.2567818,0.34641218,-3.4489918
1356069518457,-0.17272115,1.9227176,-1.9135842
1356069518497,-0.60997653,1.982543,-2.3059433
1356069518538,-0.9313595,1.5372033,-1.1766876
1356069518577,-0.8757634,1.0332355,1.3547047
1356069518617,-3.934515,-0.14622784,1.191167
1356069518657,-3.3513045,-1.420454,-0.16948006
1356069518697,-3.122695,-1.4161644,0.60068214
1356069518742,-0.47647953,-3.944025,3.0236037
1356069518779,5.011031,-8.199366,-0.09548304
1356069518819,2.9931571,-3.2733564,-1.2943963
1356069518876,-1.6178656,-0.6956434,2.3750386
1356069518898,-1.3348286,1.5748534,0.83881485
1356069518938,2.8192964,3.082169,-0.65529007
1356069518975,4.7755823,4.9397354,-1.1185637
1356069519018,4.588371,5.626042,0.7511494
1356069519057,3.1383913,6.9392185,1.3090382
1356069519097,1.7524962,6.426083,3.2691805
1356069519138,-6.252834,-0.59431934,9.403636
1356069519177,-11.561041,-2.9012403,9.366573
1356069519217,-1.9062483,0.007866859,4.90384
1356069519258,-1.3675816,-7.730049,-0.8367273
1356069519298,1.4900804,4.6866245,-2.4933116
1356069519338,6.8306875,4.89958,-2.6474552
1356069519377,-0.5780065,-7.05546,-7.812784
1356069519418,-4.26047,-3.385007,-2.4856672
1356069519458,1.9625659,0.23042202,-2.8269634
1356069519497,3.5292702,-2.2316947,-4.4627075
1356069519538,1.6813192,-0.2615676,-3.9339736
1356069519578,0.49745464,1.0329313,-2.8863387
1356069519618,0.42066288,1.6476946,-3.085733
1356069519657,0.120658875,1.2908435,-1.6435182
1356069519697,-1.0472503,1.0810995,0.59725714
1356069519741,-4.246937,-0.23368835,0.752008
1356069519779,-3.5449054,-1.7243834,0.41551095
1356069519819,-2.8387914,-2.177412,0.53837305
1356069519859,0.5563047,-4.0872507,2.9098854
1356069519897,3.8643088,-7.2889357,0.031039774
1356069519938,1.4267361,-2.5600195,-0.93847805
1356069519978,-1.2027745,-0.2394867,2.2061925
1356069520017,-0.25052118,1.286449,0.6898316
1356069520057,2.560183,2.84509,-0.54684865
1356069520097,3.092481,5.004175,-0.41418093
1356069520137,3.6331716,6.8082294,-0.099337816
1356069520177,4.0612073,8.127648,0.36395335
1356069520217,2.7602262,4.998718,3.3689914
1356069520257,-9.720107,-6.078561,11.038032
1356069520297,-5.5751767,3.1719637,6.0896587
1356069520337,-0.21418023,-5.6287365,2.146495
1356069520377,-0.50001216,-1.670342,-5.0341554
1356069520417,4.031979,4.364464,-0.6060722
1356069520458,1.59548,-3.9041128,-6.1459813
1356069520498,-3.306653,-4.231816,-3.657217
1356069520537,-0.12232995,-0.16834402,-2.2861447
1356069520578,2.4520268,-1.3813701,-2.9710753
1356069520618,1.5484214,-0.81572676,-2.7211218
1356069520657,0.37306023,0.79063845,-2.0120795
1356069520698,-0.1947887,1.7773733,-2.5796678
1356069520743,0.25906968,0.9795618,-1.5320939
1356069520779,-0.5253303,0.28119183,0.9729748
1356069520819,-3.9357886,0.75494766,0.9511331
1356069520859,-3.5381687,0.14428806,0.33576912
1356069520898,-2.8240824,-1.1532078,0.2023967
1356069520938,-1.0482383,-5.22299,2.300512
1356069520977,4.7641163,-8.470275,0.2465933
1356069521017,3.5801187,-3.6757793,-1.1131134
1356069521057,-1.8511271,0.047657013,2.2427893
1356069521097,-1.173101,1.6879411,0.767933
1356069521137,2.1328526,2.887002,-0.29127455
1356069521177,4.266811,4.5525637,-0.62746286
1356069521217,3.5274832,6.154151,0.5294797
1356069521258,3.250743,7.1706495,0.815832
1356069521298,2.411899,6.3491883,2.2970638
1356069521337,-3.3263438,-0.05884838,7.661317
1356069521377,-12.022585,-3.0562124,8.8377075
1356069521417,0.05088854,6.573702,3.919207
1356069521458,1.3375984,-5.383302,0.12957764
1356069521498,-5.9674864,-6.2285647,-1.4946525
1356069521537,5.7538986,3.1631424,-0.20367002
1356069521578,5.1959243,0.6014266,-9.3671055
1356069521618,-1.8386362,-7.5464015,-6.151741
1356069521658,-1.9526944,-2.323845,-0.5720575
1356069521697,3.8925862,0.66041136,-2.2552571
1356069521741,1.8442422,-1.7064981,-4.0430465
1356069521779,0.20340085,1.0828376,-2.5965137
1356069521819,-0.41571355,1.4073348,-2.0319996
1356069521858,-0.9708657,1.2966981,-1.9533111
1356069521898,-1.0526385,0.7113981,0.791976
1356069521936,-3.6621366,0.5895214,0.54424745
1356069521978,-3.253211,-0.59276104,0.40129513
1356069522018,-0.96528864,-2.2515907,0.17748943
1356069522057,-1.7430086,-1.6412935,1.1080567
1356069522097,2.7365844,-6.0518513,2.7496786
1356069522138,3.2792666,-5.653981,-1.4274222
1356069522178,-1.0283048,-1.2781181,1.4702497
1356069522218,-2.0377474,1.1179328,2.233138
1356069522258,0.3953135,2.403606,-0.25163817
1356069522298,4.3109326,3.578689,-0.7847682
1356069522337,4.091322,5.7404513,0.03247404
1356069522378,3.5432074,6.3919845,1.4644096
1356069522417,1.8843832,6.4171257,2.4506025
1356069522458,-3.0664296,0.14944935,7.056263
1356069522498,-7.5230284,0.50365925,9.824479
1356069522537,-2.1525235,-2.350894,4.2829394
1356069522578,-0.25393987,-6.5718365,0.53618836
1356069522617,1.5469412,2.2776537,-1.8821002
1356069522658,4.3303084,4.0952234,-4.984971
1356069522697,-2.3289058,-5.0012236,-7.250961
1356069522741,-3.2707376,-2.8870616,-2.8700118
1356069522779,2.8064373,-0.26467562,-1.9208578
1356069522819,2.4614542,-1.562417,-3.5219436
1356069522859,0.32854033,-0.27405167,-2.838861
1356069522899,0.055579185,0.8867593,-2.4245496
1356069522939,-0.14608788,1.3324575,-3.0676913
1356069522979,0.49658155,0.5599098,-0.8535097
1356069523019,-1.312716,0.29644966,0.49822533
1356069523057,-5.0842752,0.61134624,1.2289169
1356069523097,-3.4299755,-1.2836361,0.41564173
1356069523137,-2.374035,-2.294114,0.48562482
1356069523178,-0.7393153,-2.7484636,2.3857021
1356069523217,3.4443007,-7.2458324,-0.2523464
1356069523258,2.490715,-4.2422333,-1.5852517
1356069523297,-0.49491358,-1.0332003,2.0624611
1356069523337,-1.2395091,1.481801,0.46819678
1356069523377,2.2612486,3.7202997,-0.37042522
1356069523417,3.980822,5.513336,-0.5842778
1356069523458,4.285778,6.453238,0.08861148
1356069523498,4.402087,7.6219883,0.35553014
1356069523538,3.1896977,5.768375,1.9128203
1356069523578,-5.636998,-3.5820122,9.654211
1356069523618,-11.358146,-1.9337006,8.516048
1356069523657,-0.677099,4.8718147,4.5224705
1356069523697,0.31284213,-9.41605,0.77599955
1356069523741,-3.6081326,-1.6043572,-2.825688
1356069523779,8.704052,4.383687,-0.23371077
1356069523819,1.9381284,-1.4940014,-8.85862
1356069523859,-4.2664676,-7.256226,-2.9059923
1356069523899,-1.7841496,0.25241804,-1.183701
1356069523939,3.4107583,0.32996988,-3.4162815
1356069523977,2.2728667,-0.88718224,-4.1897693
1356069524018,0.5477512,1.096539,-2.0680459
1356069524057,-0.5274806,1.4386921,-1.7556887
1356069524097,-0.67614627,1.4779553,-1.8583938
1356069524137,-1.0124702,0.49512577,0.37782383
1356069524177,-3.573693,0.18496037,0.23074627
1356069524217,-2.7714238,-1.2940149,-0.1433527
1356069524257,-2.3817449,-2.307846,-0.05611282
1356069524298,-1.4915786,-2.1844616,2.1616616
1356069524337,4.291391,-7.427537,0.88922435
1356069524377,3.4599087,-4.14052,-1.7718501
1356069524418,-0.5620098,-0.73512745,1.8562807
1356069524457,-1.7455528,1.526927,0.8638581
1356069524498,1.7118449,3.3350449,-0.0735327
1356069524538,3.9406211,4.9439,-0.6345761
1356069524577,3.6576009,5.758277,0.27759695
1356069524617,3.724361,7.0571585,0.51756734
1356069524658,3.2332468,6.41267,1.4465058
1356069524697,-1.5338438,-0.14995575,7.03929
1356069524741,-13.547187,-5.3502674,11.02159
1356069524779,-1.0823183,7.03135,4.4175253
1356069524818,4.754959,-4.974093,-1.4945307
1356069524858,-5.0873737,-6.3996973,0.4733733
1356069524895,3.712225,2.4375181,-1.1218685
1356069524938,3.3846402,-0.22011423,-8.97629
1356069524978,-3.3957906,-5.6533957,-4.2544017
1356069525018,0.71686363,-1.119556,-1.3555756
1356069525057,3.9805987,-0.6153159,-2.893291
1356069525097,1.4322807,-0.5315132,-3.7755682
1356069525137,-0.50379443,1.6628118,-2.2038553
1356069525177,-1.0456634,2.288412,-2.5642123
1356069525218,-0.08703613,1.0500841,-1.1109308
1356069525257,-1.2882957,0.039370537,0.5647285
1356069525298,-5.8379493,0.14723682,0.15142226
1356069525338,-4.207979,-1.2344666,0.4702326
1356069525377,-1.8414268,-2.1378012,0.28727567
1356069525417,-0.41754508,-3.3559942,2.825287
1356069525458,4.5248833,-8.188379,-0.5209781
1356069525498,2.6651304,-3.9996948,-1.2155585
1356069525538,-0.61386156,-0.4529915,2.7619574
1356069525577,-1.0691075,1.5954728,0.40941387
1356069525618,2.6303587,3.2171612,0.091846615
1356069525658,4.1942334,5.5026894,-0.6772529
1356069525697,3.9473813,7.345789,-0.20117158
1356069525741,3.4624095,8.1199,0.8750527
1356069525779,2.3212094,5.508864,3.4748302
1356069525819,-10.115562,-4.1743307,10.489278
1356069525859,-7.0663404,1.611794,6.371996
1356069525899,0.32933366,-5.2164316,3.137711
1356069525938,1.6805928,-5.130126,-1.9448326
1356069525978,2.9981575,4.19411,-3.0585883
1356069526018,0.56830835,-2.5095758,-7.105773
1356069526058,-3.863515,-5.2018743,-2.956766
1356069526097,-0.009858847,-0.49066496,-1.7821859
1356069526137,3.6180482,-0.77457,-3.422037
1356069526177,2.5020008,-0.74453735,-3.3752398
1356069526217,-0.5027158,1.4507394,-1.4797497
1356069526257,-0.88536,1.8680382,-2.3786583
1356069526297,0.23177409,1.4112821,-2.035241
1356069526337,-0.8686454,0.4567213,1.059922
1356069526378,-4.4337378,0.34428883,0.67179036
1356069526417,-3.2634356,-0.8025646,-0.20257422
1356069526457,-2.9059687,-1.6758041,0.18201493
1356069526498,-0.41720605,-3.163046,2.951186
1356069526537,4.552743,-8.86132,-0.20012683
1356069526577,3.932915,-4.7524834,-0.8887458
1356069526617,-1.4243445,-0.119817734,2.3698409
1356069526657,-2.8645003,2.5528817,0.7777191
1356069526697,2.472351,3.4893117,-0.4726112
1356069526743,4.68953,5.8856444,-0.93669546
1356069526779,4.071814,7.260353,0.71937716
1356069526819,3.2276065,7.3554096,1.0041307
1356069526859,2.7311354,5.8965,3.058353
1356069526900,-5.152049,-2.2762566,9.182655
1356069526939,-11.211246,-4.0117245,8.96877
1356069526979,-0.7851372,4.542345,3.9292865
1356069527019,0.39185023,-8.252213,-0.28620696
1356069527059,-1.8756216,-0.7276983,-2.4799638
1356069527099,5.363021,2.60117,-2.0605211
1356069527138,1.55828,-3.2697039,-8.211416
1356069527177,-2.8431444,-5.0310073,-4.221463
1356069527217,1.3688874,-0.22566843,-2.433393
1356069527257,2.6639345,-0.7746601,-3.273256
1356069527298,1.4832201,0.37863064,-3.6480672
1356069527338,0.7092049,1.2692242,-2.5713546
1356069527377,0.025863647,2.2792025,-2.4037223
1356069527417,-0.3700788,1.0497231,-0.5207613
1356069527458,-2.2805421,0.51007557,0.7498163
1356069527498,-4.685469,0.05928898,-0.034645766
1356069527538,-3.4442315,-1.7665682,-0.7984675
1356069527578,-3.5617185,-2.425911,0.96634996
1356069527617,2.5852592,-6.1389236,3.9842498
1356069527657,5.615552,-7.6555996,-1.9957125
1356069527697,0.37666154,-1.7304602,-0.023898676
1356069527743,-2.9816914,0.5461674,2.6148424
1356069527785,-0.49609852,2.3715606,-0.015186325
1356069527818,5.2197957,3.857377,-1.4148364
1356069527855,5.085353,5.5352674,-0.2625391
1356069527898,3.7807262,6.7985725,1.3438909
1356069527938,2.7345915,7.306266,2.9025464
1356069527978,-0.3270514,3.3724718,6.8822927
1356069528018,-9.833874,-2.6440096,10.858347
1356069528058,-3.0318446,3.0268936,4.497208
1356069528097,-1.7942047,-2.013814,2.9103818
1356069528138,-3.341041,-7.078798,-2.2511978
1356069528178,3.8720279,3.7617865,-1.0059007
1356069528217,5.9597235,2.2698035,-5.4186244
1356069528257,-1.4610708,-5.977202,-7.297464
1356069528298,-2.5999663,-2.8945432,-2.30399
1356069528338,3.3869402,-0.23013496,-3.0629964
1356069528378,1.8045671,-1.6487813,-3.8935792
1356069528418,0.7981,0.75815773,-3.195284
1356069528457,-0.32838988,0.7280946,-2.5819747
1356069528498,-0.4799149,0.73050594,-2.0243292
1356069528538,-0.5853205,-0.06447315,0.3080964
1356069528578,-4.3671484,0.6915622,0.9349592
1356069528617,-3.6324782,-0.53178596,0.0661352
1356069528657,-0.8435991,-3.0283651,-0.9392373
1356069528697,-1.0301173,-2.6869555,1.3056471
1356069528742,4.2261715,-6.9215193,2.1005864
1356069528779,3.8548741,-5.5721273,-2.0399146
1356069528819,-0.8761816,-0.78705883,1.7407559
1356069528859,-2.1505952,0.5298977,2.3277698
1356069528899,0.47793627,3.019011,0.14255634
1356069528939,3.796433,4.7404056,-0.39850852
1356069528978,3.7114036,6.9200478,0.028325021
1356069529018,3.1274974,7.1345906,1.1480606
1356069529058,2.6837888,6.958347,1.7817935
1356069529097,-0.18803859,3.0978231,5.991621
1356069529137,-13.907093,-5.131809,10.934359
1356069529177,-2.6245468,1.7005873,4.7625246
1356069529217,2.6418858,-9.591877,1.0243154
1356069529257,-0.12737393,2.1784058,-3.2182622
1356069529298,3.7273545,3.8286374,-4.0832005
1356069529338,-1.3306391,-6.4676914,-7.208743
1356069529378,-3.0929844,-4.3982944,-2.478148
1356069529418,3.1521728,-0.53560114,-1.8769677
1356069529457,3.508372,-0.42224026,-3.686288
1356069529498,0.7268388,0.26746035,-2.9953744
1356069529538,-1.1068745,1.6147971,-0.8693439
1356069529577,-0.44756174,1.5809288,-2.0225148
1356069529617,-0.16830158,1.5196767,-2.1792622
1356069529657,-1.4232359,1.2267394,0.7395004
1356069529697,-2.9395251,0.017238617,1.3844366
1356069529740,-2.1977286,-1.1285515,0.76108044
1356069529778,-2.705539,-1.42875,0.33807883
1356069529817,-3.157593,-0.78392315,0.9085544
1356069529857,2.1806862,-7.4304457,1.1747566
1356069529897,4.1200213,-8.031182,-1.9255313
1356069529937,0.71579933,-1.4639187,1.2431285
1356069529978,-1.8875299,0.44308567,1.6934494
1356069530018,0.94023967,2.7955995,-1.1183631
1356069530058,4.3638377,4.866331,-0.8158219
1356069530098,4.7662196,6.966897,-0.37862015
1356069530137,3.8502982,7.636841,0.37546802
1356069530178,2.7757328,7.2479,2.328857
1356069530217,-2.6711695,0.72020245,7.202245
1356069530257,-12.826757,-3.088438,10.421671
1356069530297,-0.42727542,5.1217766,3.7490516
1356069530338,-1.3695974,-4.382123,2.257987
1356069530377,-3.4686563,-6.206266,-2.4917815
1356069530418,5.7565365,4.3308544,-0.50363374
1356069530457,4.0314703,0.6097045,-8.226471
1356069530498,-3.0407906,-8.073458,-3.661952
1356069530538,-1.3761339,-0.9595189,-1.3027608
1356069530578,3.6099062,-0.2234416,-3.93946
1356069530618,3.6039548,-1.5837321,-4.746848
1356069530657,1.0090795,0.25564718,-2.1175182
1356069530697,-0.7130747,1.369245,-1.6293617
1356069530749,-0.75647116,0.91817,-1.8410788
1356069530778,-2.3688827,0.45772934,0.1278584
1356069530815,-3.397594,0.052983284,0.823092
1356069530858,-2.7465763,-0.92524815,0.32687438
1356069530897,-2.595148,-2.4948921,0.016759254
1356069530937,-1.9182935,-2.4448175,2.2969627
1356069530978,3.602602,-7.1398516,0.37645328
1356069531018,3.5415838,-4.6525545,-1.768895
1356069531058,-0.0049333572,-0.67837334,1.9141035
1356069531098,-1.4522521,1.0912027,1.2839465
1356069531138,0.78925824,3.283349,-0.24980257
1356069531178,4.333801,4.847139,-0.8839084
1356069531217,4.1428094,6.603915,0.13613117
1356069531257,3.5278542,7.305805,0.85539067
1356069531298,2.9055042,6.519429,2.7692719
1356069531338,-3.9418755,-1.312849,9.136043
1356069531377,-12.839921,-2.3298397,9.534336
1356069531418,-0.7492161,6.382691,3.1780097
1356069531457,0.61912155,-4.5097938,0.44001973
1356069531498,-4.0598755,-5.272888,-0.5207349
1356069531538,5.6016655,3.2794328,-1.019579
1356069531578,3.3111112,-0.87127733,-8.508739
1356069531617,-2.9558964,-6.954284,-5.4497366
1356069531657,-0.84389114,-1.8045688,-1.4900787
1356069531697,4.2248197,-0.6822429,-3.2058237
1356069531740,3.0205226,-1.328403,-4.2727766
1356069531779,0.75765896,0.7519598,-2.3700595
1356069531819,0.18194008,1.4856157,-1.9499546
1356069531859,0.06178236,1.4798145,-2.223161
1356069531899,-1.1568155,1.0286093,0.49034548
1356069531939,-3.8216558,0.5444813,0.9859031
1356069531979,-3.5987968,-0.8576822,-0.34004605
1356069532018,-2.4257514,-2.4732552,-0.15975256
1356069532058,-0.6132984,-3.0903454,2.35523
1356069532098,4.6767817,-7.4139013,1.6009603
1356069532137,3.6250012,-5.1121006,-1.9925854
1356069532177,-0.46841908,-1.2318153,2.1416261
1356069532218,-1.2708678,0.7429333,1.5421503
1356069532257,1.0724051,2.8191977,0.30089918
1356069532297,2.694691,4.7508082,-0.17365819
1356069532337,2.6665707,6.4894185,0.15222406
1356069532377,2.9669058,7.3655767,0.6192291
1356069532418,3.0524497,7.4389443,1.965959
1356069532458,0.33426213,2.44666,6.182783
1356069532497,-13.74818,-4.780196,11.1332445
1356069532538,-3.4397717,2.4762053,4.9118943
1356069532578,0.53815234,-6.3201346,1.2512954
1356069532617,0.8946631,0.7767515,-2.604147
1356069532658,3.4873133,2.6017942,-2.968139
1356069532697,0.12120271,-4.8543234,-6.8065004
1356069532741,-2.5654082,-4.139075,-4.221507
1356069532779,0.5195267,-0.8730669,-3.1178904
1356069532819,3.6908505,-1.6159105,-3.4713295
1356069532859,2.6011605,-0.7689233,-3.4043794
1356069532899,-0.11532831,0.57386684,-2.2761145
1356069532939,-0.1574421,1.4573035,-2.3934393
1356069532977,-0.3136437,1.6941447,-2.1578221
1356069533017,-0.9766624,0.79480267,0.7449328
1356069533057,-3.7796898,0.2093792,1.3189867
1356069533098,-3.2097676,-0.68553257,0.13664639
1356069533137,-2.1510353,-1.8797121,0.14127031
1356069533177,-3.2332497,-1.090785,1.2337761
1356069533217,1.9624872,-3.9245853,3.0563216
1356069533258,3.927442,-6.947901,-1.2595884
1356069533297,1.6573677,-2.0097904,0.39507097
1356069533338,-1.3401036,-0.14896584,1.8781083
1356069533378,-0.6344762,2.0556803,0.15044689
1356069533417,2.7118273,3.4556623,-0.60648763
1356069533457,3.5019205,5.4940214,-0.3437781
1356069533498,3.8800316,6.9192057,0.5241653
1356069533538,3.6681106,7.550851,0.93671614
1356069533578,1.6330138,4.4380684,4.01457
1356069533618,-11.33638,-3.9404602,10.1455145
1356069533657,-7.248849,4.006623,4.5849857
1356069533697,-0.9042926,-2.1716576,3.2723625
1356069533744,-3.1585896,-9.079868,-1.5193471
1356069533775,3.9179463,3.6766984,-0.5098163
1356069533818,7.4332213,2.9842212,-5.200319
1356069533857,-2.260313,-8.0257435,-6.8785686
1356069533897,-3.0420165,-3.906186,-1.1928921
1356069533937,2.989094,0.27576303,-2.5407486
1356069533977,4.782748,-1.407196,-3.9766135
1356069534018,1.8784306,0.07376957,-3.06963
1356069534058,-0.27150488,1.1261673,-1.2427908
1356069534098,0.26577544,0.99668884,-2.3382535
1356069534138,-1.0284443,0.9613967,-0.5849735
1356069534177,-2.6185842,0.36851406,1.6713783
1356069534217,-3.9127731,-0.22731495,0.61307335
1356069534257,-1.7129002,-0.71475697,0.1558859
1356069534298,-2.2519865,-1.0539837,-0.06921013
1356069534338,-0.74823976,-2.3479729,2.5052319
1356069534378,3.3218653,-8.124868,-0.4179017
1356069534417,2.8203688,-4.4737196,-1.453543
1356069534457,-0.72109103,-0.8318186,2.0577188
1356069534498,-2.0822206,1.4978933,0.5668494
1356069534538,2.1952171,3.153881,-0.41310298
1356069534578,4.403586,5.1804013,-0.9090909
1356069534618,3.6082847,6.5960445,0.38825583
1356069534657,3.2782464,7.2554464,0.74316984
1356069534697,2.51859,6.084033,3.484775
1356069534741,-4.778406,-1.7139692,8.720879
1356069534779,-10.511238,0.7122202,9.01218
1356069534819,-0.4713645,4.3678293,2.84184
1356069534859,-1.1208258,-8.947271,1.0753436
1356069534899,-2.6764798,-1.8677945,-1.0251198
1356069534937,6.4758186,3.9811258,-2.2775817
1356069534977,1.7059644,-2.4352713,-8.223649
1356069535018,-3.948061,-6.909339,-2.6471589
1356069535058,0.4069183,-0.2118969,-2.4918575
1356069535098,4.180366,-1.4895067,-3.9687417
1356069535137,2.9902086,-0.63226175,-3.9094148
1356069535177,-0.21218204,1.1014009,-2.319672
1356069535217,0.075267315,1.0765309,-2.5734332
1356069535258,-0.10773969,1.1202455,-1.9300667
1356069535298,-1.4489732,1.1009789,0.95445645
1356069535338,-4.190931,0.089476585,1.0014355
1356069535378,-2.4900146,-1.0907707,-0.1452421
1356069535417,-1.5586405,-3.1222181,-0.5652299
1356069535457,-0.1114583,-2.2603168,2.0952125
1356069535498,4.408495,-6.3624134,0.91453886
1356069535538,2.1277018,-4.727935,-1.5195663
1356069535578,-0.38540435,-1.260519,2.1215303
1356069535618,-1.7504468,0.8894453,1.1585776
1356069535658,1.6432929,2.9747567,0.005579263
1356069535697,3.5080867,4.4386764,-0.13386607
1356069535741,2.6562264,6.5124187,0.44567335
1356069535779,3.137004,7.6365833,0.7012687
1356069535819,2.9823167,7.453683,1.8583616
1356069535859,-1.268476,2.6250868,6.2050734
1356069535899,-13.972093,-4.991434,10.965399
1356069535939,-2.2613153,4.2216697,3.7203116
1356069535978,1.2394987,-9.143946,-0.16989243
1356069536018,-0.07599306,1.6228724,-1.6095829
1356069536058,5.1965637,3.594291,-4.4123154
1356069536097,-0.84092426,-7.1540256,-7.5787916
1356069536138,-2.9291196,-5.3773375,-1.558488
1356069536177,2.353366,-0.62476254,-1.8296729
1356069536217,3.3188577,-1.0575752,-3.9106832
1356069536257,1.545031,-0.075929165,-3.4885793
1356069536297,-0.24854112,1.3713846,-1.5269737
1356069536337,0.15099931,1.6153159,-1.5183544
1356069536377,-0.20188928,1.1671686,-1.0907184
1356069536417,-0.81928325,0.9417033,0.75838566
1356069536457,-3.9526987,-0.40233135,0.7111941
1356069536497,-2.9643302,-0.7760887,0.47882402
1356069536538,-3.2334137,-1.3427362,-0.15842837
1356069536578,-1.3683314,-2.1991825,2.7507312
1356069536618,3.446728,-7.953904,0.90631485
1356069536658,2.7959082,-5.72579,-2.182744
1356069536698,-0.7975583,-0.82116127,0.9755571
1356069536735,-1.9890223,1.2015586,1.8754348
1356069536778,0.18668604,2.778407,0.071024895
1356069536818,3.8633938,4.6572165,-0.9489392
1356069536857,3.99713,5.920071,-0.09602749
1356069536897,4.0719004,6.718649,0.19490314
1356069536938,3.686823,6.6431217,1.8170961
1356069536977,-0.8456485,2.6641445,6.1312633
1356069537018,-13.216024,-1.5485458,8.765117
1356069537058,-2.8768988,4.6343374,3.3346324
1356069537098,-0.58377385,-3.18572,1.5410995
1356069537138,-1.7043958,-9.04888,0.7560046
1356069537177,6.143643,2.825541,-1.9977357
1356069537217,5.233717,1.9515734,-7.848773
1356069537258,-2.5786777,-8.271409,-7.065771
1356069537298,-1.087651,-2.8461752,-0.1985972
1356069537338,4.8783813,0.037394524,-2.9990697
1356069537378,2.4087775,-1.7057304,-3.8824718
1356069537417,-0.40077376,0.7385907,-1.8951817
1356069537457,-1.1064277,1.499454,-1.6585033
1356069537497,-0.3821025,1.6867118,-2.2670887
1356069537537,0.2975402,1.1309009,0.32369614
1356069537578,-2.1930532,0.91085243,1.2841175
1356069537617,-4.064904,0.019699097,1.4084742
1356069537657,-1.399076,-1.0441074,0.7514938
1356069537697,-3.6564405,-0.8298979,0.2417525
1356069537741,-1.4653177,-4.1095104,2.795275
1356069537779,2.5299325,-8.135918,-0.8749925
1356069537819,2.5070233,-4.135624,-0.81644356
1356069537859,-1.6935639,-0.8269415,2.624268
1356069537898,-1.4172945,1.3215132,-0.25134957
1356069537937,2.8502011,3.3578162,-0.52533185
1356069537977,4.8292994,5.187123,-0.6603285
1356069538018,4.411982,6.7761946,0.0014121532
1356069538058,3.1075392,7.1470137,1.8143535
1356069538098,-1.1358056,3.7568135,4.532604
1356069538138,-8.110292,-0.63273716,8.144744
1356069538178,-2.5047948,1.9964933,5.9010067
1356069538217,-0.6142597,-4.9032497,2.1266236
1356069538257,-0.4005735,-5.1007295,-1.1549538
1356069538297,2.5937595,4.4992228,-3.0896938
1356069538337,1.1649249,-0.72035456,-6.4856424
1356069538377,-3.381773,-6.403047,-3.1681423
1356069538417,0.48694253,-1.3121758,-2.1257434
1356069538458,4.334077,-0.90905046,-3.366748
1356069538497,2.350114,-1.040523,-2.5414903
1356069538538,-0.08702731,1.0164232,-1.3011979
1356069538578,-0.4980657,1.7907591,-1.910085
1356069538618,0.09417415,1.1156759,-1.7831366
1356069538657,-0.47371888,1.2490978,0.3630911
1356069538697,-3.358601,1.3378325,1.4598444
1356069538740,-3.5638273,-1.0461597,0.12378809
1356069538779,-2.04213,-2.2882786,-0.5993482
1356069538819,-2.0386424,-2.5611582,1.4628636
1356069538857,3.0791957,-5.4556055,2.7796903
1356069538897,3.3529725,-6.145583,-1.9292381
1356069538937,-0.49224138,-1.6201401,0.937258
1356069538977,-1.9286218,-0.041502,1.732523
1356069539017,1.1635504,2.687912,-0.16487986
1356069539058,4.253727,4.6250205,-0.5378833
1356069539098,3.8587298,6.299462,-0.2111597
1356069539138,3.638777,7.4732537,0.4413014
1356069539177,2.2882006,7.2447042,2.1559625
1356069539217,-2.5043657,2.1716938,6.074384
1356069539257,-12.762426,-2.2257776,9.919555
1356069539298,-1.3927898,3.0604253,4.2370267
1356069539338,-0.49726415,-6.713396,2.2205048
1356069539378,-1.2588835,-3.7425485,-3.4330254
1356069539417,6.205744,4.7367573,-1.1820458
1356069539457,3.0869017,-0.9489374,-8.475033
1356069539498,-3.7231584,-8.425587,-3.7056217
1356069539537,-0.4346547,-0.75910044,-1.125526
1356069539577,4.476496,-0.5692048,-3.2589273
1356069539618,2.3088365,-1.2449565,-3.819911
1356069539658,-0.09169817,0.88363934,-2.0975456
1356069539695,-0.86172533,1.5555944,-2.344755
1356069539738,-0.2821555,0.97627544,-2.2484226
1356069539779,0.12552524,0.50884247,0.17204082
1356069539819,-3.5537639,0.9931693,0.5411138
1356069539857,-4.075905,0.21488094,0.56522894
1356069539897,-1.4867702,-1.6713295,0.2590282
1356069539938,-3.1018584,-1.7232676,0.56470513
1356069539978,1.2009716,-4.7697678,2.764423
1356069540037,3.3097687,-7.863413,-0.9586884
1356069540075,0.3425789,-0.21346283,0.9219963
1356069540118,-1.1578207,0.42268085,2.3683767
1356069540158,-0.07452631,2.8994126,0.17839581
1356069540198,3.3556807,4.7144065,-0.9299703
1356069540237,4.1183567,6.1943946,-0.58003366
1356069540278,4.4731765,6.961259,0.34432554
1356069540317,2.7781835,7.1157756,1.6894007
1356069540358,-1.67243,2.8323789,5.7876406
1356069540397,-12.353398,-2.5229635,9.831938
1356069540438,-2.1453147,2.827907,3.6443305
1356069540477,0.7439718,-7.4393234,3.314106
1356069540517,-1.7949414,-3.786008,-2.6120114
1356069540558,4.6660028,4.9352217,-2.5503426
1356069540597,1.97086,-1.0442152,-7.0789685
1356069540637,-3.3674095,-6.959837,-3.4857788
1356069540677,-0.09812641,-0.9513731,-2.0414648
1356069540717,4.1416235,-0.62578773,-3.1727886
1356069540757,2.6198163,-0.92160654,-4.0056014
1356069540797,-0.10510039,0.86456347,-2.139823
1356069540838,-0.45368576,0.94448376,-1.9403914
1356069540877,-0.27362323,1.8447719,-2.371849
1356069540917,-0.36637568,1.581944,-0.16090322
1356069540957,-1.1426833,0.44962215,0.8160357
1356069540997,-3.761189,0.2858944,0.9297368
1356069541038,-2.590662,-0.9760208,0.9681735
1356069541077,-2.5473285,-2.012187,0.20750162
1356069541117,-2.824687,-0.66559315,1.1682022
1356069541158,2.3087578,-5.858944,2.0093162
1356069541197,4.229062,-7.178897,-1.5602252
1356069541237,0.8368707,-1.6901808,0.51138544
1356069541277,-1.3025775,0.07607269,2.2861814
1356069541318,-0.35233784,3.0365772,-0.48390085
1356069541358,3.709419,4.020077,-0.7809603
1356069541398,4.280462,5.38275,-0.10152757
1356069541437,3.7687244,6.374381,0.53757274
1356069541478,1.3093097,6.1697693,1.8025169
1356069541517,-0.83125615,3.1386318,4.6983995
1356069541558,-8.683281,-1.1149426,9.294962
1356069541597,-2.606587,2.825101,6.0919623
1356069541637,1.6593287,-3.5187607,2.0416276
