1356069450635,0.313268,-9.193735,0.6537767
1356069450675,0.27240697,-9.425281,-0.08172209
1356069450716,0.23154591,-9.384419,-0.27240697
1356069450755,0.23154591,-9.384419,-0.23154591
1356069450795,0.3405087,-9.152874,0.53119355
1356069450835,0.23154591,-9.234595,-0.040861044
1356069450875,0.3405087,-9.234595,0.10896278
1356069450915,0.313268,-9.193735,0.23154591
1356069450955,0.313268,-9.234595,0.3405087
1356069450995,0.19068487,-9.302697,-0.27240697
1356069451035,0.27240697,-9.084772,0.08172209
1356069451075,0.23154591,-9.112013,-0.10896278
1356069451115,0.23154591,-9.084772,0.10896278
1356069451155,0.23154591,-9.466142,0.23154591
1356069451195,0.23154591,-9.234595,-0.29964766
1356069451235,0.23154591,-9.084772,-0.19068487
1356069451275,0.23154591,-9.275456,-0.23154591
1356069451315,0.27240697,-9.193735,-0.23154591
1356069451355,0.08172209,-9.384419,0.46309182
1356069451395,-0.19068487,-9.615966,0.7218784
1356069451435,-0.040861044,-9.193735,0.38136974
1356069451475,-0.23154591,-9.534244,0.27240697
1356069451515,-0.42223078,-9.425281,0.84446156
1356069451555,-0.38136974,-9.384419,0.6946377
1356069451598,-0.38136974,-9.80665,1.1441092
1356069451634,-1.1168685,-9.956474,1.4982382
1356069451675,-2.2609777,-10.228881,1.8387469
1356069451715,-1.56634,-10.228881,2.9556155
1356069451755,0.9942854,-8.267551,3.8273177
1356069451795,-1.334794,-8.580819,3.718355
1356069451835,-1.6480621,-7.246025,2.7649305
1356069451875,-1.4165162,-6.2108784,3.255263
1356069451915,-1.2258313,-5.597963,3.8273177
1356069451955,-0.8036005,-5.8158884,4.8216033
1356069451995,-0.46309182,-6.3198414,5.284695
1356069452035,-0.040861044,-6.0201936,5.325556
1356069452075,-0.50395286,-7.3549876,6.1700177
1356069452115,-2.7240696,-8.962189,6.973618
1356069452155,-3.214402,-8.349273,6.973618
1356069452195,-1.7297841,-7.205164,6.2108784
1356069452235,0.38136974,-12.217452,5.053149
1356069452275,0.61291564,-14.9006605,3.8681788
1356069452315,1.8387469,-3.718355,0.53119355
1356069452355,1.4165162,-4.7943625,-2.7921712
1356069452395,-1.7978859,-11.304889,-2.4108016
1356069452435,-3.255263,-10.991621,2.152015
1356069452475,-0.27240697,-8.117727,1.0760075
1356069452515,0.8036005,-9.534244,-0.6537767
1356069452555,0.19068487,-8.499097,-0.5720546
1356069452598,-0.0,-9.112013,-0.46309182
1356069452640,-0.29964766,-9.112013,-0.23154591
1356069452675,-0.3405087,-8.853226,0.23154591
1356069452715,-0.50395286,-9.234595,0.14982383
1356069452755,-1.6480621,-9.493382,0.95342433
1356069452795,-3.6774938,-9.112013,1.9885708
1356069452835,-2.3018389,-10.419566,1.607201
1356069452875,-1.56634,-11.876944,-0.0
1356069452915,-2.3018389,-10.991621,0.50395286
1356069452957,2.3018389,-11.454713,2.1111538
1356069452995,3.9090397,-14.206022,-0.9942854
1356069453035,0.19068487,-11.604536,0.19068487
1356069453075,-2.6014864,-10.7192135,1.4573772
1356069453115,-1.0351465,-8.308413,0.42223078
1356069453155,1.2258313,-6.0201936,-0.50395286
1356069453195,1.1441092,-4.399372,0.84446156
1356069453235,0.9942854,-3.214402,1.7978859
1356069453275,0.53119355,-1.9885708,2.152015
1356069453315,0.61291564,-6.1291566,6.5922484
1356069453355,-7.8180795,-17.011814,13.565866
1356069453395,-3.759216,-11.032481,9.425281
1356069453435,-2.1383946,-13.375181,-1.879608
1356069453476,8.689782,1.4573772,-0.9125633
1356069453515,2.6832085,-6.0201936,-2.5333846
1356069453554,-1.607201,-18.619015,-6.1291566
1356069453595,-3.486809,-11.304889,3.636633
1356069453624,1.2258313,-7.5456724,0.46309182
1356069453655,0.9942854,-9.384419,-0.53119355
1356069453695,-0.7627395,-8.499097,0.3405087
1356069453735,-0.95342433,-7.014479,0.88532263
1356069453775,-0.10896278,-7.082581,-1.1441092
1356069453815,0.19068487,-7.8861814,-0.040861044
1356069453855,-1.1849703,-8.662541,1.9477097
1356069453895,-3.9499009,-10.147159,2.070293
1356069453935,-3.2961242,-11.536434,0.7218784
1356069453975,-1.7570249,-13.484144,-0.040861044
1356069454015,0.50395286,-12.489859,2.0294318
1356069454055,5.5571017,-12.830367,1.0351465
1356069454095,1.1849703,-12.598822,-1.8387469
1356069454135,-3.1463003,-11.917805,1.879608
1356069454175,-1.1849703,-10.61025,0.46309182
1356069454215,1.6480621,-6.973618,-0.6946377
1356069454255,1.920469,-4.7943625,-0.0
1356069454295,1.5390993,-3.5957718,1.1168685
1356069454335,0.7627395,-1.9885708,1.6889231
1356069454375,0.95342433,-2.1111538,3.568531
1356069454415,-2.4516625,-11.686258,10.923519
1356069454455,-7.8589406,-13.525005,10.119919
1356069454495,0.61291564,-7.6546354,6.2789803
1356069454535,0.7218784,-15.745122,-1.4982382
1356069454591,1.0760075,-4.2904096,-0.5720546
1356069454615,2.9147544,-4.2904096,-2.3018389
1356069454655,-0.29964766,-14.560152,-4.903325
1356069454695,-2.5333846,-11.182305,2.070293
1356069454735,1.4573772,-8.008764,0.42223078
1356069454775,1.2666923,-8.853226,0.23154591
1356069454815,-1.334794,-8.267551,0.84446156
1356069454855,-1.56634,-7.7363577,0.19068487
1356069454895,-1.3075534,-7.504812,0.19068487
1356069454935,-0.7627395,-8.19945,1.7978859
1356069454975,-2.6423476,-9.615966,2.3426998
1356069455015,-3.0237172,-11.114203,1.2258313
1356069455055,-2.5333846,-12.4489975,0.19068487
1356069455095,-1.920469,-11.985906,1.7297841
1356069455135,3.6774938,-14.941522,0.27240697
1356069455175,3.7864566,-14.369467,-0.6946377
1356069455215,-1.9477097,-11.264028,1.3075534
1356069455256,-2.4516625,-10.7192135,0.50395286
1356069455295,0.313268,-6.3607025,-1.334794
1356069455335,2.3426998,-3.8681788,-0.29964766
1356069455375,2.4925237,-3.1463003,0.50395286
1356069455415,0.88532263,-2.7240696,1.56634
1356069455455,-0.7218784,-4.399372,4.0180025
1356069455495,-3.636633,-11.985906,10.269742
1356069455535,-6.2789803,-12.680544,10.337844
1356069455594,-0.46309182,-7.082581,6.510526
1356069455615,0.46309182,-16.208214,3.405087
1356069455655,0.5720546,-8.921328,-1.607201
1356069455695,4.140586,0.0,0.38136974
1356069455735,0.23154591,-11.3321295,-9.084772
1356069455775,-2.7921712,-16.3989,3.8681788
1356069455815,-0.27240697,-7.3549876,1.8387469
1356069455855,2.6423476,-8.539958,-1.1168685
1356069455895,-0.0,-8.267551,0.040861044
1356069455935,-2.1792557,-7.3958488,0.92618364
1356069455975,-1.2666923,-7.8589406,-0.5720546
1356069456015,-0.9942854,-8.267551,0.9942854
1356069456055,-2.1383946,-9.152874,2.7649305
1356069456095,-3.0645783,-10.7192135,2.1111538
1356069456135,-2.8330324,-12.026767,0.6537767
1356069456175,-3.0237172,-11.75436,0.27240697
1356069456215,1.1168685,-13.102775,2.3699405
1356069456255,5.284695,-15.704261,-0.19068487
1356069456295,2.1792557,-11.985906,-1.0760075
1356069456335,-2.982856,-11.3321295,2.070293
1356069456375,-2.1792557,-8.580819,-0.14982383
1356069456415,1.1168685,-5.7477865,-0.53119355
1356069456464,2.0294318,-3.255263,0.313268
1356069456494,1.6480621,-2.9147544,1.4573772
1356069456535,0.6946377,-1.9885708,1.9477097
1356069456592,0.38136974,-4.399372,4.7943625
1356069456615,-5.597963,-15.894946,13.865514
1356069456655,-4.5628166,-9.724928,8.117727
1356069456695,1.6480621,-9.302697,3.5957718
1356069456735,-1.3756552,-14.369467,-1.0351465
1356069456775,1.9885708,-3.8681788,0.3405087
1356069456815,1.7570249,-6.3607025,-4.2495484
1356069456855,-1.1441092,-15.745122,-3.214402
1356069456895,-2.1111538,-10.528529,2.5606253
1356069456935,1.9885708,-7.8589406,0.88532263
1356069456975,1.8387469,-8.240311,0.14982383
1356069457015,-0.7627395,-7.8861814,0.46309182
1356069457055,-1.7570249,-7.4639506,0.38136974
1356069457095,-0.9942854,-7.9270425,-0.14982383
1356069457135,-1.1168685,-8.580819,1.4573772
1356069457175,-3.173541,-9.80665,1.879608
1356069457215,-3.445948,-10.419566,1.7978859
1356069457256,-2.3699405,-11.836082,0.6537767
1356069457295,-2.5606253,-11.836082,-0.14982383
1356069457335,1.3756552,-12.176591,2.4925237
1356069457375,5.407278,-15.595298,-0.50395286
1356069457415,1.0760075,-11.985906,-1.2258313
1356069457455,-3.0237172,-10.61025,2.4516625
1356069457495,-2.7240696,-9.084772,0.3405087
1356069457535,0.19068487,-6.3607025,-0.10896278
1356069457591,1.6889231,-4.440233,-0.23154591
1356069457616,2.070293,-4.0588636,1.5390993
1356069457655,0.88532263,-2.0294318,1.7570249
1356069457695,0.6537767,-3.336985,3.5957718
1356069457735,-2.6832085,-12.871228,9.302697
1356069457775,-10.106298,-13.988097,11.34575
1356069457815,0.7218784,-6.701211,5.8567495
1356069457855,0.8036005,-17.052675,-0.08172209
1356069457895,1.2666923,-4.1814466,-0.10896278
1356069457935,4.5219555,-3.2961242,-1.920469
1356069457975,0.040861044,-15.091345,-6.3198414
1356069458015,-3.9499009,-12.912089,3.214402
1356069458055,0.10896278,-7.7772183,1.7978859
1356069458095,1.879608,-8.240311,-0.3405087
1356069458135,-0.7218784,-8.430995,0.92618364
1356069458175,-1.2666923,-7.7772183,0.46309182
1356069458215,-1.0351465,-7.7363577,-0.29964766
1356069458255,-0.88532263,-8.390134,1.3756552
1356069458295,-2.2609777,-9.152874,2.9556155
1356069458335,-4.2904096,-11.304889,1.2666923
1356069458375,-1.920469,-11.9450445,-0.53119355
1356069458415,-0.95342433,-12.680544,1.56634
1356069458455,5.175732,-14.09706,1.9477097
1356069458495,3.6774938,-12.762266,-1.8387469
1356069458535,-1.6889231,-10.651112,0.92618364
1356069458591,-2.9556155,-11.073342,1.607201
1356069458615,-0.38136974,-8.117727,0.3405087
1356069458655,1.879608,-5.175732,-0.38136974
1356069458695,1.1441092,-3.568531,0.7627395
1356069458735,0.7218784,-3.1463003,1.1441092
1356069458775,0.5720546,-2.4516625,1.7570249
1356069458815,-0.19068487,-7.7363577,6.238119
1356069458855,-11.114203,-17.583868,14.137921
1356069458895,-4.140586,-7.5865335,6.0474343
1356069458935,4.8216033,-12.4489975,2.1111538
1356069458975,1.3075534,-9.656827,0.88532263
1356069459015,2.1792557,-3.0645783,-1.2258313
1356069459055,0.95342433,-9.302697,-5.366417
1356069459095,-2.6014864,-13.783792,0.53119355
1356069459135,-1.4982382,-8.921328,1.1441092
1356069459175,1.7570249,-8.853226,-0.9125633
1356069459215,0.92618364,-8.962189,0.46309182
1356069459256,-0.61291564,-8.349273,0.6537767
1356069459295,-1.920469,-7.9270425,-0.42223078
1356069459335,-0.7218784,-7.9679036,0.313268
1356069459375,-0.61291564,-8.62168,1.7978859
1356069459424,-4.5628166,-10.56939,2.2201166
1356069459454,-3.405087,-11.454713,1.1441092
1356069459495,-1.8387469,-12.026767,0.42223078
1356069459535,-1.7978859,-12.258313,1.2258313
1356069459592,4.0588636,-14.206022,0.7627395
1356069459615,4.671779,-13.565866,-1.2666923
1356069459655,-1.525479,-11.3321295,1.3756552
1356069459695,-2.982856,-10.56939,1.1168685
1356069459735,-0.8036005,-7.205164,-0.53119355
1356069459775,1.9477097,-4.140586,-0.7627395
1356069459815,2.070293,-3.0645783,0.38136974
1356069459855,0.9942854,-2.5333846,1.3756552
1356069459895,0.53119355,-3.0237172,3.5276701
1356069459935,-2.0294318,-11.264028,9.80665
1356069459975,-8.662541,-14.9006605,11.495573
1356069460015,0.7627395,-9.847511,6.2789803
1356069460055,1.8387469,-14.137921,-0.08172209
1356069460095,2.1111538,-4.5219555,-0.6537767
1356069460135,2.4516625,-3.8681788,-1.920469
1356069460175,-0.5720546,-14.9006605,-5.597963
1356069460215,-3.3642259,-11.182305,2.4925237
1356069460256,1.1849703,-7.8861814,0.7627395
1356069460295,2.152015,-8.730643,-0.23154591
1356069460335,-0.8036005,-8.008764,0.95342433
1356069460375,-2.3018389,-7.9679036,-0.08172209
1356069460415,-2.2201166,-8.076866,-0.29964766
1356069460455,-0.84446156,-8.499097,1.1168685
1356069460495,-2.3699405,-9.112013,3.214402
1356069460535,-3.1463003,-11.223166,2.3699405
1356069460591,-1.607201,-11.495573,0.6537767
1356069460615,-2.3699405,-11.645397,0.7627395
1356069460655,1.9477097,-14.560152,1.0351465
1356069460695,5.134871,-15.854085,-1.2258313
1356069460735,0.88532263,-10.95076,1.1168685
1356069460775,-3.405087,-10.691973,1.4573772
1356069460815,-1.7570249,-7.3141265,-0.88532263
1356069460855,1.2666923,-4.8216033,-0.50395286
1356069460895,2.2609777,-2.6014864,-0.10896278
1356069460935,1.7570249,-2.1111538,0.88532263
1356069460975,0.313268,-2.6832085,2.6014864
1356069461015,-1.3756552,-9.152874,6.932757
1356069461055,-8.049625,-17.352324,13.443283
1356069461095,-1.3756552,-6.5513873,6.1291566
1356069461135,0.42223078,-14.750836,4.0588636
1356069461175,-0.14982383,-11.223166,-2.3018389
1356069461215,4.440233,-0.9125633,0.5720546
1356069461256,1.879608,-8.499097,-6.0474343
1356069461295,-1.879608,-16.43976,0.14982383
1356069461335,-1.7978859,-8.62168,2.6423476
1356069461375,1.6889231,-8.008764,-0.0
1356069461415,1.2666923,-8.390134,-0.23154591
1356069461455,-1.3075534,-7.5456724,0.6946377
1356069461495,-1.7978859,-7.6273947,0.040861044
1356069461535,-1.4573772,-8.471856,0.6537767
1356069461594,-1.879608,-8.771504,2.6014864
1356069461615,-3.8681788,-10.7192135,2.3699405
1356069461655,-2.2609777,-11.985906,0.14982383
1356069461695,-2.070293,-12.299174,0.19068487
1356069461735,0.7627395,-12.258313,1.9885708
1356069461775,6.469665,-14.2877445,0.50395286
1356069461815,2.3018389,-11.372991,-1.6480621
1356069461855,-2.4925237,-11.917805,2.4925237
1356069461895,-2.8738933,-9.956474,0.7627395
1356069461935,0.8036005,-6.510526,-0.27240697
1356069461975,2.1111538,-3.5276701,-0.29964766
1356069462015,1.5390993,-2.8330324,1.2666923
1356069462055,1.4165162,-2.070293,2.1792557
1356069462095,0.92618364,-3.405087,4.2495484
1356069462135,-3.5276701,-14.437569,11.073342
1356069462175,-6.5922484,-12.871228,10.038197
1356069462215,2.0294318,-10.038197,6.1291566
1356069462255,0.50395286,-15.009624,-0.19068487
1356069462295,0.7218784,-2.4516625,-1.0760075
1356069462335,2.2201166,-4.5628166,-3.8273177
1356069462384,-2.6832085,-16.358038,-0.040861044
1356069462414,-2.3018389,-10.079058,2.982856
1356069462455,1.4573772,-7.5865335,0.6537767
1356069462495,1.6889231,-8.812365,-0.29964766
1356069462535,-0.9942854,-7.9679036,0.9942854
1356069462590,-1.525479,-7.8180795,0.3405087
1356069462615,-1.1849703,-7.5865335,0.040861044
1356069462655,-0.6537767,-8.158588,2.0294318
1356069462695,-2.8330324,-9.656827,3.445948
1356069462735,-3.214402,-10.95076,1.2666923
1356069462775,-4.140586,-12.108489,0.3405087
1356069462815,-1.0351465,-13.525005,1.8387469
1356069462855,5.7477865,-17.583868,-0.3405087
1356069462895,6.0882955,-14.246883,-0.88532263
1356069462935,-2.1792557,-10.61025,1.334794
1356069462975,-4.7943625,-9.343558,0.10896278
1356069463015,-0.27240697,-5.706926,-1.1849703
1356069463055,2.152015,-3.0645783,-0.95342433
1356069463095,2.152015,-2.4925237,0.6946377
1356069463135,1.334794,-1.9477097,1.7297841
1356069463175,1.334794,-3.336985,3.486809
1356069463215,-3.8273177,-14.750836,11.876944
1356069463256,-8.267551,-12.5579605,10.419566
1356069463295,1.2666923,-8.812365,4.944186
1356069463335,0.61291564,-15.622539,-0.8036005
1356069463375,2.2201166,-2.4516625,-0.19068487
1356069463415,2.8330324,-5.284695,-3.9090397
1356069463455,-0.61291564,-15.5135765,-4.5628166
1356069463495,-2.1111538,-10.651112,3.2961242
1356069463535,1.920469,-7.6546354,-0.040861044
1356069463594,1.8387469,-8.158588,-1.1168685
1356069463615,-1.3075534,-8.19945,0.7627395
1356069463655,-2.070293,-8.008764,0.61291564
1356069463695,-1.334794,-7.8589406,-0.10896278
1356069463735,-0.19068487,-8.853226,1.4982382
1356069463775,-2.1792557,-9.343558,2.3018389
1356069463815,-4.3312707,-10.991621,1.7297841
1356069463855,-1.607201,-11.836082,0.84446156
1356069463895,-3.1054392,-11.304889,0.84446156
1356069463935,0.9942854,-14.015338,2.0294318
1356069463975,5.2165933,-15.213928,-1.525479
1356069464015,1.3075534,-11.304889,0.8036005
1356069464055,-3.0645783,-10.800936,2.3426998
1356069464095,-3.1054392,-7.6954966,-0.5720546
1356069464135,1.56634,-4.9850473,-0.8036005
1356069464175,2.6423476,-3.405087,-0.10896278
1356069464215,1.920469,-3.5276701,1.9885708
1356069464255,0.42223078,-3.255263,2.7921712
1356069464295,0.61291564,-6.742072,5.407278
1356069464335,-6.66035,-16.821129,13.402422
1356069464375,-4.3312707,-8.62168,6.742072
1356069464415,0.14982383,-12.108489,4.7943625
1356069464455,0.46309182,-12.789507,-1.4573772
1356069464495,2.982856,-1.9477097,0.9942854
1356069464535,1.9885708,-7.6546354,-4.5900574
1356069464591,-1.3756552,-15.935807,-1.9477097
1356069464615,-2.8738933,-9.615966,3.0237172
1356069464655,1.607201,-8.430995,0.38136974
1356069464695,1.1849703,-9.112013,0.7218784
1356069464735,-1.0351465,-7.6546354,0.84446156
1356069464775,-1.3075534,-7.3958488,-0.38136974
1356069464815,-1.4165162,-7.5865335,0.313268
1356069464855,-0.50395286,-8.308413,1.4982382
1356069464895,-3.2961242,-10.337844,1.6889231
1356069464935,-3.568531,-11.876944,1.334794
1356069464975,-1.7297841,-12.830367,0.88532263
1356069465015,1.3075534,-12.4489975,2.6423476
1356069465055,5.597963,-14.137921,0.19068487
1356069465095,1.4982382,-12.408136,-0.9942854
1356069465135,-2.4108016,-11.75436,2.2201166
1356069465175,-1.525479,-9.043911,0.38136974
1356069465215,1.2666923,-6.3607025,-0.10896278
1356069465255,2.2201166,-4.1814466,-0.61291564
1356069465295,1.4573772,-3.5276701,1.3075534
1356069465344,0.7627395,-1.879608,2.1792557
1356069465374,1.1849703,-3.8681788,4.0180025
1356069465415,-2.1792557,-13.402422,9.888372
1356069465455,-7.3958488,-12.258313,10.56939
1356069465495,0.23154591,-8.049625,5.053149
1356069465535,2.7240696,-15.622539,0.27240697
1356069465595,1.0351465,-5.284695,-0.42223078
1356069465615,2.152015,-3.214402,-2.0294318
1356069465655,-1.7978859,-13.443283,-4.2904096
1356069465695,-3.486809,-11.536434,2.1792557
1356069465735,1.879608,-8.62168,1.56634
1356069465775,3.445948,-8.430995,-0.88532263
1356069465815,0.53119355,-8.390134,0.5720546
1356069465855,-2.1792557,-8.240311,-0.08172209
1356069465895,-0.5720546,-7.04172,-0.6946377
1356069465935,0.38136974,-8.076866,0.9942854
1356069465975,-2.3018389,-9.193735,1.879608
1356069466015,-3.7864566,-10.95076,1.56634
1356069466055,-2.4108016,-11.985906,1.3075534
1356069466095,-3.9090397,-11.727119,0.6946377
1356069466135,-0.7218784,-12.912089,1.920469
1356069466175,4.862464,-15.704261,-0.46309182
1356069466215,2.152015,-11.563675,-0.5720546
1356069466255,-2.5333846,-10.95076,1.8387469
1356069466295,-2.6014864,-8.730643,-0.7627395
1356069466335,0.7627395,-5.7477865,-0.42223078
1356069466375,2.2609777,-3.9090397,0.14982383
1356069466415,2.9556155,-3.8273177,0.95342433
1356069466455,1.1849703,-2.0294318,1.4165162
1356069466495,0.88532263,-3.486809,4.8216033
1356069466535,-6.701211,-15.976667,13.525005
1356069466591,-5.012288,-11.223166,8.158588
1356069466616,1.879608,-10.841797,5.243834
1356069466655,-0.95342433,-13.715691,-0.27240697
1356069466695,3.0237172,-1.3756552,-0.10896278
1356069466735,2.7921712,-5.6660647,-4.1814466
1356069466775,-1.525479,-16.739407,-3.255263
1356069466815,-2.1111538,-9.956474,2.7240696
1356069466855,2.3018389,-7.5456724,0.14982383
1356069466895,1.5390993,-8.19945,-0.38136974
1356069466935,-0.95342433,-7.504812,1.1168685
1356069466975,-1.2258313,-7.8180795,0.23154591
1356069467015,-0.9942854,-7.8180795,0.27240697
1356069467055,-0.3405087,-8.962189,1.6889231
1356069467095,-3.3642259,-9.534244,1.8387469
1356069467135,-4.0180025,-11.3321295,2.3426998
1356069467175,-0.42223078,-11.454713,0.46309182
1356069467215,-2.1792557,-12.026767,0.92618364
1356069467256,2.4108016,-14.246883,2.5333846
1356069467295,4.5628166,-14.818938,-1.7297841
1356069467335,-0.6537767,-10.760075,0.9942854
1356069467375,-3.255263,-10.269742,1.56634
1356069467415,-0.7218784,-7.246025,-0.19068487
1356069467455,1.7297841,-4.944186,-0.61291564
1356069467495,1.920469,-3.8273177,0.19068487
1356069467535,1.4982382,-3.5276701,1.0760075
1356069467591,0.8036005,-2.6014864,2.152015
1356069467615,0.313268,-6.6331096,5.325556
1356069467655,-6.701211,-17.24336,13.6748295
1356069467695,-3.568531,-5.47538,5.8976107
1356069467735,1.3075534,-11.563675,2.982856
1356069467775,0.46309182,-14.9006605,0.8036005
1356069467815,3.2961242,-2.1111538,0.61291564
1356069467855,2.3018389,-6.2789803,-5.6252036
1356069467895,-1.334794,-16.235455,-2.0294318
1356069467935,-2.5333846,-10.691973,3.405087
1356069467975,2.2609777,-7.7363577,-0.040861044
1356069468015,1.7570249,-8.730643,-0.23154591
1356069468055,-1.2666923,-7.6546354,0.92618364
1356069468095,-1.2666923,-7.6273947,0.10896278
1356069468135,-0.88532263,-7.3958488,-0.19068487
1356069468175,-0.9942854,-8.308413,1.5390993
1356069468215,-3.445948,-9.425281,2.6832085
1356069468255,-4.140586,-11.985906,1.2258313
1356069468304,-1.607201,-12.258313,0.23154591
1356069468334,-1.0760075,-12.067628,1.1849703
1356069468375,4.671779,-13.484144,2.1111538
1356069468415,4.0180025,-13.633968,-1.4573772
1356069468455,-0.61291564,-11.3321295,1.5390993
1356069468495,-3.5276701,-10.147159,1.3075534
1356069468535,-0.84446156,-7.205164,-0.0
1356069468591,2.0294318,-4.8216033,-0.9125633
1356069468615,1.7570249,-4.2904096,0.50395286
1356069468655,1.56634,-3.718355,1.7978859
1356069468695,0.7627395,-2.2201166,2.5333846
1356069468735,0.7218784,-6.1291566,5.8567495
1356069468775,-6.3198414,-17.120777,14.056199
1356069468815,-4.2086873,-8.689782,6.5513873
1356069468855,2.4108016,-14.9006605,3.636633
1356069468895,1.1441092,-9.915613,0.313268
1356069468935,2.7921712,-1.1441092,-1.7978859
1356069468975,0.27240697,-11.563675,-6.238119
1356069469015,-3.255263,-15.050485,0.313268
1356069469055,-0.29964766,-8.853226,2.2609777
1356069469095,2.3018389,-7.8180795,-0.0
1356069469135,1.4573772,-8.267551,0.313268
1356069469175,-1.0760075,-7.504812,1.1849703
1356069469215,-1.1849703,-7.43671,0.313268
1356069469255,-0.53119355,-8.008764,0.53119355
1356069469295,-0.95342433,-8.662541,1.7570249
1356069469335,-3.7864566,-10.147159,2.152015
1356069469375,-3.1463003,-11.304889,2.1792557
1356069469415,-1.8387469,-12.598822,-0.14982383
1356069469455,-2.0294318,-11.836082,1.3075534
1356069469495,5.284695,-14.2877445,1.7570249
1356069469535,5.325556,-14.09706,-1.607201
1356069469591,-1.7978859,-11.686258,0.84446156
1356069469615,-4.140586,-11.114203,2.070293
1356069469655,-0.5720546,-7.3958488,-0.8036005
1356069469695,2.4108016,-4.5219555,-1.2258313
1356069469735,2.152015,-3.445948,0.61291564
1356069469775,1.4165162,-2.7921712,1.56634
1356069469815,1.1441092,-2.1111538,2.6423476
1356069469855,0.23154591,-10.228881,8.349273
1356069469895,-9.343558,-15.472715,12.871228
1356069469935,-0.08172209,-4.1814466,6.701211
1356069469975,-0.46309182,-15.363752,2.9556155
1356069470015,0.6537767,-9.765789,0.84446156
1356069470065,5.434519,-1.9477097,0.14982383
1356069470105,-0.95342433,-11.3321295,-5.5162406
1356069470145,-5.09401,-15.132206,1.6480621
1356069470185,-2.3699405,-8.730643,2.8738933
1356069470225,2.5606253,-9.112013,0.10896278
1356069470265,2.4516625,-8.049625,0.08172209
1356069470305,-0.9942854,-7.5456724,0.7627395
1356069470345,-1.879608,-8.049625,-0.040861044
1356069470385,-0.29964766,-7.8589406,-0.46309182
1356069470425,-0.7218784,-8.921328,1.56634
1356069470465,-3.0237172,-10.337844,2.982856
1356069470505,-3.255263,-11.372991,1.1168685
1356069470545,-2.3018389,-12.14935,0.38136974
1356069470592,-2.7240696,-11.304889,1.1849703
1356069470625,3.405087,-13.021052,2.6423476
1356069470665,4.7535014,-14.941522,-1.56634
1356069470705,0.3405087,-11.985906,0.3405087
1356069470745,-3.636633,-10.651112,1.7570249
1356069470785,-1.3075534,-7.273266,-0.5720546
1356069470825,2.070293,-4.372132,-1.2666923
1356069470865,1.607201,-4.3312707,0.61291564
1356069470905,0.8036005,-3.568531,1.7978859
1356069470945,0.27240697,-2.070293,3.173541
1356069470985,-1.1168685,-6.782933,7.164303
1356069471025,-4.5219555,-13.988097,12.830367
1356069471065,-3.173541,-6.0474343,6.4424243
1356069471105,-0.08172209,-11.141444,4.0588636
1356069471145,-1.4982382,-16.467001,0.14982383
1356069471185,3.636633,-1.7978859,0.19068487
1356069471225,2.6014864,-3.0237172,-4.3312707
1356069471266,0.14982383,-15.472715,-4.4810944
1356069471304,-2.2609777,-12.639683,4.399372
1356069471345,1.2258313,-6.0201936,0.313268
1356069471385,1.2666923,-8.962189,-0.50395286
1356069471425,-1.1849703,-7.7772183,0.8036005
1356069471465,-1.334794,-7.5456724,-0.10896278
1356069471505,-1.2666923,-8.076866,0.313268
1356069471545,-1.1168685,-8.853226,2.7240696
1356069471593,-3.173541,-10.528529,3.0645783
1356069471625,-1.9885708,-11.032481,1.7570249
1356069471665,-1.1441092,-11.563675,0.08172209
1356069471705,0.08172209,-13.865514,1.9885708
1356069471745,3.6774938,-16.358038,-0.84446156
1356069471785,3.990762,-14.369467,-0.50395286
1356069471825,-3.336985,-9.765789,2.1792557
1356069471865,-3.5276701,-8.962189,0.46309182
1356069471905,-0.19068487,-5.7477865,-0.29964766
1356069471945,2.0294318,-3.405087,-1.0760075
1356069471985,1.7978859,-2.2609777,0.88532263
1356069472025,0.92618364,-2.7921712,1.56634
1356069472065,-0.53119355,-4.7126403,3.6774938
1356069472105,-3.7864566,-13.402422,10.501288
1356069472145,-6.1700177,-13.33432,10.732834
1356069472185,-0.0,-6.782933,5.407278
1356069472225,-1.3075534,-14.9006605,2.7240696
1356069472265,2.8330324,-11.604536,-0.040861044
1356069472305,4.9850473,-0.42223078,0.23154591
1356069472345,1.3756552,-8.008764,-7.43671
1356069472385,-3.336985,-16.84837,1.7297841
1356069472425,-2.6832085,-8.430995,2.4925237
1356069472465,2.4925237,-8.308413,-1.3756552
1356069472505,2.4108016,-8.539958,-0.19068487
1356069472545,-1.4982382,-7.3958488,0.7627395
1356069472593,-2.070293,-7.8861814,0.23154591
1356069472625,-1.3075534,-8.771504,0.95342433
1356069472665,-2.1111538,-8.812365,2.2609777
1356069472705,-3.0237172,-10.882658,1.56634
1356069472745,-1.4165162,-11.686258,0.3405087
1356069472785,-2.6423476,-12.367276,0.08172209
1356069472825,1.6889231,-12.489859,2.2201166
1356069472865,6.2789803,-14.9006605,-0.6946377
1356069472905,1.879608,-11.563675,-1.1441092
1356069472945,-2.3426998,-11.75436,2.3018389
1356069472985,-3.255263,-8.499097,0.42223078
1356069473025,0.27240697,-6.1291566,-0.23154591
1356069473065,2.1792557,-3.6774938,-0.6946377
1356069473105,1.3075534,-3.336985,1.4165162
1356069473145,0.5720546,-2.6832085,1.920469
1356069473185,1.2666923,-3.5276701,3.6774938
1356069473225,-1.7978859,-13.783792,10.18802
1356069473265,-7.7772183,-13.633968,11.75436
1356069473305,-0.46309182,-7.273266,6.3198414
1356069473345,-0.38136974,-16.821129,-0.040861044
1356069473385,1.920469,-3.718355,-1.1168685
1356069473425,4.2904096,-2.5606253,-1.1168685
1356069473465,0.38136974,-14.1787815,-5.5571017
1356069473505,-3.336985,-13.33432,3.636633
1356069473545,0.27240697,-7.3958488,1.607201
1356069473592,2.3699405,-8.240311,-0.7627395
1356069473625,0.27240697,-8.430995,0.50395286
1356069473665,-1.920469,-7.9679036,1.3075534
1356069473705,-1.2258313,-7.9679036,-0.27240697
1356069473745,-1.1168685,-8.430995,0.42223078
1356069473785,-1.6889231,-9.00305,2.3699405
1356069473825,-3.405087,-10.760075,1.7570249
1356069473865,-1.3075534,-11.75436,0.42223078
1356069473905,-1.7570249,-11.727119,0.6537767
1356069473945,0.10896278,-11.372991,2.0294318
1356069473985,5.706926,-14.818938,0.313268
1356069474025,2.2201166,-11.727119,-1.0760075
1356069474065,-1.9477097,-11.182305,2.3699405
1356069474105,-3.2961242,-9.152874,1.1168685
1356069474145,0.46309182,-7.1234417,-0.19068487
1356069474185,1.8387469,-4.399372,-0.53119355
1356069474226,1.0760075,-3.8273177,1.607201
1356069474264,0.95342433,-3.8681788,1.5390993
1356069474305,1.4165162,-2.7513103,2.5606253
1356069474345,0.14982383,-8.539958,7.0553403
1356069474385,-9.697687,-16.930092,14.09706
1356069474425,-1.0351465,-6.891896,6.8237944
1356069474465,2.2609777,-14.560152,1.334794
1356069474505,-0.3405087,-7.1234417,-1.8387469
1356069474545,3.0645783,-1.879608,-0.42223078
1356069474590,1.3756552,-11.795221,-4.7535014
1356069474625,-2.2201166,-14.369467,0.9942854
1356069474665,-0.50395286,-8.158588,1.7978859
1356069474705,2.4516625,-8.539958,-0.8036005
1356069474745,0.08172209,-8.662541,0.5720546
1356069474785,-1.56634,-7.8589406,0.53119355
1356069474825,-1.607201,-7.8589406,-0.040861044
1356069474865,-1.2258313,-8.689782,0.92618364
1356069474905,-1.8387469,-8.240311,2.7649305
1356069474945,-3.718355,-10.882658,1.4982382
1356069474985,-2.1111538,-12.367276,0.14982383
1356069475025,-2.070293,-12.367276,1.0760075
1356069475065,2.982856,-13.252599,2.4925237
1356069475105,5.9793324,-14.056199,-1.3075534
1356069475145,0.8036005,-11.727119,0.42223078
1356069475185,-2.982856,-11.264028,2.3699405
1356069475225,-1.879608,-7.5865335,0.19068487
1356069475265,0.50395286,-5.47538,-0.29964766
1356069475305,1.6480621,-4.1814466,-0.23154591
1356069475345,1.607201,-3.5957718,1.1168685
1356069475385,0.6537767,-2.7240696,1.920469
1356069475425,-0.0,-6.5513873,4.6036777
1356069475465,-5.5571017,-17.352324,13.593107
1356069475505,-4.944186,-7.3141265,6.851035
1356069475545,0.50395286,-7.014479,4.440233
1356069475592,1.1849703,-17.011814,1.7978859
1356069475625,0.38136974,-6.1291566,-0.6946377
1356069475665,3.1463003,-2.1383946,-2.070293
1356069475705,-0.29964766,-12.408136,-4.099725
1356069475745,-3.636633,-12.721405,3.1054392
1356069475785,0.27240697,-7.6954966,1.1849703
1356069475825,2.6423476,-8.730643,-0.95342433
1356069475865,0.50395286,-8.19945,0.7218784
1356069475905,-1.7570249,-8.117727,0.88532263
1356069475945,-1.2666923,-8.008764,-0.23154591
1356069475985,-1.334794,-8.771504,1.0760075
1356069476025,-2.9147544,-9.425281,2.4516625
1356069476065,-2.6423476,-10.7192135,2.152015
1356069476105,-0.9942854,-11.727119,0.6537767
1356069476145,-2.7513103,-12.598822,0.23154591
1356069476185,2.1111538,-12.408136,2.3699405
1356069476225,5.2165933,-15.213928,-1.4165162
1356069476265,0.6946377,-11.495573,1.334794
1356069476305,-2.7513103,-11.304889,1.6889231
1356069476345,-1.4573772,-7.6273947,-0.7218784
1356069476385,1.56634,-4.944186,-0.27240697
1356069476425,1.7297841,-3.173541,0.14982383
1356069476465,0.88532263,-3.1463003,1.4573772
1356069476505,1.0351465,-1.9477097,1.7297841
1356069476545,0.92618364,-5.366417,4.5628166
1356069476589,-7.164303,-17.543009,15.132206
1356069476625,-5.175732,-7.504812,6.891896
1356069476665,2.1792557,-12.5579605,4.7535014
1356069476705,-0.27240697,-11.3321295,-0.95342433
1356069476745,4.6036777,-1.3756552,0.9942854
1356069476785,1.607201,-7.3549876,-4.7535014
1356069476825,-1.9477097,-16.017529,-1.8387469
1356069476865,-2.2609777,-9.00305,2.6423476
1356069476905,2.152015,-8.471856,0.19068487
1356069476945,1.6480621,-8.62168,-0.23154591
1356069476985,-0.7627395,-7.8861814,0.8036005
1356069477025,-1.2666923,-7.6546354,0.08172209
1356069477065,-1.0351465,-8.076866,0.23154591
1356069477105,-1.3075534,-8.390134,2.1111538
1356069477145,-3.636633,-9.00305,2.8738933
1356069477186,-2.6014864,-11.985906,1.4573772
1356069477224,-0.8036005,-12.489859,0.88532263
1356069477265,-2.6423476,-11.604536,0.6946377
1356069477305,4.1814466,-13.6748295,2.070293
1356069477345,4.8216033,-14.015338,-1.7297841
1356069477385,-0.19068487,-11.454713,0.88532263
1356069477425,-3.9499009,-9.997335,2.0294318
1356069477465,-1.2258313,-7.1234417,0.38136974
1356069477505,1.6480621,-5.012288,-0.88532263
1356069477545,1.879608,-3.5276701,0.6537767
1356069477585,1.334794,-3.3642259,1.7297841
1356069477625,1.1441092,-3.1054392,2.6832085
1356069477665,0.6537767,-7.205164,5.8976107
1356069477705,-5.8158884,-15.826844,12.598822
1356069477745,-4.099725,-7.014479,7.3549876
1356069477785,-0.23154591,-10.923519,4.140586
1356069477825,1.879608,-13.33432,2.6423476
1356069477865,3.0237172,-3.9771416,-0.6537767
1356069477905,1.2258313,-5.5162406,-4.0180025
1356069477945,-2.6423476,-13.293459,-1.1441092
1356069477985,-3.1463003,-11.141444,2.7921712
1356069478025,0.53119355,-8.499097,0.3405087
1356069478065,2.7921712,-9.00305,-0.9942854
1356069478105,0.95342433,-8.308413,0.84446156
1356069478145,-1.1849703,-8.19945,0.08172209
1356069478185,-1.4573772,-8.008764,0.08172209
1356069478225,-0.53119355,-8.62168,1.0351465
1356069478265,-2.2201166,-8.390134,2.1111538
1356069478305,-3.2961242,-10.310603,1.8387469
1356069478345,-1.4165162,-11.304889,1.2666923
1356069478385,-2.5606253,-12.830367,0.040861044
1356069478425,-1.9477097,-11.727119,1.5390993
1356069478465,5.09401,-13.102775,1.879608
1356069478505,4.440233,-12.789507,-1.6889231
1356069478545,-1.607201,-10.841797,0.27240697
1356069478585,-2.6423476,-10.841797,2.3699405
1356069478625,-1.0351465,-7.504812,-0.3405087
1356069478665,1.3075534,-5.284695,-0.38136974
1356069478705,1.3756552,-4.099725,0.50395286
1356069478745,1.2258313,-3.718355,1.2258313
1356069478785,0.6537767,-2.8738933,2.0294318
1356069478825,-0.08172209,-8.430995,6.3607025
1356069478865,-8.308413,-16.276316,13.484144
1356069478905,-1.525479,-4.944186,6.2789803
1356069478945,1.6889231,-15.745122,3.5276701
1356069478985,-2.1792557,-11.75436,-0.7627395
1356069479025,4.1814466,-0.19068487,-0.53119355
1356069479065,2.1792557,-7.1234417,-4.440233
1356069479105,-2.070293,-16.930092,-0.61291564
1356069479145,-1.6480621,-9.275456,2.4516625
1356069479185,1.7570249,-7.6954966,-0.0
1356069479225,0.53119355,-8.921328,-0.10896278
1356069479265,-1.1849703,-8.049625,0.84446156
1356069479305,-0.88532263,-8.049625,-0.42223078
1356069479345,-0.61291564,-7.5865335,0.040861044
1356069479385,-0.5720546,-8.771504,2.1792557
1356069479425,-2.7240696,-9.888372,2.7240696
1356069479465,-2.4108016,-10.95076,1.8387469
1356069479505,-1.1849703,-12.108489,0.14982383
1356069479545,-2.0294318,-11.536434,0.42223078
1356069479585,3.486809,-12.340035,2.2201166
1356069479625,4.6036777,-15.854085,-1.4982382
1356069479665,-0.08172209,-11.495573,0.61291564
1356069479705,-2.3426998,-10.841797,1.920469
1356069479745,-2.2609777,-7.5865335,0.8036005
1356069479785,0.7627395,-4.7126403,-0.6537767
1356069479825,0.88532263,-2.5606253,-0.040861044
1356069479865,1.2666923,-3.0645783,1.2666923
1356069479905,1.1441092,-2.9147544,1.6889231
1356069479945,1.1168685,-6.66035,4.1814466
1356069479985,-5.5571017,-17.434046,13.715691
1356069480056,-1.334794,-1.6480621,5.366417
1356069480094,-0.5720546,-15.241169,1.334794
1356069480135,-1.879608,-13.525005,0.6946377
1356069480185,6.238119,-0.10896278,-1.2666923
1356069480224,-0.040861044,-9.152874,-7.3549876
1356069480264,-2.4925237,-17.815414,2.0294318
1356069480305,-0.6946377,-7.7363577,2.6832085
1356069480345,2.4516625,-7.8180795,-1.3756552
1356069480385,0.50395286,-8.62168,-0.46309182
1356069480425,-1.7570249,-8.076866,1.4573772
1356069480465,-1.3756552,-8.008764,-0.040861044
1356069480505,-0.61291564,-8.390134,0.14982383
1356069480545,-1.3075534,-8.390134,2.4108016
1356069480585,-3.7864566,-10.460427,2.4108016
1356069480625,-1.920469,-10.760075,1.4573772
1356069480665,-0.50395286,-11.795221,0.6537767
1356069480705,-1.4573772,-11.536434,1.607201
1356069480745,2.9556155,-14.519291,-0.14982383
1356069480785,2.070293,-13.865514,-0.08172209
1356069480825,-1.607201,-11.645397,2.1792557
1356069480865,-1.334794,-8.921328,0.3405087
1356069480905,0.10896278,-6.0201936,-0.5720546
1356069480945,1.9477097,-4.4810944,-0.6537767
1356069480985,1.607201,-3.405087,0.7627395
1356069481025,0.7218784,-2.7921712,1.9885708
1356069481065,0.19068487,-4.0588636,4.2495484
1356069481105,-3.8273177,-13.865514,11.495573
1356069481146,-8.076866,-12.299174,10.337844
1356069481185,1.3075534,-9.997335,5.134871
1356069481225,1.6480621,-14.941522,2.6014864
1356069481265,1.3756552,-3.7864566,-0.50395286
1356069481305,1.5390993,-3.5957718,-3.173541
1356069481345,-1.4165162,-14.246883,-2.9147544
1356069481385,-2.5333846,-11.727119,2.7921712
1356069481425,1.0760075,-8.662541,1.2666923
1356069481465,1.6480621,-8.471856,-0.42223078
1356069481505,0.19068487,-8.308413,0.6537767
1356069481545,-0.6537767,-8.076866,0.8036005
1356069481585,-0.040861044,-7.9270425,-0.46309182
1356069481625,-0.6537767,-7.9270425,-0.14982383
1356069481665,-1.4982382,-8.499097,1.0760075
1356069481705,-2.7921712,-9.275456,2.4108016
1356069481745,-2.7513103,-11.9450445,1.6480621
1356069481785,-1.1441092,-12.4489975,0.313268
1356069481825,-1.3075534,-11.645397,1.2666923
1356069481865,3.8681788,-12.871228,1.3075534
1356069481905,2.7240696,-13.211738,-1.6889231
1356069481945,-0.08172209,-11.75436,1.0760075
1356069481985,-1.1849703,-11.264028,1.56634
1356069482025,-0.27240697,-7.504812,-0.46309182
1356069482065,0.92618364,-5.5571017,-0.23154591
1356069482105,1.2258313,-4.2086873,0.61291564
1356069482145,1.1441092,-3.0237172,1.2666923
1356069482185,0.95342433,-2.3426998,2.4516625
1356069482225,0.313268,-7.9679036,6.5513873
1356069482265,-7.014479,-16.930092,13.021052
1356069482305,-2.070293,-12.108489,6.8237944
1356069482345,-0.040861044,-12.789507,0.53119355
1356069482385,4.0180025,-0.6537767,-0.6537767
1356069482425,2.3018389,-4.3312707,-2.4925237
1356069482465,-1.334794,-17.461287,-3.405087
1356069482505,-3.759216,-10.419566,1.6889231
1356069482545,1.4165162,-8.19945,0.6537767
1356069482585,2.3699405,-8.812365,-0.08172209
1356069482625,0.42223078,-7.9679036,0.95342433
1356069482665,-0.46309182,-7.7772183,0.27240697
1356069482705,-1.4982382,-7.6954966,-0.7218784
1356069482745,-0.23154591,-8.049625,0.50395286
1356069482785,-0.9942854,-8.689782,1.920469
1356069482825,-3.9090397,-10.269742,1.7297841
1356069482865,-2.8330324,-11.454713,0.6537767
1356069482905,-2.2201166,-12.14935,0.53119355
1356069482945,-0.14982383,-12.762266,1.879608
1356069482985,5.284695,-14.7916975,0.313268
1356069483025,2.6014864,-12.762266,-1.1849703
1356069483065,-2.3018389,-11.686258,2.2201166
1356069483105,-0.95342433,-10.106298,0.19068487
1356069483146,-0.0,-5.7886477,-0.9125633
1356069483184,1.3075534,-4.4810944,-0.040861044
1356069483225,1.607201,-3.486809,0.95342433
1356069483265,0.7627395,-2.2201166,1.4165162
1356069483305,0.14982383,-3.8681788,3.8273177
1356069483345,-4.2904096,-13.756551,10.991621
1356069483385,-7.246025,-12.108489,8.689782
1356069483425,0.040861044,-5.175732,4.2086873
1356069483465,2.6423476,-16.698545,1.1441092
1356069483505,1.0351465,-9.234595,1.0760075
1356069483545,4.2904096,-1.7570249,-2.5606253
1356069483585,0.50395286,-11.073342,-7.205164
1356069483625,-3.214402,-15.091345,1.0760075
1356069483665,0.3405087,-8.076866,2.2609777
1356069483705,3.1054392,-7.5865335,-0.9942854
1356069483745,-0.53119355,-8.390134,0.42223078
1356069483785,-2.1111538,-8.349273,0.5720546
1356069483825,-0.61291564,-7.5865335,-0.27240697
1356069483865,-0.5720546,-8.689782,1.56634
1356069483905,-3.173541,-9.234595,2.4925237
1356069483945,-3.445948,-10.7192135,1.8387469
1356069483985,-1.4573772,-11.114203,0.9942854
1356069484025,-1.9885708,-11.985906,-0.0
1356069484065,0.9942854,-11.727119,2.2609777
1356069484105,4.6036777,-15.704261,-0.7627395
1356069484145,2.1111538,-12.217452,-1.4573772
1356069484185,-1.3756552,-10.882658,2.3699405
1356069484225,-2.6832085,-8.962189,0.42223078
1356069484265,0.040861044,-6.3198414,0.14982383
1356069484305,1.2258313,-4.399372,-0.53119355
1356069484345,1.3756552,-3.6774938,1.1849703
1356069484385,1.0760075,-2.9147544,1.7978859
1356069484425,1.7570249,-4.0180025,3.5276701
1356069484465,-1.2666923,-12.489859,8.662541
1356069484505,-8.689782,-13.1708765,11.536434
1356069484545,-0.95342433,-5.9793324,5.134871
1356069484587,2.6832085,-15.4046135,2.9556155
1356069484625,-0.23154591,-11.686258,1.879608
1356069484665,2.2609777,-1.8387469,-1.9885708
1356069484705,0.5720546,-8.390134,-5.47538
1356069484745,-3.0645783,-14.709975,0.46309182
1356069484785,1.1441092,-8.853226,3.0645783
1356069484825,3.1054392,-7.6273947,-0.9942854
1356069484865,1.8387469,-8.771504,-0.7218784
1356069484905,-2.6014864,-8.308413,0.95342433
1356069484945,-1.7978859,-8.117727,0.50395286
1356069484985,0.14982383,-8.430995,-0.19068487
1356069485025,-0.6537767,-8.853226,1.4982382
1356069485065,-2.8330324,-9.615966,2.3699405
1356069485105,-3.5276701,-10.651112,1.0760075
1356069485145,-1.3075534,-11.645397,0.50395286
1356069485185,-2.070293,-10.760075,1.3075534
1356069485225,2.8738933,-13.824653,2.3018389
1356069485265,4.099725,-14.137921,-1.9885708
1356069485305,-0.10896278,-11.563675,0.95342433
1356069485345,-2.3018389,-10.106298,2.2201166
1356069485385,-1.607201,-7.3141265,-0.10896278
1356069485425,1.4165162,-5.175732,-0.5720546
1356069485465,1.7978859,-3.8273177,0.5720546
1356069485505,1.607201,-3.5276701,1.4982382
1356069485545,1.56634,-2.9556155,2.5606253
1356069485585,1.2258313,-8.008764,5.5162406
1356069485625,-6.891896,-16.3989,12.912089
1356069485665,-3.6774938,-5.434519,6.2108784
1356069485705,-0.6537767,-11.917805,4.5628166
1356069485745,-1.9477097,-14.137921,0.23154591
1356069485785,4.903325,-1.1441092,0.42223078
1356069485825,3.1054392,-4.2904096,-4.1814466
1356069485865,-1.4982382,-16.08563,-2.4925237
1356069485905,-3.445948,-11.3321295,3.405087
1356069485945,0.9942854,-8.117727,0.6946377
1356069485985,2.2609777,-8.499097,-0.9125633
1356069486025,0.46309182,-8.117727,0.6946377
1356069486065,-1.3756552,-7.8861814,0.6946377
1356069486114,-0.29964766,-7.8861814,-0.53119355
1356069486144,-0.9942854,-8.962189,0.5720546
1356069486185,-2.2609777,-8.349273,2.1792557
1356069486225,-2.6014864,-10.760075,2.1792557
1356069486265,-0.9942854,-10.7192135,1.6889231
1356069486305,-1.607201,-12.026767,-0.040861044
1356069486345,-0.50395286,-11.563675,0.92618364
1356069486385,4.4810944,-15.431854,1.1441092
1356069486425,3.214402,-13.402422,-1.4165162
1356069486465,-2.9556155,-10.841797,1.920469
1356069486505,-3.255263,-9.466142,0.7218784
