1356069208805,-0.08172209,-9.112013,0.27240697
1356069208845,-0.08172209,-9.193735,-0.23154591
1356069208885,-0.040861044,-9.043911,0.7627395
1356069208926,-0.10896278,-9.343558,0.14982383
1356069208965,-0.19068487,-9.00305,0.313268
1356069209005,-0.5720546,-9.112013,0.42223078
1356069209045,-0.84446156,-9.193735,0.53119355
1356069209085,-0.61291564,-9.466142,0.84446156
1356069209125,-0.53119355,-9.534244,0.9942854
1356069209167,-0.8036005,-9.615966,1.6889231
1356069209205,-1.0351465,-10.269742,1.3075534
1356069209245,-1.4165162,-9.956474,2.8330324
1356069209285,-1.56634,-9.302697,3.405087
1356069209325,1.4573772,-8.662541,2.5333846
1356069209365,-2.2201166,-8.240311,4.4810944
1356069209405,-2.6423476,-8.008764,3.173541
1356069209445,-2.3426998,-6.5922484,2.982856
1356069209485,-2.2201166,-5.9793324,3.214402
1356069209525,-1.920469,-6.1700177,4.1814466
1356069209565,-1.3756552,-6.66035,5.407278
1356069209605,-2.070293,-6.742072,5.366417
1356069209645,-1.9477097,-6.3607025,4.6036777
1356069209685,-2.4108016,-6.891896,5.7477865
1356069209725,-3.759216,-7.04172,7.8589406
1356069209768,-3.718355,-6.469665,7.1234417
1356069209805,-1.7570249,-11.141444,6.891896
1356069209845,-0.9942854,-12.680544,5.597963
1356069209885,1.7570249,-5.243834,1.334794
1356069209925,-0.61291564,-7.205164,-2.3018389
1356069209965,-3.1463003,-10.841797,-2.2201166
1356069210005,-1.334794,-9.697687,0.040861044
1356069210045,0.9942854,-8.962189,-0.0
1356069210085,0.95342433,-9.084772,0.38136974
1356069210125,-0.42223078,-9.00305,0.08172209
1356069210165,-1.7978859,-9.112013,1.3756552
1356069210205,-1.1168685,-8.430995,0.7218784
1356069210245,-0.14982383,-7.8861814,-0.23154591
1356069210285,-0.38136974,-8.471856,0.38136974
1356069210325,-2.4516625,-8.19945,0.3405087
1356069210365,-3.568531,-9.915613,1.0351465
1356069210405,-1.8387469,-11.3321295,1.1168685
1356069210445,-2.2201166,-11.836082,-0.10896278
1356069210485,-1.2258313,-11.604536,1.3075534
1356069210525,2.7240696,-13.783792,1.7297841
1356069210565,1.7570249,-14.2877445,0.50395286
1356069210605,-0.23154591,-10.882658,0.50395286
1356069210645,-1.879608,-9.847511,0.61291564
1356069210684,-1.0760075,-6.6331096,-0.61291564
1356069210725,1.1441092,-5.053149,-0.84446156
1356069210768,0.92618364,-5.053149,1.9477097
1356069210805,0.7627395,-3.0645783,2.2201166
1356069210845,0.5720546,-2.1792557,3.9090397
1356069210885,-2.070293,-9.112013,8.730643
1356069210925,-7.6546354,-14.246883,10.528529
1356069210965,-2.6832085,-7.246025,5.6660647
1356069211005,-2.1383946,-16.780268,1.334794
1356069211045,1.3756552,-4.3312707,-2.4516625
1356069211085,3.9499009,-4.399372,-4.0588636
1356069211125,0.42223078,-14.982383,-3.486809
1356069211165,-1.6480621,-12.067628,2.3018389
1356069211205,-0.53119355,-6.8237944,-0.0
1356069211245,-0.27240697,-8.308413,0.27240697
1356069211285,-0.27240697,-7.3549876,0.53119355
1356069211325,-0.46309182,-6.851035,-0.46309182
1356069211365,-1.0351465,-7.1234417,0.53119355
1356069211405,-0.08172209,-8.662541,1.2258313
1356069211445,-2.3018389,-9.997335,1.6480621
1356069211485,-2.982856,-11.073342,1.8387469
1356069211525,-2.6832085,-11.9450445,-0.61291564
1356069211565,-2.5333846,-12.639683,1.56634
1356069211605,1.6889231,-14.750836,2.2609777
1356069211645,2.2609777,-14.056199,-0.6537767
1356069211685,-0.42223078,-11.264028,0.53119355
1356069211725,-1.6889231,-10.61025,1.0760075
1356069211767,-0.6537767,-6.3607025,-1.1849703
1356069211805,0.84446156,-4.7126403,0.27240697
1356069211845,1.3075534,-4.140586,1.0351465
1356069211885,1.1441092,-3.486809,1.3756552
1356069211925,-0.23154591,-3.5957718,2.0294318
1356069211965,-2.2609777,-7.6954966,7.246025
1356069212005,-9.534244,-14.437569,10.378705
1356069212045,-3.1054392,-6.510526,5.5162406
1356069212085,-0.08172209,-8.539958,5.407278
1356069212125,-1.607201,-16.88923,2.0294318
1356069212165,1.5390993,-3.255263,-1.607201
1356069212205,3.5276701,-5.6252036,-3.445948
1356069212245,-0.6537767,-13.988097,-3.5276701
1356069212285,-2.4516625,-11.114203,2.6014864
1356069212325,-0.08172209,-7.164303,0.9942854
1356069212365,0.92618364,-8.539958,0.50395286
1356069212405,-0.23154591,-7.6954966,0.08172209
1356069212445,-1.0760075,-7.6546354,0.23154591
1356069212485,-0.7627395,-7.8589406,0.23154591
1356069212525,-1.1441092,-8.689782,0.88532263
1356069212565,-3.173541,-9.997335,1.4573772
1356069212605,-2.4108016,-10.691973,2.2201166
1356069212645,-0.9125633,-11.032481,1.2666923
1356069212685,-3.445948,-10.61025,1.2666923
1356069212725,-2.1383946,-11.9450445,1.879608
1356069212765,2.6423476,-15.826844,0.313268
1356069212805,2.4516625,-13.715691,0.8036005
1356069212845,-1.2666923,-10.691973,1.6889231
1356069212885,-3.255263,-8.499097,-0.040861044
1356069212925,-0.29964766,-5.938472,-0.42223078
1356069212965,1.6480621,-3.9499009,0.50395286
1356069213005,1.2666923,-3.6774938,1.879608
1356069213045,0.6537767,-3.336985,2.3018389
1356069213085,0.27240697,-5.012288,3.718355
1356069213125,-4.372132,-11.073342,9.697687
1356069213165,-8.730643,-12.789507,8.730643
1356069213205,-2.3699405,-6.5922484,6.3607025
1356069213245,0.08172209,-17.434046,4.903325
1356069213285,-0.29964766,-5.434519,-1.56634
1356069213325,3.5276701,-2.5333846,-2.1111538
1356069213365,-0.10896278,-11.3321295,-5.175732
1356069213405,-2.4516625,-12.980191,2.3699405
1356069213445,-0.50395286,-8.19945,1.3075534
1356069213485,1.1441092,-8.62168,-0.14982383
1356069213525,0.92618364,-8.921328,0.42223078
1356069213565,0.040861044,-8.117727,1.0760075
1356069213614,-1.334794,-7.5865335,-0.38136974
1356069213644,-1.525479,-8.62168,0.3405087
1356069213685,-2.3426998,-9.112013,1.334794
1356069213725,-4.399372,-10.378705,1.7297841
1356069213767,-3.255263,-12.258313,-0.0
1356069213805,-1.920469,-11.985906,1.3075534
1356069213845,0.5720546,-11.3321295,2.9147544
1356069213885,3.5276701,-13.484144,1.6480621
1356069213925,0.38136974,-11.413852,-0.7218784
1356069213965,-0.9125633,-11.985906,1.9885708
1356069214005,-1.1168685,-9.275456,-0.10896278
1356069214045,-0.38136974,-6.4015636,-0.040861044
1356069214085,0.27240697,-5.134871,0.61291564
1356069214125,0.7627395,-3.5957718,1.5390993
1356069214165,0.8036005,-1.7570249,1.920469
1356069214205,0.6537767,-3.636633,4.5219555
1356069214245,-5.012288,-13.252599,10.732834
1356069214285,-8.049625,-11.264028,7.6954966
1356069214325,0.7218784,-8.962189,5.012288
1356069214365,1.2258313,-14.47843,1.1849703
1356069214405,0.8036005,-4.2904096,-1.1849703
1356069214445,1.5390993,-7.3549876,-3.336985
1356069214485,-1.0351465,-13.021052,-2.5606253
1356069214525,-2.4516625,-10.18802,0.27240697
1356069214565,1.0351465,-8.390134,0.6537767
1356069214605,2.1111538,-8.471856,1.1849703
1356069214645,0.313268,-8.499097,0.6946377
1356069214685,-1.9477097,-7.504812,0.040861044
1356069214725,-1.7570249,-8.008764,-0.14982383
1356069214774,-1.56634,-9.043911,0.84446156
1356069214815,-4.0588636,-10.106298,1.7297841
1356069214855,-2.3426998,-10.61025,1.6889231
1356069214895,-1.4165162,-11.604536,0.19068487
1356069214935,-3.6774938,-11.182305,0.27240697
1356069214975,1.0351465,-12.9529505,3.173541
1356069215015,3.7864566,-14.206022,0.92618364
1356069215055,0.3405087,-10.691973,-0.46309182
1356069215095,-2.1792557,-10.310603,1.879608
1356069215135,-2.1111538,-7.3549876,0.19068487
1356069215175,1.4573772,-5.284695,-0.3405087
1356069215215,0.9942854,-4.372132,1.5390993
1356069215256,1.0760075,-4.7535014,2.070293
1356069215295,0.61291564,-3.6774938,1.4165162
1356069215335,-0.50395286,-5.243834,4.099725
1356069215375,-6.973618,-13.865514,11.495573
1356069215415,-7.3549876,-10.61025,7.273266
1356069215455,-0.3405087,-8.390134,4.862464
1356069215495,2.152015,-16.821129,1.1441092
1356069215535,0.8036005,-4.671779,-0.9942854
1356069215575,2.5606253,-5.938472,-3.0645783
1356069215615,-0.84446156,-12.258313,-4.4810944
1356069215655,-2.2609777,-11.536434,1.56634
1356069215695,0.50395286,-7.8861814,1.4982382
1356069215761,1.56634,-8.662541,0.040861044
1356069215785,-0.6537767,-8.158588,0.38136974
1356069215826,-1.6889231,-7.5456724,-0.10896278
1356069215865,-1.2258313,-8.349273,-0.040861044
1356069215905,-1.879608,-8.880466,1.6480621
1356069215945,-4.903325,-10.147159,2.2201166
1356069215985,-3.0237172,-10.800936,1.334794
1356069216025,-1.1441092,-11.727119,-0.19068487
1356069216065,-1.7570249,-12.489859,0.9942854
1356069216105,3.405087,-15.009624,1.1168685
1356069216145,2.7240696,-12.5579605,0.08172209
1356069216185,-0.23154591,-10.528529,0.7218784
1356069216225,-2.5333846,-9.193735,0.3405087
1356069216265,-2.0294318,-6.1700177,-0.53119355
1356069216305,1.4165162,-4.399372,-0.53119355
1356069216345,1.6889231,-3.214402,1.2666923
1356069216385,0.88532263,-2.982856,1.9477097
1356069216425,0.14982383,-4.2904096,4.099725
1356069216465,-3.336985,-11.917805,9.384419
1356069216505,-9.302697,-14.396708,10.651112
1356069216545,-1.7297841,-6.8237944,6.0201936
1356069216586,0.8036005,-17.543009,2.5606253
1356069216624,-0.9942854,-4.2904096,-0.9125633
1356069216665,3.5957718,-2.9556155,-2.1383946
1356069216705,-1.334794,-12.871228,-4.140586
1356069216765,-3.8681788,-12.871228,1.4982382
1356069216785,-0.3405087,-8.008764,1.2258313
1356069216825,2.4925237,-8.076866,0.42223078
1356069216865,1.3756552,-8.390134,-0.29964766
1356069216905,-0.42223078,-7.3141265,0.27240697
1356069216945,-1.2666923,-7.8861814,-0.08172209
1356069216985,-1.1441092,-8.853226,1.4573772
1356069217025,-3.718355,-10.038197,2.3699405
1356069217065,-4.4810944,-11.182305,1.6889231
1356069217105,-2.8330324,-12.176591,0.84446156
1356069217145,-1.7297841,-11.264028,1.6889231
1356069217185,4.2086873,-14.941522,1.920469
1356069217225,3.1463003,-13.375181,-0.9125633
1356069217265,0.040861044,-11.536434,0.8036005
1356069217305,-2.7513103,-9.534244,0.7627395
1356069217345,-1.6480621,-6.2108784,0.3405087
1356069217385,0.5720546,-4.0588636,0.040861044
1356069217425,0.5720546,-3.5957718,1.6480621
1356069217465,0.88532263,-2.4925237,1.4165162
1356069217505,0.46309182,-2.4516625,2.7921712
1356069217545,-2.1111538,-10.147159,7.6954966
1356069217585,-10.7192135,-15.704261,12.14935
1356069217625,-1.920469,-5.5162406,5.6660647
1356069217665,0.8036005,-17.161638,4.372132
1356069217705,-0.19068487,-5.8976107,-0.9942854
1356069217765,3.5276701,-3.486809,-1.879608
1356069217785,-0.040861044,-9.534244,-5.175732
1356069217825,-2.9147544,-13.443283,0.040861044
1356069217865,-1.334794,-9.084772,1.7978859
1356069217905,1.920469,-8.240311,0.50395286
1356069217945,1.2258313,-8.499097,-0.27240697
1356069217985,-0.8036005,-7.8180795,0.84446156
1356069218025,-1.6889231,-7.8180795,0.08172209
1356069218065,-1.56634,-8.499097,0.42223078
1356069218105,-1.879608,-9.275456,2.5333846
1356069218145,-3.8273177,-10.378705,2.1111538
1356069218185,-2.7240696,-10.501288,1.4573772
1356069218225,-1.334794,-11.264028,0.10896278
1356069218265,-2.1383946,-11.917805,0.38136974
1356069218305,1.7978859,-15.826844,2.3699405
1356069218345,3.5276701,-14.015338,-1.4165162
1356069218385,-1.0760075,-9.615966,0.6946377
1356069218425,-2.8738933,-9.302697,0.95342433
1356069218465,-2.0294318,-6.0201936,-0.14982383
1356069218505,0.84446156,-4.2904096,-0.14982383
1356069218545,1.5390993,-3.405087,0.84446156
1356069218585,1.1441092,-3.214402,1.1849703
1356069218625,-0.14982383,-3.405087,2.3699405
1356069218665,-1.3756552,-8.049625,6.4424243
1356069218705,-11.141444,-17.543009,12.721405
1356069218765,-2.3018389,-3.759216,5.134871
1356069218785,-1.4573772,-11.985906,5.7886477
1356069218825,-2.2201166,-12.367276,-1.3756552
1356069218865,5.5162406,-1.334794,0.3405087
1356069218905,1.4573772,-6.1700177,-4.4810944
1356069218945,-0.7627395,-15.6634,-1.334794
1356069218985,-3.636633,-9.915613,2.3018389
1356069219025,0.14982383,-7.8589406,0.53119355
1356069219065,1.1849703,-9.00305,0.88532263
1356069219105,-0.10896278,-7.504812,1.6480621
1356069219145,-1.4982382,-7.504812,0.08172209
1356069219185,-1.7297841,-8.158588,-0.53119355
1356069219225,-1.1168685,-9.00305,1.7570249
1356069219265,-3.1463003,-9.112013,3.214402
1356069219305,-3.9090397,-11.073342,2.8738933
1356069219345,-2.3699405,-12.639683,0.08172209
1356069219385,-4.2495484,-12.5579605,-0.29964766
1356069219425,3.255263,-16.467001,2.5333846
1356069219465,6.0882955,-14.246883,-0.42223078
1356069219505,-0.53119355,-9.193735,1.0351465
1356069219554,-3.9771416,-8.049625,-0.19068487
1356069219584,-1.2258313,-5.6660647,-0.95342433
1356069219625,2.3426998,-2.8738933,-0.95342433
1356069219665,0.38136974,-3.0237172,1.56634
1356069219705,-0.040861044,-4.2904096,2.4516625
1356069219766,0.23154591,-4.2086873,3.5957718
1356069219785,-1.9885708,-9.193735,7.3141265
1356069219825,-11.536434,-15.4046135,12.4489975
1356069219865,-1.6480621,-6.6331096,6.2789803
1356069219905,1.56634,-15.745122,4.2904096
1356069219945,-0.6537767,-8.349273,-1.3075534
1356069219985,3.2961242,-4.2904096,-1.2666923
1356069220025,0.313268,-8.771504,-4.140586
1356069220065,-3.1463003,-12.340035,-0.42223078
1356069220105,-0.29964766,-8.158588,2.0294318
1356069220145,2.152015,-8.962189,0.61291564
1356069220185,0.5720546,-8.730643,-0.0
1356069220225,-1.879608,-8.008764,0.50395286
1356069220265,-2.7240696,-7.7363577,-0.0
1356069220305,-1.1849703,-9.043911,1.3075534
1356069220345,-2.8738933,-8.880466,2.4925237
1356069220385,-4.440233,-10.882658,0.88532263
1356069220425,-3.0237172,-12.067628,-0.3405087
1356069220465,-2.6423476,-12.408136,1.1849703
1356069220505,4.0588636,-14.560152,2.1792557
1356069220545,4.7126403,-13.33432,-0.7627395
1356069220585,-1.2666923,-10.691973,1.2666923
1356069220625,-2.6832085,-10.923519,0.95342433
1356069220665,-1.334794,-6.66035,-0.7218784
1356069220705,1.7978859,-4.7535014,-0.46309182
1356069220766,1.4165162,-3.5276701,0.95342433
1356069220785,0.7218784,-2.9556155,1.7297841
1356069220825,0.19068487,-2.2609777,3.990762
1356069220865,-1.525479,-10.038197,8.158588
1356069220905,-8.049625,-13.211738,10.800936
1356069220945,-0.7627395,-10.337844,7.164303
1356069220985,-2.5333846,-14.519291,1.2258313
1356069221025,2.6423476,-2.4925237,-0.9125633
1356069221065,2.5606253,-3.636633,-2.5333846
1356069221105,-2.0294318,-15.050485,-2.982856
1356069221145,-4.140586,-11.536434,1.6889231
1356069221185,1.1168685,-8.308413,1.56634
1356069221225,2.4108016,-8.430995,0.38136974
1356069221265,0.42223078,-7.9270425,0.6946377
1356069221305,-1.3756552,-7.6546354,0.53119355
1356069221345,-1.2666923,-7.4639506,0.040861044
1356069221385,-1.1441092,-8.390134,0.95342433
1356069221425,-2.6014864,-9.084772,2.3018389
1356069221465,-4.5628166,-10.56939,1.5390993
1356069221505,-2.5333846,-12.14935,-0.08172209
1356069221545,-2.6423476,-12.489859,0.6537767
1356069221585,3.405087,-14.328606,2.982856
1356069221625,4.9850473,-14.941522,-0.84446156
1356069221665,0.7218784,-10.95076,0.040861044
1356069221705,-2.6423476,-10.310603,2.2609777
1356069221765,-2.9147544,-7.43671,0.3405087
1356069221785,0.38136974,-5.6252036,0.10896278
1356069221825,1.2258313,-4.0180025,-0.040861044
1356069221865,0.53119355,-3.3642259,1.4165162
1356069221905,-0.38136974,-2.7921712,2.070293
1356069221945,-1.3756552,-6.973618,5.2165933
1356069221985,-6.973618,-13.1708765,10.882658
1356069222025,-4.440233,-7.6546354,6.1700177
1356069222065,-2.7513103,-9.915613,7.5865335
1356069222105,-2.3018389,-15.241169,-1.3756552
1356069222145,3.214402,-0.84446156,-0.19068487
1356069222185,3.8273177,-5.366417,-5.053149
1356069222225,0.27240697,-14.941522,-1.1168685
1356069222265,-3.6774938,-10.800936,1.9885708
1356069222305,-0.53119355,-7.164303,0.7218784
1356069222345,2.0294318,-9.193735,-0.10896278
1356069222385,-0.3405087,-8.730643,0.50395286
1356069222425,-2.5333846,-7.8180795,0.3405087
1356069222465,-1.4982382,-8.240311,0.23154591
1356069222514,-1.879608,-9.425281,1.3756552
1356069222544,-4.440233,-9.997335,1.5390993
1356069222585,-3.2961242,-10.651112,1.2666923
1356069222625,-1.334794,-11.372991,-0.040861044
1356069222665,-2.1111538,-12.367276,1.334794
1356069222705,4.2904096,-13.6748295,2.6423476
1356069222762,3.486809,-13.402422,-1.0760075
1356069222785,-0.6946377,-11.3321295,0.23154591
1356069222825,-2.7513103,-10.228881,1.9477097
1356069222865,-2.4925237,-7.6546354,0.5720546
1356069222905,0.3405087,-5.09401,-0.040861044
1356069222945,0.9942854,-2.6832085,0.8036005
1356069222985,0.6537767,-2.4516625,1.4573772
1356069223025,0.7627395,-2.4516625,2.1792557
1356069223065,-0.6537767,-8.730643,6.4015636
1356069223105,-13.756551,-17.62473,13.824653
1356069223145,-1.1168685,-0.95342433,5.134871
1356069223185,5.012288,-13.33432,3.0237172
1356069223225,-2.9147544,-12.721405,2.6014864
1356069223265,0.61291564,-3.718355,-2.3699405
1356069223305,-0.0,-7.1234417,-5.7886477
1356069223345,-2.0294318,-13.947236,-0.6946377
1356069223385,-0.040861044,-10.419566,3.173541
1356069223425,2.5606253,-7.504812,0.9942854
1356069223465,1.1168685,-8.539958,-0.29964766
1356069223505,-1.0760075,-7.6273947,0.7218784
1356069223545,-1.3756552,-7.7772183,0.53119355
1356069223585,-1.3075534,-7.6954966,-0.27240697
1356069223625,-1.334794,-8.812365,1.3075534
1356069223665,-2.7240696,-9.765789,1.7297841
1356069223705,-4.0180025,-10.691973,1.6480621
1356069223765,-1.6480621,-10.991621,0.6946377
1356069223785,-2.4516625,-11.372991,0.6537767
1356069223825,-2.4516625,-12.721405,2.2201166
1356069223865,3.336985,-15.28203,1.1168685
1356069223905,2.1792557,-12.067628,-0.42223078
1356069223945,-1.8387469,-10.528529,1.7978859
1356069223985,-2.3699405,-8.19945,0.14982383
1356069224025,-0.50395286,-5.8976107,-0.27240697
1356069224065,1.0351465,-4.4810944,0.42223078
1356069224105,0.9942854,-3.8273177,1.879608
1356069224145,0.6537767,-3.405087,1.9885708
1356069224185,1.1441092,-4.399372,3.990762
1356069224225,-2.7513103,-11.413852,8.771504
1356069224265,-10.18802,-12.762266,9.847511
1356069224305,-3.336985,-5.284695,5.366417
1356069224345,-1.2666923,-15.826844,4.1814466
1356069224385,-1.4165162,-8.921328,-0.50395286
1356069224425,4.372132,-1.0760075,0.14982383
1356069224465,1.1849703,-9.534244,-5.6252036
1356069224505,-2.7240696,-14.437569,0.19068487
1356069224545,-1.920469,-9.00305,2.0294318
1356069224585,1.920469,-8.049625,0.53119355
1356069224625,1.9477097,-8.689782,-0.10896278
1356069224665,-0.50395286,-7.7772183,1.1441092
1356069224705,-2.1792557,-7.7363577,0.08172209
1356069224762,-2.2201166,-8.471856,0.3405087
1356069224785,-2.4516625,-8.962189,2.1111538
1356069224825,-3.3642259,-9.915613,2.6832085
1356069224865,-3.0237172,-11.264028,0.84446156
1356069224905,-2.3699405,-11.985906,0.08172209
1356069224945,-0.8036005,-11.645397,2.070293
1356069224985,4.630918,-15.28203,1.0760075
1356069225025,2.1792557,-11.985906,-0.42223078
1356069225065,-1.2666923,-11.073342,1.920469
1356069225105,-3.255263,-9.112013,0.7218784
1356069225145,-0.61291564,-6.5513873,0.040861044
1356069225185,1.2258313,-4.2086873,-0.23154591
1356069225225,1.4573772,-3.5957718,1.0760075
1356069225265,0.53119355,-3.0645783,2.3018389
1356069225305,0.27240697,-3.5276701,3.990762
1356069225345,-2.6423476,-11.182305,8.962189
1356069225385,-10.760075,-12.4489975,10.460427
1356069225425,-2.6832085,-11.9450445,6.742072
1356069225474,-1.0760075,-10.147159,0.38136974
1356069225504,3.405087,-0.50395286,-0.29964766
1356069225545,3.568531,-4.2086873,-1.7297841
1356069225585,-0.7627395,-13.525005,-3.636633
1356069225625,-4.2904096,-11.141444,1.5390993
1356069225665,-0.53119355,-8.117727,1.1441092
1356069225705,2.1111538,-9.084772,0.61291564
1356069225762,1.3756552,-8.62168,0.3405087
1356069225785,-1.334794,-8.499097,0.040861044
1356069225825,-2.5333846,-7.6546354,0.14982383
1356069225865,-1.334794,-8.962189,1.1168685
1356069225905,-1.7978859,-8.689782,2.6014864
1356069225945,-5.284695,-10.378705,1.2666923
1356069225985,-3.1054392,-11.223166,-0.0
1356069226025,-3.255263,-12.299174,-0.19068487
1356069226065,1.1168685,-12.408136,3.0237172
1356069226105,6.5513873,-15.173067,0.7627395
1356069226145,1.7297841,-11.454713,-0.3405087
1356069226185,-3.3642259,-11.495573,2.2201166
1356069226225,-3.636633,-8.539958,-0.08172209
1356069226265,0.53119355,-5.9793324,-0.42223078
1356069226305,1.4165162,-3.6774938,-0.10896278
1356069226345,0.84446156,-3.759216,1.7570249
1356069226385,0.27240697,-2.6014864,2.1792557
1356069226425,0.08172209,-4.4810944,5.09401
1356069226465,-6.0882955,-14.47843,11.182305
1356069226505,-7.014479,-5.706926,8.117727
1356069226545,-1.7570249,-9.466142,5.134871
1356069226585,-1.56634,-17.66559,2.8330324
1356069226625,0.92618364,-3.173541,-0.08172209
1356069226665,3.7864566,-3.568531,-2.1111538
1356069226705,-1.2666923,-12.598822,-4.630918
1356069226762,-3.0645783,-14.941522,2.4925237
1356069226785,-0.95342433,-8.008764,1.3756552
1356069226825,2.9556155,-8.19945,0.27240697
1356069226865,1.920469,-8.008764,-0.19068487
1356069226905,-1.920469,-8.008764,0.38136974
1356069226945,-2.3018389,-7.4639506,0.23154591
1356069226985,-1.8387469,-8.19945,1.1168685
1356069227025,-3.0645783,-9.084772,2.7649305
1356069227065,-4.2904096,-10.528529,1.4573772
1356069227105,-1.7978859,-12.067628,0.23154591
1356069227145,-2.6014864,-13.33432,0.23154591
1356069227185,1.7570249,-12.4489975,2.8738933
1356069227225,4.372132,-14.818938,-0.29964766
1356069227265,0.7218784,-11.536434,-0.14982383
1356069227305,-2.4516625,-11.114203,2.2201166
1356069227345,-2.8330324,-8.308413,-0.38136974
1356069227385,0.61291564,-5.366417,-0.19068487
1356069227425,0.95342433,-3.445948,0.61291564
1356069227465,0.6946377,-3.173541,1.6889231
1356069227505,0.6537767,-2.2609777,1.7297841
1356069227545,0.50395286,-4.399372,3.6774938
1356069227585,-7.5865335,-15.009624,13.375181
1356069227625,-10.95076,-10.528529,8.349273
1356069227665,0.61291564,-4.5628166,6.1291566
1356069227705,1.2666923,-18.196785,3.5276701
1356069227762,-0.46309182,-5.9793324,0.040861044
1356069227785,3.0645783,-1.8387469,-1.8387469
1356069227825,-0.27240697,-11.3321295,-6.3198414
1356069227865,-2.5606253,-14.601013,2.4516625
1356069227905,-0.6537767,-8.580819,2.6423476
1356069227945,2.4516625,-7.6273947,0.08172209
1356069227985,1.4982382,-8.267551,-0.19068487
1356069228025,-2.3018389,-7.8589406,1.2666923
1356069228065,-2.4516625,-7.3549876,0.08172209
1356069228105,-1.8387469,-8.471856,0.8036005
1356069228145,-2.1383946,-8.730643,3.405087
1356069228185,-3.6774938,-10.651112,1.4573772
1356069228225,-2.7240696,-12.176591,-0.10896278
1356069228265,-2.7513103,-12.53072,-0.19068487
1356069228305,1.5390993,-13.211738,2.1792557
1356069228345,4.862464,-15.363752,0.23154591
1356069228385,1.5390993,-11.182305,0.46309182
1356069228426,-2.6423476,-10.269742,1.6480621
1356069228464,-3.336985,-7.9679036,0.19068487
1356069228505,1.0760075,-5.47538,-0.42223078
1356069228545,1.9885708,-3.759216,0.19068487
1356069228585,1.2666923,-3.636633,1.56634
1356069228625,-0.040861044,-2.9556155,2.6423476
1356069228665,-0.88532263,-4.944186,5.6252036
1356069228705,-7.8589406,-13.756551,11.75436
1356069228762,-7.5865335,-11.727119,8.62168
1356069228786,-0.040861044,-12.598822,7.0553403
1356069228825,-0.9125633,-13.443283,1.2258313
1356069228865,2.2201166,-0.42223078,-1.7978859
1356069228905,1.9885708,-5.938472,-2.8330324
1356069228945,-1.334794,-16.208214,-2.7513103
1356069228985,-2.7513103,-10.691973,3.0237172
1356069229025,1.0760075,-7.504812,0.46309182
1356069229065,1.9477097,-8.471856,0.38136974
1356069229105,0.14982383,-8.158588,1.1168685
1356069229145,-2.1383946,-7.4639506,0.10896278
1356069229185,-1.6889231,-7.7772183,0.040861044
1356069229225,-1.4165162,-8.771504,1.7978859
1356069229265,-2.9147544,-10.079058,2.5333846
1356069229305,-3.9771416,-10.61025,1.3075534
1356069229345,-3.405087,-11.495573,0.61291564
1356069229385,-4.099725,-11.372991,0.95342433
1356069229425,2.7649305,-15.472715,2.8330324
1356069229465,5.325556,-14.859799,-0.23154591
1356069229505,-0.08172209,-10.95076,0.8036005
1356069229545,-4.2086873,-9.425281,1.607201
1356069229585,-2.2201166,-6.932757,-0.42223078
1356069229625,1.4573772,-4.2086873,-0.50395286
1356069229665,1.5390993,-2.8330324,0.7627395
1356069229705,0.7218784,-3.1463003,1.7570249
1356069229764,0.38136974,-2.8330324,2.6014864
1356069229785,-0.3405087,-7.6546354,6.469665
1356069229825,-10.61025,-17.352324,13.906375
1356069229865,-2.7921712,-5.09401,4.944186
1356069229905,0.7627395,-9.193735,5.829509
1356069229945,-0.29964766,-15.935807,1.1168685
1356069229985,1.1168685,-1.879608,-0.9125633
1356069230025,1.6480621,-5.366417,-4.862464
1356069230065,-2.3426998,-15.241169,-1.920469
1356069230105,-2.3426998,-10.691973,3.718355
1356069230145,1.879608,-6.782933,1.1441092
1356069230185,2.3426998,-9.084772,-0.5720546
1356069230225,-0.14982383,-7.9270425,0.6946377
1356069230265,-2.7513103,-7.8861814,0.61291564
1356069230305,-2.3426998,-8.471856,0.3405087
1356069230345,-2.1792557,-8.730643,2.1111538
1356069230385,-3.759216,-9.888372,2.0294318
1356069230425,-3.486809,-10.991621,1.0351465
1356069230465,-1.6889231,-11.645397,0.27240697
1356069230505,-2.6423476,-11.495573,-0.19068487
1356069230545,2.1111538,-14.859799,2.070293
1356069230585,4.6036777,-14.246883,0.19068487
1356069230625,-0.27240697,-9.997335,0.6537767
1356069230665,-4.099725,-9.575105,1.3756552
1356069230705,-2.1383946,-6.66035,-0.7627395
1356069230764,1.2666923,-4.671779,-0.7627395
1356069230785,2.2201166,-3.173541,0.8036005
1356069230825,1.4165162,-4.0180025,2.5606253
1356069230865,0.50395286,-2.9556155,2.8738933
1356069230905,-1.0760075,-7.246025,5.9793324
1356069230945,-11.073342,-15.4046135,12.9529505
1356069230985,-3.718355,-7.04172,5.938472
1356069231025,0.23154591,-16.84837,4.671779
1356069231065,1.4573772,-6.973618,0.38136974
1356069231105,3.5957718,-1.6480621,-1.1441092
1356069231145,-1.0760075,-10.501288,-5.7886477
1356069231185,-3.6774938,-15.431854,1.1849703
1356069231225,-1.0351465,-8.662541,2.3699405
1356069231265,2.8330324,-8.430995,0.6537767
1356069231305,1.56634,-8.390134,0.7218784
1356069231345,-1.920469,-7.8589406,0.14982383
1356069231394,-2.5606253,-7.1234417,0.3405087
1356069231424,-1.334794,-7.9270425,0.7218784
1356069231465,-0.9125633,-8.349273,1.9885708
1356069231505,-2.9147544,-9.956474,1.6480621
1356069231545,-2.9147544,-11.75436,0.46309182
1356069231585,-2.4108016,-11.727119,-0.38136974
1356069231625,-1.2258313,-13.865514,2.0294318
1356069231665,5.134871,-14.709975,0.95342433
1356069231705,2.4108016,-11.9450445,0.14982383
1356069231764,-1.0351465,-11.182305,0.88532263
1356069231785,-2.1383946,-9.575105,0.50395286
1356069231825,-1.2666923,-6.0882955,-1.0351465
1356069231865,1.1441092,-4.7943625,-0.3405087
1356069231905,0.6537767,-4.0588636,0.9942854
1356069231945,0.50395286,-3.336985,1.9477097
1356069231985,-0.6537767,-3.405087,3.486809
1356069232025,-3.3642259,-9.615966,8.539958
1356069232065,-10.460427,-15.28203,10.119919
1356069232105,-0.9125633,-5.597963,6.3198414
1356069232145,0.8036005,-16.970953,3.6774938
1356069232185,-0.46309182,-6.510526,-1.607201
1356069232225,2.7649305,-1.0760075,-1.4982382
1356069232265,-0.14982383,-11.223166,-5.09401
1356069232305,-2.9147544,-14.47843,3.214402
1356069232345,-0.88532263,-7.8861814,2.1111538
1356069232385,2.152015,-8.19945,-0.27240697
1356069232425,0.6946377,-9.234595,0.38136974
1356069232465,-1.7570249,-8.158588,1.0760075
1356069232505,-1.9885708,-7.6273947,-0.5720546
1356069232545,-1.2666923,-8.308413,0.10896278
1356069232585,-1.6480621,-8.580819,2.2609777
1356069232625,-3.0645783,-10.147159,1.6480621
1356069232665,-2.4925237,-11.073342,1.1441092
1356069232705,-1.9885708,-11.454713,0.6946377
1356069232759,-2.5606253,-11.495573,1.607201
1356069232785,1.7978859,-13.525005,2.9147544
1356069232825,2.7240696,-14.015338,-0.9942854
1356069232855,0.040861044,-11.182305,0.6537767
1356069232885,-1.334794,-11.182305,1.7297841
1356069232925,-1.879608,-8.853226,-0.5720546
1356069232965,-0.8036005,-6.5513873,-0.14982383
1356069233005,1.1849703,-4.1814466,0.3405087
1356069233045,0.9942854,-3.0237172,1.5390993
1356069233085,0.6946377,-2.0294318,2.0294318
1356069233125,0.42223078,-4.399372,4.944186
1356069233165,-6.66035,-15.935807,11.686258
1356069233205,-8.349273,-8.158588,7.8589406
1356069233245,-2.9147544,-7.9679036,6.0882955
1356069233285,-0.040861044,-17.583868,2.4516625
1356069233325,0.50395286,-5.09401,0.10896278
1356069233365,4.372132,-1.7978859,-0.84446156
1356069233405,0.46309182,-11.645397,-6.0201936
1356069233445,-3.9499009,-14.47843,3.5276701
1356069233485,-0.95342433,-7.43671,1.920469
1356069233525,1.879608,-8.880466,-0.8036005
1356069233565,-0.14982383,-8.499097,0.61291564
1356069233605,-2.3426998,-7.8180795,0.84446156
1356069233645,-2.2609777,-8.049625,0.14982383
1356069233685,-1.607201,-8.730643,1.0351465
1356069233725,-0.84446156,-8.730643,2.3426998
1356069233766,-3.486809,-9.997335,1.2258313
1356069233805,-2.9556155,-11.141444,1.0760075
1356069233845,-1.4165162,-11.563675,-0.29964766
1356069233885,-3.1463003,-12.026767,1.2666923
1356069233925,3.173541,-13.443283,2.6014864
1356069233965,3.9499009,-13.021052,-0.8036005
1356069234005,-1.1849703,-10.528529,0.88532263
1356069234045,-4.3312707,-9.888372,1.1849703
1356069234085,-1.7570249,-7.273266,-0.29964766
1356069234125,1.4982382,-4.399372,-0.53119355
1356069234165,1.0351465,-3.2961242,1.4165162
1356069234205,0.7627395,-3.9499009,2.1111538
1356069234245,0.8036005,-3.486809,3.486809
1356069234285,-1.3075534,-9.575105,6.932757
1356069234326,-9.275456,-13.824653,12.14935
1356069234364,-5.175732,-6.0882955,6.891896
1356069234405,-1.4982382,-16.317177,3.9499009
1356069234445,0.84446156,-7.8180795,-0.23154591
1356069234485,5.175732,-1.2666923,0.50395286
1356069234525,-0.6946377,-8.853226,-4.9850473
1356069234565,-3.0645783,-15.6634,0.9942854
1356069234605,-1.879608,-8.962189,2.3018389
1356069234645,1.7978859,-7.9679036,0.3405087
1356069234685,1.334794,-9.193735,0.95342433
1356069234725,-0.6946377,-8.19945,1.1441092
1356069234765,-2.7921712,-7.8589406,-0.23154591
1356069234805,-1.7978859,-8.049625,0.19068487
1356069234845,-0.84446156,-8.390134,1.4573772
1356069234885,-3.568531,-9.084772,1.879608
1356069234925,-4.2086873,-10.991621,1.6480621
1356069234965,-0.7627395,-10.310603,1.7978859
1356069235005,-3.1463003,-12.067628,-0.08172209
1356069235045,0.38136974,-12.176591,2.5333846
1356069235085,3.759216,-16.04477,0.61291564
1356069235125,0.6946377,-11.917805,-0.0
1356069235165,-2.3018389,-10.18802,1.7570249
1356069235205,-3.2961242,-7.8589406,0.46309182
1356069235245,-0.3405087,-5.325556,0.3405087
1356069235285,1.0351465,-3.0645783,0.27240697
1356069235325,1.4165162,-3.6774938,1.5390993
1356069235365,0.42223078,-2.8330324,2.3699405
1356069235405,-0.42223078,-5.6660647,5.243834
1356069235445,-7.3958488,-16.04477,11.536434
1356069235485,-6.851035,-7.8589406,8.117727
1356069235525,-1.3756552,-7.3958488,5.6660647
1356069235565,-0.6537767,-17.856276,2.5333846
1356069235605,0.19068487,-3.0645783,-1.3756552
1356069235645,4.7943625,-2.8330324,-1.9477097
1356069235685,0.10896278,-11.795221,-5.407278
1356069235725,-3.9771416,-14.750836,3.0645783
1356069235766,-0.5720546,-7.3141265,1.3756552
1356069235805,2.6832085,-8.117727,0.19068487
1356069235845,1.7978859,-8.076866,-0.10896278
1356069235885,-2.4516625,-7.6546354,0.8036005
1356069235926,-2.9147544,-7.6546354,0.10896278
1356069235965,-1.4573772,-8.499097,1.334794
1356069236005,-1.6889231,-9.656827,1.9477097
1356069236045,-4.0588636,-10.378705,1.4573772
1356069236085,-2.9147544,-12.176591,-0.3405087
1356069236125,-3.1463003,-12.026767,-0.0
1356069236165,0.9942854,-11.876944,3.214402
1356069236205,5.5571017,-14.7916975,0.7218784
1356069236245,0.95342433,-11.454713,0.27240697
1356069236285,-2.7240696,-11.454713,1.920469
1356069236325,-3.6774938,-8.349273,0.10896278
1356069236365,-0.23154591,-5.7477865,-0.38136974
1356069236405,1.6480621,-3.336985,0.08172209
1356069236445,1.3075534,-3.568531,1.3075534
1356069236485,0.08172209,-3.7864566,2.7240696
1356069236525,-1.2666923,-6.4015636,5.6660647
1356069236565,-5.053149,-11.536434,9.697687
1356069236605,-6.0201936,-7.8861814,8.62168
1356069236645,-1.6889231,-10.56939,6.2108784
1356069236685,0.27240697,-18.237646,5.597963
1356069236725,0.61291564,-4.099725,-0.7627395
1356069236765,3.214402,-1.7570249,-1.7297841
1356069236805,-2.2609777,-11.604536,-5.938472
1356069236845,-3.5957718,-16.589584,2.1792557
1356069236885,-1.1441092,-8.62168,3.336985
1356069236925,3.0645783,-8.049625,0.61291564
1356069236965,1.6480621,-8.076866,0.27240697
1356069237005,-1.56634,-7.6954966,0.42223078
1356069237045,-2.2609777,-7.504812,-0.23154591
1356069237085,-1.9885708,-8.390134,0.23154591
1356069237125,-1.7978859,-8.308413,2.3699405
1356069237165,-4.1814466,-10.61025,1.0760075
1356069237205,-3.405087,-11.917805,0.6537767
1356069237245,-2.2609777,-11.985906,0.10896278
1356069237294,0.61291564,-12.762266,2.9147544
1356069237324,5.053149,-14.818938,1.3756552
1356069237365,3.445948,-12.4489975,-0.7218784
1356069237405,-2.1383946,-11.264028,1.7297841
1356069237445,-3.568531,-9.493382,0.53119355
1356069237485,-0.50395286,-6.66035,-0.46309182
1356069237525,2.8738933,-3.486809,-1.0760075
1356069237565,0.88532263,-4.2086873,2.3699405
1356069237605,0.7627395,-3.486809,3.173541
1356069237647,0.6537767,-2.3018389,4.399372
1356069237685,-1.9477097,-9.847511,8.049625
1356069237725,-11.917805,-14.560152,11.876944
1356069237765,-3.486809,-6.0201936,5.8976107
1356069237805,1.1441092,-15.050485,3.3778462
1356069237845,-1.334794,-11.876944,0.88532263
1356069237885,4.0180025,-2.070293,0.38136974
1356069237925,0.92618364,-8.308413,-5.243834
1356069237965,-3.9499009,-13.906375,0.7218784
1356069238005,-1.879608,-8.921328,3.214402
1356069238045,2.7649305,-8.19945,-0.0
1356069238085,1.3075534,-8.962189,0.27240697
1356069238125,-1.9885708,-8.117727,1.1168685
1356069238165,-2.6014864,-8.008764,0.84446156
1356069238205,-1.1168685,-8.962189,1.607201
1356069238245,-2.2609777,-8.539958,3.568531
1356069238285,-3.6774938,-10.269742,1.8387469
1356069238325,-1.9477097,-11.264028,0.5720546
1356069238365,-3.445948,-11.3321295,-0.3405087
1356069238405,0.61291564,-14.328606,1.9885708
1356069238445,5.8976107,-16.235455,0.3405087
1356069238485,1.7297841,-11.223166,0.7218784
1356069238525,-4.099725,-10.106298,1.2666923
1356069238565,-3.8681788,-7.3958488,-0.19068487
1356069238605,1.5390993,-4.8216033,-0.46309182
1356069238645,2.2609777,-2.4108016,-0.040861044
1356069238685,1.1168685,-2.982856,2.1792557
1356069238725,0.19068487,-2.8330324,2.7649305
1356069238765,-0.8036005,-6.6331096,5.47538
1356069238805,-6.2108784,-16.017529,11.604536
1356069238845,-6.6331096,-10.95076,8.117727
1356069238885,0.38136974,-6.3607025,6.0882955
1356069238925,2.6014864,-16.208214,5.053149
1356069238965,-0.5720546,-6.851035,-0.95342433
1356069239005,2.070293,-3.8273177,-2.982856
1356069239045,-2.7240696,-10.923519,-3.6774938
1356069239085,-4.0180025,-12.639683,1.9885708
1356069239125,1.0351465,-8.240311,2.152015
1356069239165,2.7921712,-8.049625,-0.14982383
1356069239205,0.53119355,-8.499097,-0.040861044
1356069239245,-2.4516625,-8.267551,0.61291564
1356069239285,-1.9885708,-7.8180795,0.10896278
1356069239325,-0.84446156,-8.349273,0.5720546
1356069239365,-1.7570249,-8.853226,2.152015
1356069239405,-3.9090397,-10.038197,1.607201
1356069239445,-2.3426998,-10.923519,2.0294318
1356069239485,-1.6889231,-12.408136,0.6946377
1356069239525,-2.7513103,-12.217452,1.6889231
1356069239565,1.6480621,-15.173067,0.7627395
1356069239605,2.7240696,-13.102775,-0.7218784
1356069239645,-1.7570249,-10.147159,1.6480621
1356069239685,-3.759216,-8.499097,-0.42223078
1356069239725,-0.8036005,-6.66035,-0.53119355
1356069239765,1.607201,-3.486809,0.14982383
1356069239805,1.1441092,-2.8330324,1.3756552
1356069239845,1.0351465,-2.8330324,1.8387469
1356069239885,0.08172209,-4.2086873,3.759216
1356069239925,-3.405087,-10.991621,8.662541
1356069239965,-9.997335,-12.367276,8.730643
1356069240018,-3.255263,-4.671779,4.4810944
1356069240055,1.9477097,-18.237646,3.173541
1356069240095,-0.38136974,-6.66035,-0.27240697
1356069240135,3.8681788,-1.6889231,-2.5606253
1356069240175,-1.1441092,-11.9450445,-6.1700177
1356069240222,-2.7513103,-14.369467,2.5333846
1356069240256,0.95342433,-7.164303,2.3018389
1356069240294,2.4925237,-7.43671,0.53119355
1356069240335,1.3756552,-8.730643,-0.23154591
1356069240375,-2.1792557,-7.7772183,0.92618364
1356069240415,-2.1383946,-7.5865335,-0.23154591
1356069240455,-0.9125633,-8.349273,0.10896278
1356069240495,-0.88532263,-8.962189,2.2201166
1356069240535,-2.982856,-9.888372,1.56634
1356069240575,-2.1111538,-10.61025,1.7297841
1356069240615,-1.3075534,-11.304889,0.6537767
1356069240655,-3.5276701,-11.223166,-0.19068487
1356069240695,-2.2609777,-13.33432,1.9885708
1356069240752,1.9885708,-14.9006605,0.19068487
1356069240785,1.920469,-10.923519,0.7627395
1356069240825,-1.607201,-10.760075,1.8387469
1356069240865,-1.920469,-8.771504,-0.84446156
1356069240905,-0.6537767,-5.7477865,-0.53119355
1356069240945,1.4165162,-4.0180025,-0.14982383
1356069240985,1.607201,-3.1463003,1.1441092
1356069241025,0.23154591,-2.5333846,2.3699405
1356069241065,-2.1792557,-7.3141265,6.5513873
1356069241105,-9.493382,-15.050485,10.882658
1356069241145,-2.8738933,-5.202973,5.284695
1356069241185,-0.0,-12.489859,5.09401
1356069241225,0.27240697,-15.322891,0.95342433
1356069241265,1.4573772,-2.3018389,-1.1168685
1356069241305,1.5390993,-5.706926,-5.938472
1356069241345,-1.8387469,-16.126492,-1.6889231
1356069241385,-1.4573772,-10.923519,2.982856
1356069241425,2.070293,-6.701211,0.92618364
1356069241465,1.8387469,-8.62168,0.040861044
1356069241505,-0.84446156,-7.273266,1.4982382
1356069241545,-2.5333846,-7.4639506,0.50395286
1356069241585,-1.879608,-7.8589406,-0.040861044
1356069241625,-1.9885708,-8.662541,1.7570249
1356069241665,-2.9147544,-9.765789,2.7240696
1356069241705,-1.6889231,-10.991621,1.4982382
1356069241750,-1.7297841,-11.876944,0.19068487
1356069241785,-3.5957718,-12.026767,-0.3405087
1356069241825,0.7218784,-14.560152,1.920469
1356069241865,3.9499009,-14.859799,-0.6537767
1356069241905,0.46309182,-11.114203,1.5390993
1356069241945,-2.070293,-10.841797,1.7978859
1356069241985,-1.920469,-6.428804,-1.6889231
1356069242025,0.3405087,-3.718355,-0.7218784
1356069242065,2.1792557,-2.4108016,-0.08172209
1356069242105,1.5390993,-3.255263,1.8387469
1356069242145,-0.84446156,-4.671779,4.399372
1356069242185,-4.7535014,-10.501288,9.043911
1356069242225,-8.471856,-12.789507,9.275456
1356069242265,-2.1111538,-7.1234417,6.3198414
1356069242305,0.6537767,-17.24336,6.2789803
1356069242345,-0.53119355,-6.1700177,-0.6537767
1356069242385,4.8216033,0.84446156,-0.3405087
1356069242425,-0.88532263,-11.3321295,-6.238119
1356069242465,-3.173541,-16.630445,2.3699405
1356069242505,-1.920469,-9.00305,1.879608
1356069242545,1.879608,-8.921328,0.88532263
1356069242585,2.3699405,-8.049625,0.53119355
1356069242625,0.38136974,-7.205164,1.0351465
1356069242665,-1.9885708,-7.6273947,-0.0
1356069242705,-1.7297841,-7.082581,-0.10896278
1356069242747,-1.6889231,-8.19945,1.1849703
1356069242785,-1.3075534,-9.193735,2.1792557
1356069242825,-2.8738933,-10.882658,1.8387469
1356069242865,-2.9147544,-11.9450445,0.88532263
1356069242905,-3.3642259,-11.836082,-0.19068487
1356069242945,-2.9556155,-10.147159,1.6480621
1356069242985,2.4516625,-14.369467,1.920469
1356069243025,3.1463003,-14.1787815,-0.3405087
1356069243065,0.27240697,-11.182305,1.6480621
1356069243105,-3.8681788,-9.112013,0.84446156
1356069243145,-1.9885708,-6.8237944,-0.10896278
1356069243185,1.4982382,-3.8273177,-0.50395286
1356069243226,0.53119355,-3.486809,0.6946377
1356069243264,0.38136974,-4.0588636,1.5390993
1356069243305,1.0351465,-4.440233,2.4925237
1356069243345,-0.38136974,-9.193735,6.701211
1356069243385,-9.997335,-12.830367,12.14935
1356069243425,-4.3312707,-6.510526,5.9793324
1356069243465,-2.5606253,-10.691973,5.938472
1356069243505,-2.6423476,-16.698545,4.1814466
1356069243545,5.706926,-2.4925237,-0.50395286
1356069243585,3.9499009,-3.9090397,-0.9125633
1356069243625,-2.070293,-12.4489975,-4.099725
1356069243665,-4.140586,-13.756551,2.5333846
1356069243705,-1.4982382,-7.9679036,0.7218784
1356069243745,3.0237172,-8.730643,-0.3405087
1356069243785,2.7921712,-8.662541,0.53119355
1356069243825,-2.5606253,-8.117727,0.5720546
1356069243865,-3.5276701,-7.3958488,-0.27240697
1356069243905,-1.9885708,-8.049625,0.23154591
1356069243945,-2.0294318,-8.880466,2.070293
1356069243985,-3.445948,-10.460427,1.7297841
1356069244025,-2.4925237,-10.800936,1.3075534
1356069244065,-2.6423476,-11.836082,-0.040861044
1356069244105,-3.0645783,-11.75436,0.6946377
1356069244145,3.636633,-14.015338,2.6832085
1356069244185,4.1814466,-12.980191,-0.46309182
1356069244225,-0.19068487,-10.337844,0.38136974
1356069244265,-2.6423476,-10.460427,1.1849703
1356069244305,-2.2609777,-7.5456724,-0.38136974
1356069244345,0.7627395,-5.175732,-0.23154591
1356069244385,0.9942854,-3.718355,0.8036005
1356069244425,0.5720546,-4.2904096,1.9885708
1356069244465,-0.19068487,-3.6774938,2.9147544
1356069244505,-0.53119355,-5.8567495,5.829509
1356069244545,-6.973618,-13.33432,10.651112
1356069244585,-7.6273947,-9.697687,7.8180795
1356069244625,-1.2666923,-10.269742,6.4015636
1356069244665,1.2666923,-16.630445,2.1111538
