1356069118416,0.0,0.0,0.0
1356069118457,0.06805152,0.19054508,0.040830836
1356069118497,0.06768149,0.18950844,0.27196854
1356069118539,0.21618128,-0.0452528,-0.002199471
1356069118577,0.1853984,-0.11966324,0.18393934
1356069118617,-0.13467455,-0.05964756,0.67955816
1356069118659,-0.14464873,0.3547926,0.20251504
1356069118698,0.034916878,0.30705547,-0.3232767
1356069118737,0.17552918,-0.14988613,0.45276505
1356069118779,-0.17106289,0.1397171,-0.21769923
1356069118818,-0.25568324,-0.063536644,0.3932892
1356069118857,-0.132568,-0.22617817,0.72164726
1356069118897,-0.20886242,0.10353184,0.69670975
1356069118937,-0.26601028,0.3281393,-0.2992385
1356069118978,-0.43949097,-0.056822777,-0.4847823
1356069119017,-0.49772453,0.04944229,-0.9027856
1356069119059,-0.31589746,0.045653343,-1.2688683
1356069119097,-0.15510017,0.58509445,-0.31790835
1356069119137,-0.72309273,-0.11805344,0.47479796
1356069119177,-2.2791338,-0.36218166,0.76275384
1356069119217,-2.4197698,-0.036421776,-0.084670275
1356069119257,-1.3617077,-0.157835,-0.4517299
1356069119297,-0.6605744,-0.014277458,-0.4974361
1356069119369,0.11946976,-0.013004303,-0.6683833
1356069119378,0.15649316,-0.046272278,-0.27340835
1356069119416,-0.0870726,-0.25277996,-0.44631994
1356069119457,-0.36238402,-0.32103252,-0.2959342
1356069119497,-0.448621,-0.19647503,-0.1071749
1356069119537,-0.4657072,0.1761446,0.17120062
1356069119577,-0.70113283,-0.18450832,0.40956998
1356069119617,-0.6764345,-0.32685947,0.7487262
1356069119657,-0.3774687,-0.53777885,0.892892
1356069119697,-0.8027731,-3.033432,-0.37757623
1356069119737,-0.8996348,-2.189413,-0.44749695
1356069119777,2.1228232,-0.46540833,0.12080801
1356069119817,5.4033346,-1.9899817,0.9187237
1356069119857,3.6339016,-1.3994656,1.380929
1356069119897,0.8124454,-0.31349564,-1.2740108
1356069119937,-0.15606543,0.8945408,0.48230237
1356069119977,-0.17761597,1.9661379,0.18254983
1356069120025,0.42784834,2.239706,-0.31793475
1356069120068,1.8557465,3.3994145,0.6065848
1356069120107,1.3617021,3.8092961,1.6196761
1356069120147,0.39775366,4.8580704,3.2016087
1356069120187,0.40215647,4.3665605,3.2738671
1356069120227,-0.5756568,2.2238274,4.5036106
1356069120267,-1.5609112,-1.7858009,6.1516666
1356069120307,-3.3771539,-2.1902122,6.357975
1356069120370,5.823374E-4,2.908012,4.241946
1356069120389,-1.7094071,0.6816292,3.307857
1356069120429,0.51992494,-9.383211,0.55763245
1356069120469,4.8821783,-1.685606,-1.8252176
1356069120509,2.3821464,5.9000945,-4.165721
1356069120549,-0.715998,-1.2000761,-9.639648
1356069120589,-2.3845625,-7.3219037,-4.8101764
1356069120618,-2.177518,-2.7309523,-2.1574225
1356069120649,0.5249177,-0.582901,-4.7771153
1356069120689,0.081495464,0.5551028,-5.2895055
1356069120746,-1.5777059,0.5352745,-2.8677928
1356069120767,-1.9138517,0.6411505,-1.8190277
1356069120808,-0.90134454,1.1605535,-1.5121275
1356069120845,0.05625409,1.5466738,-0.7504495
1356069120888,-0.3286278,0.3615303,0.820184
1356069120927,-2.9372377,-2.3021774,2.5643718
1356069120967,-1.1776901,-2.4810476,3.137189
1356069121007,0.88657063,-2.9466152,0.33161092
1356069121048,-3.0128663,-3.7019777,0.63419324
1356069121087,2.6572804,-3.7286196,1.5663012
1356069121127,5.405353,-4.222765,0.29275692
1356069121167,1.3037503,-0.67560005,-1.2631717
1356069121207,-1.7301068,0.07371616,-0.13405639
1356069121247,0.42648387,3.0328903,-0.94792277
1356069121287,2.819737,4.924426,-1.645476
1356069121327,2.2861555,5.5291843,0.49874103
1356069121372,0.91962874,6.2726045,1.6643729
1356069121409,-0.116365135,7.06691,1.640763
1356069121449,0.21108192,4.052143,3.7436712
1356069121487,-2.8862686,-2.960637,9.150086
1356069121527,-5.1173935,-1.5280094,7.436386
1356069121567,-0.61577344,1.1389542,4.361121
1356069121607,0.18369496,-9.331489,-1.7551209
1356069121647,4.324793,1.6411371,-3.5215976
1356069121687,2.8388958,5.0688257,-6.573867
1356069121728,-0.67545176,-5.9163995,-8.621584
1356069121768,-2.5124648,-5.075149,-0.09551287
1356069121807,1.1018612,0.3833809,-2.435511
1356069121847,0.26119584,0.30114937,-3.6097393
1356069121887,-2.6647213,0.04323101,-2.1610856
1356069121927,-1.7440715,1.1636043,-2.1189075
1356069121967,0.0289222,1.1362228,-1.5897028
1356069122007,0.44629204,0.56948566,0.49223995
1356069122047,-2.3787353,-0.7154522,2.238386
1356069122087,-2.7445247,-2.1380224,3.2256136
1356069122128,0.95995474,-2.376995,0.8583379
1356069122167,-2.3864045,-2.579319,0.31253728
1356069122207,1.3847053,-5.314104,1.2611902
1356069122247,4.844004,-4.8936224,-1.163897
1356069122287,1.3923118,-0.54831314,-0.58773816
1356069122327,-1.407227,-0.6502218,0.3150376
1356069122369,-0.7037573,1.4279909,-0.73854625
1356069122409,0.90456146,4.6556525,-2.5651731
1356069122449,3.485468,7.924283,-1.4992259
1356069122489,2.6459405,8.530025,0.7940523
1356069122529,1.157536,8.331994,2.0776515
1356069122567,0.43711078,5.7007513,4.0551915
1356069122607,-2.700278,-6.623726,11.73063
1356069122648,-5.2693825,-1.3948631,6.851569
1356069122687,0.85663104,-2.8978176,4.461456
1356069122727,-2.420208,-5.9740915,-1.4002776
1356069122767,3.5223913,7.6277623,-3.905397
1356069122808,1.8809874,0.013435841,-7.166238
1356069122848,-1.5231597,-10.091679,-3.987234
1356069122887,-1.6331875,-3.2382383,-0.23206806
1356069122928,2.612482,1.1326079,-3.8262968
1356069122967,0.89779294,0.46700048,-3.140044
1356069123008,-1.9606851,0.73816824,-1.7427489
1356069123047,-1.2095811,1.6393132,-2.203388
1356069123087,-1.1130074,1.6103163,-1.1536961
1356069123127,-0.5250585,0.8989725,0.3398131
1356069123167,-1.7982635,-0.4917364,1.404928
1356069123207,-1.5776892,-2.6260843,1.5777875
1356069123247,0.33640048,-3.2550116,0.9798082
1356069123287,-1.5432067,-2.5568113,0.09058344
1356069123327,1.9163043,-3.1576834,2.1749783
1356069123374,5.022453,-4.7939024,-0.15264827
1356069123408,1.2494537,-1.882225,-1.1014515
1356069123447,-1.8136992,-1.4284573,0.6866412
1356069123487,-0.23129547,1.9451046,-1.3364149
1356069123528,2.4911175,4.7375326,-2.2733135
1356069123568,2.5929322,6.6848216,-1.537984
1356069123608,2.105891,7.696382,0.6989306
1356069123647,0.54911476,8.353212,1.0625015
1356069123687,0.900532,5.5815306,2.8428442
1356069123727,-1.6406449,-5.580289,11.71841
1356069123786,-5.6064825,-1.6029949,8.159086
1356069123808,0.6618098,4.130979,4.089216
1356069123848,0.025381327,-9.675436,0.036170483
1356069123885,-0.7470743,1.6670074,-3.112945
1356069123928,3.9136403,5.6882186,-5.886497
1356069123967,-0.8379777,-7.0296283,-6.958453
1356069124008,-3.3214552,-6.0546694,0.107367754
1356069124047,1.269537,0.40689135,-3.715857
1356069124088,1.4930809,0.25507164,-4.5284505
1356069124128,-1.9421769,0.064115524,-1.0980747
1356069124168,-1.5221721,1.0241728,-2.0004294
1356069124207,-0.4183749,1.4681859,-1.6854811
1356069124248,-0.31526542,0.7124958,0.35990572
1356069124287,-2.8650942,-0.99180317,1.3061604
1356069124327,-3.6224732,-3.2567005,0.98486793
1356069124370,-0.42160666,-2.971427,1.3385046
1356069124409,-1.1933796,-1.3646917,0.9781299
1356069124449,3.508977,-4.978425,2.449594
1356069124489,5.2941856,-5.5169916,-1.2857586
1356069124528,0.50340843,-2.271862,-0.28864527
1356069124568,-2.6328378,-0.20617294,1.1652966
1356069124608,-0.10971269,2.9682941,-1.8326478
1356069124647,3.2691746,6.124729,-3.443013
1356069124687,3.05661,7.6614795,-1.0729431
1356069124727,2.1389263,7.5154114,0.4303522
1356069124767,1.0279946,8.505714,1.5853775
1356069124807,1.4612315,3.7189283,4.5306597
1356069124847,-3.8660593,-8.130487,13.268383
1356069124887,-2.6236353,2.577086,5.5561523
1356069124927,2.8893194,-3.881196,3.1654277
1356069124967,-2.1610308,-5.3389244,-1.1411812
1356069125007,1.9141636,6.2883263,-4.9702187
1356069125057,-0.9366752,-4.7213936,-8.214907
1356069125098,-3.0625682,-7.0489707,-1.0836284
1356069125137,1.0003664,-1.154522,-1.5663335
1356069125177,2.345698,1.1969056,-5.0924687
1356069125217,-0.5440383,0.06107807,-2.6049685
1356069125258,-2.3016827,0.9807944,-0.61492515
1356069125297,-1.82126,1.6133981,-1.7496183
1356069125371,-0.69598424,1.2662959,-1.2233955
1356069125385,0.23920518,0.6171732,0.94538915
1356069125428,-2.3940027,-1.242549,1.5490971
1356069125467,-2.0645537,-2.9776335,1.5796174
1356069125508,-0.65746105,-3.071885,0.9225385
1356069125548,-1.5141987,-3.612893,1.8457816
1356069125587,3.5799265,-4.2632513,1.9682354
1356069125627,3.7545354,-3.2657652,-1.8238883
1356069125667,-0.6119765,-1.8473883,0.93900275
1356069125707,-0.08579758,-1.5525999,-0.30110955
1356069125747,1.2185609,2.8423753,-1.9059418
1356069125787,1.8892744,6.0824804,-1.3641964
1356069125828,1.2985438,7.357292,-0.50261885
1356069125868,0.8148047,8.426189,-0.30473197
1356069125908,1.9199495,7.2720795,0.53311825
1356069125948,1.5146273,2.608995,5.7910194
1356069125987,-5.9927154,-7.320507,13.462656
1356069126028,-1.38852,2.3650422,5.246518
1356069126067,2.3293202,-9.241701,-0.21586823
1356069126108,4.6158743,1.4534278,-3.0705957
1356069126147,3.5126667,7.631293,-3.8492541
1356069126187,-3.2929842,-5.929022,-11.790535
1356069126228,-5.212941,-7.9372377,1.4225507
1356069126267,0.3527429,0.7262373,-2.0547514
1356069126307,3.7047288,0.7121663,-4.038358
1356069126370,-0.36402184,-0.05622959,-0.05652666
1356069126389,-2.9068737,0.9142566,-0.5022254
1356069126429,-2.2347786,2.3911123,-1.7225474
1356069126469,-1.9490511,0.050943375,1.5411144
1356069126509,-2.6161232,-1.7022429,2.471424
1356069126549,-2.3834362,-2.5861416,0.9335042
1356069126587,-1.1392496,-2.6162853,0.3535517
1356069126627,1.4035687,-4.4675713,0.7645708
1356069126667,5.4692845,-4.8428774,-1.7836974
1356069126707,4.3359637,-4.0200157,-0.61766875
1356069126748,0.2635565,-1.407712,-0.0063678026
1356069126787,-1.0998732,1.5448742,-0.9362146
1356069126846,0.6703729,4.915466,-1.4726356
1356069126868,1.4451203,7.7815657,-2.556912
1356069126908,0.75384206,7.6041718,0.26040518
1356069126945,0.28378123,8.135594,1.5160851
1356069126988,1.5745271,7.532877,2.6679187
1356069127028,-0.67117786,-2.244339,9.38368
1356069127068,-2.507791,-4.9063053,10.842751
1356069127107,-0.31012434,-0.24894428,5.3791356
1356069127147,0.5212301,-6.4430676,-2.5090394
1356069127188,0.17401469,4.2806454,-3.6060603
1356069127227,0.95800805,-0.47990084,-7.103255
1356069127267,-4.02769,-6.5174804,-4.064
1356069127308,-1.9323363,-3.2976823,-1.0725017
1356069127371,1.141444,0.39393568,-4.444393
1356069127389,2.0703397,0.43826294,-3.436834
1356069127429,-0.15424925,0.5519123,-1.5311176
1356069127469,-0.8737934,1.9970832,-2.0045369
1356069127509,-0.9060458,2.2899914,-1.6484092
1356069127548,-1.5644321,-0.02395153,1.0055386
1356069127588,-2.9759955,-2.0386467,2.9500625
1356069127627,-1.6253172,-2.5698185,1.5722317
1356069127667,-1.3428985,-3.3894339,0.60840607
1356069127708,1.065892,-4.180872,0.7300377
1356069127747,4.1628003,-7.3514414,-1.4166522
1356069127787,2.8325958,-3.4109278,-0.13666606
1356069127828,-1.0479237,-1.5064049,-0.21027529
1356069127867,-0.90287507,2.9662528,-2.0408244
1356069127908,0.88521206,6.147783,-1.5430211
1356069127948,2.0817382,8.567403,-0.7210267
1356069127988,1.887732,8.309904,-0.23228335
1356069128027,0.7367031,8.858247,1.5904484
1356069128068,-0.035384417,3.3112845,5.455982
1356069128107,-5.662986,-8.430206,14.472161
1356069128147,-1.2561088,4.1235476,4.586
1356069128187,1.2381133,-4.413122,2.190413
1356069128227,-0.29052728,-5.271965,-2.0966842
1356069128267,3.6254332,6.6412315,-6.1395626
1356069128307,0.6484863,-3.1057754,-7.65007
1356069128370,-2.9380684,-8.26236,-1.3482664
1356069128389,-0.9963642,-2.0869842,-1.7250901
1356069128429,2.4587233,1.2059293,-3.6063428
1356069128469,1.3204916,0.29647255,-3.0132113
1356069128509,-0.78294283,0.96512127,-1.3877236
1356069128548,-0.40758604,2.8187542,-1.8984522
1356069128587,-0.039396048,0.7692385,-0.5881693
1356069128627,-2.1971998,-0.99416065,2.459976
1356069128667,-3.5525055,-2.9025812,2.4654546
1356069128707,-1.4940333,-3.1692572,1.1960452
1356069128747,-2.0486364,-3.135563,1.1332248
1356069128787,2.8328545,-4.8321047,0.9478747
1356069128828,4.7726693,-4.628394,-1.1488867
1356069128867,1.1171783,-1.8020248,-0.5233158
1356069128907,-0.35280174,-0.25075722,-0.03557849
1356069128947,-0.3711238,3.1579208,-1.3066623
1356069128987,1.1245878,6.796771,-1.4285597
1356069129028,1.9291416,8.569405,0.02488017
1356069129067,1.1638067,8.179763,0.46864676
1356069129107,1.2150304,8.360119,1.4972284
1356069129147,0.9308349,2.0132055,5.657959
1356069129187,-7.770385,-7.5286636,14.048447
1356069129227,-2.180066,4.357588,5.063248
1356069129267,4.5608854,-6.8268366,-1.0108827
1356069129307,0.38206637,1.9572859,-2.3330798
1356069129371,2.1158323,2.5328584,-5.826107
1356069129389,-0.5583686,-4.758775,-8.27001
1356069129429,-2.8593903,-5.712257,-0.34281063
1356069129469,0.14246613,-1.3757877,-2.2093358
1356069129508,1.6340473,-0.22412825,-2.9260342
1356069129547,-0.026193202,0.10083628,-1.4411477
1356069129588,-1.0742805,0.592391,-2.5405486
1356069129628,-0.5142035,0.78675985,-1.4510823
1356069129667,-0.055262506,0.71335983,1.2303176
1356069129707,-2.6177096,-1.112297,2.569566
1356069129747,-3.5727735,-2.3493586,1.2779398
1356069129787,-1.7197961,-3.1041956,0.7409522
1356069129827,1.1335074,-3.9881039,-0.25225765
1356069129886,5.9257474,-6.0456486,-0.81884354
1356069129907,3.7223513,-4.123457,0.3619088
1356069129948,0.5645901,-1.8533497,-0.17624897
1356069129985,-2.446805,1.3651171,-0.8716612
1356069130028,-0.64533186,5.1105022,-1.5975473
1356069130067,1.2236177,7.7770624,-1.2974548
1356069130107,1.6137543,8.439459,-0.487709
1356069130148,-0.08463693,8.640775,0.83621764
1356069130187,-0.5030635,5.655977,3.480089
1356069130227,-2.3947787,-4.4665365,12.161933
1356069130268,-4.8793907,-2.0328112,6.8050823
1356069130307,4.385491,-0.9128752,3.19019
1356069130371,3.1026525,-8.507227,2.2698412
1356069130389,-0.46068573,4.2545643,-2.1029181
1356069130429,2.222152,4.782714,-5.4808407
1356069130469,-3.9987588,-7.3764315,-7.2476254
1356069130508,-3.9941168,-6.199384,0.22795248
1356069130548,2.0502481,-0.010101795,-3.4477391
1356069130588,3.1035767,0.60330486,-3.328309
1356069130627,0.2976228,0.8819556,-2.1511688
1356069130667,-1.6986997,1.1698642,-2.6860454
1356069130707,-1.136344,2.030508,-2.287902
1356069130747,0.28559428,1.2118187,0.042232633
1356069130787,-1.7083132,-0.8828497,2.3080733
1356069130828,-2.9078875,-2.1503391,1.7607301
1356069130868,-0.6154303,-3.4616632,-0.1199913
1356069130907,-2.0101235,-5.2514114,0.43090618
1356069130948,3.3123486,-4.2228584,-0.1725241
1356069130987,5.3133073,-3.5548496,-0.2519421
1356069131028,0.1382922,-1.1100769,-0.6854874
1356069131067,-2.0755572,-1.8083649,-0.8872407
1356069131108,-0.19131835,3.7389193,-1.9990294
1356069131148,3.0886607,7.2587795,-2.2722363
1356069131187,2.2860534,8.619423,-0.5398161
1356069131228,0.8736274,8.477164,1.4641769
1356069131267,-0.33072147,7.688926,2.5114405
1356069131307,-1.9601812,-2.160452,9.69884
1356069131370,-2.533043,-3.2723513,10.944561
1356069131389,0.6258632,0.6615114,5.5416145
1356069131429,1.6383233,-9.4316635,0.23421669
1356069131469,0.9818357,3.264832,-2.6208806
1356069131509,1.7376513,4.3068066,-5.7353783
1356069131547,-2.0856981,-7.693809,-8.104424
1356069131588,-3.1903942,-4.5195794,-0.08483744
1356069131628,0.9045343,0.6778879,-2.330147
1356069131667,1.0598105,0.122709274,-2.729437
1356069131707,-0.7528207,0.6438017,-1.9926112
1356069131747,-0.8221463,1.8566532,-2.55095
1356069131787,-0.5862345,2.2419467,-1.542183
1356069131827,-0.49496996,1.4417205,-0.10242462
1356069131867,-2.425372,-1.378581,1.2049024
1356069131908,-1.7123761,-2.2541933,1.464427
1356069131947,-0.9603417,-3.1014223,0.16851568
1356069131988,-2.6673224,-2.9497623,1.3491592
1356069132027,3.0941358,-5.3056946,0.6396744
1356069132067,5.0247483,-5.0060863,-0.45835105
1356069132108,1.4821889,-1.8430147,-0.11026335
1356069132147,-1.3068645,-0.13587189,-0.29513574
1356069132187,-0.9060769,2.905653,-1.745566
1356069132227,1.4084045,6.3318257,-2.1107712
1356069132267,1.2433153,7.6096225,-0.47696173
1356069132307,1.1642323,7.5759478,0.59776795
1356069132368,1.6308198,7.645504,2.4703994
1356069132389,0.10749745,3.5098128,4.811331
1356069132429,-2.3879476,-7.350439,11.043997
1356069132471,-3.6773775,1.3607168,6.759624
1356069132507,2.6264217,-6.6333723,1.2159276
1356069132547,-0.62135094,-0.41711998,-1.6563706
1356069132588,2.883607,5.831426,-4.5561123
1356069132627,-0.48799455,-5.075268,-9.134076
1356069132667,-2.9651802,-7.147876,-0.20808196
1356069132707,-0.2112363,-0.5724044,-2.7999675
1356069132747,2.2173576,0.29133368,-3.7906396
1356069132787,0.96618867,0.19952965,-1.8798066
1356069132827,-0.40361384,0.75067806,-2.033988
1356069132867,-1.9958937,1.5080538,-1.1637478
1356069132926,-0.90203047,1.1692276,0.5580424
1356069132948,-1.2547743,0.32009315,2.3080668
1356069132988,-2.541612,-1.232585,1.5759397
1356069133025,-1.0580976,-2.0879326,0.44908822
1356069133068,-1.9305483,-2.1689653,0.397591
1356069133107,0.69090307,-6.0620775,2.1210263
1356069133148,4.834873,-5.84046,-1.1470226
1356069133187,2.3645031,-1.869648,-1.5022967
1356069133227,-1.1498011,-1.477726,0.66351676
1356069133267,-1.1992776,1.8772469,-1.6831502
1356069133308,1.4720683,5.7998595,-2.272086
1356069133370,2.0974276,7.5794845,-1.3417864
1356069133389,2.0280619,7.986701,-0.1753335
1356069133427,1.17598,8.429821,0.27212012
1356069133468,0.73713076,3.7207084,5.1971664
1356069133508,-4.1731668,-7.69215,13.680376
1356069133548,-3.4776993,4.226699,6.327203
1356069133588,1.557983,-4.1836414,3.4584687
1356069133627,-0.07119328,-6.4102817,-1.3170468
1356069133667,3.0353763,7.5062146,-3.365582
1356069133708,0.5747097,1.1093798,-7.8771343
1356069133747,-4.0022717,-10.213552,-3.2384272
1356069133788,-1.7246166,-2.5572457,-0.5664027
1356069133827,2.7946572,0.9574914,-4.5911646
1356069133868,1.5787718,0.24652815,-2.722438
1356069133907,-0.8151616,1.0118375,-1.5396289
1356069133948,-0.57432646,1.7774224,-2.386117
1356069133988,-0.3147372,1.4861727,-1.3247352
1356069134028,-1.2623873,-0.06504345,0.9005922
1356069134068,-2.308939,-1.8365107,1.7812908
1356069134108,-1.0918427,-2.8503628,1.0412436
1356069134147,-1.6812917,-3.0994043,0.708008
1356069134188,-1.184378,-3.1044588,1.0744603
1356069134227,4.106753,-5.26807,1.4996343
1356069134268,2.622713,-4.440646,-1.7538815
1356069134307,-1.4372418,-1.9664564,0.1678887
1356069134368,-1.9236491,0.6492872,-0.52626264
1356069134389,-0.37932488,3.5471163,-1.0264375
1356069134429,1.5678692,6.955441,-1.4655544
1356069134469,2.3408504,6.992487,-0.12422025
1356069134509,1.2210839,7.799312,0.6334218
1356069134547,0.68757355,8.025715,2.3370585
1356069134588,0.55219793,1.9630136,6.376498
1356069134628,-4.1925817,-4.7255917,10.103368
1356069134667,-3.0723636,0.43392277,6.4263954
1356069134707,1.5852202,-9.684677,2.569885
1356069134748,0.9941847,0.22174597,-3.064577
1356069134787,5.9364657,9.1174555,-3.4973161
1356069134827,-1.6076927,-4.508978,-9.99773
1356069134867,-3.4798217,-9.708183,-0.7364378
1356069134907,0.01278612,-0.98456573,-2.0561502
1356069134948,2.9618607,0.7488928,-4.693179
1356069134988,2.1765344,0.87959146,-3.2859933
1356069135027,0.0494487,1.1552963,-2.0613673
1356069135067,-1.5523632,1.9115133,-1.9631058
1356069135107,-0.9896798,1.1429157,-0.67025805
1356069135148,-1.1535074,0.39852905,0.9393575
1356069135187,-3.3363926,-2.7584553,0.8196976
1356069135227,-0.8001301,-2.3846035,1.0422096
1356069135267,-1.7044673,-3.344307,0.37508163
1356069135307,-1.0825555,-3.3925905,0.7544966
1356069135368,4.555959,-4.934026,0.18282163
1356069135389,3.3823442,-3.1960316,-1.0129662
1356069135429,0.11740195,-2.0976715,0.43224013
1356069135469,-2.0403495,0.7477312,-0.33735543
1356069135508,-0.10382882,4.4745364,-1.6404402
1356069135547,1.8291888,7.4671054,-1.097614
1356069135588,1.5816584,7.5370903,0.7628622
1356069135628,0.8758995,8.310329,1.4394016
1356069135667,1.3200768,6.9427614,2.9752846
1356069135707,-0.41301882,-2.5211048,8.96176
1356069135747,-7.7351227,-3.8901043,11.364574
1356069135788,-0.83728355,3.6708517,3.402477
1356069135827,2.7666335,-9.915209,-0.004119873
1356069135868,0.34712815,2.046648,-2.5913455
1356069135908,3.209121,4.746864,-6.868704
1356069135966,-0.900064,-6.1426373,-8.162506
1356069135987,-3.2253306,-8.039342,0.24063087
1356069136028,0.13830608,0.05999136,-2.5250201
1356069136065,2.6953702,0.86786175,-3.5053797
1356069136108,1.1546704,0.8904867,-2.4350286
1356069136147,-0.2909925,1.6946745,-1.7617863
1356069136187,-0.99409115,1.5674314,-0.82511663
1356069136227,-1.8994899,0.89036846,1.0823611
1356069136267,-2.9006867,-1.8681421,2.4378371
1356069136308,-1.1063523,-3.3525658,0.19535893
1356069136369,-0.38967904,-3.3481588,0.29339486
1356069136389,0.30848026,-3.3718967,0.7218255
1356069136429,4.913043,-5.1712704,0.09828943
1356069136469,1.4662751,-2.5848932,-1.0787369
1356069136509,0.12813297,-2.2705288,0.42168272
1356069136548,0.52958435,1.2149639,-1.2366467
1356069136588,0.37928122,4.904143,-0.6536817
1356069136628,1.6718533,6.1834693,-1.0093242
1356069136667,1.5531166,7.93151,-0.12722105
1356069136707,0.9421512,8.588921,0.82235444
1356069136747,0.12045294,6.6073937,3.027633
1356069136788,-0.55047053,-2.2116451,8.695436
1356069136828,-5.6730175,-5.864009,11.004408
1356069136867,-0.46765935,-7.012738,3.607778
1356069136907,3.6784,2.9491115,-1.6680725
1356069136947,2.8054893,6.798743,-3.1117344
1356069136987,-3.2593956,-5.8810105,-8.128729
1356069137028,-4.69979,-6.762024,-0.68696904
1356069137067,-1.2686023,-0.98780966,-3.1437469
1356069137108,2.9113402,-0.32519245,-3.2883122
1356069137147,2.104103,0.86053276,-1.7355121
1356069137187,-0.24249703,1.5619297,-1.9493334
1356069137227,-1.1801058,1.9223175,-3.443976
1356069137267,-0.3796128,1.9617162,-1.2558872
1356069137307,-0.08991304,0.90399265,0.6583694
1356069137367,-2.3710554,-1.4883614,1.6037307
1356069137389,-3.751668,-2.7767267,1.532953
1356069137429,-1.6003717,-3.6351833,1.2116632
1356069137469,-1.7635584,-2.47748,1.112596
1356069137508,3.8231914,-5.538351,1.6609939
1356069137548,3.996483,-4.940097,-0.7898148
1356069137587,0.7330731,-2.9079504,-0.016584098
1356069137627,-1.9818205,0.2521963,-0.41666305
1356069137667,-0.73030066,3.6674762,-2.4836426
1356069137708,1.7829082,8.004028,-2.088566
1356069137747,2.4676948,8.6196165,-0.9823782
1356069137788,1.7672048,8.190898,0.21205235
1356069137828,1.4781911,6.4687557,2.1133885
1356069137867,1.6204731,-0.2086525,6.525591
1356069137907,-4.8734727,-7.5710697,12.228139
1356069137948,-1.9339455,2.4901276,4.8219337
1356069137987,0.634955,-4.982978,1.6220632
1356069138028,1.2561933,-3.2507477,-3.0372386
1356069138068,4.440421,7.7693844,-4.41369
1356069138108,-0.44335207,-1.1158137,-10.028221
1356069138148,-3.5155897,-9.331886,-0.53711367
1356069138187,0.113049686,-1.2798524,-1.5624909
1356069138227,2.9983468,1.5930514,-3.8496635
1356069138267,0.85285324,0.47223997,-3.3020878
1356069138307,-1.5998075,1.3671355,-0.8068954
1356069138368,-0.7392048,1.5482163,-1.6852026
1356069138389,-0.8981662,0.49257565,-0.33125067
1356069138429,-3.3765903,-0.13369274,2.0826948
1356069138469,-3.886277,-2.71031,2.4261692
1356069138508,-0.47007525,-3.730092,0.675115
1356069138547,-1.7795286,-3.226468,0.5990428
1356069138587,2.24841,-4.082164,1.2955325
1356069138627,4.49972,-4.746254,-0.87015927
1356069138667,1.0136418,-1.8695145,0.048300326
1356069138707,-0.8317907,-1.6252203,0.050397515
1356069138747,-0.49576452,2.585145,-1.403651
1356069138787,1.2178932,5.2256994,-0.8368033
1356069138828,0.459839,7.168529,-1.0485858
1356069138867,2.3335187,9.13328,-0.47631013
1356069138908,1.8288026,9.175754,0.53943646
1356069138947,0.83711153,4.4260798,3.444139
1356069139006,-1.6413445,-5.070859,13.1485405
1356069139027,-6.875084,-3.8265696,9.644815
1356069139068,-3.0956135,5.0287313,4.6338544
1356069139105,1.7793908,-11.001546,-2.5904016
1356069139148,3.220556,3.809492,-2.71664
1356069139187,3.6558216,5.8598943,-5.5068517
1356069139228,0.547107,-6.0877233,-11.704088
1356069139267,-3.8320444,-9.043243,2.5337424
1356069139307,0.080712855,1.3302779,-2.654095
1356069139368,2.813454,0.22388077,-3.7678823
1356069139389,1.6126916,0.5657034,-1.9981312
1356069139429,-0.85389364,0.81265163,-1.5856817
1356069139469,-1.6521155,1.0753851,-2.1810107
1356069139509,-1.8144495,-0.17543602,0.85090744
1356069139548,-2.375073,-1.1457071,2.320435
1356069139588,-0.8698131,-1.9200153,0.93390197
1356069139628,-1.4007123,-3.3108158,-0.32477158
1356069139668,-1.3330202,-3.3978472,0.39548695
1356069139708,5.110485,-5.6036186,0.66540444
1356069139747,4.289967,-4.182312,-1.3363667
1356069139787,0.24102014,-1.160286,-0.5821234
1356069139828,-1.6764176,0.8586283,-0.26495057
1356069139868,-0.39473906,3.203085,-0.62186277
1356069139907,0.6618011,6.2313547,-1.7423056
1356069139948,1.2883726,8.288993,-0.23825276
1356069139988,1.244517,8.031129,1.1829584
1356069140028,1.4342809,8.216997,2.213675
1356069140068,-0.12748748,2.3143845,5.282357
1356069140108,-6.04827,-7.950511,13.574836
1356069140148,-1.545974,0.65324783,5.0447564
1356069140187,3.2373164,-8.587751,0.3152994
1356069140227,0.60030216,6.125949,-2.5556264
1356069140267,2.1678436,4.9771085,-4.7202387
1356069140307,-3.7945328,-10.007893,-7.314865
1356069140368,-4.219328,-5.535434,0.78822565
1356069140389,0.57207793,-1.109487,-2.0379477
1356069140429,3.4468722,0.6037264,-4.221093
1356069140469,2.5658746,1.2971702,-2.016992
1356069140509,-0.117959514,1.150672,-2.9834921
1356069140547,-1.2206765,1.5411191,-2.9003537
1356069140588,-0.7591164,1.1164417,-0.7183627
1356069140628,-0.36874852,-0.217206,1.9011081
1356069140668,-1.785584,-2.3429832,1.2157232
1356069140707,-1.4669149,-2.7581244,1.3034393
1356069140747,-2.9883223,-3.669098,0.49626082
1356069140787,-2.7141843,-2.7919922,1.0069821
1356069140828,5.5570817,-6.2214985,1.0055207
1356069140868,3.9896846,-3.5195436,-1.6741283
1356069140907,-0.14132541,-2.1504593,-0.5744271
1356069140947,-2.5645556,0.5382824,-0.107244074
1356069140988,0.3614096,4.114922,-1.9582841
1356069141028,2.3384259,8.362326,-2.0671597
1356069141068,2.5995429,8.619549,0.3873334
1356069141107,1.1165828,9.005164,0.8055235
1356069141148,0.6654309,7.9303904,2.6583447
1356069141187,-1.1493129,-2.9484482,9.095788
1356069141228,-7.588822,-2.888013,10.346
1356069141267,0.18907714,3.7030745,4.0345078
1356069141307,3.01205,-10.121651,1.7237269
1356069141367,-1.3789108,1.1460261,-2.659677
1356069141389,1.4939374,4.7373796,-6.039986
1356069141429,-1.4554389,-5.6112037,-8.898408
1356069141469,-2.7423496,-7.1737666,-0.16433287
1356069141509,2.2180183,0.04666233,-1.1110575
1356069141548,3.9778411,0.8088794,-5.244641
1356069141587,0.8239997,0.8143544,-2.6471725
1356069141627,-0.95800483,1.8368845,-2.7140052
1356069141668,-0.24004349,0.62981987,-1.154149
1356069141707,-0.4431574,-0.18349361,-0.16005707
1356069141747,-1.3949118,-0.9539509,1.8614728
1356069141787,-3.1296127,-2.3811693,2.4289818
1356069141827,-2.0091012,-3.3459063,1.7434795
1356069141868,-2.5206158,-2.5063229,1.3876382
1356069141907,0.46095636,-1.3265877,1.4181727
1356069141948,5.9999514,-6.893303,-0.3350656
1356069141988,2.3902378,-3.9606838,0.33323473
1356069142046,-1.1414998,-2.8400936,1.1585944
1356069142068,-1.8466958,1.5187483,-1.5116597
1356069142108,1.3371344,5.2234697,-2.3956752
1356069142145,2.8601632,8.083377,-1.4895939
1356069142188,2.2213807,8.460318,0.15783775
1356069142228,0.41089636,8.921565,1.2712221
1356069142267,0.38446328,6.3320594,3.9544945
1356069142307,-1.7846563,-4.4531,9.113861
1356069142365,-4.2052364,-3.3009424,6.7527113
1356069142389,0.405438,2.0711408,5.27258
1356069142429,2.566556,-8.180973,1.4786501
1356069142469,-0.63130784,1.6697702,-3.5777752
1356069142509,1.3822746,4.5891085,-5.5406733
1356069142549,-0.95500124,-4.3799467,-7.377735
1356069142588,-3.0339713,-5.6377625,-1.4259186
1356069142627,0.29893476,-0.46605444,-2.464746
1356069142668,2.2383091,-0.32289028,-4.535958
1356069142708,0.7877424,0.8394613,-2.9158013
1356069142748,-0.95963013,0.55906105,-1.7786677
1356069142787,-1.3793304,0.8283806,-0.5156822
1356069142828,-1.8114226,-0.14578724,1.2056637
1356069142868,-3.2257288,-0.15807152,2.6380806
1356069142907,-3.752522,-2.661272,1.6750829
1356069142948,-0.38130388,-3.0130634,0.266504
1356069142987,-0.48608485,-2.253766,0.26133603
1356069143027,5.115597,-6.043995,0.8980348
1356069143067,5.2893043,-4.119726,-1.5938238
1356069143108,1.1122314,-1.5831423,-0.7155304
1356069143148,-1.6308734,0.13890457,0.26946962
1356069143187,-0.35009748,3.5837145,-1.8939252
1356069143227,2.5579374,7.2214203,-2.1035557
1356069143267,2.074867,8.807494,-0.51112384
1356069143307,1.1101005,8.292988,1.0884931
1356069143368,1.0767419,7.9760513,2.123695
1356069143389,1.785425,2.2868614,4.9042053
1356069143429,-5.6710095,-8.285753,12.050817
1356069143470,-3.1305275,0.9235587,6.7991543
1356069143509,-0.8248832,-7.0745077,1.5046268
1356069143549,-0.2768854,1.57724,-3.3640108
1356069143589,5.298683,5.5216656,-2.459115
1356069143627,0.6997169,-5.1921105,-8.212238
1356069143668,-4.242004,-7.493297,-1.4259007
1356069143707,-0.89903927,-1.0673604,-2.1694655
1356069143748,2.5015607,-0.56698275,-3.3160648
1356069143787,0.90410316,0.11175156,-1.3521531
1356069143827,-1.4063965,1.1000576,-2.8091998
1356069143867,-1.4302323,1.1888995,-1.986515
1356069143907,-1.2907915,1.7673879,0.21520758
1356069143947,-3.1703699,-0.086304665,-0.28584516
1356069143987,-3.3524237,-1.5879536,1.0670888
1356069144027,0.40252906,-2.769044,-0.37469292
1356069144067,0.54913384,-2.5223198,0.3065015
1356069144108,5.4858274,-3.9045925,0.37718654
1356069144147,6.565787,-4.0883074,-0.1352104
1356069144187,1.4061489,-2.583191,-0.08493078
1356069144228,-2.4736874,-0.33015442,0.77099955
1356069144267,-1.013412,2.1849113,0.052027643
1356069144307,1.4766093,4.646121,-1.3758667
1356069144366,1.1109121,6.52889,0.34700358
1356069144389,0.3222388,6.5699325,1.5187964
1356069144429,0.64884377,7.2845764,1.2881838
1356069144469,0.7209313,4.4826,3.8563833
1356069144508,-4.9083796,-4.026476,8.712339
1356069144547,-6.048051,1.6153855,5.509327
1356069144588,-0.92649376,4.145244,2.355949
1356069144628,1.9831322,-7.7425427,0.42401922
1356069144667,-0.48059344,-4.556978,-0.5000472
1356069144708,3.6928608,6.5836024,-5.6244593
1356069144748,-0.1937921,-1.5116019,-8.422512
1356069144787,-3.6490839,-10.230507,-1.6755562
1356069144827,-0.67043376,-1.9889221,-1.4160197
1356069144868,3.7770731,0.47761345,-4.372607
1356069144907,1.8770852,-0.029366493,-2.8099813
1356069144947,-1.8047282,0.51447964,-1.0757653
1356069144987,-0.759041,1.5584273,-1.0467578
1356069145027,0.3033705,0.8890667,-0.7457315
1356069145086,-1.9846904,0.5382509,0.47466278
1356069145108,-3.5833478,-0.2816763,1.6756144
1356069145148,-0.87572944,-2.2235518,1.8512521
1356069145185,1.2044754,-3.043212,0.89447355
1356069145228,-0.8641064,-2.3977299,0.77538466
1356069145267,1.6819758,-1.4075985,1.7674642
1356069145307,1.8415189,-5.3725214,-0.56184846
1356069145364,0.4235142,-3.440525,0.043745995
1356069145389,1.5589567,-1.9486141,0.6199187
1356069145429,0.51988685,1.6931353,-1.6685672
1356069145469,0.49335468,5.0231133,-1.1953062
1356069145509,1.9106623,6.9081507,-0.8112763
1356069145547,1.660552,7.6155295,-0.6370402
1356069145587,0.6812278,8.257492,0.32580304
1356069145627,0.24550882,4.866624,3.7289615
1356069145667,-5.2867575,-5.981474,11.324331
1356069145707,-4.9464793,0.49767208,6.227191
1356069145747,1.4088985,-0.83051395,2.9809222
1356069145787,2.9081905,-8.64786,0.024305463
1356069145828,1.0473464,4.272441,-3.9574134
1356069145868,0.7418901,1.1798978,-8.500236
1356069145908,-2.3324757,-8.480743,-4.3218594
1356069145947,-1.1962919,-3.7936616,0.20933676
1356069145987,3.1567574,0.75837564,-2.4592323
1356069146027,3.0360003,0.9304323,-3.7097425
1356069146067,0.11535907,1.7597694,-1.532468
1356069146107,-1.431834,1.9517617,-1.8987775
1356069146147,-0.6686406,1.9416227,-1.3797004
1356069146187,-0.996081,1.1313162,0.23172402
1356069146227,-2.5290327,0.1546669,2.0022087
1356069146267,-2.8285968,-2.1626444,1.7689492
1356069146308,-0.7043228,-3.4302063,0.156385
1356069146359,-1.6853962,-2.8789845,0.60182387
1356069146379,4.3766255,-3.8625383,1.0534929
1356069146419,5.7381587,-5.490197,-0.4847238
1356069146459,1.1483877,-3.065339,-0.14162982
1356069146499,-1.170409,-2.9868393,0.5434108
1356069146539,-0.99165964,1.9954104,-1.2067217
1356069146578,0.9069592,5.9405546,-1.5077631
1356069146617,1.4390728,7.6415796,-0.51448643
1356069146658,0.8251184,7.702526,0.39847124
1356069146697,0.6895809,8.628885,1.1637983
1356069146738,0.91039705,3.1873941,4.6526637
1356069146777,-4.2220507,-6.6371994,10.909279
1356069146817,-3.7473633,4.346553,6.662421
1356069146858,-0.64729524,-5.982875,3.911619
1356069146898,-3.3284416,-3.5046692,-3.5596313
1356069146938,6.227262,8.326635,-3.184456
1356069146977,3.9083188,0.5668616,-6.8792
1356069147018,-1.1546576,-9.383449,-4.4227743
1356069147058,-2.8677845,-3.2085018,-1.1210291
1356069147097,0.834859,0.42808914,-2.8510418
1356069147137,1.2218077,-0.11200333,-2.4267883
1356069147178,-0.37195328,0.61458874,-1.2179966
1356069147217,-0.5852411,1.5201888,-2.6694229
1356069147258,-0.49293876,0.7572155,-1.0399764
1356069147297,-1.3368994,0.5005331,1.1516335
1356069147358,-3.2034054,-0.47800255,1.1711581
1356069147379,-1.0210869,-2.305541,1.8166232
1356069147419,0.24435997,-3.5197783,0.45543694
1356069147459,-1.518651,-2.8105555,0.14158815
1356069147499,4.5995207,-3.1334276,1.3557887
1356069147537,5.8329988,-5.1200933,0.091940045
1356069147577,1.0058312,-2.5330276,-0.7127306
1356069147617,-2.612563,-0.42113876,0.74200225
1356069147657,-1.049341,2.0753894,-0.68509233
1356069147697,1.8315315,5.295381,-1.8778269
1356069147737,1.3812804,6.708377,0.39654994
1356069147777,0.6558936,6.970502,0.79718447
1356069147817,1.060634,6.875695,0.12648642
1356069147858,0.17417032,3.0547757,4.093667
1356069147897,-5.646561,-4.399494,10.287671
1356069147938,-4.468606,2.2323966,6.3462033
1356069147977,-3.2123384,2.4379716,3.4908595
1356069148017,0.9491449,-7.9524837,1.5980034
1356069148057,4.8347116,-1.6740994,-2.3163328
1356069148115,3.706811,6.730348,-5.0715766
1356069148137,-1.6570901,-3.4147859,-10.425344
1356069148178,-3.21697,-8.977871,-0.13959098
1356069148215,-0.18741897,-0.83498573,-1.7626526
1356069148258,3.0506492,-0.04746437,-4.8741107
1356069148298,1.9366786,0.09633827,-2.2716312
1356069148338,-0.53522193,0.67087793,-1.1489578
1356069148379,-0.5526154,1.3116713,-2.084905
1356069148419,-0.27376282,1.1883054,-1.1425056
1356069148459,-2.4722261,0.49596786,2.0137215
1356069148499,-5.3926516,-0.61247444,3.3623962
1356069148539,-2.4103765,-3.4711542,0.8645953
1356069148578,1.3118372,-4.4046535,1.1431363
1356069148618,3.6402352,-1.9987373,0.005530417
1356069148657,5.685887,-4.397629,-1.1974568
1356069148697,1.9373661,-3.1429863,0.77733326
1356069148737,-0.543521,-2.3102665,1.0091984
1356069148778,0.1585829,1.5309544,-1.8211365
1356069148818,0.8279628,5.4882708,-1.8316371
1356069148858,0.32940024,6.394151,-0.75824326
1356069148898,0.9121248,6.4612474,-0.1510632
1356069148937,0.26794702,7.9764805,0.67366266
1356069148977,0.56225884,5.712616,3.8120773
1356069149018,-1.1340196,-4.0443907,9.03841
1356069149057,-6.7827253,-2.8924246,8.420972
1356069149097,-1.004455,-0.25515747,4.861797
1356069149137,-0.74668163,-6.8359385,-0.5115315
1356069149178,3.1424563,5.860276,-2.9375777
1356069149217,3.3724673,2.337387,-5.774191
1356069149258,-1.1355121,-8.560588,-8.388087
1356069149297,-3.5305417,-4.0579185,-1.1687417
1356069149338,-0.19309083,-0.47585964,-3.269335
1356069149379,2.5114129,0.82453203,-3.701194
1356069149419,1.1124556,0.809114,-2.0965307
1356069149459,-0.18845819,1.5456853,-2.0763662
1356069149499,-0.38704714,1.9734783,-2.4394197
1356069149540,-0.8267908,1.2270699,-0.05624509
1356069149579,-1.2611382,-0.07455635,1.82541
1356069149619,-2.9777493,-2.077424,2.4523091
1356069149659,-1.7740706,-3.2309427,1.0249404
1356069149699,-1.0393829,-3.0871754,1.0255667
1356069149739,3.7764394,-3.2169476,1.6109443
1356069149779,5.3219175,-4.7502527,-0.47408855
1356069149817,1.4334244,-3.4213295,-0.2248188
1356069149857,-0.48761746,-1.771512,0.5124392
1356069149897,-1.5072916,2.1387897,-0.010129929
1356069149937,0.19553673,4.835463,-1.2967907
1356069149977,1.1389279,7.8290377,-0.7537345
1356069150017,0.93289983,7.7712564,0.24224162
1356069150058,0.28999192,7.870799,0.7275356
1356069150097,0.42034066,4.111399,4.083112
1356069150137,-3.2589455,-5.366665,10.100678
1356069150177,-4.5863957,1.0991898,7.1726885
1356069150218,0.3006882,-0.6019182,3.774979
1356069150257,2.5517564,-9.387582,0.43010187
1356069150297,1.2487379,3.7101858,-3.0789094
1356069150338,3.0535595,4.4330964,-6.092833
1356069150379,-2.5483258,-7.988629,-6.9975553
1356069150419,-4.05613,-5.7371387,-0.19641113
1356069150459,0.13516536,-0.34311152,-2.2820292
1356069150499,3.2616007,0.50630903,-4.656712
1356069150539,1.339999,0.8227258,-1.9634299
1356069150579,-1.4073389,0.5928793,-1.3849338
1356069150619,-1.075591,1.9036984,-1.6660709
1356069150657,-0.20996146,1.5357814,-1.0600502
1356069150697,0.005615711,0.31067944,0.83979726
1356069150737,-2.4457898,-1.210041,2.6603556
1356069150777,-1.9282355,-2.1040983,1.8778161
1356069150817,-2.243518,-2.7338896,-0.03122288
1356069150857,-1.5547495,-2.2505903,1.0700343
1356069150897,5.052255,-5.050001,-0.16535741
1356069150937,3.3933516,-3.2748127,-0.88717306
1356069150977,-0.107955545,-2.3671417,0.5565038
1356069151017,-1.0330765,-0.4389696,-0.1996901
1356069151058,-0.05379112,2.7496367,-1.2593294
1356069151097,0.2505709,5.6930513,-1.215559
1356069151156,2.0743244,8.053364,-1.2809469
1356069151178,2.5135148,8.808902,-0.28775275
1356069151218,1.3500781,7.912092,1.534273
1356069151255,0.64258325,2.8130217,4.2931585
1356069151298,-4.6398396,-8.030054,12.147274
1356069151337,-4.773945,3.5443668,5.1742067
1356069151379,-1.7788684,-3.854558,2.4849033
1356069151419,-1.503355,-8.81093,0.12185097
1356069151459,5.8909807,7.5504417,-2.8678553
1356069151499,4.170348,4.8296003,-4.7684364
1356069151539,-1.2951632,-8.782742,-6.312216
1356069151579,-4.842429,-5.3484855,0.54128265
1356069151619,0.7588247,0.16201115,-3.3517365
1356069151659,4.5084114,-0.8175783,-3.0508533
1356069151699,0.6384094,0.9764514,-2.1557767
1356069151739,-1.4359976,1.0138845,-4.0946474
1356069151777,-0.4334497,1.3639231,-2.188148
1356069151817,-0.17811057,0.9046135,0.41401243
1356069151857,-2.7446394,-0.8799248,1.9871225
1356069151898,-2.922111,-2.407837,1.238836
1356069151938,-2.1200678,-3.853178,0.15045995
1356069151978,-0.5025717,-3.7108479,1.0254565
1356069152017,4.5482073,-4.8212233,-0.7371279
1356069152057,4.757099,-3.7507658,0.5113195
1356069152097,1.8053583,-1.8748465,0.27769995
1356069152137,-0.65365636,0.41612625,-1.2650138
1356069152177,0.3616219,4.3557487,-1.2564629
1356069152217,1.3864542,8.162024,-1.8004512
1356069152257,0.82693976,7.256083,0.19457567
1356069152297,0.34953934,8.935475,1.7833164
1356069152337,0.40299463,6.389776,3.7585778
1356069152379,-2.0729585,-4.345875,9.960266
1356069152419,-5.210298,-1.453558,8.743997
1356069152459,-0.60990566,0.6788268,6.263842
1356069152499,-1.2189025,-10.62777,0.795851
1356069152537,0.66583836,4.2434616,-4.278481
1356069152578,4.7313466,6.187951,-4.8344536
1356069152618,-0.60936254,-6.389857,-8.439091
1356069152657,-4.898435,-5.983635,-0.6347642
1356069152697,0.038456857,-0.13455963,-1.7283385
1356069152737,3.321628,-0.18134499,-3.6597166
1356069152777,2.1703608,0.58215094,-2.9999099
1356069152817,-0.36781785,1.4617023,-2.617277
1356069152857,-0.9269012,1.5715585,-1.7979755
1356069152897,-0.8188667,0.56633854,-1.1960319
1356069152937,-2.4686098,-0.5831137,1.2829305
1356069152977,-3.1723113,-2.5115795,0.8272965
1356069153017,-0.93696284,-3.1435633,0.3726064
1356069153057,-1.5197423,-3.8892202,0.4321732
1356069153097,4.6982703,-4.757642,0.50440526
1356069153137,5.2757006,-4.3032866,-0.6881135
1356069153177,1.0905745,-2.0328188,-0.0578261
1356069153217,-1.2072731,-1.5451326,1.0268853
1356069153258,-1.3038204,2.5730104,-1.578234
1356069153299,1.1605564,6.111796,-1.0225238
1356069153337,1.3013006,8.387264,-0.5795513
1356069153377,1.1997988,8.516338,0.46430284
1356069153417,0.62451804,8.449753,1.0647206
1356069153457,0.076399386,3.3231664,5.8002434
1356069153497,-6.3018174,-7.4351606,14.292825
1356069153537,-2.2279248,3.5775132,3.981248
1356069153577,2.6996775,-4.1367464,3.4438272
1356069153618,1.1328073,-5.0852895,-0.20653689
1356069153657,2.5120244,5.999077,-4.1955976
1356069153697,0.7700906,0.5254741,-8.275766
1356069153737,-4.206643,-9.034466,-3.5406287
1356069153777,-2.0552988,-3.251779,-1.1294
1356069153817,2.6843739,0.704124,-3.3512228
1356069153857,3.248019,0.3656721,-3.8005562
1356069153897,0.8716023,0.9819894,-1.5811764
1356069153937,-0.6565582,1.1468153,-2.8853285
1356069153977,-1.4437599,0.69068336,-1.5810355
1356069154017,-1.4607489,-0.27118778,1.5935441
1356069154057,-2.4444497,-1.7142916,2.4947758
1356069154097,-1.4045391,-2.5687523,1.1139367
1356069154137,-2.1189911,-2.587534,0.6303435
1356069154196,-1.3815106,-3.0640793,1.0905155
1356069154217,4.659729,-6.3271437,0.9202131
1356069154258,4.250101,-3.7900114,-0.56286305
