1356626359877,0.0,0.0,0.0
1356626359906,0.040834427,0.19056225,-0.19056249
1356626359933,0.10880661,0.040261507,0.068671376
1356626359965,0.06747627,0.038967848,0.15144202
1356626360006,-0.0022859573,-0.04600954,-0.5817766
1356626360048,-0.005364418,-0.009777546,-0.53653514
1356626360086,0.09926987,0.026097298,-0.25395346
1356626360126,0.026287079,0.08991885,0.22766402
1356626360168,-0.1014719,0.24975276,0.17296031
1356626360207,-0.06548309,0.122900486,0.35282323
1356626360246,0.012823105,0.0075376034,0.22705631
1356626360289,-0.029137611,0.22932816,0.74229115
1356626360329,0.01304245,0.0526886,0.8848647
1356626360368,-0.106695175,0.20093179,0.626433
1356626360407,0.019796371,-0.006676197,-0.34894973
1356626360449,0.051488876,-0.14669847,0.19816267
1356626360488,-0.09392643,0.21848965,-0.48586747
1356626360527,0.032429695,-0.09429765,0.52732533
1356626360569,-0.08712864,0.23654318,-0.009702355
1356626360608,-0.08451843,0.18850231,-0.16149338
1356626360647,0.040864944,-0.24020672,-0.43440604
1356626360688,0.07145119,-0.2059865,0.24516042
1356626360727,-0.034030914,0.10175896,-0.2773053
1356626360767,0.050481796,-0.1730578,-0.49300998
1356626360808,0.05195427,-0.17134857,0.29022336
1356626360847,0.05175686,-0.16523123,0.040905066
1356626360917,0.07692051,-0.23621774,-0.31785673
1356626360928,0.045640945,0.010674477,-0.02600341
1356626360965,0.0671463,-0.12043023,-0.2008717
1356626361006,0.10086727,-0.059238672,0.08484386
1356626361046,0.051763535,-0.12097025,-0.066848606
1356626361085,0.015478134,0.019851446,-0.015615772
1356626361126,-0.075507164,0.103479624,0.033972815
1356626361166,-0.0022239685,0.15608215,-0.06815395
1356626361206,-0.17198372,0.20347452,0.045715667
1356626361246,-0.28375435,0.20339584,0.1985513
1356626361286,-0.2813778,0.114209175,0.36247593
1356626361326,-0.35371685,-0.009030104,0.6987381
1356626361365,-0.44482136,0.012956858,0.8354569
1356626361406,-0.33602428,0.020058393,1.039503
1356626361446,0.040298462,0.31485224,1.7541331
1356626361486,-0.4627304,0.95223093,3.2581656
1356626361526,-0.5680952,0.13070369,2.8289495
1356626361566,0.048941612,0.6778821,2.1970234
1356626361606,1.018796,1.5538931,2.0909052
1356626361646,1.8577461,1.051465,1.8094438
1356626361686,1.4888339,1.1673146,2.3648007
1356626361726,1.2707195,1.4482548,2.3461862
1356626361766,0.7718935,1.3907099,2.313541
1356626361806,0.33631706,1.8955308,2.0287333
1356626361846,0.64719296,1.4941325,1.5222099
1356626361917,0.98934317,0.8838756,1.0284834
1356626361927,0.7495303,0.5697409,0.8617499
1356626361965,0.75991106,0.22259355,0.5249417
1356626362006,0.14705467,0.46240824,0.60521793
1356626362046,-0.95237255,-1.462546,-0.023685932
1356626362086,-3.2945185,-3.2906675,-0.35241866
1356626362126,-4.721036,-3.2986572,-1.2926292
1356626362166,-0.5432091,-2.2248588,-2.118906
1356626362206,1.3170457,-1.1725676,-3.7893457
1356626362246,1.0593805,0.051228285,-4.490192
1356626362288,-0.12817764,0.033932447,-3.970144
1356626362327,-0.54197407,-0.6737201,-4.0122967
1356626362367,-0.36151886,-0.69644165,-3.5547075
1356626362408,0.16551971,-0.58606887,-2.750892
1356626362447,0.27610874,-0.26129746,-2.2745433
1356626362487,0.122395515,0.2884735,-1.7692798
1356626362527,0.16733742,0.8705858,-1.7226725
1356626362568,0.21700859,1.0147973,-1.5383089
1356626362607,0.33255768,0.62605,-0.5370511
1356626362647,-0.040875435,0.16724384,0.09033046
1356626362688,-0.11163235,0.06498909,-0.13334043
1356626362726,-0.095752716,0.09875035,-0.3878187
1356626362767,-0.113568306,-0.19504893,0.22070536
1356626362807,-0.23150158,0.12121773,0.38409847
1356626362847,-0.4215765,0.7134651,0.25185835
1356626362917,-0.45172882,1.0761724,0.16164416
1356626362928,-0.51160717,1.2673148,0.17657766
1356626362965,-1.0092535,0.55078304,-0.19840974
1356626363006,-2.0373735,0.07366562,-0.8461591
1356626363046,-1.6282272,-1.5389786,-0.9941994
1356626363086,0.53905106,-2.8679392,0.49803635
1356626363126,1.9685245,-1.8534786,0.55601835
1356626363166,2.0511408,-1.1884611,-0.024120033
1356626363207,0.19261074,-1.4424019,0.73223025
1356626363247,-0.51463985,-1.5590096,1.4082692
1356626363287,0.2956915,-1.5430701,2.7123706
1356626363327,1.0224648,-0.42309976,2.1635714
1356626363368,1.6470771,0.047561407,1.7496052
1356626363407,1.7715101,0.6079638,1.9817452
1356626363447,2.1569023,0.02328372,1.8728945
1356626363488,1.8270574,0.18561697,2.2266917
1356626363527,0.54440784,1.3101499,2.5568802
1356626363567,-0.6807451,2.3104568,3.8667655
1356626363607,-1.5977392,3.4187515,3.7045813
1356626363647,-0.8536215,2.9529302,2.6477227
1356626363687,-0.03874111,2.429626,2.324176
1356626363727,0.6146078,1.0729928,1.7445495
1356626363768,1.0415707,0.029576778,0.65168285
1356626363807,0.8984561,-0.48451364,-0.21761203
1356626363847,-2.2692766,-2.0473435,-0.4001019
1356626363915,-5.212366,-2.5019329,-2.3912387
1356626363937,-0.40180397,-1.8057084,-1.9756385
1356626363977,1.4222031,-0.58128107,-3.4280279
1356626364017,0.20723629,1.3588414,-4.482915
1356626364057,-0.11522961,0.6836983,-4.462128
1356626364097,-0.10115242,-0.7059336,-3.7533345
1356626364136,-0.019733429,-0.5285418,-3.094358
1356626364177,0.24489117,-0.5597367,-2.3624208
1356626364217,0.3160467,0.15970576,-1.9780774
1356626364258,0.2029295,1.0588647,-1.844923
1356626364297,0.43451977,1.3730061,-1.3611581
1356626364337,0.24333572,0.7357955,-0.2890289
1356626364377,-0.29470348,0.7521075,-0.37062055
1356626364417,-0.19156265,0.41490364,-1.0239577
1356626364457,0.23311996,-0.6493615,-0.98943764
1356626364497,-0.2962618,-1.6214778,-0.18220842
1356626364537,-0.53905296,-0.98068917,0.70887667
1356626364578,-0.4131441,0.7772078,0.30668557
1356626364618,-0.79014206,1.7087907,0.7391465
1356626364657,-0.7564821,1.4015368,0.7786415
1356626364697,-1.5088568,0.6143491,0.041796923
1356626364737,-1.6960611,-0.869853,-1.3042642
1356626364777,-0.41460037,-2.7014418,0.22584629
1356626364823,1.2430267,-2.5300546,0.7513807
1356626364856,1.3683586,-1.6619939,0.48734188
1356626364928,-0.5518961,-1.0628705,1.0399644
1356626364939,-0.017266273,-0.96604955,2.7495346
1356626364976,1.0087204,-0.71481466,3.201307
1356626365016,2.539339,-0.22876692,2.2040293
1356626365056,2.7897744,0.5979167,1.4823941
1356626365096,2.6497874,0.12977791,1.9471203
1356626365136,1.7273402,0.1577332,2.4142537
1356626365176,0.3635893,1.1087211,3.3669386
1356626365216,-0.7415476,2.3287127,4.816291
1356626365256,-2.353858,3.7760663,3.3956063
1356626365296,-1.1163092,2.2152896,2.405056
1356626365336,-0.28475094,1.9291257,2.0748544
1356626365377,1.326469,0.3488866,0.9083698
1356626365417,2.3625064,0.5088581,0.10462594
1356626365457,2.1628742,0.021900058,0.0373137
1356626365497,0.945426,-0.43446887,-0.1633594
1356626365537,-1.5170841,-0.4916693,0.145926
1356626365577,-6.488309,-2.149393,-0.477854
1356626365617,-4.6833677,-1.9271209,-0.87502885
1356626365657,1.7785096,-1.1303155,-2.5175252
1356626365697,1.8389955,0.6272805,-3.8469927
1356626365737,-0.72258663,1.1276786,-4.5576277
1356626365777,-0.35361958,0.3443879,-3.720645
1356626365817,0.22538185,-0.12743402,-3.6883018
1356626365857,-0.34873867,-0.77391005,-2.3949072
1356626365917,0.46432304,-1.0758567,-2.4096482
1356626365938,0.6673441,-0.14301181,-2.3068192
1356626365978,0.2422657,0.4673457,-1.6984907
1356626366017,0.46779346,0.34683907,-0.9064169
1356626366057,0.345788,0.12321854,-0.46854636
1356626366097,0.15870285,-0.12707567,-0.41362882
1356626366137,-0.56093025,0.095445156,-0.4624862
1356626366177,-0.72732735,-0.5855831,-0.21728507
1356626366217,-0.91517353,-0.6277815,0.86341095
1356626366257,-0.9641895,0.45140243,1.2646526
1356626366297,-1.6992741,1.9184992,0.5442028
1356626366337,-2.815671,1.4629967,-0.3541655
1356626366377,-1.4076395,-2.45618,-0.765734
1356626366436,0.5911083,-3.9021513,0.66342413
1356626366456,1.2463655,-2.3982701,0.7503318
1356626366496,0.25327778,-1.4838932,1.4353427
1356626366538,1.4422407,-0.112627625,2.23391
1356626366563,1.9260445,0.17829311,2.1437583
1356626366603,2.3276472,-0.04021573,2.102815
1356626366646,2.724677,0.18016243,1.9751483
1356626366686,2.874002,0.6054344,2.2461421
1356626366726,2.4154415,0.2815659,2.374811
1356626366766,1.702939,0.6277292,3.5671291
1356626366806,0.1187067,2.6260426,3.7578814
1356626366846,-1.6771717,3.3107853,3.464076
1356626366919,-1.2577715,3.0736248,3.5952861
1356626366928,-0.6776924,2.3137894,2.7192492
1356626366966,0.84954834,1.0232733,1.3276091
1356626367006,1.7109556,0.56639206,0.48749542
1356626367046,-4.0770397,-4.3866305,0.76033115
1356626367086,-5.713047,-3.0208695,-2.0977232
1356626367127,1.7619948,-1.594354,-2.1039433
1356626367167,1.005055,-0.06692374,-3.6443868
1356626367207,-0.060505867,0.725957,-4.8722734
1356626367247,-0.6972246,0.30239224,-3.4862726
1356626367288,-0.66325665,0.24830055,-3.2576618
1356626367327,-0.8524437,0.5882983,-3.1664915
1356626367367,-0.13949394,0.2549429,-2.7295902
1356626367408,0.753747,-0.17653918,-2.7381635
1356626367447,0.7869272,0.35333514,-2.48938
1356626367487,0.42228317,0.20119488,-1.9139054
1356626367527,0.41812706,-0.20295906,-1.2074063
1356626367567,0.010465622,-0.20082247,-0.46274677
1356626367607,-0.3055792,0.05774939,-1.2531312
1356626367648,-0.19307804,-0.94424415,-1.4547738
1356626367687,-0.7830639,-0.98258877,-0.09335086
1356626367727,-0.9198055,-0.20370448,0.59562695
1356626367767,-0.7709751,0.79200923,0.6732263
1356626367808,-0.97089005,1.7758046,0.3020117
1356626367847,-2.282117,0.940739,-0.6683405
1356626367917,-1.951518,-1.9530262,-1.6177716
1356626367926,0.32723808,-3.5319653,0.48136312
1356626367965,2.3670616,-1.8985122,0.7472185
1356626368006,1.4930553,-1.0733565,0.7800919
1356626368046,-0.072532654,-1.2215235,1.2929738
1356626368086,0.6383505,-0.8435595,2.9358063
1356626368126,1.4689674,0.028158426,3.3846312
1356626368166,2.3206944,0.35681438,2.4522128
1356626368206,2.5365076,1.0094236,1.5392752
1356626368246,2.4748664,0.60931826,2.1332617
1356626368286,1.4970975,0.54140043,2.9727364
1356626368327,0.4823389,1.210283,3.480719
1356626368367,-0.10135746,2.390548,4.050934
1356626368408,-1.2054815,3.4755893,3.2129912
1356626368448,-0.8087292,2.6245625,2.5413406
1356626368487,0.012296677,1.2674558,2.3965137
1356626368527,0.40884876,0.34854305,1.7792969
1356626368568,0.8591223,0.32641017,0.74746466
1356626368607,0.09384346,-0.76271665,0.40171123
1356626368647,-6.4468746,-3.794775,-0.47664237
1356626368687,-2.3083124,-1.6229514,-2.7251267
1356626368727,2.0873165,-0.2532947,-3.462533
1356626368767,0.55385923,0.8876338,-4.6955166
1356626368807,-0.80375767,0.6091508,-4.646835
1356626368847,-0.7417469,-0.48583078,-3.5645523
1356626368917,-0.5217495,-0.4811827,-3.378072
1356626368928,-0.4602995,0.09537947,-3.014347
1356626368965,0.7565594,-0.066973686,-2.7676108
1356626369006,0.8053751,0.26465154,-2.5203807
1356626369046,0.40805054,0.119437575,-1.8190941
1356626369086,0.10709,0.06533313,-1.330071
1356626369126,-0.53123,0.12409532,-0.2665795
1356626369166,-0.33940125,-0.09263539,-0.91343963
1356626369206,0.0020542145,-1.0421454,-1.2572956
1356626369246,-0.3801527,-0.93285954,-0.06472896
1356626369287,-0.41746426,-0.35510027,0.43095788
1356626369327,-0.38091278,0.8596492,-0.24826589
1356626369367,-0.69400024,1.2203885,0.46621814
1356626369407,-0.54187775,1.3348491,1.299427
1356626369447,-0.86665916,1.4380374,1.2313651
1356626369487,-1.9007635,1.2250416,-0.1483044
1356626369527,-2.2786283,-0.57743216,-2.4680386
1356626369567,-0.2217207,-3.099114,0.2695771
1356626369607,2.8274965,-2.9812174,0.7888995
1356626369648,1.8915086,-1.5904905,0.5327824
1356626369687,-0.6709547,-1.6129014,0.9512617
1356626369727,-0.09380913,-0.8018105,2.5984938
1356626369767,1.0065823,-0.4966905,2.6448102
1356626369808,2.6992683,0.2478422,1.9630777
1356626369846,2.7088037,1.1678084,1.4511905
1356626369918,2.8151722,0.42024136,2.3347683
1356626369928,2.4020667,0.56083345,2.980554
1356626369965,1.9291239,1.5653242,3.152403
1356626370006,-0.34825134,3.0737681,4.423671
1356626370046,-2.3042974,3.7723317,4.5025454
1356626370086,-0.8562317,2.4361842,4.373947
1356626370126,0.8006077,1.5458804,2.6688719
1356626370166,0.49571037,-0.72260547,1.5037766
1356626370206,-7.142555,-4.7663345,-0.22549629
1356626370246,-1.7991862,-2.6641989,-1.698221
1356626370286,1.900569,-1.5406833,-2.6428814
1356626370326,0.4016242,-0.063260555,-4.2887473
1356626370366,0.03316593,0.47773248,-4.6220326
1356626370406,-1.0136242,-0.117400885,-3.8000154
1356626370446,-0.92982674,0.03558588,-3.4627955
1356626370486,-0.5889797,0.28520882,-2.919767
1356626370526,0.1739006,0.09668815,-2.3738027
1356626370567,0.17698574,0.6042552,-2.3052151
1356626370607,0.09767246,1.2399687,-2.26131
1356626370648,-0.0058755875,0.9779054,-1.8685733
1356626370687,0.15389824,0.3615774,-1.0117558
1356626370727,0.31923866,0.23318374,-1.1931448
1356626370767,0.61308193,-0.7663659,-1.7286735
1356626370807,0.40750313,-0.76482725,-0.8509883
1356626370848,-0.76143837,0.18963826,0.7311703
1356626370919,-0.7924366,0.3782556,0.6554221
1356626370927,-0.96857834,1.064858,0.07725726
1356626370966,-1.4793949,1.346895,0.5714168
1356626371006,-1.2224026,0.7656743,0.48958468
1356626371046,-1.9188013,0.5140393,-0.7478744
1356626371086,-1.8084784,-1.444064,-0.78477216
1356626371126,0.24985409,-2.8623366,0.6566569
1356626371166,2.226128,-2.333624,-0.05786845
1356626371206,1.8276863,-1.848971,-0.11660662
1356626371247,-0.03293991,-2.0488667,0.7641641
1356626371287,0.55226994,-2.0019255,2.2493153
1356626371327,1.4146566,-1.0807813,2.470054
1356626371367,2.6630535,-0.16910481,1.9343271
1356626371407,2.689343,0.9301828,1.6709051
1356626371447,2.506124,0.57119346,1.823261
1356626371487,2.3449855,0.1101532,2.452646
1356626371527,1.1212535,1.4087073,3.0413423
1356626371599,0.06103611,2.094407,4.047513
1356626371602,-1.097785,3.1141286,4.1890564
1356626371633,-1.2052202,3.2449443,3.3263943
1356626371666,-0.67395496,2.0963755,3.414317
1356626371706,-0.18926048,1.9110346,2.9371116
1356626371746,0.37617397,1.4304932,1.8450966
1356626371786,0.35287333,0.3459053,0.9693675
1356626371826,-4.8734093,-4.6822486,0.46450758
1356626371866,-5.736637,-2.9531417,-2.9852502
1356626371918,2.1664062,-1.7260482,-3.2408829
1356626371947,1.6039476,-0.041732907,-4.5259194
1356626371987,-0.040947914,0.74005175,-5.4866424
1356626372027,-0.81434536,0.15069127,-4.085458
1356626372067,-0.33176327,-0.33804762,-3.5081515
1356626372108,0.11702919,0.27273023,-3.060216
1356626372147,0.3223772,0.07584286,-2.5639284
1356626372187,0.03889656,0.4950503,-2.2564266
1356626372227,0.13758373,0.3659793,-2.0267136
1356626372268,0.2753353,0.15111613,-1.3791288
1356626372307,0.5837145,0.29004586,-1.0167778
1356626372347,0.16762829,0.53822255,-1.0394971
1356626372387,0.2811203,-0.2641759,-1.6053839
1356626372427,-0.02870369,-1.0867783,-0.9700159
1356626372467,-0.9772911,-0.7484921,0.57214904
1356626372507,-0.85548115,-0.02911222,0.25579426
1356626372547,-1.1646595,1.3605196,0.23570848
1356626372587,-1.2269468,1.4342163,0.42750004
1356626372627,-2.3961706,1.231041,0.03987062
1356626372667,-2.4459085,-1.0296474,-1.1815882
1356626372707,-0.039413452,-3.6360767,1.2149881
1356626372747,1.711978,-1.948115,0.5395574
1356626372806,0.6015854,-0.9237467,0.74588484
1356626372826,0.5399103,-1.4444695,1.6662266
1356626372866,1.1951952,-0.9429023,2.46016
1356626372906,1.7642727,-0.1587236,2.4888499
1356626372933,2.5987992,-0.13466859,1.939364
1356626372963,2.5818124,-0.13033628,1.6478394
1356626373004,2.3547769,0.2254579,2.0367866
1356626373046,2.7088833,0.023731709,2.5126607
1356626373086,1.7963319,1.4286218,3.380952
1356626373126,0.3708315,3.1503356,3.3958402
1356626373166,-1.2547169,3.7194471,4.148862
1356626373206,-1.4634781,3.9625099,3.9022012
1356626373246,-0.50181675,2.393153,3.6563063
1356626373286,0.44402742,1.6396229,2.6875517
1356626373327,0.025501251,-1.024766,1.4148917
1356626373367,-7.8358245,-4.58133,-0.32748818
1356626373407,-3.0428257,-2.3509421,-2.1867056
1356626373448,3.4658027,-1.3303437,-1.5957792
1356626373487,0.07236576,0.31288606,-4.1626363
1356626373527,-0.4112978,0.10061884,-4.0130935
1356626373567,0.06574917,-0.6575327,-3.1223512
1356626373609,-0.36824512,0.073218346,-3.378679
1356626373647,-0.18012142,-0.031128049,-2.7692113
1356626373687,0.47771072,0.25309384,-2.5342278
1356626373727,0.67103386,0.9276892,-2.8779554
1356626373767,0.56344604,0.8880867,-2.1471238
1356626373807,0.28701496,0.4531722,-1.4869252
1356626373848,0.35206795,0.24554169,-1.1319301
1356626373916,0.35713673,-0.07137275,-1.3810312
1356626373930,-0.048046112,-0.31877446,-1.4981363
1356626373967,-0.61012936,0.057824373,-0.8012215
1356626374008,-0.87399864,-0.7822739,-0.013396643
1356626374047,-0.47684956,0.10947192,-0.46187302
1356626374087,-0.89579964,1.1390718,-0.41240075
1356626374127,-0.7118454,1.219588,-0.079553425
1356626374167,-1.411252,0.2364955,-1.0382167
1356626374207,-1.6758175,-1.5675329,-2.2442307
1356626374247,-0.48593903,-3.577565,-0.3457831
1356626374287,0.83248425,-3.2065477,0.7622042
1356626374327,1.6651397,-1.8995395,0.27720007
1356626374367,-0.24699211,-0.78555703,0.93634015
1356626374407,0.6709442,-0.2055211,2.1194723
1356626374448,1.4123125,-0.06448841,2.9870462
1356626374487,2.2654538,-0.0812552,2.4022856
1356626374527,2.2230458,1.3678547,1.9426883
1356626374568,1.9645739,1.5701733,1.9741896
1356626374607,1.507791,0.5354409,2.7464738
1356626374647,0.47925472,0.656296,3.2833846
1356626374688,-0.52992916,1.684852,3.7482433
1356626374727,-0.80727196,3.2468767,2.9650059
1356626374767,-0.6894808,2.6964417,2.5402293
1356626374808,-0.13850307,2.0629919,2.5181193
1356626374846,0.49770975,1.663192,2.1505687
1356626374919,0.32580423,0.88058776,1.1380587
1356626374927,-1.0558863,-1.5641422,1.2053275
1356626374953,-5.7290993,-3.6590173,0.19861507
1356626374996,-5.20187,-3.0906787,-2.1127229
1356626375036,2.3796372,-1.4461504,-2.2206569
1356626375076,1.9163427,-0.12441492,-3.423133
1356626375116,-0.21982956,0.306651,-4.6876764
1356626375156,-0.5296116,-0.6317078,-3.57246
1356626375196,-0.17076111,-0.25533044,-3.3157506
1356626375235,0.04145336,-0.0503397,-2.7077208
1356626375276,0.93143845,-0.31294847,-2.3681355
1356626375316,0.8505621,-0.0149588585,-2.2082112
1356626375356,0.5169239,0.65736556,-1.901667
1356626375396,0.45616913,0.67763233,-1.6309993
1356626375436,0.45910645,0.47553217,-1.1162083
1356626375476,0.20845604,0.20704043,-0.54298776
1356626375516,0.16275978,0.04312074,-1.1927629
1356626375556,0.20697498,-1.1358854,-1.384791
1356626375597,-0.44358635,-1.1087979,-0.11267099
1356626375637,-0.83127594,-0.64874816,0.63454944
1356626375677,-1.3864212,1.0454849,0.6309629
1356626375717,-1.9238539,2.2665367,1.3166063
1356626375758,-1.6031685,1.6961313,0.27317527
1356626375797,-1.7794609,-0.61636305,-0.92176145
1356626375837,-0.28757095,-3.0256586,-1.0454419
1356626375877,0.4226036,-3.9480197,0.9318031
1356626375918,-0.88405323,-2.3285592,0.8205331
1356626375957,0.5587301,-1.5649891,1.5529653
1356626375997,1.666008,-0.24386692,2.177229
1356626376037,2.3665771,-0.1781578,2.3185647
1356626376077,2.9568248,-0.6439278,1.4521977
1356626376117,3.2308989,-0.2825544,1.283303
1356626376157,2.4992356,0.6548271,1.7064271
1356626376197,2.0596147,1.2357407,2.5850592
1356626376237,0.3656845,2.251843,3.7945123
1356626376278,-1.3357496,3.4882107,3.9441996
1356626376317,-1.7504358,3.712631,3.6003237
1356626376357,-0.7061386,2.9683697,3.020549
1356626376397,0.51113033,1.788313,2.789054
1356626376437,1.005609,0.9810637,2.0857105
1356626376477,1.3745031,0.2843033,1.027693
1356626376517,-1.73629,-2.6510768,1.2086952
1356626376557,-8.410704,-4.4196043,-2.1761525
1356626376598,0.74459267,-0.9759226,-2.7892258
1356626376637,1.6106501,-0.025425196,-3.9462464
1356626376677,-0.08634281,0.04656577,-5.163851
1356626376718,-0.23852062,-0.68295026,-3.9792514
1356626376757,-0.31784725,-0.30304503,-3.3935719
1356626376797,-0.4140463,0.37746024,-3.7101152
1356626376837,0.24551964,0.020280242,-3.148162
1356626376878,0.6319132,0.17722547,-2.6534162
1356626376918,0.68557835,0.5347239,-2.1408482
1356626376957,0.86196613,0.43500435,-1.8286896
1356626376997,0.63123035,0.36475587,-1.2740188
1356626377037,-0.15149593,0.4608618,-1.1612506
1356626377077,-0.22638035,-0.13738513,-1.3290784
1356626377117,-0.6835499,-1.0502777,-0.13771078
1356626377157,-1.2483625,-0.534644,0.7874229
1356626377197,-0.775197,0.12836313,0.13094395
1356626377237,-0.84729195,0.8073617,0.37387246
1356626377277,-0.64493084,1.0992136,0.87897044
1356626377317,-1.5922737,0.9708972,-0.11655998
1356626377357,-1.7761164,-0.14196217,-2.0974407
1356626377397,-0.2218504,-3.2956374,-0.57505363
1356626377437,2.0677857,-2.644794,0.89350593
1356626377478,2.0212812,-1.3408043,0.1973533
1356626377517,0.83076096,-1.4092636,0.29952246
1356626377557,0.21229458,-1.5426977,1.9339631
1356626377597,0.25635242,-0.74391437,3.21348
1356626377637,1.7280955,0.05077958,2.1507797
1356626377677,2.2109504,0.38850427,1.5961533
1356626377717,2.0570807,0.16998863,2.0843759
1356626377757,1.4197869,0.065248966,3.340388
1356626377797,1.0742297,0.73106265,4.0677056
1356626377837,0.78100014,2.4128606,4.041501
1356626377877,-0.5370579,3.5715532,3.9811745
1356626377918,-0.8169861,3.7092452,3.4362302
1356626377986,-0.86653996,2.7350247,3.9282393
1356626377992,0.13896704,1.1524659,3.0636168
1356626378023,0.7465186,0.15924168,1.8589036
1356626378066,-0.9767952,-2.10734,1.4708519
1356626378106,-6.28846,-4.1470895,-1.0973928
1356626378146,0.028061867,-0.93601394,-1.860495
1356626378186,1.913271,-0.4215473,-2.8491793
1356626378226,0.51627874,0.7241724,-4.817952
1356626378266,-0.64380264,0.10674262,-4.567371
1356626378306,-0.81265736,0.105843306,-4.1691566
1356626378346,-0.6713972,0.013980746,-3.6459506
1356626378386,-0.41748333,-0.2977097,-2.71628
1356626378426,0.8487091,0.27628386,-3.1182473
1356626378466,0.37194538,0.7730957,-2.8080277
1356626378506,0.046854973,0.9571731,-2.239502
1356626378546,-0.14175892,0.53692067,-1.2524577
1356626378586,-0.042318344,0.47288382,-0.98389715
1356626378627,-0.0582695,-0.030739784,-1.5256697
1356626378667,0.19761467,-0.73076546,-1.1765261
1356626378707,-0.0065670013,-1.6525573,-0.78543204
1356626378747,-0.5060854,-1.3607706,0.20638147
1356626378787,-1.0538807,0.32470262,0.51562035
1356626378827,-1.5352201,2.057315,0.34982666
1356626378867,-0.82370377,1.6641401,0.9062319
1356626378917,-0.95399094,0.30744362,0.82126415
1356626378947,-1.6654606,0.36736405,-0.3117733
1356626378988,-1.2710752,-1.461371,-1.3539202
1356626379027,0.6715946,-3.675207,-0.21476823
1356626379068,1.901557,-2.3527212,0.41772854
1356626379107,0.30889416,-1.2354373,1.4680023
1356626379147,0.33396053,-0.9622016,1.6905718
1356626379187,0.85889816,-0.65079856,2.5213614
1356626379227,1.7621822,-0.43698502,2.4349113
1356626379267,2.450357,0.4067061,2.2105246
1356626379306,2.520524,1.0796729,2.1665256
1356626379346,2.8407645,0.2052021,2.2072191
1356626379383,1.8191285,0.6812053,3.1529489
1356626379413,0.8291092,1.91113,3.4056354
1356626379454,-0.33146286,2.9561515,3.9253027
1356626379496,-1.8678465,3.3593464,3.754396
1356626379536,-1.962121,2.8759925,3.6316516
1356626379576,-0.5996561,1.7897427,3.0790875
1356626379616,0.68896437,0.42529976,1.287765
1356626379656,-0.9242306,-1.86841,0.9741111
1356626379696,-6.146288,-4.4430103,-1.5356766
1356626379736,0.028549194,-1.6526628,-2.3333602
1356626379776,1.944838,-1.1417792,-2.6031795
1356626379817,0.14461613,0.5570653,-4.6481624
1356626379866,-0.58193874,0.4281335,-3.7373006
1356626379919,-0.4196968,0.08491552,-3.446197
1356626379957,0.05894375,-0.085285425,-3.1981716
1356626379998,0.671505,-0.37725997,-2.534669
1356626380038,0.7543745,0.059898138,-2.564934
1356626380077,0.2646618,0.48359787,-1.9143089
1356626380117,0.29953003,0.37034523,-1.6779081
1356626380157,0.34925747,0.32260907,-0.9542776
1356626380197,-0.32713985,0.69099927,-0.46552515
1356626380237,-0.3047638,-0.04488504,-0.8027744
1356626380278,-0.5146837,-1.091555,-0.84671104
1356626380317,-1.2212362,-1.1066434,0.03973198
1356626380357,-1.4905996,-0.11948168,0.42625305
1356626380397,-1.9145355,1.795293,0.96305823
1356626380437,-1.4786768,1.7140305,0.5778805
1356626380477,-1.4745655,0.5113766,-0.37380886
1356626380517,-0.99432945,-1.9851966,-1.3675263
1356626380557,0.72483635,-3.8953366,0.13312629
1356626380598,1.998126,-2.6541777,0.21108033
1356626380637,0.5165987,-1.5540266,1.3818742
1356626380678,0.85366726,-0.6050223,2.413005
1356626380717,1.3462229,-0.123226166,2.6289785
1356626380758,2.3623085,0.29781055,2.4636815
1356626380797,2.8639016,1.1423876,1.8420799
1356626380837,3.195395,0.65412736,1.654639
1356626380878,3.0704536,-0.14711928,2.4405384
1356626380921,1.1342211,0.09367609,3.5000098
1356626380957,-0.7604523,2.1089287,4.7497416
1356626380998,-1.9418764,3.8817666,4.782389
1356626381038,-1.2007132,3.3033016,3.778483
1356626381078,-0.24795151,1.7520555,2.682067
1356626381117,0.14680624,0.51880705,1.311857
1356626381157,-4.0949206,-4.0565424,-0.021053791
1356626381197,-3.850998,-2.348145,-2.5646818
1356626381237,1.9165897,-1.1002308,-2.464212
1356626381278,1.6816578,-0.11421025,-4.093582
1356626381317,-0.338789,0.63938767,-4.898249
1356626381357,-0.89692783,-0.0012944937,-4.178176
1356626381397,-0.22456741,-0.30307937,-4.1603503
1356626381437,0.12633705,-0.48759127,-3.3351839
1356626381477,0.456769,-0.32155633,-2.9356759
1356626381517,0.033356667,0.6098213,-2.3362982
1356626381557,-0.24586773,1.1091814,-1.5495496
1356626381597,-0.39680195,0.9052706,-1.2322679
1356626381637,0.23130417,0.14787531,-0.84287286
1356626381677,0.024694443,0.09401131,-0.61475044
1356626381717,-0.25240707,-1.0150688,-0.86224014
1356626381758,-0.31571674,-1.2805989,-0.7436791
1356626381797,-0.8750782,-0.95179856,0.19606508
1356626381837,-0.975173,0.07110083,0.51777065
1356626381878,-1.169302,1.601106,0.8863954
1356626381922,-1.0301151,1.5766208,0.9105352
1356626381957,-1.6018124,0.90666544,0.20792893
1356626381998,-0.98863125,-1.3360469,-1.396078
1356626382037,1.0084839,-3.9974809,0.30749118
1356626382077,1.8023849,-2.9234052,0.17403981
1356626382117,0.50808716,-1.03584,1.2526155
1356626382157,1.0063486,-0.111321926,2.7501125
1356626382197,1.0204296,0.5042143,3.0266547
1356626382237,2.2382593,0.12600017,1.9993721
1356626382278,2.7846055,0.93164814,1.7415315
1356626382317,2.8831468,0.4991653,2.0051012
1356626382357,2.2604651,0.0597291,2.5131774
1356626382397,1.1522593,0.39965487,3.2146416
1356626382437,-0.22169495,2.0194955,3.9715314
1356626382477,-2.0898275,3.3229942,3.736565
1356626382517,-1.9028301,2.4447644,3.2132154
1356626382557,-0.8566818,1.4613466,2.6162705
1356626382597,0.5296707,0.62970483,1.5016568
1356626382637,-0.9669709,-1.9905043,0.7922666
1356626382677,-5.234297,-3.1897066,-1.2285373
1356626382717,-0.13057613,-0.73759437,-2.4265485
1356626382757,1.379745,-0.1767242,-3.9057853
1356626382797,0.14654636,0.8997753,-5.4769044
1356626382837,-0.84444046,0.3783456,-4.2801895
1356626382877,-0.59945583,-0.36690116,-3.1594849
1356626382921,0.43789577,-0.62825644,-2.9572754
1356626382957,1.0337439,-0.31735587,-3.145376
1356626382997,0.48627567,0.3581475,-2.4175546
1356626383037,0.012348175,1.1704463,-2.1623774
1356626383077,-0.10834217,0.3370204,-1.4809182
1356626383117,0.068460464,0.20000291,-0.7407278
1356626383158,-0.056284904,-0.3274076,-0.4611014
1356626383197,-0.60760784,-0.30963326,-0.7704736
1356626383237,-1.2501459,0.29374516,-0.43955284
1356626383277,-1.2126894,0.022279263,0.1753589
1356626383317,-1.9176788,0.30982113,0.14988422
1356626383357,-2.4849148,1.1805079,-0.24429226
1356626383397,-1.3014202,-1.404627,-0.64083296
1356626383437,0.8277807,-3.0621958,-0.05955136
1356626383477,1.5550938,-2.593421,-0.01354152
1356626383517,0.17763996,-2.1232104,1.0974016
1356626383557,1.2749434,-1.6692698,2.071241
1356626383597,1.6624947,-0.4920907,2.6749265
1356626383637,2.1891303,-0.40744495,2.4633439
1356626383677,2.7592173,0.5811229,1.905978
1356626383717,3.0903897,1.1959957,2.301698
1356626383757,2.6026206,0.99415326,2.6346474
1356626383797,1.4287562,1.0555918,3.0684843
1356626383837,0.48579502,1.3313715,4.200021
1356626383877,-1.1899261,3.0382967,4.153049
1356626383919,-2.0463,3.0881758,3.5167046
1356626383957,-1.2443404,2.1997962,3.1993403
1356626383997,-0.019787788,1.7121735,1.9732478
1356626384038,0.49729824,0.2278347,0.61055136
1356626384077,-5.559832,-4.4133744,-0.88275695
1356626384117,-1.6357622,-1.4994587,-2.6179767
1356626384157,1.5927,-0.64564395,-3.0242293
1356626384197,0.17128181,0.7799949,-5.057725
1356626384237,-0.5964308,0.40936708,-4.3865485
1356626384277,-0.5277109,-0.34236896,-3.696572
1356626384317,-0.23854446,-0.1364584,-3.5270822
1356626384357,0.43583488,-0.08255494,-3.190503
1356626384397,0.59125423,0.07477772,-2.5187325
1356626384447,0.22297096,0.44089234,-2.319813
1356626384467,0.09643078,0.3877251,-1.680018
1356626384507,0.23128319,0.23364365,-0.7066873
1356626384547,-0.27312756,0.5464438,0.024411976
1356626384587,-0.20770645,-0.028191566,-1.1380472
1356626384627,0.2597437,-1.1138269,-1.2297322
1356626384667,-0.37699318,-1.4991043,0.046043918
1356626384707,-1.1487808,-0.45910645,0.8148273
1356626384747,-1.6030331,0.7519665,0.65507364
1356626384787,-1.949501,1.79076,0.1989525
1356626384826,-2.1100988,1.0409749,-0.15417188
1356626384866,-1.0403986,-2.4092832,-0.51888347
1356626384923,0.9180317,-2.7530446,0.017366499
1356626384947,1.1849318,-2.1352506,-0.015780628
1356626384987,-0.014545441,-1.364455,1.1466671
1356626385027,0.8813429,-0.5125456,2.520583
1356626385068,1.2651243,0.09744191,2.794711
1356626385107,2.6035886,-0.1448896,2.3520768
1356626385147,3.0011725,0.6095767,1.6999722
1356626385187,3.0140076,0.9547788,1.8525518
1356626385227,2.7630587,0.63678885,2.410756
1356626385267,1.2594795,1.0334224,3.1193967
1356626385307,-0.02235794,2.1156015,3.4997983
1356626385347,-1.3965816,3.5757723,3.7781386
1356626385387,-1.5115986,2.823445,3.6077778
1356626385427,-0.7853098,2.2381732,3.215705
1356626385467,0.019389153,1.7404792,1.9082615
1356626385507,-0.84046555,-0.41164517,1.384582
1356626385547,-6.9805937,-4.5751524,-0.8885088
1356626385587,0.49031162,-1.8551464,-2.5723982
1356626385628,2.3071942,-1.223994,-3.1883147
1356626385667,0.59257984,-0.53809166,-4.8165717
1356626385707,-0.7417526,-0.065137625,-3.977424
1356626385747,-0.6077318,0.04455781,-3.7635396
1356626385787,-0.35202312,-0.017018199,-3.5755184
1356626385827,-0.11235142,-0.5141268,-2.4547546
1356626385867,0.59573936,-0.3181131,-2.4619696
1356626385917,0.24906063,0.48084176,-1.8632611
1356626385947,0.04169464,0.6876948,-1.4147278
1356626385987,0.019127846,0.7852831,-0.9453058
1356626386027,0.2532444,0.41152108,-0.70597386
1356626386067,-0.029239655,0.2951994,-0.70261824
1356626386107,-0.1318407,-0.08534312,-1.0925422
1356626386147,-0.23002052,-1.0718277,-0.89341867
1356626386187,-1.0020161,-0.90437806,0.09219664
1356626386227,-1.4617243,0.3243003,0.4512524
1356626386267,-2.5391254,1.5041629,-0.32582986
1356626386308,-2.7480145,1.0180272,-0.80674255
1356626386347,-0.9449787,-2.680511,0.37402406
1356626386387,1.5530467,-3.3478088,0.020712823
1356626386427,1.5640497,-2.3278542,0.2333133
1356626386467,0.5295143,-1.4548111,1.6227672
1356626386507,1.0212879,-0.55897665,2.546619
1356626386566,1.5028677,-0.054684877,2.6618695
1356626386586,2.7317562,0.08481336,2.4251142
1356626386626,2.7907176,0.9535332,1.8489531
1356626386663,2.8458586,0.58297896,2.2438962
1356626386693,2.7934856,0.024544,2.7741268
1356626386734,1.9005876,0.7957516,3.1769304
1356626386776,-0.498991,3.1644332,3.7176495
1356626386816,-2.5266447,4.3864245,3.2909007
1356626386857,-1.2194614,3.1454256,3.8579073
1356626386915,-0.27370834,2.1255534,3.7165058
1356626386937,0.43069077,0.5655956,1.9705052
1356626386978,-1.4425492,-2.2317812,0.5615232
1356626387017,-6.684947,-5.4845467,-1.8008574
1356626387058,0.5207014,-1.7256209,-2.7628942
1356626387097,1.7233973,-0.9573703,-3.5522912
1356626387137,0.80936575,0.6555988,-5.212434
1356626387177,-0.5260725,0.61360884,-4.7441435
1356626387217,-0.5809908,-0.4552424,-4.127909
1356626387257,0.33060646,-0.6416719,-3.2593718
1356626387297,0.2280922,-0.25965786,-3.1901376
1356626387337,-0.08233738,0.5945653,-2.860344
1356626387377,0.12464714,1.1321081,-2.245756
1356626387417,0.08785343,1.0036892,-1.7735162
1356626387457,-0.14030361,0.47305608,-0.4130052
1356626387497,0.33257484,0.40628386,-0.2956718
1356626387537,-0.04354477,0.43485165,-0.9961199
1356626387577,-0.08440018,-0.47400928,-0.63326067
1356626387617,-0.7039318,-0.69616866,0.057864696
1356626387657,-1.1243849,-0.3106861,1.1508236
1356626387697,-1.4622984,0.4076879,1.2017574
1356626387737,-2.3748655,1.6219941,0.2157759
1356626387777,-2.1743975,-0.018951535,-0.89017
1356626387818,-0.4824686,-3.7145357,-0.5642396
1356626387857,1.1023188,-3.511052,0.6432988
1356626387913,0.25798416,-1.329763,1.3723423
1356626387937,0.7355175,-0.30227494,2.3580709
1356626387978,1.3720589,0.20262504,2.3979397
1356626388018,2.2010283,0.06388283,2.025237
1356626388058,3.156149,-0.047635555,1.860152
1356626388097,2.937801,1.0746406,1.8704432
1356626388137,2.9037561,0.4272871,1.979718
1356626388177,1.998095,0.3716457,2.747313
1356626388217,0.5125637,1.9318297,3.9949796
1356626388257,-1.6411982,3.751995,3.7909722
1356626388297,-1.7042341,3.3655524,3.0683944
1356626388337,-0.9730053,2.3831694,3.0324693
1356626388377,-0.2824688,1.3717852,2.5821812
1356626388417,0.1285801,0.14017367,1.2808082
1356626388457,-2.9887648,-1.7135829,0.85240245
1356626388497,-5.233655,-3.2410002,-1.8886744
1356626388538,2.644877,-1.9349637,-0.9564128
1356626388578,1.0724282,-0.53203356,-3.6426983
1356626388617,-0.84728146,0.49687642,-5.166752
1356626388657,-0.22534275,-0.31771958,-3.3659914
1356626388697,-0.34054852,-0.16789746,-3.7358174
1356626388737,0.08649254,-0.4649148,-2.8168826
1356626388777,0.73953915,-0.3831892,-2.6209555
1356626388817,0.62245464,0.34971583,-2.1080732
1356626388858,0.11092377,1.1191754,-1.5169365
1356626388913,-0.010951996,1.069222,-1.0703442
1356626388937,0.060682297,0.6356541,-0.45564032
1356626388977,0.07714653,0.62546873,-0.14054114
1356626389017,-0.19899654,0.50073946,-1.2336195
1356626389057,-0.6125488,-0.3234414,-1.0979631
1356626389097,-1.0500898,-1.4632195,0.82996154
1356626389137,-2.839511,-0.25600493,0.25225788
1356626389177,-4.5913258,0.6869127,-1.1978301
1356626389217,-1.8430834,-3.000088,-1.0861595
1356626389257,1.5117173,-3.2661643,0.27367464
1356626389297,1.7946849,-2.3772774,0.23695554
1356626389338,1.285532,-1.4649827,0.7658571
1356626389377,2.0614538,-1.1010432,1.8364109
1356626389417,2.0607252,-0.10511899,2.4227033
1356626389457,2.4341059,0.35962868,2.5437906
1356626389497,2.801258,1.6448406,2.4252236
1356626389538,2.8898845,1.1816036,2.096775
1356626389577,2.508449,0.14421344,2.0286646
1356626389617,1.856236,0.22954655,2.7787223
1356626389657,0.1303854,1.3308576,4.8271437
1356626389697,-2.0355701,3.3624084,4.1358633
1356626389737,-1.0041151,3.0682807,3.8190126
1356626389777,-0.35880375,2.0394535,3.2833545
1356626389823,0.4954877,-0.22428799,2.2633939
1356626389857,0.7742429,0.022276163,1.249587
1356626389914,-1.3577828,-2.5396714,0.6626506
1356626389938,-7.4432096,-4.744822,-1.7350705
1356626389977,0.5616703,-0.7408936,-3.5065205
1356626390017,2.6880646,0.29744995,-4.351606
1356626390057,-0.7202835,1.4137667,-6.7502937
1356626390098,-1.1340218,-0.15007877,-4.2557864
1356626390137,-0.5481844,-0.9036946,-3.558009
1356626390177,-0.7684126,-0.16639161,-3.6426826
1356626390217,0.39216328,-0.36428952,-3.3808217
1356626390257,0.36933422,0.6305659,-3.2317972
1356626390297,-0.20473385,1.423759,-2.3934598
1356626390337,0.12975502,0.9980917,-1.4091331
1356626390377,0.09567261,0.6204047,-0.5658417
1356626390417,-0.24816036,0.16979814,-0.29029566
1356626390457,0.08372879,-0.11326051,-0.90511286
1356626390497,0.115097046,-1.179626,-0.20137726
1356626390537,-0.35548496,-1.2922664,0.567163
1356626390578,-0.8217907,-0.89237523,0.80462605
1356626390618,-0.81661415,0.754763,0.6069782
1356626390657,-0.86478806,1.6835166,1.4407291
1356626390697,-1.4771843,1.175645,-0.1334486
1356626390737,-1.8313751,0.5727111,-1.9388897
1356626390777,-0.8471556,-3.0495958,-1.6384339
1356626390817,0.6581049,-4.059814,0.41623217
1356626390858,0.5322304,-1.887795,-0.20789085
1356626390914,0.29015923,-0.7380264,0.28864697
1356626390937,0.97042274,0.16065764,1.9976641
1356626390977,1.534584,0.11304808,2.4385943
1356626391018,1.9861608,-0.05927968,2.1077838
1356626391057,2.3498168,0.43221664,2.0399148
1356626391098,2.8380785,0.28003144,1.9862522
1356626391137,2.7738142,0.20680404,2.5537095
1356626391177,1.9817629,0.3624704,3.3041434
1356626391217,0.6239853,1.6147616,4.374096
1356626391257,-1.7651215,3.631353,4.3657393
1356626391297,-1.4540224,3.1131816,3.672105
1356626391337,-0.6575155,2.8382137,3.0673409
1356626391377,0.0718317,2.08693,2.2066505
1356626391417,0.45242357,0.3047235,1.0571499
1356626391457,-2.383319,-2.1964982,0.9709835
1356626391497,-5.8041,-3.2014992,-1.7211549
1356626391537,0.38724852,-1.6416203,-1.8778412
1356626391577,1.3847499,-0.6016542,-4.1114583
1356626391617,0.93049717,-0.12155676,-5.7232656
1356626391657,-0.6913233,-0.15932369,-4.225877
1356626391732,-1.3389673,0.21719825,-3.2755713
1356626391736,-0.52423096,0.5158787,-3.0720341
1356626391753,0.24724579,0.43546212,-2.7490392
1356626391795,0.6189318,0.35738802,-2.6176314
1356626391836,0.62068367,0.71849287,-2.452141
1356626391876,0.4107504,0.42839766,-1.8930504
1356626391918,-0.08826351,0.20254672,-1.2783806
1356626391958,-0.0941658,0.36783254,-0.5756546
1356626391997,0.36088467,-0.78785706,-0.6118618
1356626392037,0.19407845,-1.013793,-1.0040797
1356626392077,-0.18268394,-1.6803329,-1.1289164
1356626392117,-0.52305126,-1.5440562,-0.23185414
1356626392157,-1.0695848,-0.19712734,0.5619015
1356626392197,-1.4892588,1.4179839,0.5959669
1356626392237,-1.963253,1.5761826,-0.005917549
1356626392277,-2.4661074,0.45880556,-0.8910003
1356626392317,-1.3140306,-2.8507824,-0.582835
1356626392357,1.5329833,-3.3962584,0.26314566
1356626392397,1.874816,-1.9226847,0.3496942
1356626392437,0.14821625,-0.49811697,1.3125787
1356626392477,0.848238,0.1521256,3.0462313
1356626392517,1.0523062,0.8776779,3.7035537
1356626392558,2.4054875,0.7348058,2.9810176
1356626392598,2.8189902,1.1537782,1.5923966
1356626392637,3.0878797,1.3960018,1.8776085
1356626392677,2.2180843,0.7638495,2.5183933
1356626392717,0.8020592,1.0275502,3.3937125
1356626392757,-0.30982494,2.4438438,3.6802807
1356626392797,-1.7361956,3.2962027,3.2352767
1356626392837,-1.3485022,2.4457896,3.4864233
1356626392877,-0.68612194,2.2055676,2.970817
1356626392919,0.9228821,1.3556422,1.557311
1356626392958,0.35085773,-0.7197913,0.71020293
1356626392997,-5.81301,-5.5384016,0.033660173
1356626393037,-3.895814,-2.5209944,-2.9640625
1356626393077,1.9374714,-1.375579,-2.919685
1356626393117,0.8212042,-0.5034572,-4.1410203
1356626393157,0.52957726,0.4198076,-4.828222
1356626393197,-0.22414494,0.51024246,-4.4641724
1356626393237,-0.56091785,0.11136222,-3.7771592
1356626393277,-0.17485142,-0.35344815,-2.6984663
1356626393317,0.55092716,-0.43555975,-2.333625
1356626393357,0.4236622,0.32725453,-2.145972
1356626393397,0.24703598,0.5858052,-2.114841
1356626393437,0.6295185,0.50618947,-1.60917
1356626393477,0.3507967,0.6593878,-1.0965929
1356626393517,-0.16343307,0.48196936,-1.4388027
1356626393558,-0.32365608,-0.23769784,-1.5390134
1356626393597,-0.51780224,-0.5237832,-0.04904133
1356626393637,-0.5880194,-0.365932,0.8924804
1356626393677,-0.3233099,0.81804895,0.71748644
1356626393717,-0.23884678,2.0216181,-0.060842752
1356626393757,0.029785156,1.2842511,-0.1648038
1356626393815,-0.4106245,0.72312856,0.1807046
1356626393836,-0.6695633,0.30891776,0.5394937
1356626393876,-1.6905499,-0.2317369,-0.21964532
1356626393913,-2.6653557,-0.08068693,-0.65569955
1356626393953,-1.4680328,-1.0984566,-0.5681273
1356626393996,0.8670559,-2.064439,0.06689268
1356626394036,2.766861,-1.9772471,-0.09442896
1356626394076,1.6560326,-1.6901684,0.7025503
1356626394116,0.17460632,-1.5908141,1.4524627
1356626394156,-0.18017197,-2.107126,2.396119
1356626394196,0.42924786,-0.32576013,2.638785
1356626394236,1.5617046,0.06645179,1.9537194
1356626394276,1.9459562,0.19786572,2.3162377
1356626394316,2.763299,-0.28811526,2.174512
1356626394356,3.4505777,-0.5938618,1.908985
1356626394396,2.141995,0.47529364,2.5324833
1356626394436,-0.585907,2.176137,3.9665077
1356626394476,-3.1130924,3.7478528,4.32428
1356626394517,-2.0190268,3.0002253,4.075426
1356626394558,-1.0608263,2.420564,3.3413153
1356626394598,0.44061565,1.1314335,2.2137308
1356626394637,1.4898,0.49712884,1.1405523
1356626394677,0.90790987,-0.1996882,0.37718463
1356626394717,-4.6371574,-4.139491,0.02883172
1356626394757,-3.1864862,-1.7346593,-2.9042509
1356626394797,2.0666242,-1.5054599,-3.4570365
1356626394836,1.0144796,0.027545452,-4.540385
1356626394876,-0.42912006,1.1032082,-5.339493
1356626394916,-0.27304173,-0.084632754,-4.5771656
1356626394956,-0.0030136108,-0.6508362,-3.81474
1356626394996,0.35343075,-0.7176831,-3.5309963
1356626395036,0.32610703,-0.49062037,-2.5493
1356626395076,0.00412941,0.6204113,-2.6827374
1356626395116,0.40220356,0.51380026,-2.3043218
1356626395157,0.17840862,0.48966813,-1.3686113
1356626395197,-0.089855194,0.33282483,-0.42853218
1356626395237,-0.69723415,-0.26661038,-0.84331584
1356626395277,-0.83319855,-0.85144377,-0.6947878
1356626395317,-1.1150274,-0.8908591,0.5139195
1356626395357,-1.4378195,-0.26037693,1.2682264
1356626395397,-1.766531,1.5396737,1.8070529
1356626395437,-2.0276756,1.9561169,1.5050693
1356626395478,-1.4288368,1.129965,0.6895245
1356626395517,-0.17820835,-1.5217032,-0.26325232
1356626395558,1.2064219,-2.8308423,-0.025883079
1356626395597,-0.05581093,-1.9957737,1.3222806
1356626395637,0.18730545,-0.9117769,1.417346
1356626395677,1.24823,0.20393658,2.6733892
1356626395717,2.056553,0.6431625,2.70653
1356626395757,3.4254246,-0.21830416,1.6168864
1356626395797,3.4002166,-0.084444046,1.1305356
