1356011789061,0.42223078,10.147159,0.040861044
1356011789100,0.23154591,10.119919,0.14982383
1356011789144,0.3405087,10.079058,0.19068487
1356011789190,0.313268,10.228881,-0.14982383
1356011789230,0.3405087,10.079058,0.08172209
1356011789272,0.50395286,10.079058,-0.23154591
1356011789310,0.313268,10.528529,-0.53119355
1356011789353,0.27240697,9.915613,-0.3405087
1356011789390,0.61291564,10.038197,-0.53119355
1356011789431,0.5720546,10.18802,-0.53119355
1356011789480,0.5720546,9.997335,-0.6537767
1356011789520,0.3405087,9.915613,-0.7218784
1356011789561,0.14982383,9.888372,-0.7627395
1356011789600,-0.0,9.847511,-0.38136974
1356011789642,-0.29964766,10.119919,-0.61291564
1356011789681,-0.50395286,10.079058,-0.3405087
1356011789722,-0.50395286,10.651112,0.19068487
1356011789760,-0.38136974,10.269742,-0.6946377
1356011789803,-0.27240697,10.310603,0.19068487
1356011789840,-0.5720546,9.656827,-0.50395286
1356011789880,-0.9942854,9.343558,-0.29964766
1356011789920,-0.53119355,9.915613,-0.53119355
1356011789961,-0.29964766,10.038197,-0.7218784
1356011790006,-0.46309182,10.228881,-0.7627395
1356011790040,-0.84446156,10.651112,-1.1168685
1356011790083,-0.95342433,10.651112,-1.3756552
1356011790121,-0.9942854,10.147159,-1.2258313
1356011790162,-1.525479,12.217452,1.4165162
1356011790200,0.9942854,11.985906,2.9556155
1356011790240,2.5333846,11.114203,3.214402
1356011790281,1.1849703,10.923519,1.4573772
1356011790320,1.3075534,11.645397,-0.7218784
1356011790360,0.6946377,11.454713,-0.6537767
1356011790401,-0.3405087,9.615966,-0.5720546
1356011790441,0.6537767,7.43671,-0.19068487
1356011790480,1.6480621,7.082581,-1.0351465
1356011790522,1.56634,8.539958,-2.3699405
1356011790560,0.61291564,8.662541,-2.8738933
1356011790603,0.313268,8.19945,-3.6774938
1356011790640,-0.08172209,8.689782,-4.7126403
1356011790681,-0.10896278,9.656827,-5.366417
1356011790721,-0.53119355,10.269742,-5.7477865
1356011790761,0.38136974,8.390134,-5.597963
1356011790801,4.7126403,15.431854,-1.8387469
1356011790839,2.1792557,11.413852,-0.61291564
1356011790883,-0.10896278,9.724928,-0.08172209
1356011790920,0.46309182,12.9529505,1.1849703
1356011790963,0.7218784,10.269742,-0.88532263
1356011791013,1.2258313,8.730643,-0.9125633
1356011791043,1.3075534,7.8589406,-0.6537767
1356011791081,-0.0,7.3141265,-0.88532263
1356011791121,-1.1849703,8.499097,-0.88532263
1356011791161,-0.50395286,9.615966,-1.607201
1356011791201,-0.38136974,9.915613,-1.334794
1356011791240,-0.88532263,10.269742,-1.2258313
1356011791284,-0.88532263,10.95076,-1.920469
1356011791321,-0.95342433,10.841797,-2.2201166
1356011791360,-1.9885708,11.223166,-0.19068487
1356011791402,-0.10896278,12.598822,4.630918
1356011791441,3.759216,12.762266,4.1814466
1356011791489,3.3778462,13.021052,1.607201
1356011791534,1.1168685,13.6748295,-0.19068487
1356011791570,-0.10896278,9.765789,-0.50395286
1356011791612,0.61291564,6.66035,-0.3405087
1356011791651,1.0760075,5.284695,-0.38136974
1356011791693,0.84446156,5.9793324,-1.56634
1356011791730,0.84446156,7.43671,-2.3426998
1356011791770,0.040861044,8.008764,-3.445948
1356011791811,-0.23154591,9.534244,-4.7535014
1356011791851,1.1441092,11.454713,-5.243834
1356011791890,0.27240697,10.95076,-6.5922484
1356011791931,2.4108016,13.402422,-5.175732
1356011792011,2.4925237,10.651112,0.3405087
1356011792020,0.42223078,10.691973,0.53119355
1356011792064,0.08172209,13.252599,2.2201166
1356011792100,0.42223078,10.038197,-0.84446156
1356011792140,0.9942854,9.152874,-1.7297841
1356011792181,0.61291564,7.7772183,-0.6946377
1356011792221,-0.29964766,6.782933,-0.3405087
1356011792262,-0.3405087,7.504812,-0.84446156
1356011792310,-0.27240697,10.079058,-2.0294318
1356011792353,-0.42223078,9.915613,-1.0351465
1356011792402,-1.2666923,10.760075,-1.7978859
1356011792452,-0.8036005,11.372991,-1.7297841
1356011792492,-1.7978859,11.795221,-0.14982383
1356011792536,-0.19068487,12.489859,5.706926
1356011792580,4.4810944,12.871228,4.140586
1356011792621,3.445948,13.021052,1.7297841
1356011792670,0.8036005,13.402422,-0.040861044
1356011792714,0.08172209,10.079058,-0.14982383
1356011792750,0.7218784,6.3607025,0.61291564
1356011792793,1.1441092,5.053149,0.38136974
1356011792842,0.8036005,6.3607025,-1.4982382
1356011792880,0.27240697,8.076866,-2.8330324
1356011792921,0.7218784,8.921328,-4.7943625
1356011792960,0.8036005,9.997335,-5.5571017
1356011793011,0.61291564,11.141444,-6.0201936
1356011793041,0.7627395,8.812365,-6.4015636
1356011793083,3.9499009,14.206022,-3.2961242
1356011793131,1.6480621,9.956474,-0.50395286
1356011793170,-0.42223078,12.4489975,2.070293
1356011793210,0.14982383,13.102775,1.8387469
1356011793250,0.23154591,10.691973,-1.3756552
1356011793292,1.2666923,8.349273,-1.0760075
1356011793330,1.2666923,6.701211,0.10896278
1356011793373,0.27240697,6.782933,-0.14982383
1356011793420,-0.50395286,8.499097,-1.0760075
1356011793461,-0.38136974,10.310603,-1.7297841
1356011793501,-0.29964766,10.038197,-2.1792557
1356011793541,-0.7627395,10.923519,-1.3075534
1356011793581,-0.8036005,10.732834,-2.5606253
1356011793621,-2.6832085,11.795221,-0.84446156
1356011793664,-0.23154591,13.252599,4.099725
1356011793700,2.9556155,12.912089,3.336985
1356011793743,3.173541,13.143636,1.607201
1356011793781,2.2201166,13.484144,0.6946377
1356011793821,0.88532263,10.800936,0.53119355
1356011793861,0.53119355,7.164303,-0.19068487
1356011793901,0.8036005,5.8976107,-0.46309182
1356011793940,0.6946377,5.5571017,-1.4573772
1356011793991,0.92618364,6.5513873,-1.6480621
1356011794022,0.95342433,7.9679036,-3.0237172
1356011794061,0.38136974,9.534244,-4.5628166
1356011794103,0.3405087,11.141444,-5.175732
1356011794141,-0.3405087,10.760075,-6.851035
1356011794183,-0.29964766,8.853226,-5.7477865
1356011794230,5.012288,15.213928,-0.10896278
1356011794270,1.1849703,11.114203,-0.29964766
1356011794311,-0.46309182,12.299174,1.0351465
1356011794350,-0.14982383,12.340035,1.0351465
1356011794393,0.6537767,9.724928,-1.2666923
1356011794431,1.4573772,7.082581,-1.3075534
1356011794473,0.23154591,6.6331096,-0.53119355
1356011794511,0.19068487,7.273266,-0.46309182
1356011794550,0.14982383,8.471856,-1.7978859
1356011794590,-0.95342433,10.310603,-1.7978859
1356011794630,-0.42223078,9.425281,-0.9125633
1356011794673,-0.08172209,9.888372,-1.1168685
1356011794710,-0.3405087,11.958665,-2.4516625
1356011794750,-1.0760075,11.75436,-2.0294318
1356011794791,-2.1383946,12.912089,2.3426998
1356011794833,1.1849703,11.413852,5.47538
1356011794870,4.140586,12.980191,3.718355
1356011794913,3.1054392,13.6748295,0.9942854
1356011794951,1.920469,13.565866,0.27240697
1356011795016,-0.3405087,10.079058,-0.19068487
1356011795031,0.10896278,6.6331096,-0.08172209
1356011795070,0.7218784,4.5628166,-0.50395286
1356011795110,0.9942854,5.175732,-1.4165162
1356011795150,0.7627395,6.851035,-2.1383946
1356011795203,0.10896278,8.894087,-4.671779
1356011795243,0.27240697,10.61025,-5.407278
1356011795280,0.23154591,11.372991,-6.510526
1356011795320,0.92618364,9.615966,-6.0201936
1356011795370,4.7943625,16.317177,-0.14982383
1356011795410,0.38136974,9.697687,-0.5720546
1356011795452,-0.6537767,13.211738,2.152015
1356011795490,0.08172209,11.75436,-0.040861044
1356011795533,0.95342433,10.147159,-1.9477097
1356011795570,1.334794,7.9679036,-0.84446156
1356011795610,0.42223078,6.3607025,0.50395286
1356011795650,-0.10896278,6.5513873,-0.10896278
1356011795690,-0.38136974,8.308413,-0.8036005
1356011795731,-0.19068487,9.847511,-1.1168685
1356011795771,-0.38136974,10.501288,-1.8387469
1356011795811,-1.3075534,11.304889,-2.3018389
1356011795851,-1.0760075,11.604536,-2.2201166
1356011795894,-1.6889231,12.258313,0.6537767
1356011795930,1.0351465,12.680544,4.372132
1356011796014,2.8330324,13.33432,3.214402
1356011796015,2.7921712,13.484144,1.2258313
1356011796050,1.3756552,13.211738,0.53119355
1356011796091,0.7627395,10.337844,0.5720546
1356011796131,1.4573772,6.6331096,-0.040861044
1356011796172,0.313268,5.407278,-0.42223078
1356011796210,0.6946377,5.243834,-0.95342433
1356011796253,0.84446156,6.782933,-2.070293
1356011796310,-0.0,8.158588,-3.9499009
1356011796363,0.19068487,11.536434,-6.0201936
1356011796400,-0.0,10.378705,-6.851035
1356011796450,0.38136974,9.534244,-4.944186
1356011796490,5.5162406,16.017529,2.1792557
1356011796534,-0.14982383,10.147159,0.10896278
1356011796580,-0.10896278,13.102775,1.5390993
1356011796621,0.6537767,11.917805,-0.6946377
1356011796661,0.7218784,10.228881,-2.3018389
1356011796700,1.1849703,7.8861814,-1.1849703
1356011796742,0.42223078,6.782933,-0.3405087
1356011796781,0.27240697,6.6331096,-0.8036005
1356011796823,-0.10896278,7.7772183,-1.3756552
1356011796860,-0.23154591,9.234595,-1.4165162
1356011796903,-0.9125633,10.269742,-1.3756552
1356011796942,-0.9125633,10.651112,-1.4982382
1356011797003,-0.0,12.299174,-2.2201166
1356011797019,-0.19068487,10.991621,-2.0294318
1356011797060,-1.4165162,11.958665,2.2201166
1356011797101,1.334794,11.917805,4.862464
1356011797140,3.445948,13.947236,3.8273177
1356011797182,3.445948,13.824653,1.4165162
1356011797220,0.84446156,12.871228,-0.61291564
1356011797263,0.10896278,9.724928,-0.38136974
1356011797300,0.10896278,6.1700177,-0.38136974
1356011797341,0.53119355,5.434519,-0.7627395
1356011797380,1.1168685,5.5571017,-1.1168685
1356011797420,1.2666923,6.469665,-1.7297841
1356011797460,0.50395286,8.19945,-4.1814466
1356011797500,0.10896278,9.656827,-5.09401
1356011797542,-0.8036005,11.304889,-5.8567495
1356011797580,-0.42223078,10.228881,-7.04172
1356011797623,0.38136974,9.466142,-6.0474343
1356011797660,5.366417,17.120777,1.6480621
1356011797708,1.607201,10.378705,-0.88532263
1356011797751,0.08172209,12.789507,1.7297841
1356011797793,-0.0,12.762266,-0.040861044
1356011797831,0.92618364,9.084772,-1.1168685
1356011797871,1.9885708,6.3607025,-0.50395286
1356011797922,-0.5720546,6.2789803,-0.23154591
1356011797970,-0.23154591,7.4639506,-0.7627395
1356011798032,-0.14982383,10.079058,-1.9885708
1356011798049,-0.61291564,9.888372,-0.9125633
1356011798080,-0.6537767,10.732834,-1.8387469
1356011798120,-0.5720546,12.026767,-2.1383946
1356011798160,-0.53119355,12.026767,-1.334794
1356011798201,-2.070293,13.143636,3.255263
1356011798250,1.6480621,11.264028,5.597963
1356011798291,3.759216,12.871228,2.982856
1356011798342,2.4516625,13.633968,0.38136974
1356011798391,0.19068487,11.536434,0.27240697
1356011798434,-0.08172209,6.510526,-0.29964766
1356011798480,0.50395286,4.2086873,-0.27240697
1356011798531,1.3075534,5.284695,-1.3756552
1356011798583,0.5720546,8.308413,-3.486809
1356011798621,-0.08172209,9.847511,-4.862464
1356011798664,0.84446156,12.067628,-5.6252036
1356011798711,0.8036005,10.337844,-6.742072
1356011798752,2.3426998,10.56939,-4.9850473
1356011798791,3.718355,15.472715,1.9477097
1356011798830,0.23154591,10.56939,-0.29964766
1356011798873,-0.6537767,12.367276,1.0351465
1356011798910,-0.08172209,12.108489,-0.46309182
1356011798954,0.61291564,9.656827,-1.7570249
1356011799030,1.334794,6.4424243,-0.7218784
1356011799037,0.3405087,6.0201936,-0.38136974
1356011799071,-0.27240697,7.205164,-0.42223078
1356011799111,-0.0,8.62168,-1.334794
1356011799151,-1.1168685,9.656827,-1.4165162
1356011799190,-0.50395286,10.269742,-1.7978859
1356011799231,-0.6946377,11.34575,-2.0294318
1356011799271,-0.7627395,11.75436,-1.9885708
1356011799312,-2.1111538,13.443283,2.4108016
1356011799350,1.0351465,12.340035,5.8567495
1356011799393,3.7864566,12.912089,4.3312707
1356011799430,3.1054392,13.593107,1.0760075
1356011799470,1.4982382,13.715691,0.19068487
1356011799511,0.08172209,10.228881,0.313268
1356011799552,0.14982383,5.938472,-0.040861044
1356011799591,0.92618364,4.099725,-0.6946377
1356011799631,0.9942854,5.2165933,-1.6889231
1356011799672,0.53119355,7.5456724,-2.9556155
1356011799710,-0.14982383,8.962189,-4.862464
1356011799753,-0.040861044,10.528529,-5.706926
1356011799790,1.1168685,11.836082,-6.1291566
1356011799834,0.7627395,9.112013,-5.8158884
1356011799871,3.1463003,13.6748295,-3.8681788
1356011799911,3.2961242,12.4489975,-0.0
1356011799951,-0.6946377,11.795221,0.8036005
1356011800035,-0.0,12.108489,1.5390993
1356011800037,0.5720546,11.454713,-1.607201
1356011800079,0.88532263,7.7363577,-0.61291564
1356011800120,0.6946377,6.4424243,-0.27240697
1356011800161,0.040861044,6.701211,-0.46309182
1356011800200,-0.040861044,8.076866,-1.1168685
1356011800242,-0.84446156,9.575105,-1.7297841
1356011800282,-0.61291564,10.378705,-1.3075534
1356011800333,-0.50395286,11.073342,-1.9477097
1356011800380,-0.42223078,11.182305,-1.920469
1356011800421,-1.3075534,12.217452,1.4165162
1356011800461,0.08172209,12.14935,5.9793324
1356011800501,3.3778462,13.293459,4.903325
1356011800541,3.5276701,13.143636,2.6423476
1356011800580,2.2201166,12.830367,0.5720546
1356011800622,0.040861044,10.760075,0.08172209
1356011800660,0.040861044,7.082581,-0.19068487
1356011800703,0.14982383,5.434519,-0.46309182
1356011800740,0.92618364,5.5571017,-1.525479
1356011800784,0.9942854,7.014479,-1.8387469
1356011800820,0.8036005,8.281172,-3.405087
1356011800860,0.38136974,9.466142,-4.7535014
1356011800902,0.19068487,10.732834,-5.175732
1356011800941,-0.3405087,10.991621,-6.2789803
1356011800981,-0.23154591,9.234595,-5.597963
1356011801030,4.903325,14.9006605,-1.56634
1356011801064,2.2201166,11.495573,0.040861044
1356011801102,-0.3405087,11.958665,1.1849703
1356011801144,0.10896278,12.639683,1.3075534
1356011801181,0.38136974,11.032481,-2.5333846
1356011801223,1.4165162,8.281172,-0.7627395
1356011801260,0.7627395,6.2789803,-0.29964766
1356011801301,-0.3405087,6.5513873,-0.61291564
1356011801341,-0.53119355,7.668256,-0.42223078
1356011801381,-0.0,9.765789,-1.6480621
1356011801420,-0.53119355,10.269742,-1.2666923
1356011801464,-0.9942854,10.61025,-1.7570249
1356011801510,-0.5720546,11.264028,-2.6832085
1356011801551,-1.2258313,11.264028,-0.6537767
1356011801590,-0.50395286,12.408136,4.372132
1356011801631,1.9477097,12.367276,4.5219555
1356011801673,3.336985,13.865514,2.4925237
1356011801711,2.3426998,13.906375,0.6537767
1356011801752,0.53119355,12.14935,0.46309182
1356011801792,0.46309182,8.430995,0.10896278
1356011801833,0.50395286,5.8567495,-0.38136974
1356011801870,0.84446156,4.9850473,-0.84446156
1356011801921,0.84446156,5.706926,-1.334794
1356011801962,0.46309182,8.349273,-3.405087
1356011802036,0.08172209,9.697687,-4.903325
1356011802043,-0.27240697,11.413852,-5.597963
1356011802081,-0.040861044,10.528529,-6.851035
1356011802121,0.3405087,9.043911,-5.434519
1356011802164,6.0201936,16.317177,0.84446156
1356011802212,0.53119355,10.079058,-0.8036005
1356011802261,-0.84446156,12.598822,1.6480621
1356011802303,-0.14982383,11.536434,-1.3756552
1356011802340,0.88532263,9.084772,-1.607201
1356011802380,1.3756552,6.742072,-0.88532263
1356011802420,-0.19068487,6.6331096,-0.46309182
1356011802461,-0.0,6.932757,-0.7218784
1356011802501,-0.38136974,9.275456,-2.3426998
1356011802541,-0.6946377,9.997335,-1.1441092
1356011802581,-0.6946377,10.528529,-2.0294318
1356011802621,-0.95342433,12.026767,-2.5606253
1356011802663,-1.2258313,11.645397,-1.7297841
1356011802700,-1.1441092,12.639683,3.1054392
1356011802743,1.56634,11.917805,5.012288
1356011802781,3.255263,12.871228,3.1463003
1356011802822,2.6423476,13.593107,1.0351465
1356011802861,1.5390993,13.0619135,0.61291564
1356011802901,0.38136974,9.534244,0.61291564
1356011802940,0.46309182,6.4015636,-0.040861044
1356011802982,0.7627395,4.7943625,-0.8036005
1356011803028,1.0351465,5.407278,-1.4573772
1356011803061,0.38136974,7.5456724,-2.982856
1356011803101,0.040861044,8.921328,-4.5219555
1356011803144,-0.0,10.079058,-5.366417
1356011803181,-0.27240697,11.75436,-6.428804
1356011803221,0.92618364,8.853226,-6.0474343
1356011803263,4.440233,15.472715,-0.88532263
1356011803301,2.4925237,11.264028,-0.50395286
1356011803341,-0.23154591,12.217452,1.6480621
1356011803382,-0.08172209,12.176591,1.4982382
1356011803430,0.19068487,10.841797,-1.6889231
1356011803474,1.1441092,8.008764,-1.4982382
1356011803521,0.50395286,6.5922484,-0.14982383
1356011803571,0.14982383,7.3549876,-0.27240697
1356011803613,-0.46309182,9.152874,-1.920469
1356011803652,-0.3405087,9.466142,-1.1168685
1356011803693,-0.3405087,10.419566,-1.3075534
1356011803730,-0.6537767,11.223166,-1.879608
1356011803770,-0.8036005,11.372991,-1.9477097
1356011803811,-2.0294318,12.408136,0.6946377
1356011803850,0.38136974,11.536434,5.5571017
1356011803891,3.1054392,12.367276,4.0588636
1356011803932,3.173541,13.756551,0.84446156
1356011803972,1.7978859,14.015338,0.50395286
1356011804047,-0.0,11.34575,0.5720546
1356011804053,0.42223078,7.43671,-0.10896278
1356011804090,0.8036005,5.284695,-0.42223078
1356011804133,0.92618364,5.284695,-1.2666923
1356011804171,0.7627395,6.510526,-2.0294318
1356011804221,-0.10896278,8.076866,-3.759216
1356011804263,-0.3405087,10.310603,-5.202973
1356011804312,0.61291564,12.108489,-5.9793324
1356011804355,1.2666923,10.079058,-6.1291566
1356011804401,3.445948,16.276316,-0.23154591
1356011804440,2.152015,8.689782,-0.5720546
1356011804482,-0.42223078,12.9529505,1.7978859
1356011804522,-0.08172209,11.876944,0.88532263
1356011804563,0.7627395,10.147159,-1.7978859
1356011804600,1.4573772,7.7363577,-0.88532263
1356011804644,0.10896278,6.3607025,-0.50395286
1356011804680,-0.61291564,6.742072,-0.19068487
1356011804720,-0.0,8.19945,-1.0351465
1356011804761,-0.14982383,10.378705,-2.4925237
1356011804801,-0.7627395,9.888372,-1.1441092
1356011804841,-0.50395286,10.61025,-1.4982382
1356011804882,-0.7218784,11.645397,-2.3699405
1356011804922,-0.9125633,10.841797,-1.8387469
1356011804961,-1.3756552,12.980191,3.0645783
1356011805046,0.313268,11.686258,5.829509
1356011805047,4.2086873,13.443283,3.486809
1356011805083,2.7921712,14.2877445,0.50395286
1356011805120,1.1168685,12.980191,0.27240697
1356011805165,-0.14982383,8.430995,0.3405087
1356011805201,-0.040861044,5.6252036,0.38136974
1356011805242,0.6537767,4.7126403,-0.53119355
1356011805281,1.334794,6.0201936,-1.2666923
1356011805322,0.84446156,7.6273947,-2.1383946
1356011805363,0.27240697,9.112013,-4.2904096
1356011805400,0.313268,10.61025,-5.284695
1356011805443,-0.10896278,11.495573,-5.597963
1356011805480,-0.38136974,9.80665,-6.0882955
1356011805520,1.7978859,9.847511,-4.8216033
1356011805560,6.1291566,16.630445,2.8330324
1356011805601,0.3405087,10.56939,-1.4982382
1356011805642,-0.29964766,12.217452,1.4573772
1356011805681,-0.6537767,11.75436,0.61291564
1356011805721,0.3405087,9.534244,-1.1441092
1356011805762,1.8387469,7.8180795,-0.46309182
1356011805803,1.1849703,6.1291566,-0.84446156
1356011805841,-0.53119355,7.4639506,0.23154591
1356011805883,-0.5720546,9.152874,-0.9942854
1356011805920,-0.29964766,9.956474,-2.4925237
1356011805961,-0.6537767,9.956474,-1.1849703
1356011806043,-0.42223078,10.501288,-1.4982382
1356011806046,-0.50395286,11.372991,-2.1792557
1356011806081,-0.6537767,11.264028,-1.7297841
1356011806122,-1.0760075,12.980191,2.6423476
1356011806172,1.4982382,11.75436,5.366417
1356011806210,3.8681788,13.33432,2.8330324
1356011806249,2.6423476,13.6748295,0.7627395
1356011806291,0.27240697,12.217452,0.19068487
1356011806331,-0.38136974,8.008764,0.23154591
1356011806383,0.19068487,5.284695,-0.14982383
1356011806430,1.1168685,5.2165933,-0.88532263
1356011806475,0.7218784,7.246025,-2.1383946
1356011806522,0.313268,8.853226,-4.2904096
1356011806571,0.14982383,10.841797,-5.7886477
1356011806613,0.19068487,11.536434,-5.9793324
1356011806662,0.8036005,9.275456,-5.706926
1356011806712,2.9556155,14.206022,-2.6423476
1356011806753,2.3699405,11.223166,0.88532263
1356011806790,-0.7218784,11.958665,1.2258313
1356011806833,-0.040861044,11.727119,1.4573772
1356011806870,0.14982383,11.032481,-1.4573772
1356011806917,1.3075534,8.853226,-1.525479
1356011806961,0.313268,6.2108784,-0.42223078
1356011807047,-0.19068487,7.082581,-0.27240697
1356011807048,-0.040861044,8.390134,-1.334794
1356011807081,-0.23154591,10.419566,-2.2609777
1356011807125,-0.95342433,10.147159,-1.525479
1356011807171,-0.46309182,10.691973,-1.525479
1356011807212,-0.61291564,11.413852,-2.7921712
1356011807252,-1.7570249,11.686258,-0.42223078
1356011807290,-0.9942854,12.639683,4.2495484
1356011807333,2.4925237,11.645397,4.140586
1356011807372,3.486809,13.797412,2.0294318
1356011807414,2.3018389,14.015338,0.46309182
1356011807460,-0.10896278,11.372991,0.313268
1356011807502,0.27240697,7.5456724,-0.14982383
1356011807542,0.5720546,4.862464,-0.23154591
1356011807581,1.1168685,5.09401,-0.95342433
1356011807623,0.7627395,6.891896,-1.607201
1356011807660,0.27240697,8.539958,-4.099725
1356011807703,0.040861044,9.847511,-4.7535014
1356011807740,0.313268,11.727119,-5.134871
1356011807781,0.27240697,10.841797,-6.4015636
1356011807821,2.5606253,11.604536,-5.407278
1356011807860,2.152015,13.375181,-0.27240697
1356011807901,1.7297841,9.466142,-0.27240697
1356011807942,-0.29964766,12.912089,1.7570249
1356011807982,0.19068487,11.114203,0.50395286
1356011808045,0.53119355,10.119919,-1.879608
1356011808064,0.9942854,8.008764,-0.95342433
1356011808101,0.46309182,6.701211,-0.10896278
1356011808143,0.040861044,7.205164,-0.29964766
1356011808180,0.040861044,8.580819,-1.334794
1356011808221,-0.3405087,9.997335,-1.525479
1356011808260,-0.10896278,9.466142,-0.9125633
1356011808301,-0.5720546,10.691973,-1.7978859
1356011808340,-0.6537767,11.454713,-1.9477097
1356011808380,-1.879608,12.598822,-0.29964766
1356011808423,0.040861044,12.871228,4.7535014
1356011808462,3.0645783,12.176591,4.862464
1356011808502,3.8273177,12.571581,2.2201166
1356011808540,2.2201166,13.0619135,0.27240697
1356011808581,0.53119355,11.563675,0.08172209
1356011808621,-0.8036005,8.281172,-0.10896278
1356011808661,0.14982383,5.407278,-0.040861044
1356011808701,1.2258313,4.7126403,-1.1168685
1356011808740,1.0760075,6.851035,-1.7978859
1356011808782,0.313268,8.049625,-3.0237172
1356011808820,0.23154591,9.615966,-4.9850473
1356011808863,0.42223078,10.732834,-5.175732
1356011808901,0.7218784,11.686258,-5.8567495
1356011808943,0.9942854,10.079058,-6.238119
1356011808980,2.6423476,14.519291,-3.718355
1356011809045,2.6014864,9.915613,0.6537767
1356011809061,0.6946377,11.264028,0.42223078
1356011809101,0.19068487,12.789507,1.9477097
1356011809140,-0.040861044,10.56939,-1.1168685
1356011809182,1.1441092,9.466142,-1.607201
1356011809222,0.6537767,6.469665,-0.42223078
1356011809261,-0.10896278,6.469665,-0.08172209
1356011809302,0.08172209,7.668256,-0.53119355
1356011809339,-0.040861044,9.847511,-1.920469
1356011809381,-0.42223078,9.956474,-0.7627395
1356011809420,-0.50395286,10.528529,-1.920469
1356011809461,-0.84446156,11.264028,-2.7240696
1356011809513,-0.53119355,10.95076,-1.7570249
1356011809561,-0.38136974,12.680544,5.47538
1356011809604,3.173541,12.340035,5.597963
1356011809641,4.5219555,14.015338,2.9556155
1356011809680,2.6014864,13.865514,0.53119355
1356011809722,-0.040861044,11.495573,0.14982383
1356011809762,-0.14982383,7.164303,0.14982383
1356011809803,0.27240697,4.7535014,-0.10896278
1356011809850,0.6946377,4.7535014,-1.0351465
1356011809894,0.92618364,7.205164,-1.879608
1356011809941,0.14982383,9.234595,-4.099725
1356011809980,0.7627395,9.997335,-4.399372
1356011810049,0.53119355,11.141444,-5.134871
1356011810063,-0.9942854,10.691973,-6.0882955
1356011810103,-0.19068487,8.962189,-6.0474343
1356011810140,4.5628166,15.132206,-2.2201166
1356011810184,4.372132,13.715691,1.3075534
1356011810231,-0.29964766,10.882658,0.50395286
1356011810271,-0.29964766,12.367276,2.152015
1356011810323,0.23154591,10.310603,-1.7978859
1356011810361,1.3075534,8.008764,-0.95342433
1356011810403,0.38136974,6.701211,-0.53119355
1356011810440,0.23154591,6.932757,-0.6537767
1356011810481,-0.38136974,8.662541,-2.2609777
1356011810521,-0.6946377,10.038197,-2.1111538
1356011810561,-0.61291564,9.275456,-1.7570249
1356011810601,-0.53119355,10.038197,-1.607201
1356011810642,-0.8036005,11.727119,-2.4925237
1356011810682,-2.1111538,13.525005,0.3405087
1356011810721,0.84446156,13.402422,4.7943625
1356011810763,3.405087,12.598822,4.7943625
1356011810800,3.214402,13.375181,0.7627395
1356011810843,2.5333846,13.525005,-0.46309182
1356011810880,0.38136974,10.378705,0.10896278
1356011810920,-0.6946377,7.082581,0.27240697
1356011810960,0.7218784,4.9850473,-0.14982383
1356011811001,1.6480621,4.903325,-1.1441092
1356011811047,1.0351465,6.891896,-1.879608
1356011811081,0.14982383,8.158588,-3.8681788
1356011811125,0.040861044,9.80665,-5.9793324
1356011811161,0.88532263,11.876944,-6.3198414
1356011811204,0.46309182,10.038197,-6.428804
1356011811240,1.5390993,8.771504,-6.2789803
1356011811285,7.273266,16.821129,2.3018389
1356011811331,-0.3405087,9.697687,-0.9942854
1356011811372,-0.53119355,12.340035,1.3075534
1356011811412,-0.040861044,12.258313,0.6946377
1356011811452,0.61291564,10.119919,-2.1792557
1356011811493,1.334794,7.3549876,-1.1168685
1356011811530,0.27240697,6.0882955,-0.84446156
1356011811574,-0.19068487,7.205164,-0.6946377
1356011811611,-0.08172209,9.043911,-1.3075534
1356011811650,-0.23154591,10.228881,-1.9477097
1356011811691,-0.6946377,9.575105,-1.4165162
1356011811731,-0.29964766,10.651112,-1.2258313
1356011811771,-0.95342433,11.495573,-2.070293
1356011811810,-1.9477097,12.217452,-0.040861044
1356011811852,-0.19068487,12.980191,4.372132
1356011811891,2.3699405,12.639683,4.944186
1356011811932,2.8738933,13.021052,2.5606253
1356011811970,2.4108016,13.443283,0.95342433
1356011812014,0.84446156,12.067628,0.46309182
1356011812060,0.53119355,7.8589406,0.14982383
1356011812090,0.7218784,5.434519,0.46309182
1356011812131,0.9942854,4.630918,-0.61291564
1356011812181,1.1168685,6.510526,-2.070293
1356011812223,-0.040861044,8.281172,-3.6774938
1356011812271,-0.46309182,9.724928,-5.8567495
1356011812321,0.27240697,11.985906,-6.6331096
1356011812362,0.5720546,9.275456,-6.4015636
1356011812399,5.325556,15.5135765,1.5390993
1356011812440,2.8330324,11.563675,0.14982383
1356011812480,-0.19068487,12.258313,1.0760075
1356011812522,-0.50395286,12.571581,1.4982382
1356011812561,0.9942854,10.760075,-1.607201
1356011812601,1.6480621,9.152874,-1.4165162
1356011812643,0.7627395,6.3607025,-0.61291564
1356011812681,-0.84446156,6.0201936,-0.19068487
1356011812724,-0.14982383,7.7772183,-0.23154591
1356011812761,0.10896278,10.079058,-1.879608
1356011812813,-0.3405087,10.337844,-1.7570249
1356011812851,-0.88532263,10.501288,-0.9942854
1356011812891,-0.5720546,11.604536,-2.4516625
1356011812941,-0.9125633,10.991621,-1.1441092
1356011812982,-1.1441092,12.639683,3.990762
1356011813063,2.2609777,12.026767,4.9850473
1356011813066,2.9556155,13.402422,2.9556155
1356011813101,2.6832085,13.525005,0.7218784
1356011813141,1.1441092,12.762266,0.6537767
1356011813181,0.10896278,8.308413,0.19068487
1356011813221,0.50395286,5.6252036,0.23154591
1356011813261,0.92618364,5.09401,-0.7627395
1356011813301,1.0760075,6.0201936,-1.3756552
1356011813342,0.5720546,7.8589406,-2.6423476
1356011813383,0.040861044,9.00305,-4.7943625
1356011813421,0.14982383,10.419566,-5.202973
1356011813463,0.7627395,11.413852,-5.5571017
1356011813501,0.6946377,9.302697,-5.9793324
1356011813543,2.070293,10.732834,-4.7126403
1356011813580,4.9850473,16.3989,2.7921712
1356011813620,-0.29964766,10.528529,-0.95342433
1356011813661,-0.42223078,12.367276,1.2666923
1356011813702,-0.23154591,12.4489975,0.14982383
1356011813741,1.2666923,10.501288,-1.8387469
1356011813781,1.56634,6.891896,-0.5720546
1356011813822,0.6537767,5.8567495,-0.46309182
1356011813860,-0.08172209,7.014479,-0.53119355
1356011813903,-0.14982383,8.662541,-2.2201166
1356011813940,-0.9942854,10.378705,-2.2609777
1356011813981,-0.50395286,9.697687,-1.7978859
1356011814066,-0.19068487,9.847511,-1.1849703
1356011814068,-0.42223078,10.841797,-1.920469
1356011814101,-0.84446156,11.34575,-2.2201166
1356011814141,-1.4573772,13.184497,1.7570249
1356011814193,1.1168685,12.14935,5.47538
1356011814240,4.2086873,13.143636,2.8738933
1356011814281,2.8330324,13.906375,0.53119355
1356011814320,-0.08172209,11.304889,0.313268
1356011814361,-0.23154591,7.9679036,0.3405087
1356011814403,0.5720546,5.829509,-0.08172209
1356011814441,0.9942854,5.2165933,-0.88532263
1356011814483,1.2666923,6.3198414,-1.8387469
1356011814521,0.27240697,8.430995,-3.0237172
1356011814563,0.14982383,9.152874,-5.012288
1356011814600,0.23154591,10.147159,-5.5162406
1356011814640,0.08172209,11.495573,-5.366417
1356011814681,0.61291564,9.466142,-6.1700177
1356011814721,1.6889231,9.765789,-6.742072
1356011814760,5.7886477,16.249075,2.6014864
1356011814802,-0.14982383,10.923519,-0.3405087
1356011814841,-0.23154591,11.686258,1.1849703
1356011814882,-0.27240697,12.340035,0.8036005
1356011814923,0.7218784,10.56939,-1.4982382
1356011814960,1.4165162,7.205164,-0.42223078
1356011815003,0.84446156,6.1291566,-0.42223078
1356011815061,-0.19068487,7.9679036,-0.8036005
1356011815081,-0.19068487,8.349273,-1.0351465
1356011815121,-0.08172209,8.894087,-1.3756552
1356011815161,-0.7218784,10.119919,-1.6889231
1356011815201,-0.53119355,10.228881,-2.0294318
1356011815240,-0.42223078,10.95076,-1.334794
1356011815281,-0.61291564,10.732834,-1.1441092
1356011815322,-1.334794,13.0619135,2.2609777
1356011815363,1.7297841,12.489859,4.7943625
1356011815410,2.152015,12.598822,3.8273177
1356011815449,2.070293,13.33432,0.5720546
1356011815479,2.070293,13.143636,0.8036005
1356011815521,0.19068487,10.841797,0.42223078
1356011815561,0.10896278,6.6331096,0.27240697
1356011815601,1.0760075,4.862464,-0.14982383
1356011815643,1.334794,5.6252036,-0.88532263
1356011815690,0.50395286,7.6954966,-2.3426998
1356011815733,0.08172209,8.812365,-4.140586
1356011815782,0.19068487,10.079058,-5.012288
1356011815831,0.38136974,11.795221,-5.8567495
1356011815873,0.46309182,9.302697,-5.7477865
1356011815910,4.1814466,14.410328,-1.3075534
1356011815954,3.759216,12.53072,0.6537767
1356011815991,-0.14982383,11.372991,0.50395286
1356011816053,-0.50395286,12.680544,1.7570249
1356011816071,0.040861044,10.732834,-0.27240697
1356011816110,1.3075534,9.234595,-1.2258313
1356011816151,1.6480621,6.932757,-0.9125633
1356011816192,-0.19068487,6.4424243,-0.42223078
1356011816232,-0.10896278,7.43671,-0.9125633
1356011816270,-0.23154591,9.343558,-2.0294318
1356011816313,-1.0760075,10.378705,-2.3699405
1356011816350,-0.88532263,9.466142,-0.7218784
1356011816390,0.10896278,10.691973,-1.4573772
1356011816431,-0.10896278,11.836082,-2.1383946
1356011816471,-1.879608,12.571581,0.08172209
1356011816512,-0.53119355,12.830367,4.7126403
1356011816550,2.9556155,12.639683,4.903325
1356011816591,3.1054392,12.912089,2.6423476
1356011816632,1.9885708,12.871228,0.53119355
1356011816673,0.6537767,11.454713,0.92618364
1356011816710,0.040861044,7.668256,0.10896278
1356011816753,0.53119355,5.366417,-0.46309182
1356011816790,0.6946377,5.284695,-1.2666923
1356011816831,0.95342433,6.851035,-1.6889231
1356011816871,0.10896278,8.158588,-3.3642259
1356011816916,0.42223078,9.343558,-5.6660647
1356011816963,0.040861044,11.304889,-5.407278
1356011817010,0.88532263,10.079058,-6.0882955
1356011817052,3.568531,14.47843,-1.525479
1356011817090,3.405087,12.340035,0.5720546
1356011817131,-0.29964766,11.536434,0.53119355
1356011817170,-0.29964766,12.639683,1.8387469
1356011817212,0.10896278,11.073342,-0.29964766
1356011817251,1.4982382,9.384419,-1.334794
1356011817292,1.4165162,6.4015636,-0.38136974
1356011817333,-0.46309182,6.510526,0.3405087
1356011817370,0.10896278,8.390134,-0.53119355
1356011817411,0.08172209,9.00305,-1.525479
1356011817450,-0.46309182,9.888372,-1.4573772
1356011817492,-0.5720546,10.56939,-0.95342433
1356011817530,-0.3405087,10.882658,-2.070293
1356011817570,-0.6946377,11.34575,-1.7570249
1356011817611,-1.6889231,13.143636,2.4108016
1356011817652,0.95342433,12.258313,5.7477865
1356011817692,3.0645783,12.680544,4.2904096
1356011817732,3.405087,13.402422,1.4165162
1356011817773,2.3426998,13.252599,0.6537767
1356011817810,-0.46309182,10.079058,0.10896278
1356011817853,0.19068487,6.3607025,0.19068487
1356011817891,0.61291564,4.903325,-0.14982383
1356011817931,0.9942854,6.1291566,-0.88532263
1356011817970,0.9942854,7.0553403,-1.8387469
1356011818011,0.27240697,8.19945,-3.718355
1356011818053,-0.14982383,9.997335,-5.09401
1356011818091,0.42223078,11.604536,-5.5571017
1356011818133,0.3405087,10.501288,-6.238119
1356011818180,0.14982383,9.615966,-5.597963
1356011818225,6.5922484,16.930092,2.4925237
1356011818262,0.10896278,9.697687,-1.0351465
1356011818301,-0.19068487,12.026767,1.920469
1356011818341,-0.7218784,12.108489,0.95342433
1356011818382,1.1441092,9.697687,-1.7570249
1356011818423,1.8387469,8.117727,-0.61291564
1356011818460,0.7218784,6.701211,-0.23154591
1356011818502,-0.14982383,7.5865335,-0.42223078
1356011818540,0.08172209,8.349273,-1.1168685
1356011818583,-0.50395286,9.80665,-2.3018389
1356011818621,-0.3405087,9.997335,-0.9125633
1356011818661,-0.29964766,10.038197,-1.3075534
1356011818700,0.08172209,10.732834,-1.8387469
1356011818741,-0.50395286,10.923519,-1.4982382
1356011818782,-1.3756552,12.789507,1.9477097
1356011818831,1.1441092,12.14935,4.5628166
1356011818873,2.982856,12.980191,3.405087
1356011818911,2.4516625,13.906375,0.53119355
1356011818951,1.2258313,12.830367,0.5720546
1356011818991,-0.10896278,8.812365,0.08172209
1356011819054,0.27240697,5.9793324,0.23154591
1356011819074,0.27240697,5.47538,-0.53119355
1356011819123,1.1168685,6.2789803,-1.2258313
1356011819160,0.38136974,7.668256,-2.1383946
1356011819204,0.38136974,8.962189,-3.9771416
1356011819241,0.3405087,10.882658,-5.134871
1356011819280,0.38136974,12.176591,-6.0474343
1356011819321,0.19068487,10.119919,-6.2789803
1356011819360,1.56634,10.228881,-6.0201936
1356011819401,4.630918,15.554437,2.2609777
1356011819442,0.42223078,9.697687,-0.8036005
1356011819483,-0.3405087,12.108489,1.1849703
1356011819521,0.040861044,11.917805,0.6537767
1356011819563,0.27240697,10.269742,-1.7297841
1356011819600,0.95342433,7.7772183,-0.5720546
1356011819641,0.8036005,6.510526,-0.040861044
1356011819681,-0.040861044,7.6954966,-0.27240697
1356011819721,0.27240697,8.390134,-1.2258313
1356011819761,-0.46309182,10.038197,-2.2609777
1356011819802,-0.3405087,9.847511,-1.1168685
1356011819842,-0.29964766,10.419566,-1.3075534
1356011819881,-0.42223078,11.141444,-1.525479
1356011819923,-1.607201,12.53072,-0.040861044
1356011819960,0.08172209,12.9529505,4.3312707
1356011820019,2.4925237,12.721405,5.434519
1356011820060,2.982856,12.680544,1.9885708
1356011820101,2.7240696,12.571581,0.6946377
1356011820141,0.040861044,11.032481,0.5720546
1356011820182,-0.0,7.3549876,-0.10896278
1356011820221,0.92618364,5.175732,-0.38136974
1356011820261,1.0760075,5.175732,-1.1168685
1356011820302,0.42223078,6.891896,-1.9885708
1356011820341,0.14982383,8.19945,-3.759216
1356011820393,0.19068487,9.888372,-5.202973
1356011820441,0.61291564,12.108489,-5.243834
1356011820481,0.14982383,9.765789,-5.6660647
1356011820533,2.7921712,11.563675,-4.944186
1356011820572,2.8330324,11.645397,0.6537767
1356011820613,0.3405087,11.645397,-0.61291564
1356011820650,-0.29964766,12.571581,1.6889231
1356011820693,-0.0,10.882658,-0.46309182
1356011820731,0.6946377,9.956474,-1.879608
1356011820771,1.1168685,7.504812,-0.29964766
1356011820811,0.08172209,6.66035,-0.14982383
1356011820851,-0.08172209,7.082581,-0.27240697
1356011820891,-0.14982383,8.662541,-1.2666923
1356011820932,-0.29964766,10.079058,-1.8387469
1356011820973,-0.84446156,10.119919,-1.56634
1356011821011,-0.8036005,10.760075,-1.9477097
1356011821074,-0.7218784,10.991621,-1.7570249
1356011821092,-1.4573772,12.871228,0.8036005
1356011821131,1.1441092,13.0619135,4.2086873
1356011821170,2.7649305,12.680544,4.099725
1356011821212,2.3426998,13.375181,1.0351465
1356011821251,2.4108016,13.375181,0.84446156
1356011821290,0.3405087,10.800936,0.38136974
1356011821331,0.14982383,7.246025,0.10896278
1356011821372,0.92618364,5.284695,0.08172209
1356011821414,1.1849703,5.325556,-1.0760075
1356011821450,0.50395286,6.932757,-1.9477097
1356011821493,0.10896278,7.9270425,-3.0645783
1356011821541,-0.27240697,9.80665,-5.366417
1356011821580,0.42223078,11.686258,-6.0474343
1356011821609,-0.10896278,10.460427,-6.3198414
1356011821651,-0.53119355,8.62168,-5.09401
1356011821691,4.944186,14.818938,-0.5720546
1356011821735,2.7921712,12.026767,-0.23154591
1356011821782,-0.19068487,11.958665,0.38136974
1356011821823,-0.42223078,12.176591,0.61291564
1356011821861,0.50395286,10.61025,-1.1168685
1356011821901,2.3018389,8.349273,-0.50395286
1356011821940,0.92618364,7.082581,-0.3405087
1356011821981,-0.10896278,7.5865335,-0.6946377
1356011822023,-0.38136974,7.8180795,-0.88532263
1356011822073,-0.46309182,9.384419,-1.6480621
1356011822114,-0.46309182,9.724928,-1.920469
1356011822151,-0.84446156,10.147159,-1.2258313
1356011822192,-0.14982383,10.800936,-1.6889231
1356011822230,-0.27240697,10.991621,-2.1111538
1356011822271,-2.2609777,12.026767,0.14982383
1356011822311,0.7218784,11.876944,3.718355
1356011822352,2.3018389,12.639683,3.759216
1356011822392,2.3018389,14.137921,0.92618364
1356011822430,2.3426998,14.09706,0.6537767
1356011822473,0.14982383,10.841797,0.61291564
1356011822510,0.61291564,7.3549876,-0.46309182
1356011822552,0.6946377,5.434519,-0.38136974
1356011822602,1.1168685,5.2165933,-0.7627395
1356011822641,0.46309182,6.66035,-1.8387469
1356011822682,0.38136974,8.349273,-3.6774938
1356011822722,0.313268,9.847511,-4.7535014
1356011822763,0.10896278,11.727119,-5.706926
1356011822800,-0.14982383,10.991621,-6.6331096
1356011822844,1.4165162,10.419566,-5.47538
1356011822881,3.8273177,15.431854,0.040861044
1356011822921,1.6889231,9.112013,-0.88532263
1356011822960,-0.42223078,12.4489975,1.1441092
1356011823001,-0.08172209,11.958665,1.334794
1356011823041,0.46309182,10.691973,-1.3756552
1356011823082,2.070293,8.240311,-1.0760075
1356011823123,0.92618364,6.6331096,-0.29964766
1356011823161,-0.42223078,6.742072,-0.29964766
1356011823203,-0.19068487,7.7772183,-0.46309182
1356011823240,-0.27240697,10.038197,-1.9477097
1356011823280,-0.46309182,9.697687,-2.3426998
1356011823321,-1.1849703,9.534244,-0.61291564
1356011823361,-0.14982383,11.223166,-1.6480621
1356011823401,-0.7218784,11.454713,-1.4573772
1356011823442,-1.4165162,13.633968,3.173541
1356011823481,1.920469,13.211738,5.012288
1356011823522,2.5333846,12.721405,4.099725
1356011823563,3.0645783,13.252599,1.2258313
1356011823600,2.152015,13.184497,0.27240697
1356011823644,-0.61291564,10.269742,0.3405087
1356011823680,-0.040861044,6.3607025,0.42223078
1356011823720,1.0760075,4.671779,0.14982383
1356011823761,1.3756552,4.9850473,-1.1168685
1356011823802,0.5720546,7.1234417,-2.4925237
1356011823841,-0.14982383,8.390134,-3.8681788
1356011823882,-0.23154591,9.847511,-5.7477865
1356011823923,0.46309182,11.304889,-5.243834
1356011823961,0.42223078,10.147159,-6.3198414
1356011824003,0.92618364,9.724928,-6.66035
1356011824040,4.630918,16.507862,2.4516625
1356011824083,2.0294318,10.419566,-0.46309182
1356011824120,-0.50395286,11.917805,1.0760075
1356011824160,-0.3405087,12.489859,1.6889231
1356011824201,0.50395286,11.372991,-1.879608
1356011824242,1.607201,8.580819,-1.1849703
1356011824281,0.9942854,6.238119,-0.14982383
1356011824322,-0.53119355,6.66035,0.040861044
1356011824361,-0.08172209,7.8861814,-0.7218784
1356011824400,-0.10896278,9.615966,-2.0294318
1356011824443,-0.3405087,10.310603,-1.0760075
1356011824480,-0.61291564,10.310603,-1.4165162
1356011824523,-0.46309182,10.651112,-2.0294318
1356011824560,-0.84446156,10.61025,-2.070293
1356011824601,-1.607201,12.340035,1.6480621
1356011824651,0.8036005,11.876944,5.407278
1356011824692,3.990762,13.211738,4.2904096
1356011824733,2.8330324,14.09706,0.95342433
1356011824780,1.56634,12.912089,0.50395286
1356011824821,-0.3405087,8.471856,0.10896278
1356011824861,0.10896278,5.5162406,0.08172209
1356011824901,0.6946377,5.09401,-0.7627395
