1356011982761,0.10896278,10.147159,0.19068487
1356011982800,0.040861044,10.460427,-0.0
1356011982841,0.14982383,10.079058,-0.29964766
1356011982880,0.27240697,9.956474,0.42223078
1356011982922,0.10896278,10.038197,0.42223078
1356011982961,0.10896278,9.956474,0.313268
1356011983000,-0.0,10.038197,0.08172209
1356011983041,-0.10896278,10.228881,0.50395286
1356011983081,-0.3405087,10.337844,0.5720546
1356011983120,-0.27240697,10.18802,0.42223078
1356011983161,-0.27240697,9.956474,0.7218784
1356011983202,0.08172209,9.507003,1.1849703
1356011983240,0.040861044,9.997335,1.1849703
1356011983280,-0.040861044,9.997335,1.1168685
1356011983322,-0.27240697,10.18802,1.334794
1356011983360,0.14982383,9.80665,0.8036005
1356011983401,0.08172209,10.119919,0.7627395
1356011983440,0.27240697,9.997335,1.1441092
1356011983480,0.7627395,10.038197,0.6537767
1356011983520,1.1168685,10.310603,0.50395286
1356011983560,1.1849703,10.18802,0.7218784
1356011983600,0.95342433,10.119919,0.46309182
1356011983640,0.61291564,9.697687,0.5720546
1356011983690,0.92618364,9.915613,0.53119355
1356011983721,0.95342433,9.724928,0.46309182
1356011983761,1.1441092,9.656827,0.46309182
1356011983800,1.1168685,9.697687,0.53119355
1356011983830,0.9942854,9.888372,0.53119355
1356011983860,1.0351465,9.888372,0.53119355
1356011983900,1.334794,9.888372,-0.0
1356011983940,1.0351465,10.501288,0.10896278
1356011983981,1.3756552,10.841797,0.88532263
1356011984020,1.9885708,10.651112,1.1168685
1356011984060,2.070293,10.991621,0.27240697
1356011984100,0.6537767,11.454713,-1.9885708
1356011984140,-1.2258313,12.026767,-3.8681788
1356011984181,-1.607201,12.258313,-2.1383946
1356011984220,-1.4982382,12.489859,-0.19068487
1356011984261,-1.0760075,12.598822,0.19068487
1356011984300,0.313268,10.337844,0.08172209
1356011984340,-0.10896278,7.6954966,-0.0
1356011984380,-0.6946377,6.6331096,0.38136974
1356011984420,-0.50395286,6.469665,1.3075534
1356011984460,-0.08172209,7.0553403,1.7297841
1356011984500,-0.10896278,7.7772183,3.2961242
1356011984540,0.08172209,8.812365,5.012288
1356011984580,0.27240697,9.956474,5.7477865
1356011984620,-0.19068487,10.337844,5.7886477
1356011984689,-2.3699405,13.525005,5.284695
1356011984702,-1.7978859,10.841797,2.3426998
1356011984740,0.040861044,12.258313,0.23154591
1356011984780,0.23154591,12.4489975,-1.4982382
1356011984820,0.6537767,10.882658,-0.38136974
1356011984860,-0.9125633,9.425281,0.8036005
1356011984900,-0.040861044,8.580819,0.6946377
1356011984940,0.27240697,7.6954966,-0.50395286
1356011984981,0.27240697,7.3549876,-0.10896278
1356011985020,0.3405087,8.390134,1.1441092
1356011985060,1.2666923,9.384419,1.0760075
1356011985100,1.0351465,10.147159,1.3075534
1356011985140,1.334794,10.760075,1.0351465
1356011985180,0.7218784,11.073342,1.334794
1356011985220,1.607201,11.75436,-0.50395286
1356011985260,0.040861044,12.571581,-4.4810944
1356011985300,-2.7240696,13.633968,-4.099725
1356011985340,-1.9477097,14.015338,-2.070293
1356011985381,-1.6480621,13.824653,-0.7218784
1356011985421,-0.0,11.304889,-0.19068487
1356011985460,0.14982383,8.008764,-0.14982383
1356011985500,-0.6946377,5.5162406,-0.8036005
1356011985540,-0.9942854,4.140586,0.14982383
1356011985580,0.19068487,6.2108784,1.6889231
1356011985620,0.6537767,8.349273,2.982856
1356011985688,0.19068487,9.466142,4.630918
1356011985702,-0.23154591,10.95076,5.8976107
1356011985740,0.50395286,10.651112,7.0553403
1356011985780,-0.5720546,10.460427,5.597963
1356011985821,-2.1792557,15.704261,-0.0
1356011985860,-1.2666923,9.575105,0.08172209
1356011985900,0.8036005,12.789507,-1.4982382
1356011985940,0.10896278,11.727119,-1.0760075
1356011985980,0.27240697,9.956474,0.88532263
1356011986020,-1.1441092,8.580819,0.6946377
1356011986060,-0.040861044,7.205164,-0.040861044
1356011986100,0.8036005,6.66035,-0.14982383
1356011986140,0.9942854,7.8180795,1.1441092
1356011986180,0.92618364,9.615966,1.4573772
1356011986210,0.7627395,9.724928,0.53119355
1356011986250,1.0760075,10.732834,1.0351465
1356011986290,1.3075534,11.536434,1.7978859
1356011986330,1.920469,10.923519,0.9942854
1356011986371,2.3018389,12.489859,-3.173541
1356011986411,-1.7570249,12.639683,-5.5162406
1356011986451,-3.759216,13.633968,-4.1814466
1356011986491,-2.3426998,14.1787815,-1.1168685
1356011986531,-0.6946377,13.184497,-0.5720546
1356011986571,-0.0,8.662541,-0.23154591
1356011986611,-0.27240697,6.2789803,-0.040861044
1356011986650,-0.50395286,4.671779,0.23154591
1356011986690,-0.61291564,4.8216033,0.53119355
1356011986720,-0.14982383,6.469665,1.4165162
1356011986761,0.50395286,8.430995,3.718355
1356011986800,0.27240697,10.56939,4.8216033
1356011986841,-0.19068487,11.75436,6.0201936
1356011986880,-0.29964766,10.419566,6.0474343
1356011986921,-1.7297841,15.4046135,3.255263
1356011986961,-1.7978859,10.18802,-0.27240697
1356011987000,1.1849703,12.408136,-0.7627395
1356011987041,0.10896278,12.067628,-1.7978859
1356011987080,-0.040861044,10.460427,1.1849703
1356011987120,-0.50395286,8.281172,0.7627395
1356011987161,-0.08172209,6.782933,-0.19068487
1356011987200,0.27240697,6.5922484,-0.38136974
1356011987241,0.38136974,7.273266,0.7627395
1356011987281,0.84446156,9.915613,1.0760075
1356011987321,1.0351465,9.915613,0.6537767
1356011987361,0.8036005,10.528529,1.0351465
1356011987401,1.2258313,11.223166,1.607201
1356011987440,1.920469,11.372991,0.8036005
1356011987481,1.4573772,12.9529505,-3.445948
1356011987521,-2.0294318,13.021052,-5.5571017
1356011987560,-3.214402,13.443283,-3.5276701
1356011987601,-2.6832085,13.565866,-1.0351465
1356011987641,-1.0351465,13.143636,-0.46309182
1356011987690,0.6946377,9.152874,-0.0
1356011987721,-0.42223078,6.5922484,0.10896278
1356011987761,-0.6946377,4.6036777,-0.040861044
1356011987801,-0.7627395,4.903325,0.88532263
1356011987840,0.08172209,7.1234417,2.1111538
1356011987881,0.9942854,8.390134,4.0180025
1356011987921,0.7627395,10.228881,6.2789803
1356011987961,-0.14982383,11.114203,5.8976107
1356011988001,1.4165162,9.343558,6.238119
1356011988040,-4.2086873,15.935807,0.23154591
1356011988081,-1.56634,12.571581,-0.6946377
1356011988121,1.2258313,12.367276,-0.88532263
1356011988160,-0.10896278,13.211738,-0.6537767
1356011988201,-0.3405087,10.732834,0.6946377
1356011988241,-1.56634,7.8589406,0.7218784
1356011988281,-0.0,5.9793324,0.42223078
1356011988321,0.53119355,6.0474343,0.08172209
1356011988361,0.46309182,8.049625,0.95342433
1356011988401,0.6946377,9.534244,1.6480621
1356011988441,1.607201,9.765789,0.7218784
1356011988480,0.95342433,10.419566,0.84446156
1356011988521,0.92618364,11.454713,1.4165162
1356011988561,1.3075534,11.645397,1.1441092
1356011988601,1.6480621,12.217452,-2.2609777
1356011988641,-1.1168685,11.917805,-5.366417
1356011988689,-3.1054392,13.593107,-4.372132
1356011988721,-2.4516625,14.2877445,-1.334794
1356011988761,-1.2666923,13.443283,-0.7218784
1356011988801,0.10896278,9.888372,-0.19068487
1356011988840,-0.08172209,6.2789803,-0.08172209
1356011988881,-0.14982383,4.7943625,0.23154591
1356011988921,-0.6946377,4.5628166,0.6946377
1356011988961,-0.08172209,7.014479,1.9885708
1356011989001,0.84446156,8.771504,4.2495484
1356011989041,0.3405087,10.310603,5.8976107
1356011989081,0.50395286,11.372991,6.3198414
1356011989121,0.84446156,8.962189,6.2108784
1356011989160,-2.4108016,15.091345,2.1111538
1356011989201,-2.9556155,12.258313,-1.607201
1356011989241,0.95342433,12.598822,-0.19068487
1356011989281,0.38136974,12.789507,-1.56634
1356011989321,-0.46309182,11.264028,1.56634
1356011989361,-0.6537767,8.281172,-0.040861044
1356011989401,-0.61291564,6.1700177,-0.08172209
1356011989441,0.42223078,6.4015636,-0.23154591
1356011989481,0.5720546,7.5865335,0.53119355
1356011989521,0.53119355,9.466142,1.2258313
1356011989561,0.95342433,9.915613,1.1441092
1356011989601,1.334794,10.800936,1.4982382
1356011989641,0.92618364,11.032481,1.3756552
1356011989690,2.2201166,12.258313,0.08172209
1356011989721,0.53119355,12.9529505,-4.0180025
1356011989761,-2.8330324,13.143636,-4.9850473
1356011989801,-3.1463003,14.328606,-2.3699405
1356011989841,-2.3426998,14.015338,-0.5720546
1356011989881,-0.23154591,11.604536,-0.61291564
1356011989921,0.08172209,7.3141265,-0.08172209
1356011989960,-0.29964766,4.6036777,-0.23154591
1356011990001,-0.6537767,4.3312707,0.5720546
1356011990041,-0.29964766,6.742072,2.0294318
1356011990081,0.5720546,8.471856,4.099725
1356011990120,0.6537767,9.765789,5.6252036
1356011990171,0.10896278,11.876944,5.8976107
1356011990210,-0.19068487,8.689782,5.829509
1356011990251,-3.6774938,15.431854,1.2666923
1356011990291,-1.4165162,12.026767,-0.61291564
1356011990331,1.56634,13.021052,-0.6537767
1356011990371,0.23154591,11.958665,-0.88532263
1356011990411,0.08172209,10.732834,1.1168685
1356011990451,-0.9125633,7.7772183,0.61291564
1356011990491,-0.19068487,5.9793324,-0.61291564
1356011990531,0.38136974,6.8237944,-0.10896278
1356011990571,0.3405087,7.9679036,0.6537767
1356011990611,0.95342433,9.507003,1.334794
1356011990651,1.2258313,10.337844,1.2666923
1356011990700,1.3075534,11.223166,1.607201
1356011990731,1.0760075,11.223166,1.7297841
1356011990770,1.56634,11.264028,0.19068487
1356011990811,0.7218784,12.489859,-4.2904096
1356011990851,-2.5333846,12.871228,-5.053149
1356011990891,-3.0237172,13.797412,-3.2961242
1356011990931,-2.4108016,14.015338,-1.0351465
1356011990971,-0.6537767,12.026767,-0.46309182
1356011991010,-0.29964766,8.308413,0.38136974
1356011991051,0.61291564,5.6252036,0.23154591
1356011991091,-0.46309182,4.399372,0.50395286
1356011991131,-0.5720546,5.325556,1.0351465
1356011991171,-0.0,7.5456724,2.7649305
1356011991211,0.46309182,9.466142,4.862464
1356011991251,0.19068487,11.141444,5.434519
1356011991291,0.6537767,11.032481,6.5922484
1356011991331,-2.0294318,15.023244,4.671779
1356011991371,-2.3699405,10.269742,0.14982383
1356011991410,0.10896278,12.299174,-0.6537767
1356011991451,0.46309182,13.33432,-2.2201166
1356011991491,-0.3405087,10.841797,0.88532263
1356011991531,-0.6946377,8.962189,1.1168685
1356011991571,-0.08172209,7.082581,0.10896278
1356011991610,0.23154591,6.1700177,-0.14982383
1356011991651,0.10896278,6.891896,0.42223078
1356011991692,0.7218784,8.921328,1.2258313
1356011991730,0.14982383,9.888372,0.3405087
1356011991770,1.1849703,10.378705,1.2258313
1356011991810,0.9942854,11.645397,1.4982382
1356011991851,1.7570249,11.495573,0.92618364
1356011991891,1.6480621,13.143636,-2.6014864
1356011991931,-1.525479,12.721405,-4.903325
1356011991971,-3.0645783,12.598822,-4.2904096
1356011992011,-2.7921712,13.143636,-1.2666923
1356011992051,-1.3075534,13.293459,-0.46309182
1356011992091,0.46309182,9.575105,-0.19068487
1356011992131,-0.6946377,6.891896,0.040861044
1356011992171,-0.42223078,4.862464,-0.040861044
1356011992211,-0.46309182,5.2165933,0.6537767
1356011992251,-0.27240697,6.932757,2.070293
1356011992291,0.5720546,8.430995,4.2904096
1356011992331,0.5720546,10.228881,5.434519
1356011992371,0.040861044,11.372991,5.8976107
1356011992411,-0.27240697,8.962189,5.5571017
1356011992451,-2.6423476,13.252599,4.1814466
1356011992491,-2.2609777,13.565866,-1.607201
1356011992531,0.50395286,11.876944,0.50395286
1356011992571,0.5720546,12.789507,-1.6480621
1356011992611,0.313268,11.114203,0.53119355
1356011992650,-0.42223078,9.234595,0.84446156
1356011992692,-0.9125633,7.1234417,0.08172209
1356011992731,0.313268,6.5513873,-0.29964766
1356011992770,0.42223078,7.3549876,0.6946377
1356011992810,0.88532263,8.771504,1.2666923
1356011992851,0.95342433,9.765789,1.4165162
1356011992891,0.6537767,10.038197,1.0351465
1356011992930,0.38136974,10.882658,1.5390993
1356011992971,1.2666923,11.032481,1.56634
1356011993010,1.7570249,12.14935,-0.8036005
1356011993051,-0.14982383,12.340035,-4.8216033
1356011993091,-3.445948,13.484144,-4.372132
1356011993131,-3.0645783,14.328606,-1.3756552
1356011993171,-1.56634,13.988097,-0.38136974
1356011993210,0.23154591,10.460427,-0.10896278
1356011993251,0.040861044,6.8237944,-0.10896278
1356011993290,-0.3405087,4.9850473,-0.19068487
1356011993330,-1.0351465,4.5628166,0.313268
1356011993371,-0.5720546,6.932757,1.9885708
1356011993411,0.313268,8.539958,3.7864566
1356011993451,0.23154591,9.466142,4.140586
1356011993491,-0.53119355,11.141444,6.1291566
1356011993530,0.53119355,10.310603,6.4424243
1356011993571,-1.1168685,11.114203,5.243834
1356011993611,-3.336985,15.241169,0.61291564
1356011993651,-0.3405087,10.61025,-0.50395286
1356011993693,0.5720546,12.912089,-1.3075534
1356011993730,0.08172209,11.727119,-0.84446156
1356011993770,-0.7218784,10.147159,1.3756552
1356011993811,-0.9125633,7.3549876,0.3405087
1356011993851,-0.08172209,6.3607025,-0.19068487
1356011993891,0.46309182,6.891896,-0.08172209
1356011993930,0.6537767,8.281172,0.53119355
1356011993971,0.8036005,9.888372,1.8387469
1356011994011,0.8036005,10.119919,0.84446156
1356011994051,0.50395286,10.95076,0.95342433
1356011994091,0.6946377,11.223166,1.7570249
1356011994130,2.3699405,11.372991,0.50395286
1356011994171,0.08172209,12.489859,-3.6774938
1356011994210,-1.6889231,12.762266,-4.399372
1356011994251,-3.255263,14.09706,-2.4108016
1356011994291,-2.9147544,14.137921,-0.38136974
1356011994330,-0.46309182,12.4489975,-0.14982383
1356011994371,0.19068487,7.8180795,0.14982383
1356011994411,-0.19068487,5.938472,-0.29964766
1356011994451,-0.6946377,4.5628166,0.19068487
1356011994490,-0.9942854,5.012288,0.7627395
1356011994530,-0.10896278,7.5456724,2.6423476
1356011994571,0.7627395,9.275456,4.140586
1356011994611,-0.53119355,10.691973,5.134871
1356011994651,0.7627395,10.61025,6.66035
1356011994692,0.53119355,8.430995,5.366417
1356011994730,-1.4573772,11.645397,5.175732
1356011994770,-4.2086873,16.589584,-2.2201166
1356011994810,1.0760075,11.836082,1.3075534
1356011994851,0.27240697,12.4489975,-1.0351465
1356011994891,-0.19068487,11.536434,0.42223078
1356011994930,-0.5720546,9.80665,1.4165162
1356011994971,-1.4982382,7.014479,0.6537767
1356011995011,0.313268,6.2108784,0.14982383
1356011995051,0.7627395,6.4424243,0.53119355
1356011995091,0.46309182,8.921328,1.3075534
1356011995130,0.42223078,10.079058,1.4165162
1356011995171,1.0351465,9.915613,0.84446156
1356011995210,0.8036005,10.419566,1.5390993
1356011995251,0.7218784,11.454713,1.5390993
1356011995291,2.4925237,12.176591,-0.19068487
1356011995330,0.50395286,12.762266,-4.8216033
1356011995371,-3.445948,12.489859,-5.434519
1356011995411,-3.568531,13.565866,-3.214402
1356011995451,-2.4516625,13.797412,-0.88532263
1356011995491,-0.50395286,11.876944,-0.9942854
1356011995531,-0.0,7.9270425,-0.19068487
1356011995571,-0.040861044,5.325556,0.23154591
1356011995611,-0.42223078,5.053149,0.50395286
1356011995651,-0.61291564,6.0882955,1.1849703
1356011995692,0.313268,8.049625,3.3778462
1356011995731,0.3405087,9.275456,4.944186
1356011995771,0.10896278,11.032481,5.053149
1356011995811,-0.19068487,10.841797,5.7477865
1356011995851,-1.8387469,11.985906,5.5162406
1356011995890,-3.255263,13.865514,0.040861044
1356011995931,-0.61291564,10.95076,-0.08172209
1356011995971,0.84446156,12.980191,-1.7297841
1356011996011,0.08172209,11.223166,-0.29964766
1356011996051,-0.50395286,10.310603,1.1849703
1356011996091,-0.9125633,7.504812,0.27240697
1356011996131,-0.040861044,6.782933,-0.61291564
1356011996171,0.19068487,6.701211,-0.6946377
1356011996210,0.38136974,8.390134,0.9942854
1356011996251,1.0760075,9.697687,1.3756552
1356011996291,0.88532263,10.119919,1.607201
1356011996331,0.88532263,11.032481,1.879608
1356011996371,1.0351465,11.413852,1.334794
1356011996411,1.6480621,11.958665,-0.7627395
1356011996451,-0.040861044,11.645397,-5.5162406
1356011996490,-4.0588636,13.947236,-5.325556
1356011996531,-3.718355,14.669114,-2.2201166
1356011996570,-1.2666923,13.865514,-0.42223078
1356011996611,0.92618364,10.419566,-0.3405087
1356011996650,0.5720546,7.082581,-0.19068487
1356011996691,-0.23154591,5.012288,0.23154591
1356011996731,-0.9942854,4.7535014,0.53119355
1356011996771,-0.10896278,6.469665,1.4165162
1356011996810,0.27240697,8.390134,3.0237172
1356011996851,0.040861044,9.534244,4.2086873
1356011996891,-0.7218784,10.691973,4.671779
1356011996931,0.9942854,10.56939,6.0474343
1356011996970,-0.38136974,10.079058,5.829509
1356011997011,-3.173541,15.826844,2.7240696
1356011997051,-2.5333846,10.882658,-0.88532263
1356011997091,0.50395286,12.980191,-0.9942854
1356011997130,-0.0,12.217452,-1.879608
1356011997171,-0.0,9.997335,0.88532263
1356011997210,-0.95342433,8.962189,0.88532263
1356011997251,-0.53119355,7.014479,0.27240697
1356011997291,0.42223078,6.932757,-0.3405087
1356011997330,0.46309182,7.668256,0.6537767
1356011997371,0.7627395,9.112013,1.2666923
1356011997411,0.8036005,9.656827,0.9942854
1356011997451,0.8036005,10.501288,1.2258313
1356011997491,0.7627395,10.800936,1.2666923
1356011997531,1.0351465,10.651112,1.2666923
1356011997571,1.7297841,12.176591,-2.2609777
1356011997610,-1.1849703,12.108489,-5.434519
1356011997650,-3.568531,13.6748295,-4.903325
1356011997692,-2.7240696,14.246883,-1.1849703
1356011997730,-2.0294318,14.206022,-0.84446156
1356011997770,0.10896278,10.419566,0.040861044
1356011997811,-0.14982383,6.5922484,-0.14982383
1356011997850,-0.38136974,4.903325,-0.27240697
1356011997891,-0.7218784,5.012288,0.38136974
1356011997930,-0.53119355,6.5513873,1.5390993
1356011997971,0.313268,8.539958,3.636633
1356011998011,0.3405087,9.888372,4.7943625
1356011998050,-0.50395286,11.604536,5.706926
1356011998091,0.10896278,9.888372,5.938472
1356011998131,-2.2609777,13.947236,4.1814466
1356011998171,-2.8738933,12.340035,-1.4165162
1356011998211,-0.08172209,11.536434,-0.38136974
1356011998250,0.14982383,12.9529505,-2.070293
1356011998291,-0.040861044,11.34575,0.61291564
1356011998330,-0.6537767,9.697687,0.8036005
1356011998370,-1.2258313,6.8237944,-0.040861044
1356011998411,0.08172209,6.469665,-0.46309182
1356011998450,0.42223078,6.932757,0.313268
1356011998491,1.0351465,8.853226,1.1441092
1356011998530,0.50395286,10.119919,1.4165162
1356011998571,0.8036005,9.956474,0.84446156
1356011998611,0.3405087,11.032481,1.3756552
1356011998650,0.46309182,11.114203,1.4165162
1356011998690,1.9885708,11.795221,-1.0760075
1356011998730,-0.0,11.958665,-5.053149
1356011998771,-3.636633,13.565866,-4.9850473
1356011998811,-3.1054392,14.09706,-2.3018389
1356011998850,-2.5606253,14.246883,-0.7218784
1356011998891,-0.23154591,11.958665,-0.42223078
1356011998931,0.10896278,7.8180795,0.14982383
1356011998971,-0.42223078,5.134871,0.040861044
1356011999011,-0.88532263,4.399372,0.08172209
1356011999050,-0.84446156,5.6660647,0.88532263
1356011999091,0.10896278,7.668256,3.0645783
1356011999130,0.53119355,9.915613,4.7943625
1356011999171,-0.29964766,11.454713,5.407278
1356011999210,0.14982383,10.079058,6.3607025
1356011999251,-1.1168685,11.182305,5.2165933
1356011999291,-4.440233,14.7916975,-1.3756552
1356011999330,-0.27240697,10.732834,0.42223078
1356011999371,0.53119355,13.402422,-1.607201
1356011999411,0.040861044,11.34575,-0.6537767
1356011999450,-0.8036005,9.888372,1.0351465
1356011999491,-1.1849703,7.7363577,0.7627395
1356011999531,-0.23154591,6.0201936,-0.14982383
1356011999571,0.50395286,6.701211,-0.08172209
1356011999611,0.6537767,8.076866,1.56634
1356011999650,1.0760075,10.079058,2.1111538
1356011999691,1.1441092,9.888372,0.38136974
1356011999731,0.6537767,10.651112,0.84446156
1356011999771,0.84446156,11.727119,1.4982382
1356011999811,1.7978859,12.830367,-0.8036005
1356011999850,-0.5720546,12.871228,-4.399372
1356011999891,-3.0645783,12.680544,-5.175732
1356011999931,-3.0645783,13.443283,-2.3699405
1356011999971,-2.9556155,13.756551,-0.9125633
1356012000012,-0.27240697,11.917805,-0.38136974
1356012000051,0.38136974,7.8589406,-0.19068487
1356012000091,-0.46309182,4.7535014,-0.38136974
1356012000131,-0.88532263,4.0588636,0.27240697
1356012000171,-0.6537767,6.0201936,1.1441092
1356012000211,0.14982383,8.117727,3.336985
1356012000250,0.50395286,9.724928,5.09401
1356012000291,-0.14982383,11.34575,5.5162406
1356012000331,0.040861044,10.56939,6.469665
1356012000371,-1.4165162,11.372991,5.134871
1356012000411,-4.372132,15.173067,-1.3756552
1356012000450,-0.38136974,10.61025,0.10896278
1356012000491,0.46309182,12.9529505,-1.334794
1356012000530,-0.08172209,11.563675,-0.61291564
1356012000570,-0.9125633,9.997335,1.2666923
1356012000611,-1.1849703,7.3549876,0.3405087
1356012000651,-0.29964766,5.9793324,-0.53119355
1356012000691,0.27240697,6.782933,-0.23154591
1356012000731,0.46309182,8.349273,0.95342433
1356012000771,0.7218784,10.119919,1.4165162
1356012000811,0.92618364,10.119919,0.6946377
1356012000851,0.6946377,10.56939,1.4573772
1356012000891,0.6537767,11.182305,1.6480621
1356012000931,1.5390993,11.304889,0.27240697
1356012000971,0.61291564,12.408136,-3.8273177
1356012001011,-2.9556155,12.680544,-5.243834
1356012001051,-3.255263,14.206022,-3.255263
1356012001091,-2.8330324,14.056199,-0.84446156
1356012001131,-0.27240697,11.836082,-0.29964766
1356012001170,0.3405087,7.8589406,-0.19068487
1356012001211,-0.10896278,5.5571017,-0.040861044
1356012001250,-0.7218784,5.175732,0.6537767
1356012001291,-0.88532263,6.1291566,0.92618364
1356012001331,-0.14982383,7.3958488,2.152015
1356012001371,-0.040861044,8.921328,4.399372
1356012001411,-0.23154591,10.732834,5.5162406
1356012001450,0.040861044,11.223166,6.2789803
1356012001491,0.14982383,10.378705,6.2789803
1356012001531,-3.405087,16.970953,0.313268
1356012001571,-2.7513103,10.501288,-0.50395286
1356012001611,0.3405087,12.871228,-1.1441092
1356012001650,-0.3405087,12.340035,-1.334794
1356012001691,-0.0,10.337844,1.1168685
1356012001731,-1.1849703,8.158588,0.61291564
1356012001771,-0.8036005,6.5513873,-0.040861044
1356012001810,-0.040861044,6.973618,-0.29964766
1356012001851,-0.0,7.3958488,1.0760075
1356012001891,0.92618364,9.234595,1.3756552
1356012001931,0.50395286,9.847511,1.1441092
1356012001971,0.88532263,9.656827,0.9942854
1356012002011,0.42223078,10.841797,1.607201
1356012002050,0.42223078,10.95076,1.6480621
1356012002091,1.334794,11.75436,-0.42223078
1356012002130,0.19068487,12.217452,-4.630918
1356012002171,-2.9147544,13.184497,-5.366417
1356012002210,-3.9499009,14.206022,-3.214402
1356012002251,-2.7921712,14.015338,-1.0351465
1356012002291,-0.10896278,11.372991,-0.23154591
1356012002331,0.3405087,7.7363577,-0.08172209
1356012002370,0.19068487,5.5162406,-0.040861044
1356012002411,-0.38136974,4.862464,0.5720546
1356012002451,-0.9125633,5.6660647,0.9942854
1356012002491,-0.08172209,7.9679036,2.7649305
1356012002530,0.14982383,9.384419,4.7943625
1356012002570,-0.27240697,10.61025,5.2165933
1356012002611,0.19068487,10.732834,5.7477865
1356012002651,-1.56634,12.258313,5.6252036
1356012002692,-2.3699405,14.246883,1.8387469
1356012002731,-2.2201166,9.343558,0.3405087
1356012002770,0.040861044,13.906375,-1.6889231
1356012002810,0.14982383,11.985906,-0.8036005
1356012002851,-0.23154591,9.302697,1.1441092
1356012002891,-0.6537767,8.240311,0.88532263
1356012002931,-0.14982383,7.082581,-0.19068487
1356012002970,0.5720546,7.3549876,-0.23154591
1356012003011,0.040861044,7.7363577,0.6537767
1356012003051,0.42223078,9.00305,0.6946377
1356012003091,0.53119355,10.079058,0.95342433
1356012003131,0.6946377,10.691973,1.4982382
1356012003170,0.8036005,11.223166,1.920469
1356012003211,0.95342433,10.882658,1.4573772
1356012003250,1.5390993,12.340035,-2.5333846
1356012003291,-1.1168685,12.108489,-6.0201936
1356012003331,-4.0588636,13.633968,-4.7535014
1356012003370,-3.0645783,14.09706,-1.7978859
1356012003411,-1.1849703,13.33432,-0.6946377
1356012003451,0.6537767,9.80665,-0.3405087
1356012003491,-0.23154591,6.4015636,-0.42223078
1356012003531,-0.42223078,4.372132,-0.19068487
1356012003570,-0.84446156,4.7943625,0.50395286
1356012003611,-0.38136974,6.932757,1.7978859
1356012003650,0.19068487,8.430995,3.718355
1356012003691,-0.42223078,9.847511,5.284695
1356012003731,-0.46309182,11.264028,5.134871
1356012003770,-0.08172209,10.269742,6.0882955
1356012003811,-1.9477097,12.14935,6.1700177
1356012003851,-2.070293,13.988097,1.56634
1356012003891,-2.2201166,11.032481,-0.08172209
1356012003931,0.23154591,13.184497,-0.9942854
1356012003970,0.27240697,11.264028,-1.1441092
1356012004011,-0.8036005,9.275456,0.84446156
1356012004051,-1.334794,8.158588,1.0760075
1356012004091,-0.38136974,6.469665,0.040861044
1356012004131,0.42223078,6.742072,0.14982383
1356012004170,0.46309182,8.19945,1.5390993
1356012004211,0.6946377,10.038197,1.2666923
1356012004251,0.7218784,9.575105,1.1441092
1356012004291,0.53119355,10.923519,0.6946377
1356012004331,0.53119355,11.604536,1.4165162
1356012004370,2.1111538,11.413852,0.6537767
1356012004411,0.92618364,12.176591,-3.636633
1356012004451,-2.4925237,12.639683,-5.366417
1356012004491,-4.7535014,14.750836,-2.5333846
1356012004531,-2.0294318,14.669114,-0.27240697
1356012004570,0.08172209,11.876944,-0.8036005
1356012004610,-0.6537767,7.273266,-0.08172209
1356012004651,-1.1168685,5.2165933,-0.38136974
1356012004691,-0.46309182,4.399372,0.313268
1356012004731,-0.42223078,5.5162406,1.0351465
1356012004770,-0.14982383,7.43671,2.7921712
1356012004811,0.53119355,9.043911,4.862464
1356012004851,-0.0,10.882658,4.944186
1356012004891,0.313268,10.991621,6.66035
1356012004931,0.3405087,8.008764,5.5162406
1356012004971,-5.053149,15.28203,0.9942854
1356012005021,-0.8036005,12.489859,-1.6480621
1356012005061,0.23154591,12.571581,-0.3405087
1356012005101,-0.3405087,12.9529505,-0.5720546
1356012005141,-0.53119355,10.460427,1.3075534
1356012005181,-0.8036005,7.9270425,0.08172209
1356012005220,-0.84446156,5.7886477,0.3405087
1356012005261,0.38136974,6.238119,-0.0
1356012005301,0.88532263,8.240311,1.607201
1356012005341,0.50395286,9.466142,1.1441092
1356012005380,0.5720546,10.147159,1.1441092
1356012005421,0.46309182,10.691973,1.5390993
1356012005461,1.0760075,11.264028,1.920469
1356012005501,1.9477097,12.639683,-0.7627395
1356012005541,-0.10896278,12.53072,-5.47538
1356012005580,-4.140586,13.211738,-4.903325
1356012005620,-4.0588636,14.410328,-2.0294318
1356012005692,-2.4925237,13.988097,-0.50395286
1356012005710,0.5720546,9.915613,-0.10896278
1356012005751,0.42223078,6.5922484,-0.42223078
1356012005791,-0.84446156,4.7126403,-0.29964766
1356012005831,-1.3756552,4.944186,0.7627395
1356012005871,-0.3405087,6.851035,1.607201
1356012005911,0.38136974,7.8180795,3.2961242
1356012005951,-0.42223078,9.915613,5.284695
1356012005991,-0.7218784,11.413852,5.938472
1356012006031,-0.3405087,10.732834,6.0474343
1356012006071,-1.879608,15.322891,5.243834
1356012006111,-3.2961242,10.337844,-0.0
1356012006151,-0.29964766,12.299174,-0.8036005
1356012006191,-0.42223078,12.571581,-1.9885708
1356012006231,-0.0,10.760075,0.92618364
1356012006270,-0.84446156,9.234595,0.88532263
1356012006311,-0.9125633,7.5865335,-0.040861044
1356012006351,-0.10896278,6.851035,-0.3405087
1356012006391,0.6537767,6.5922484,-0.3405087
1356012006431,0.46309182,8.390134,1.5390993
1356012006471,0.3405087,9.915613,0.92618364
1356012006511,0.84446156,10.310603,1.6889231
1356012006551,1.1849703,11.264028,1.4573772
1356012006591,0.53119355,11.454713,1.1849703
1356012006630,1.4573772,13.021052,-2.3018389
1356012006691,-1.2666923,12.789507,-5.434519
1356012006710,-4.099725,13.102775,-4.9850473
1356012006751,-3.2961242,13.865514,-2.070293
1356012006791,-2.1383946,13.484144,-0.42223078
1356012006830,0.42223078,9.915613,-0.42223078
1356012006871,-0.19068487,6.8237944,-0.23154591
1356012006915,-0.6537767,4.862464,-0.0
1356012006951,-0.5720546,5.09401,0.53119355
1356012006991,-0.29964766,6.782933,1.7297841
1356012007031,-0.19068487,8.499097,3.8681788
1356012007070,-0.23154591,9.847511,5.09401
1356012007111,-0.50395286,11.563675,5.7477865
1356012007151,-0.29964766,9.80665,6.510526
1356012007191,-3.1463003,14.2877445,4.2495484
1356012007231,-2.8738933,11.876944,-0.38136974
1356012007270,0.10896278,12.4489975,-0.42223078
1356012007311,-0.08172209,12.762266,-1.920469
1356012007351,-0.3405087,10.923519,0.27240697
1356012007390,-1.2258313,9.697687,0.88532263
1356012007431,-1.1441092,7.1234417,0.313268
1356012007471,-0.14982383,6.5513873,-0.46309182
1356012007511,0.27240697,6.891896,0.38136974
1356012007551,0.84446156,8.349273,1.6889231
1356012007590,0.50395286,9.915613,1.7978859
1356012007631,0.61291564,10.147159,0.6946377
1356012007692,0.14982383,10.732834,0.88532263
1356012007710,0.27240697,11.372991,1.6480621
1356012007751,1.4165162,11.75436,-0.29964766
1356012007790,0.10896278,12.340035,-4.4810944
1356012007831,-3.0237172,12.258313,-5.366417
1356012007871,-3.3642259,13.443283,-3.486809
1356012007911,-3.0645783,13.484144,-1.1441092
1356012007951,-1.4573772,13.143636,-0.53119355
1356012007990,0.19068487,8.689782,-0.19068487
1356012008031,-0.3405087,5.829509,-0.46309182
1356012008071,-0.88532263,4.630918,0.19068487
1356012008111,-1.1441092,5.5571017,0.95342433
1356012008151,-0.23154591,7.43671,2.1792557
1356012008191,0.23154591,8.580819,4.6036777
1356012008230,0.27240697,10.119919,5.366417
1356012008271,-0.38136974,11.454713,5.7886477
1356012008311,-0.42223078,10.147159,6.2108784
1356012008351,-3.0645783,16.358038,1.607201
1356012008390,-3.173541,10.038197,-0.50395286
1356012008431,0.040861044,13.102775,-1.0351465
1356012008471,-0.27240697,12.721405,-2.1111538
1356012008511,-0.50395286,10.732834,1.1168685
1356012008551,-1.2666923,8.539958,0.7627395
1356012008590,-0.6946377,6.4424243,-0.08172209
1356012008631,0.08172209,6.5922484,-0.6537767
1356012008687,0.3405087,7.3549876,0.313268
1356012008710,0.7218784,9.466142,2.3426998
1356012008751,0.95342433,9.997335,1.4573772
1356012008790,0.42223078,9.915613,0.50395286
1356012008831,0.10896278,10.991621,1.7297841
1356012008871,0.6946377,11.413852,1.8387469
1356012008911,1.4982382,12.176591,-0.7627395
1356012008950,0.23154591,11.454713,-5.6660647
1356012008990,-4.4810944,13.824653,-4.7535014
1356012009031,-3.636633,14.560152,-1.1849703
1356012009070,-1.879608,13.824653,-0.27240697
1356012009111,0.6946377,10.228881,-0.6537767
1356012009151,-0.23154591,6.3607025,-0.10896278
1356012009190,-0.8036005,4.6036777,0.27240697
1356012009231,-0.84446156,4.862464,0.46309182
1356012009271,-0.23154591,6.8237944,1.56634
1356012009311,-0.08172209,8.308413,3.8681788
1356012009351,-0.3405087,9.997335,5.2165933
1356012009390,-0.3405087,11.141444,5.5162406
1356012009431,0.313268,9.656827,5.9793324
1356012009471,-2.070293,12.489859,4.862464
1356012009511,-4.3312707,14.015338,-1.7570249
1356012009551,0.08172209,11.495573,0.38136974
1356012009590,-0.08172209,13.756551,-0.9942854
1356012009631,-0.53119355,11.686258,-0.53119355
1356012009682,-1.1849703,9.997335,0.8036005
1356012009711,-1.6889231,7.5456724,0.42223078
1356012009751,-0.42223078,6.2108784,-0.0
1356012009791,0.23154591,6.66035,-0.10896278
1356012009831,0.46309182,8.539958,1.7297841
1356012009871,0.8036005,9.697687,1.6889231
1356012009911,0.95342433,10.378705,1.7978859
1356012009951,0.3405087,10.691973,0.5720546
1356012009991,-0.46309182,11.032481,1.0760075
1356012010031,1.0760075,10.760075,-0.23154591
1356012010071,0.9942854,11.563675,-4.5219555
1356012010111,-2.1383946,11.985906,-5.706926
1356012010151,-4.671779,14.601013,-3.718355
1356012010190,-2.7513103,14.709975,-0.7627395
1356012010231,-0.23154591,12.9529505,-0.3405087
1356012010271,0.7218784,8.921328,-0.08172209
1356012010311,-0.6946377,5.8567495,-0.5720546
1356012010351,-0.8036005,4.8216033,0.040861044
1356012010390,-0.6946377,5.366417,0.7218784
1356012010430,-0.3405087,7.205164,1.7978859
1356012010471,-0.23154591,8.730643,4.1814466
1356012010511,-0.42223078,10.228881,5.175732
1356012010551,-0.3405087,11.182305,5.706926
1356012010590,-0.0,9.956474,5.8976107
1356012010630,-1.9885708,15.241169,3.5957718
1356012010677,-4.2495484,11.413852,-0.9942854
1356012010711,-0.46309182,12.217452,-0.14982383
1356012010751,-0.23154591,12.980191,-1.879608
1356012010790,0.38136974,10.528529,0.19068487
1356012010831,-1.4982382,9.043911,0.7627395
1356012010871,-1.2258313,7.0553403,0.46309182
1356012010911,0.14982383,6.510526,-0.53119355
1356012010951,0.42223078,7.205164,0.19068487
1356012010991,0.313268,8.812365,1.1441092
1356012011031,0.5720546,10.310603,1.7978859
1356012011071,0.42223078,9.656827,0.10896278
1356012011110,0.38136974,10.310603,1.0351465
1356012011151,0.14982383,11.223166,1.3756552
1356012011191,1.7297841,11.563675,-0.0
1356012011230,-0.3405087,12.680544,-4.1814466
1356012011271,-3.255263,13.402422,-5.47538
1356012011310,-3.173541,13.33432,-3.1463003
1356012011351,-3.3642259,13.33432,-1.7978859
1356012011391,-1.56634,12.721405,-0.50395286
1356012011431,0.10896278,8.499097,-0.10896278
1356012011471,-0.27240697,5.5162406,-0.23154591
1356012011510,-0.9942854,4.3312707,-0.040861044
1356012011551,-0.7218784,5.597963,0.5720546
1356012011591,-0.50395286,7.668256,2.3699405
1356012011631,0.10896278,9.193735,4.2086873
1356012011677,-0.23154591,10.501288,5.325556
1356012011710,-0.53119355,11.182305,5.5162406
1356012011751,-0.040861044,9.534244,5.7886477
1356012011790,-1.6889231,11.372991,5.2165933
1356012011831,-4.2904096,14.9006605,-1.7570249
1356012011871,-0.23154591,11.223166,-0.040861044
1356012011911,-0.14982383,12.912089,-1.525479
1356012011951,-0.29964766,11.264028,-0.0
1356012011991,-0.95342433,10.147159,1.2258313
1356012012031,-1.3075534,8.008764,0.61291564
1356012012071,-0.29964766,5.9793324,-0.19068487
1356012012110,0.50395286,6.5513873,-0.08172209
1356012012151,0.46309182,8.19945,1.3075534
1356012012191,0.3405087,9.847511,1.3756552
1356012012231,0.92618364,9.997335,1.6889231
1356012012271,0.42223078,10.269742,0.27240697
1356012012310,0.19068487,11.114203,1.56634
1356012012351,1.5390993,12.108489,0.19068487
1356012012391,-0.040861044,12.980191,-3.445948
1356012012431,-3.173541,12.9529505,-4.9850473
1356012012471,-2.9556155,13.293459,-2.982856
1356012012510,-3.173541,13.484144,-1.0351465
1356012012551,-1.3075534,12.680544,-0.23154591
1356012012591,0.42223078,8.921328,-0.14982383
1356012012631,-0.3405087,5.6252036,-0.38136974
1356012012676,-0.9942854,4.0180025,0.14982383
1356012012710,-0.9942854,5.407278,0.7218784
1356012012751,-0.14982383,7.3141265,2.152015
1356012012790,-0.19068487,8.771504,4.2086873
1356012012830,-0.38136974,10.56939,5.243834
1356012012871,-0.14982383,11.536434,6.510526
1356012012910,-0.0,9.575105,5.938472
1356012012951,-2.8738933,15.132206,3.3778462
1356012012991,-4.2086873,11.727119,-0.95342433
1356012013031,-0.040861044,12.258313,-0.29964766
1356012013071,-0.23154591,12.789507,-1.920469
1356012013110,-0.50395286,10.923519,0.10896278
1356012013151,-1.3756552,9.275456,1.0351465
1356012013191,-1.0351465,7.4639506,0.7627395
1356012013230,-0.29964766,6.2789803,-0.38136974
1356012013271,0.38136974,7.205164,0.19068487
1356012013310,0.23154591,8.62168,1.56634
1356012013351,0.46309182,9.888372,1.7978859
1356012013391,0.53119355,9.575105,0.23154591
1356012013431,0.23154591,11.073342,1.0351465
1356012013470,0.27240697,11.686258,1.3756552
1356012013510,1.879608,12.026767,0.14982383
1356012013551,-0.0,11.372991,-4.2904096
1356012013591,-3.2961242,12.871228,-5.407278
1356012013631,-3.636633,13.525005,-3.2961242
1356012013676,-2.7921712,13.565866,-1.1441092
1356012013711,-1.525479,13.021052,-0.5720546
1356012013751,0.23154591,9.043911,-0.29964766
1356012013791,-0.3405087,5.8567495,-0.3405087
1356012013831,-1.0351465,4.2904096,0.10896278
1356012013871,-0.9125633,5.5162406,0.88532263
1356012013911,-0.19068487,7.504812,2.3426998
1356012013951,0.040861044,9.425281,4.671779
1356012013991,-0.61291564,10.460427,5.243834
1356012014031,-0.5720546,10.691973,5.9793324
1356012014071,-0.3405087,9.084772,5.7477865
1356012014111,-4.1814466,15.431854,2.5333846
1356012014150,-3.173541,11.032481,-0.42223078
1356012014191,0.08172209,13.443283,0.23154591
1356012014230,0.14982383,13.0619135,-1.334794
1356012014271,-0.38136974,10.923519,0.61291564
1356012014310,-1.2666923,9.507003,0.7218784
1356012014351,-1.1441092,6.742072,0.040861044
1356012014391,-0.3405087,6.2108784,-0.46309182
1356012014431,0.14982383,6.973618,0.3405087
1356012014471,0.6537767,8.894087,1.607201
1356012014510,0.8036005,9.847511,2.1111538
1356012014551,0.61291564,9.915613,0.38136974
1356012014591,0.23154591,10.923519,0.84446156
1356012014631,0.19068487,11.536434,1.5390993
1356012014673,1.6889231,11.836082,0.23154591
1356012014711,0.38136974,11.495573,-4.2495484
1356012014751,-2.9556155,11.985906,-5.366417
1356012014791,-3.9499009,14.206022,-3.636633
1356012014831,-3.214402,14.941522,-0.8036005
1356012014871,-1.1168685,12.789507,-0.46309182
1356012014910,0.23154591,8.962189,0.14982383
1356012014951,-0.53119355,5.706926,-0.5720546
1356012014991,-0.88532263,4.0588636,-0.0
1356012015031,-0.88532263,5.366417,0.88532263
1356012015071,-0.29964766,7.4639506,2.5606253
1356012015111,-0.10896278,9.084772,4.7943625
1356012015151,-0.5720546,10.56939,5.325556
1356012015191,-0.50395286,10.841797,5.325556
1356012015231,-0.23154591,8.921328,5.434519
1356012015271,-3.173541,13.443283,3.8681788
1356012015310,-3.636633,14.669114,-1.1849703
1356012015351,-0.23154591,11.495573,0.6946377
1356012015391,0.46309182,12.721405,-0.8036005
1356012015431,0.08172209,10.841797,-0.38136974
1356012015471,-1.4165162,9.112013,0.84446156
1356012015511,-1.9885708,6.932757,0.23154591
1356012015551,-0.10896278,6.782933,-0.23154591
1356012015591,0.53119355,7.246025,0.14982383
1356012015631,0.42223078,8.853226,1.5390993
1356012015673,0.7218784,9.847511,0.88532263
1356012015711,0.08172209,9.997335,1.0760075
1356012015751,0.14982383,10.61025,1.3075534
1356012015791,0.19068487,10.923519,1.4573772
1356012015830,1.4982382,11.795221,-1.9885708
1356012015871,-2.0294318,11.836082,-5.09401
1356012015911,-3.8681788,13.715691,-4.2904096
1356012015951,-2.3426998,14.560152,-1.7297841
1356012015991,-2.2609777,14.628253,-1.0351465
1356012016030,-0.50395286,11.304889,-0.19068487
1356012016070,-0.6946377,7.205164,-0.3405087
1356012016110,-0.95342433,4.903325,-0.3405087
1356012016150,-0.9125633,4.7126403,0.42223078
1356012016191,-0.46309182,6.2789803,1.3756552
1356012016230,0.46309182,7.6273947,3.214402
1356012016271,0.38136974,9.302697,4.903325
1356012016310,-0.6946377,10.991621,5.325556
1356012016351,-0.46309182,9.915613,6.3198414
1356012016391,-2.4108016,14.246883,4.7126403
1356012016430,-2.6423476,11.604536,0.7218784
1356012016471,-1.0351465,12.871228,-0.27240697
1356012016511,-0.3405087,13.715691,-1.7978859
1356012016551,0.14982383,11.141444,0.10896278
1356012016591,-1.607201,9.697687,1.1168685
1356012016630,-1.334794,7.9679036,0.88532263
1356012016671,-0.42223078,6.4424243,-0.29964766
1356012016711,0.10896278,6.5513873,-0.27240697
1356012016751,0.10896278,7.9270425,1.1441092
1356012016791,0.23154591,9.915613,2.4516625
1356012016830,0.88532263,9.765789,1.2666923
1356012016871,0.53119355,9.888372,0.7218784
1356012016915,0.14982383,10.991621,0.9942854
1356012016951,1.2666923,12.108489,0.5720546
1356012016991,-0.08172209,12.9529505,-3.9090397
1356012017030,-2.9556155,12.680544,-5.5162406
1356012017071,-3.486809,13.211738,-3.8681788
1356012017110,-3.5276701,14.1787815,-1.4573772
1356012017150,-2.2201166,13.593107,-0.38136974
1356012017191,0.61291564,9.384419,-0.23154591
1356012017230,-0.14982383,5.6660647,-0.3405087
1356012017271,-1.1168685,4.140586,-0.0
1356012017310,-0.8036005,5.175732,0.88532263
1356012017351,-0.23154591,7.164303,2.3699405
1356012017391,0.10896278,8.962189,4.440233
1356012017430,-0.7627395,10.651112,5.434519
1356012017471,-1.0351465,11.34575,5.7477865
1356012017511,-0.10896278,9.575105,5.829509
1356012017551,-1.9477097,14.410328,3.9090397
1356012017590,-4.0588636,11.372991,-0.42223078
1356012017630,-0.10896278,11.958665,0.61291564
1356012017671,0.10896278,12.639683,-1.56634
1356012017711,-0.23154591,10.991621,0.040861044
1356012017751,-1.2666923,9.956474,0.7627395
1356012017791,-1.4165162,8.158588,0.19068487
1356012017830,-0.50395286,7.164303,-0.38136974
1356012017871,0.27240697,6.973618,-0.27240697
1356012017911,0.14982383,8.117727,1.2258313
1356012017951,0.6537767,9.615966,1.56634
1356012017991,0.5720546,9.575105,1.2258313
1356012018030,0.6946377,10.378705,1.0351465
1356012018071,0.14982383,10.691973,1.6889231
1356012018111,1.607201,12.258313,0.08172209
1356012018151,-0.46309182,13.102775,-4.0180025
1356012018191,-3.5276701,12.721405,-4.7535014
1356012018230,-2.9556155,13.293459,-2.8738933
1356012018271,-3.214402,13.443283,-1.0760075
1356012018311,-1.4165162,12.598822,-0.29964766
1356012018351,0.040861044,8.349273,0.19068487
1356012018390,-0.53119355,5.7477865,-0.14982383
1356012018431,-0.6946377,4.671779,0.19068487
1356012018471,-0.50395286,5.6660647,0.84446156
1356012018511,-0.29964766,7.6273947,2.4925237
1356012018551,0.23154591,9.302697,4.399372
1356012018591,-0.84446156,10.760075,4.399372
