1356440654498,8.962189,-3.5276701,-0.7218784
1356440654538,8.894087,-3.5276701,-0.42223078
1356440654576,8.962189,-3.718355,-0.08172209
1356440654619,8.894087,-3.5276701,-0.61291564
1356440654657,9.043911,-3.636633,-1.1168685
1356440654698,9.043911,-3.718355,-0.7627395
1356440654736,9.00305,-3.6774938,-0.84446156
1356440654779,9.112013,-3.8273177,-1.2666923
1356440654816,9.152874,-3.173541,-1.0351465
1356440654856,9.275456,-3.8681788,-1.1849703
1356440654898,8.499097,-3.8273177,-1.1441092
1356440654936,8.962189,-3.568531,-1.4982382
1356440654978,8.812365,-3.5276701,-0.88532263
1356440655016,8.62168,-4.2495484,-0.9125633
1356440655056,8.730643,-4.5219555,-0.53119355
1356440655099,8.662541,-4.1814466,-0.9942854
1356440655136,8.499097,-4.099725,-0.6946377
1356440655176,8.812365,-3.5276701,-2.0294318
1356440655216,8.771504,-3.255263,-1.920469
1356440655256,8.730643,-3.255263,-1.6889231
1356440655296,8.921328,-3.5957718,-0.5720546
1356440655336,8.771504,-4.5628166,-0.8036005
1356440655376,10.378705,-3.5957718,0.3405087
1356440655416,9.343558,-2.0294318,0.3405087
1356440655458,9.466142,-2.6423476,0.23154591
1356440655496,9.425281,-4.099725,-0.23154591
1356440655536,9.234595,-3.336985,-0.42223078
1356440655576,9.507003,-2.5333846,-0.23154591
1356440655616,9.656827,-2.1792557,-0.6537767
1356440655658,9.343558,-2.6014864,-0.84446156
1356440655696,9.466142,-2.4925237,-0.8036005
1356440655737,9.507003,-2.6832085,-0.61291564
1356440655776,9.724928,-2.9147544,-0.95342433
1356440655818,10.269742,-2.7921712,-0.95342433
1356440655856,10.460427,-2.6014864,-1.525479
1356440655896,11.563675,-2.2609777,-1.879608
1356440655936,13.143636,-1.607201,-1.879608
1356440655976,11.604536,-3.8273177,-1.6480621
1356440656016,8.662541,-5.8567495,-0.61291564
1356440656056,7.7363577,-4.630918,0.10896278
1356440656097,8.812365,-3.8273177,0.27240697
1356440656136,8.853226,-5.9793324,-1.0351465
1356440656176,8.076866,-5.366417,-1.2666923
1356440656216,7.6273947,-4.099725,-1.0760075
1356440656256,8.008764,-3.214402,-0.9942854
1356440656296,7.9270425,-3.8681788,-1.3075534
1356440656336,5.829509,-4.7535014,-0.7627395
1356440656376,4.5628166,-4.372132,-0.46309182
1356440656416,7.3549876,-2.8738933,-3.0237172
1356440656458,9.615966,-2.2609777,-5.243834
1356440656496,12.639683,-0.040861044,-5.5162406
1356440656536,12.367276,-1.607201,-3.9090397
1356440656566,5.134871,-3.405087,-4.5900574
1356440656606,8.049625,-7.6546354,0.10896278
1356440656636,15.023244,-11.141444,0.27240697
1356440656676,7.5456724,-3.3642259,-2.7513103
1356440656706,3.5276701,-3.445948,1.9885708
1356440656746,8.076866,-5.175732,2.1111538
1356440656776,10.079058,-3.5957718,0.61291564
1356440656816,9.507003,-2.0294318,-1.607201
1356440656855,8.894087,-3.486809,-1.56634
1356440656885,8.662541,-3.1463003,-0.95342433
1356440656926,9.084772,-3.568531,-0.23154591
1356440656966,8.62168,-3.486809,-1.2666923
1356440657006,8.894087,-2.982856,-0.5720546
1356440657046,9.888372,-2.8738933,-1.607201
1356440657088,9.997335,-2.3018389,-1.4982382
1356440657126,10.419566,-2.4108016,-2.1792557
1356440657166,12.571581,-2.070293,-1.4573772
1356440657206,13.021052,-2.5333846,-2.2609777
1356440657246,9.697687,-5.9793324,-2.1383946
1356440657287,7.5865335,-5.47538,1.1849703
1356440657326,11.073342,-4.2904096,-0.50395286
1356440657368,9.152874,-6.469665,-2.4516625
1356440657406,6.6331096,-6.1291566,-0.8036005
1356440657463,6.5513873,-3.7864566,-1.4573772
1356440657486,7.4639506,-3.486809,-0.7627395
1356440657528,6.851035,-3.1054392,-0.9942854
1356440657566,3.7864566,-3.718355,1.6480621
1356440657606,5.706926,-4.862464,-1.0760075
1356440657646,8.689782,-3.9499009,-3.9499009
1356440657686,11.182305,-2.3426998,-5.47538
1356440657716,14.09706,-0.7627395,-5.134871
1356440657756,10.882658,-3.336985,-4.8216033
1356440657786,4.7126403,-4.0180025,-1.9477097
1356440657816,11.34575,-10.378705,4.140586
1356440657856,13.947236,-11.454713,-1.4982382
1356440657886,4.7943625,-1.6889231,-0.29964766
1356440657916,4.372132,-4.1814466,1.0351465
1356440657956,8.662541,-5.706926,1.920469
1356440657986,9.888372,-2.9147544,0.10896278
1356440658026,9.384419,-2.3699405,-0.88532263
1356440658066,9.234595,-3.636633,-0.38136974
1356440658106,8.730643,-3.445948,-0.7627395
1356440658146,8.771504,-4.0180025,-0.84446156
1356440658186,8.730643,-3.486809,-1.4573772
1356440658226,9.507003,-2.3699405,-0.9125633
1356440658266,9.534244,-2.6832085,-1.3075534
1356440658308,9.507003,-2.7513103,-1.4982382
1356440658346,11.032481,-2.6832085,-2.4108016
1356440658387,13.211738,-2.3426998,-2.6423476
1356440658460,12.789507,-2.1111538,-2.6832085
1356440658467,10.18802,-4.9850473,-2.1111538
1356440658506,9.084772,-5.938472,3.336985
1356440658546,9.656827,-6.0882955,-1.7570249
1356440658587,8.158588,-7.43671,-2.8738933
1356440658626,6.0882955,-5.09401,-0.42223078
1356440658667,6.4424243,-2.5333846,-0.95342433
1356440658706,6.8237944,-2.8738933,-0.9125633
1356440658747,4.440233,-3.8681788,0.61291564
1356440658786,5.938472,-4.630918,-1.6480621
1356440658828,8.62168,-3.214402,-4.5219555
1356440658866,10.528529,-2.3699405,-5.8158884
1356440658906,11.34575,-2.1383946,-3.7864566
1356440658946,9.084772,-3.173541,-4.903325
1356440658986,9.697687,-6.6331096,-0.7627395
1356440659026,13.633968,-12.489859,-0.61291564
1356440659066,3.5276701,-2.9147544,2.0294318
1356440659106,5.09401,-4.5219555,0.5720546
1356440659146,10.079058,-5.5571017,1.0760075
1356440659186,9.302697,-1.9885708,-1.3756552
1356440659227,9.656827,-2.4516625,-0.95342433
1356440659266,9.00305,-3.336985,0.040861044
1356440659306,8.662541,-4.3312707,-0.46309182
1356440659346,8.689782,-3.759216,-1.0760075
1356440659386,9.084772,-2.2609777,-0.84446156
1356440659464,9.507003,-2.3426998,-1.0351465
1356440659467,9.847511,-2.2609777,-1.2666923
1356440659507,9.956474,-2.4925237,-1.879608
1356440659546,11.032481,-3.636633,-1.879608
1356440659587,13.211738,-3.0237172,-1.3756552
1356440659626,11.645397,-3.9499009,-3.5276701
1356440659667,8.730643,-6.0474343,-0.27240697
1356440659706,8.580819,-3.9090397,1.4165162
1356440659746,9.615966,-5.5571017,-0.7218784
1356440659788,7.3549876,-7.6273947,-3.0237172
1356440659826,6.3198414,-4.2904096,-0.9125633
1356440659875,6.973618,-3.5957718,-0.42223078
1356440659905,7.3958488,-4.099725,-1.1849703
1356440659947,5.6660647,-4.140586,0.19068487
1356440659986,5.134871,-5.134871,-0.7218784
1356440660026,6.973618,-3.9771416,-3.1463003
1356440660066,9.466142,-2.6832085,-4.903325
1356440660106,11.985906,-1.3756552,-6.3607025
1356440660146,11.836082,-0.8036005,-3.6774938
1356440660186,10.691973,-6.5922484,-2.070293
1356440660227,13.947236,-12.367276,-0.14982383
1356440660276,2.8738933,-3.255263,1.7978859
1356440660316,4.8216033,-5.175732,0.88532263
1356440660356,10.228881,-6.1700177,1.8387469
1356440660396,9.302697,-2.3018389,-1.4165162
1356440660459,9.80665,-1.920469,-0.6946377
1356440660476,8.921328,-2.8738933,-0.6537767
1356440660516,8.499097,-4.3312707,-0.27240697
1356440660556,8.539958,-4.0180025,-1.0760075
1356440660596,9.234595,-2.7921712,-0.6537767
1356440660636,9.575105,-2.7240696,-0.88532263
1356440660676,9.765789,-2.3699405,-1.7297841
1356440660716,10.310603,-2.4925237,-1.607201
1356440660756,12.762266,-2.6014864,-2.1111538
1356440660796,13.525005,-2.7240696,-2.3699405
1356440660836,10.460427,-5.243834,-3.568531
1356440660877,7.9270425,-5.202973,0.50395286
1356440660916,9.193735,-6.0474343,3.0237172
1356440660956,9.343558,-7.04172,-3.8681788
1356440660996,7.1234417,-6.2108784,-1.1849703
1356440661036,6.3607025,-3.445948,-1.0760075
1356440661076,6.8237944,-3.9090397,-1.1849703
1356440661116,5.2165933,-3.486809,0.42223078
1356440661157,3.718355,-4.862464,0.7218784
1356440661196,7.246025,-3.718355,-2.9147544
1356440661237,9.724928,-2.0294318,-5.325556
1356440661276,12.026767,-1.1849703,-6.510526
1356440661316,11.876944,-2.6423476,-4.2495484
1356440661356,7.8180795,-3.255263,-3.0237172
1356440661396,15.322891,-14.1787815,0.19068487
1356440661459,5.243834,-4.372132,0.08172209
1356440661476,3.405087,-2.7513103,1.7978859
1356440661516,8.689782,-5.7477865,0.5720546
1356440661556,9.956474,-2.7513103,0.313268
1356440661596,8.853226,-2.070293,-2.1383946
1356440661636,8.812365,-3.759216,0.7218784
1356440661676,8.499097,-4.4810944,-0.42223078
1356440661716,8.689782,-4.372132,-0.46309182
1356440661756,9.302697,-2.7240696,-0.84446156
1356440661796,9.425281,-2.8330324,-0.3405087
1356440661836,9.615966,-3.405087,-1.0351465
1356440661876,9.697687,-2.6014864,-0.9942854
1356440661917,10.501288,-2.3426998,-1.9477097
1356440661956,12.980191,-1.7978859,-2.5606253
1356440661997,13.565866,-2.5606253,-4.0588636
1356440662036,9.80665,-5.47538,-1.1849703
1356440662076,9.997335,-7.273266,3.8681788
1356440662117,8.962189,-6.5513873,0.040861044
1356440662156,8.430995,-6.932757,-2.8738933
1356440662198,5.938472,-4.862464,-0.61291564
1356440662236,6.4424243,-2.7513103,-0.8036005
1356440662276,7.5456724,-3.0645783,-0.7218784
1356440662316,5.407278,-3.445948,-0.0
1356440662356,4.5219555,-4.2904096,0.19068487
1356440662396,7.3549876,-3.636633,-3.3642259
1356440662464,9.765789,-2.2609777,-5.053149
1356440662479,11.182305,-2.8330324,-4.8216033
1356440662516,10.841797,-1.0760075,-5.407278
1356440662557,7.3549876,-1.7297841,-3.1054392
1356440662598,16.126492,-14.437569,1.56634
1356440662636,4.6036777,-3.5276701,-1.0351465
1356440662676,1.56634,-2.8738933,0.040861044
1356440662716,7.082581,-5.434519,1.6480621
1356440662756,10.691973,-4.7943625,1.7570249
1356440662796,8.662541,-2.7240696,-2.1792557
1356440662836,9.575105,-2.3699405,-0.38136974
1356440662876,8.62168,-3.718355,-0.53119355
1356440662916,8.730643,-4.862464,-0.6946377
1356440662957,9.302697,-2.7240696,-0.95342433
1356440662995,9.275456,-2.5333846,-0.6537767
1356440663038,9.847511,-2.0294318,-1.1441092
1356440663086,10.038197,-2.7513103,-1.334794
1356440663126,11.604536,-3.6774938,-1.9477097
1356440663168,13.633968,-2.3018389,-2.4516625
1356440663206,11.536434,-3.759216,-3.759216
1356440663247,9.00305,-6.3198414,1.7978859
1356440663286,8.390134,-5.202973,0.6946377
1356440663326,9.193735,-6.3607025,-1.7978859
1356440663366,7.273266,-7.3549876,-1.6889231
1356440663406,6.2789803,-4.399372,-1.334794
1356440663463,7.8180795,-3.486809,-0.6537767
1356440663486,7.164303,-3.9090397,-1.1168685
1356440663526,4.630918,-3.718355,0.8036005
1356440663566,5.407278,-4.0588636,-1.4573772
1356440663607,7.5456724,-3.5957718,-3.0237172
1356440663646,9.193735,-2.3426998,-4.7126403
1356440663686,12.9529505,-0.10896278,-4.5628166
1356440663726,14.015338,-3.1463003,-6.469665
1356440663766,4.903325,-3.173541,-3.3642259
1356440663806,11.604536,-13.906375,2.6423476
1356440663846,8.894087,-4.5219555,-2.3018389
1356440663886,3.718355,-1.6889231,1.5390993
1356440663926,7.8861814,-5.597963,1.4573772
1356440663966,10.56939,-2.9556155,-0.38136974
1356440664006,8.730643,-2.2201166,-1.2666923
1356440664046,8.921328,-3.9771416,-0.14982383
1356440664087,8.689782,-4.0180025,-1.1441092
1356440664126,8.730643,-3.7864566,-0.19068487
1356440664167,8.662541,-3.6774938,-0.7627395
1356440664206,9.575105,-3.173541,-0.42223078
1356440664247,9.915613,-3.1463003,-1.7570249
1356440664286,10.378705,-1.525479,-1.1168685
1356440664326,10.991621,-2.4108016,-1.7978859
1356440664367,13.525005,-2.4108016,-1.920469
1356440664406,12.14935,-6.5922484,-2.6423476
1356440664465,8.240311,-6.1700177,-1.1441092
1356440664486,7.6954966,-3.568531,0.6537767
1356440664526,9.112013,-5.7886477,1.3075534
1356440664566,7.7363577,-7.205164,-3.486809
1356440664606,6.932757,-5.012288,-1.0760075
1356440664646,7.082581,-3.9771416,-1.1849703
1356440664686,7.205164,-4.099725,-0.7627395
1356440664727,6.2789803,-4.3312707,-1.1168685
1356440664766,4.4810944,-4.0588636,0.42223078
1356440664807,6.5922484,-3.445948,-3.445948
1356440664846,9.152874,-1.9477097,-4.630918
1356440664886,11.563675,-0.6946377,-5.325556
1356440664926,13.443283,-1.4982382,-4.9850473
1356440664966,8.62168,-3.8273177,-4.5219555
1356440665006,12.912089,-14.369467,1.2258313
1356440665046,5.284695,-5.243834,-0.3405087
1356440665086,4.5628166,-3.255263,0.84446156
1356440665126,9.193735,-6.238119,0.46309182
1356440665168,9.384419,-2.1383946,0.3405087
1356440665206,8.853226,-3.255263,-1.1849703
1356440665248,8.771504,-3.8681788,0.14982383
1356440665286,8.812365,-3.8681788,-0.6946377
1356440665326,8.730643,-4.099725,-0.9942854
1356440665366,9.084772,-3.214402,-0.6946377
1356440665406,9.275456,-2.6014864,-0.7218784
1356440665467,9.425281,-2.8738933,-1.1168685
1356440665477,9.80665,-3.3642259,-1.0351465
1356440665517,9.656827,-2.6832085,-1.1441092
1356440665556,10.882658,-3.1054392,-1.1849703
1356440665597,12.789507,-2.8330324,-0.88532263
1356440665636,12.871228,-3.5957718,-4.0180025
1356440665676,9.534244,-5.6252036,-2.6423476
1356440665716,7.8180795,-4.7535014,1.334794
1356440665756,9.043911,-4.5628166,1.1849703
1356440665796,8.19945,-7.8180795,-2.4516625
1356440665836,7.082581,-6.2789803,-1.6889231
1356440665876,7.0553403,-3.6774938,-1.0760075
1356440665916,7.668256,-3.0645783,-0.84446156
1356440665956,6.1291566,-3.9090397,-0.9125633
1356440665996,4.3312707,-4.372132,0.92618364
1356440666036,6.66035,-4.140586,-2.7240696
1356440666075,8.308413,-2.9556155,-4.099725
1356440666116,11.182305,-0.95342433,-6.0201936
1356440666156,12.980191,-1.1849703,-4.0588636
1356440666196,8.853226,-1.8387469,-5.597963
1356440666236,12.571581,-10.528529,1.607201
1356440666276,10.147159,-8.812365,-1.1849703
1356440666316,2.7240696,-2.9556155,0.14982383
1356440666356,6.4015636,-5.6252036,0.61291564
1356440666396,10.378705,-4.0180025,1.4573772
1356440666466,9.084772,-1.6480621,-1.334794
1356440666477,8.921328,-3.9499009,-0.10896278
1356440666516,8.689782,-3.9499009,-0.6946377
1356440666556,8.771504,-4.0588636,-0.38136974
1356440666596,8.962189,-3.8681788,-1.2258313
1356440666637,9.275456,-2.7921712,-0.7627395
1356440666676,9.302697,-3.0237172,-0.8036005
1356440666718,9.534244,-2.982856,-0.95342433
1356440666756,9.656827,-2.982856,-1.3756552
1356440666796,11.032481,-2.2201166,-2.0294318
1356440666836,13.565866,-2.7921712,-1.3756552
1356440666876,11.372991,-5.434519,-3.718355
1356440666916,8.281172,-5.7886477,-0.38136974
1356440666956,8.049625,-4.372132,1.0760075
1356440666996,9.425281,-6.0474343,-1.4982382
1356440667036,7.4639506,-7.4639506,-1.3075534
1356440667077,6.701211,-4.5628166,-0.9125633
1356440667116,7.3141265,-3.6774938,-0.7218784
1356440667159,6.510526,-3.5957718,-0.9125633
1356440667206,4.7535014,-3.2961242,0.84446156
1356440667246,7.082581,-4.440233,-3.0645783
1356440667286,8.894087,-2.8330324,-4.8216033
1356440667326,10.841797,-1.525479,-5.134871
1356440667366,12.571581,-1.4573772,-3.9499009
1356440667406,9.275456,-2.4108016,-4.5900574
1356440667460,6.469665,-4.7126403,-2.2201166
1356440667486,13.443283,-12.5579605,3.336985
1356440667527,8.117727,-5.284695,-3.0237172
1356440667566,3.2961242,-4.372132,1.1168685
1356440667606,8.281172,-5.202973,2.6014864
1356440667646,10.651112,-3.173541,0.6537767
1356440667678,9.152874,-1.6480621,-3.1054392
1356440667716,8.662541,-4.140586,-1.525479
1356440667757,8.580819,-3.6774938,0.23154591
1356440667796,8.689782,-3.8681788,-0.23154591
1356440667836,8.580819,-3.7864566,-0.9942854
1356440667876,8.894087,-3.718355,-0.7218784
1356440667916,9.507003,-3.1054392,-1.4573772
1356440667956,9.534244,-2.4516625,-1.4165162
1356440667996,9.956474,-2.6423476,-1.525479
1356440668036,11.073342,-2.3426998,-2.0294318
1356440668076,12.53072,-1.8387469,-2.4925237
1356440668116,12.258313,-3.1463003,-4.1814466
1356440668156,10.038197,-6.1291566,0.61291564
1356440668196,8.662541,-8.349273,3.0237172
1356440668237,8.539958,-6.973618,-3.9771416
1356440668276,7.6954966,-6.5922484,-1.7978859
1356440668316,5.407278,-4.5900574,-0.10896278
1356440668356,6.469665,-3.445948,-1.1849703
1356440668397,6.2789803,-4.0180025,-0.84446156
1356440668465,4.4810944,-4.1814466,-0.14982383
1356440668479,7.0553403,-3.2961242,-2.070293
1356440668516,8.894087,-2.3699405,-4.5219555
1356440668556,11.304889,-0.6946377,-5.012288
1356440668596,12.258313,-3.214402,-4.944186
1356440668636,8.580819,-3.255263,-5.434519
1356440668676,7.205164,-6.782933,0.38136974
1356440668716,12.871228,-11.114203,-0.6537767
1356440668756,4.862464,-2.3426998,0.61291564
1356440668796,5.9793324,-4.372132,1.0351465
1356440668836,9.656827,-5.09401,2.3699405
1356440668878,8.921328,-2.070293,-2.1111538
1356440668916,9.152874,-4.0180025,-0.53119355
1356440668957,8.894087,-3.173541,-0.6946377
1356440668996,8.62168,-3.445948,-0.19068487
1356440669037,8.158588,-3.7864566,-1.1849703
1356440669076,8.921328,-3.2961242,-0.7218784
1356440669116,9.384419,-3.445948,-0.84446156
1356440669155,9.765789,-2.5333846,-1.0760075
1356440669196,10.038197,-2.2201166,-0.9125633
1356440669236,11.645397,-2.9556155,-2.2201166
1356440669276,13.375181,-2.8738933,-1.6889231
1356440669317,10.691973,-5.09401,-3.405087
1356440669356,8.349273,-5.938472,0.38136974
1356440669396,8.771504,-5.134871,1.2666923
1356440669467,9.112013,-6.3607025,-1.3075534
1356440669478,7.668256,-6.891896,-2.1383946
1356440669517,7.082581,-4.0588636,-1.334794
1356440669556,7.43671,-3.2961242,-1.3756552
1356440669596,6.6331096,-3.8681788,-1.0760075
1356440669636,4.630918,-4.3312707,0.50395286
1356440669677,6.2108784,-4.1814466,-1.56634
1356440669716,7.6273947,-2.5333846,-3.486809
1356440669756,9.112013,-2.2609777,-4.4810944
1356440669796,11.454713,-1.9885708,-3.636633
1356440669836,12.217452,-2.4516625,-4.0180025
1356440669876,14.628253,-8.117727,-5.09401
1356440669916,9.765789,-10.800936,-0.53119355
1356440669956,0.53119355,-5.175732,3.255263
1356440669996,4.903325,-5.284695,1.1168685
1356440670036,11.795221,-5.243834,0.23154591
1356440670078,10.079058,0.6946377,-3.1054392
1356440670116,8.689782,-2.4516625,-1.1168685
1356440670156,8.390134,-3.9090397,0.10896278
1356440670196,8.349273,-4.140586,-1.2258313
1356440670236,8.499097,-3.405087,-0.3405087
1356440670277,8.689782,-4.2086873,-0.7627395
1356440670316,8.662541,-3.8681788,-0.7627395
1356440670356,9.888372,-2.8330324,-0.7627395
1356440670396,10.310603,-2.3426998,-1.2258313
1356440670464,11.073342,-2.9556155,-1.9885708
1356440670477,12.789507,-4.2086873,-2.1792557
1356440670518,12.367276,-4.440233,-3.6774938
1356440670556,8.539958,-6.66035,1.3075534
1356440670596,7.3549876,-5.7477865,1.5390993
1356440670636,8.281172,-6.3198414,-3.5276701
1356440670676,6.973618,-7.082581,-1.4573772
1356440670717,6.469665,-4.372132,-1.4982382
1356440670756,7.3549876,-3.486809,-0.7218784
1356440670798,6.782933,-4.2086873,-0.53119355
1356440670836,4.6036777,-3.9090397,0.7627395
1356440670876,5.6660647,-3.5957718,-2.3018389
1356440670916,7.5456724,-3.405087,-3.6774938
1356440670956,10.419566,-2.1792557,-5.8158884
1356440670996,12.980191,-0.9942854,-4.944186
1356440671036,10.691973,-2.7513103,-4.9850473
1356440671076,3.8681788,-3.173541,-2.4108016
1356440671116,15.854085,-15.595298,0.92618364
1356440671156,9.615966,-5.053149,-2.5333846
1356440671196,3.6774938,-1.607201,2.070293
1356440671236,7.3958488,-5.706926,0.7218784
1356440671276,10.079058,-3.718355,1.2258313
1356440671316,8.853226,-2.6832085,-1.9477097
1356440671356,9.112013,-3.2961242,-0.53119355
1356440671396,8.812365,-3.255263,-0.8036005
1356440671461,8.499097,-4.2904096,0.19068487
1356440671476,8.730643,-4.2904096,-1.1441092
1356440671516,9.724928,-2.5606253,-0.46309182
1356440671557,9.575105,-2.982856,-1.1441092
1356440671596,9.575105,-3.0645783,-1.2666923
1356440671636,10.732834,-2.6014864,-2.3018389
1356440671676,13.143636,-1.920469,-1.920469
1356440671716,13.211738,-3.0645783,-3.636633
1356440671756,9.888372,-5.8976107,-1.334794
1356440671796,8.158588,-5.8567495,2.4925237
1356440671836,8.812365,-5.8976107,-0.46309182
1356440671876,8.049625,-7.6954966,-2.6832085
1356440671916,6.2108784,-6.0474343,-0.8036005
1356440671956,6.742072,-3.1054392,-0.7218784
1356440671996,7.43671,-3.6774938,-1.1849703
1356440672037,5.6660647,-3.9771416,-0.5720546
1356440672076,5.366417,-4.140586,-1.1441092
1356440672116,7.3549876,-3.405087,-3.255263
1356440672156,8.812365,-2.5606253,-4.5628166
1356440672196,10.800936,-0.7627395,-3.5957718
1356440672235,12.14935,-3.0645783,-4.7535014
1356440672276,9.043911,-2.1792557,-5.434519
1356440672316,9.234595,-8.267551,0.23154591
1356440672356,13.211738,-13.252599,-0.8036005
1356440672398,3.568531,-1.7570249,1.0760075
1356440672465,6.2789803,-4.862464,0.7627395
1356440672477,10.310603,-4.671779,2.152015
1356440672516,9.234595,-1.607201,-0.61291564
1356440672556,9.084772,-3.636633,-0.7627395
1356440672596,9.00305,-3.9090397,-0.38136974
1356440672636,8.662541,-4.099725,-0.53119355
1356440672676,8.894087,-3.5957718,-0.53119355
1356440672716,8.962189,-2.6423476,-0.9125633
1356440672756,9.384419,-2.4516625,-0.6946377
1356440672796,9.302697,-2.982856,-0.8036005
1356440672836,9.343558,-3.486809,-1.1441092
1356440672876,9.724928,-4.671779,-1.7978859
1356440672916,12.14935,-2.6423476,-2.5333846
1356440672958,13.756551,-0.42223078,-3.2961242
1356440672996,10.310603,-4.3312707,-1.879608
1356440673037,9.915613,-6.5922484,3.255263
1356440673076,8.730643,-5.5571017,-0.6537767
1356440673118,8.730643,-6.742072,-1.6889231
1356440673156,6.782933,-5.938472,-0.84446156
1356440673196,6.0882955,-3.9090397,-0.7218784
1356440673236,8.076866,-3.336985,0.46309182
1356440673276,6.8237944,-3.445948,-1.879608
1356440673317,4.862464,-4.9850473,-0.23154591
1356440673356,6.4424243,-4.7126403,-2.3426998
1356440673396,8.117727,-2.7240696,-4.671779
1356440673464,10.228881,-1.7297841,-4.862464
1356440673476,10.882658,-2.7921712,-4.2495484
1356440673516,10.841797,-2.1792557,-5.6252036
1356440673556,3.3778462,-0.88532263,-0.3405087
1356440673596,13.143636,-12.067628,3.718355
1356440673636,10.18802,-7.4639506,-3.636633
1356440673676,2.5333846,-2.0294318,-0.6537767
1356440673716,6.891896,-5.8976107,2.5606253
1356440673756,9.915613,-4.399372,2.152015
1356440673796,8.921328,-2.5606253,-2.2201166
1356440673836,9.80665,-3.5276701,-0.6537767
1356440673876,8.894087,-2.8330324,-0.5720546
1356440673916,8.62168,-4.5900574,-0.19068487
1356440673956,8.539958,-3.718355,-1.1441092
1356440673996,9.193735,-2.5333846,-0.88532263
1356440674036,9.234595,-2.3426998,-1.1441092
1356440674076,9.915613,-2.3699405,-1.0760075
1356440674116,10.732834,-3.486809,-1.334794
1356440674156,11.264028,-3.445948,-2.4925237
1356440674198,12.980191,-2.3018389,-2.7513103
1356440674236,11.141444,-4.7943625,-3.486809
1356440674277,9.507003,-6.510526,0.7627395
1356440674316,8.349273,-4.862464,1.4165162
1356440674358,8.689782,-6.2789803,-1.920469
1356440674396,7.014479,-6.8237944,-1.2666923
1356440674472,6.2108784,-3.8273177,-0.38136974
1356440674479,7.273266,-3.718355,-1.1849703
1356440674507,7.0553403,-3.7864566,-1.1441092
1356440674546,5.134871,-3.8273177,-0.0
1356440674586,6.4424243,-4.0180025,-1.4165162
1356440674626,7.6273947,-2.8330324,-3.9771416
1356440674666,9.193735,-1.6889231,-4.8216033
1356440674706,11.536434,-2.1383946,-3.759216
1356440674746,12.53072,-2.6832085,-5.053149
1356440674786,5.284695,-2.4516625,-3.636633
1356440674826,7.3958488,-8.308413,1.56634
1356440674866,15.554437,-9.575105,-2.0294318
1356440674906,5.366417,-1.920469,-0.29964766
1356440674946,4.903325,-5.6252036,0.84446156
1356440674986,9.084772,-4.903325,1.4982382
1356440675026,9.656827,-2.3018389,-0.6946377
1356440675066,8.730643,-3.568531,-0.38136974
1356440675106,8.662541,-3.5957718,-0.7218784
1356440675146,8.62168,-3.8681788,-0.50395286
1356440675186,8.62168,-3.9771416,-0.53119355
1356440675226,9.00305,-3.336985,-1.0760075
1356440675266,9.656827,-2.2609777,-0.88532263
1356440675305,9.575105,-2.7513103,-0.95342433
1356440675346,9.888372,-2.7513103,-0.9942854
1356440675386,10.882658,-3.445948,-1.56634
1356440675426,12.639683,-3.214402,-1.4573772
1356440675469,12.108489,-4.7126403,-4.1814466
1356440675506,9.275456,-6.3198414,-1.6480621
1356440675547,8.008764,-4.5628166,1.5390993
1356440675586,9.425281,-6.2789803,-1.0760075
1356440675627,7.8589406,-7.014479,-2.3699405
1356440675666,6.851035,-4.0180025,-0.6946377
1356440675706,7.014479,-3.6774938,-0.9942854
1356440675746,6.6331096,-4.140586,-0.84446156
1356440675786,4.903325,-4.2086873,0.92618364
1356440675826,5.706926,-4.4810944,-0.8036005
1356440675866,7.3958488,-3.1463003,-2.9147544
1356440675906,9.507003,-1.920469,-4.5628166
1356440675946,11.304889,-1.2258313,-5.053149
1356440675986,12.067628,-3.173541,-4.7126403
1356440676026,7.3549876,-1.920469,-5.053149
1356440676066,4.8216033,-4.440233,0.50395286
1356440676106,16.657684,-13.252599,0.84446156
1356440676147,8.853226,-3.759216,-2.4516625
1356440676186,2.4516625,-4.440233,0.14982383
1356440676226,8.117727,-5.8567495,2.982856
1356440676266,9.997335,-3.3642259,1.56634
1356440676306,9.00305,-2.4108016,-2.4108016
1356440676346,9.302697,-3.1054392,-0.6537767
1356440676386,8.580819,-3.5957718,-0.19068487
1356440676426,8.471856,-4.7943625,-0.23154591
1356440676467,8.771504,-3.6774938,-1.1441092
1356440676506,9.80665,-1.8387469,-0.5720546
1356440676546,9.534244,-2.8330324,-1.2666923
1356440676586,9.112013,-3.3642259,-1.0760075
1356440676626,9.847511,-4.2086873,-1.0351465
1356440676667,11.264028,-3.6774938,-1.7978859
1356440676706,13.143636,-1.6889231,-3.636633
1356440676748,11.495573,-3.445948,-4.0180025
1356440676786,8.771504,-5.012288,1.0351465
1356440676827,8.580819,-5.284695,1.920469
1356440676866,8.662541,-7.205164,-1.3756552
1356440676907,7.6954966,-6.891896,-1.920469
1356440676946,6.851035,-3.3642259,-0.50395286
1356440676986,7.3549876,-3.718355,-1.2258313
1356440677026,5.7477865,-3.7864566,-0.53119355
1356440677066,4.7535014,-3.9499009,-0.27240697
1356440677107,6.973618,-3.486809,-1.9885708
1356440677146,8.662541,-2.6832085,-4.372132
1356440677186,9.80665,-1.7570249,-4.0588636
1356440677226,12.14935,-2.8738933,-4.5219555
1356440677266,11.141444,-3.1463003,-5.6252036
1356440677306,5.938472,-3.7864566,-2.8738933
1356440677346,14.47843,-12.258313,0.3405087
1356440677387,6.782933,-2.7513103,-0.53119355
1356440677426,4.7126403,-4.2086873,0.38136974
1356440677468,8.308413,-7.082581,1.56634
1356440677506,9.656827,-2.1792557,-0.040861044
1356440677546,8.962189,-3.0237172,-1.0351465
1356440677586,8.499097,-4.3312707,0.14982383
1356440677626,8.281172,-4.1814466,-0.6537767
1356440677666,8.580819,-3.8681788,-0.9942854
1356440677706,9.112013,-2.7921712,-0.38136974
1356440677747,9.193735,-3.1054392,-0.7218784
1356440677786,9.466142,-3.2961242,-1.334794
1356440677827,9.615966,-3.5276701,-1.0351465
1356440677868,9.847511,-2.982856,-0.5720546
1356440677906,11.032481,-2.1792557,-1.3756552
1356440677947,12.4489975,-1.7297841,-2.1792557
1356440677986,12.408136,-2.9556155,-4.372132
1356440678028,9.765789,-5.9793324,-1.8387469
1356440678066,8.471856,-4.903325,1.6480621
1356440678106,9.343558,-6.2108784,1.0351465
1356440678146,8.19945,-7.7363577,-2.9147544
1356440678186,7.082581,-5.284695,-1.7297841
1356440678226,7.205164,-3.0237172,-0.5720546
1356440678266,7.273266,-3.445948,-1.334794
1356440678307,5.175732,-4.099725,-0.88532263
1356440678346,4.8216033,-4.099725,-0.38136974
1356440678385,7.3141265,-3.6774938,-2.5333846
1356440678426,9.343558,-2.4108016,-4.7126403
1356440678466,10.732834,-0.46309182,-4.2495484
1356440678506,11.836082,-2.4516625,-3.7864566
1356440678546,9.302697,-3.405087,-5.053149
1356440678586,7.3549876,-6.0882955,-0.88532263
1356440678626,13.525005,-11.454713,-0.84446156
1356440678666,6.891896,-2.4516625,-0.6946377
1356440678706,5.8976107,-4.903325,1.3756552
1356440678746,8.921328,-5.7477865,1.7570249
1356440678788,9.534244,-1.56634,-0.5720546
1356440678826,9.043911,-4.3312707,-1.525479
1356440678867,8.730643,-3.6774938,0.19068487
1356440678906,8.771504,-3.5276701,-0.42223078
1356440678948,8.812365,-3.568531,-1.1168685
1356440678986,8.62168,-3.255263,-0.84446156
1356440679026,9.084772,-2.8738933,-0.7218784
1356440679076,9.656827,-3.0237172,-1.2258313
1356440679116,9.302697,-3.9090397,-1.4165162
1356440679157,10.18802,-2.6832085,-1.607201
1356440679196,12.026767,-1.9885708,-1.879608
1356440679236,12.9529505,-2.2201166,-2.4108016
1356440679276,10.460427,-4.5628166,-2.9147544
1356440679316,7.9679036,-6.3198414,1.7297841
1356440679357,8.62168,-5.5571017,1.2258313
1356440679396,8.921328,-6.932757,-2.2609777
1356440679472,7.504812,-6.3198414,-2.4108016
1356440679479,7.9270425,-3.0645783,-0.84446156
1356440679517,8.008764,-2.7921712,-1.4165162
1356440679556,6.5922484,-4.099725,-1.1168685
1356440679596,5.012288,-4.3312707,-0.14982383
1356440679636,6.8237944,-4.140586,-1.7978859
1356440679676,7.7363577,-3.0237172,-2.9147544
1356440679716,8.812365,-2.3426998,-4.0180025
1356440679756,12.108489,-0.5720546,-3.718355
1356440679796,12.367276,-2.1111538,-4.0180025
1356440679836,7.4639506,-3.7864566,-4.140586
1356440679876,7.5865335,-6.891896,-0.3405087
1356440679916,13.102775,-9.80665,-0.53119355
1356440679956,7.4639506,-2.4925237,-1.4982382
1356440679997,5.7477865,-5.366417,1.334794
1356440680036,8.430995,-4.862464,0.7218784
1356440680076,9.656827,-1.6889231,-0.46309182
1356440680116,8.812365,-3.405087,-0.50395286
1356440680156,8.430995,-4.2904096,-0.7627395
1356440680196,8.62168,-4.2495484,-0.42223078
1356440680236,8.539958,-3.8273177,-0.53119355
1356440680276,9.112013,-3.173541,-0.8036005
1356440680316,9.466142,-2.6832085,-0.88532263
1356440680356,9.615966,-3.173541,-0.95342433
1356440680396,9.724928,-3.2961242,-0.7627395
1356440680437,10.501288,-2.9556155,-0.6946377
1356440680478,11.114203,-2.6423476,-1.9885708
1356440680516,12.762266,-2.5333846,-2.7921712
1356440680556,11.536434,-3.636633,-3.9499009
1356440680596,8.771504,-6.2108784,0.95342433
1356440680637,8.19945,-5.012288,1.5390993
1356440680676,8.921328,-6.66035,-1.334794
1356440680717,6.932757,-7.8861814,-1.7570249
1356440680756,7.1234417,-4.140586,-1.4982382
1356440680797,7.9270425,-3.1054392,-1.0351465
1356440680836,6.6331096,-4.5628166,-0.7218784
1356440680876,5.012288,-4.630918,-0.61291564
1356440680916,7.273266,-3.214402,-1.9477097
1356440680956,8.117727,-2.5606253,-3.405087
1356440680996,8.962189,-2.1792557,-4.099725
1356440681036,10.651112,-1.3756552,-3.336985
1356440681076,10.800936,-3.405087,-3.486809
1356440681116,8.19945,-4.399372,-5.175732
1356440681156,6.0201936,-4.7943625,-2.1792557
1356440681196,12.680544,-8.076866,1.2258313
1356440681237,12.367276,-4.2904096,-0.88532263
1356440681276,5.284695,-2.8330324,-1.56634
1356440681316,6.782933,-6.1291566,1.8387469
1356440681356,8.580819,-4.440233,0.88532263
1356440681396,9.152874,-3.173541,-0.46309182
1356440681437,9.466142,-3.568531,-0.46309182
1356440681476,8.921328,-3.405087,-0.29964766
1356440681517,8.580819,-4.1814466,-0.040861044
1356440681556,8.771504,-3.7864566,-0.7627395
1356440681596,9.384419,-2.2609777,-0.8036005
1356440681636,9.534244,-2.6014864,-0.7627395
1356440681677,9.507003,-3.5276701,-0.8036005
1356440681716,10.337844,-3.336985,-1.334794
1356440681758,11.304889,-2.3699405,-1.920469
1356440681796,12.489859,-1.920469,-2.1383946
1356440681836,11.604536,-2.4925237,-3.568531
1356440681876,9.697687,-5.202973,-1.525479
1356440681916,9.112013,-5.325556,2.3699405
1356440681957,8.853226,-6.2108784,-0.23154591
1356440681996,7.7363577,-7.8861814,-1.879608
1356440682038,7.082581,-5.366417,-0.95342433
1356440682076,7.5456724,-3.214402,-0.8036005
1356440682117,8.049625,-3.1054392,-1.7570249
1356440682156,5.8567495,-3.7864566,-0.50395286
1356440682197,5.175732,-3.9771416,-0.42223078
1356440682236,7.082581,-4.0180025,-3.1054392
1356440682276,9.615966,-2.6423476,-4.5628166
1356440682316,9.956474,-1.6480621,-3.9090397
1356440682356,11.75436,-1.9477097,-2.9556155
1356440682396,10.378705,-2.6014864,-5.6660647
1356440682436,5.7477865,-4.2086873,-1.7570249
1356440682487,13.293459,-10.106298,1.0351465
1356440682526,8.499097,-2.8738933,-1.3756552
1356440682566,6.238119,-3.718355,-1.1849703
1356440682606,7.8180795,-5.8158884,2.2609777
1356440682646,8.894087,-3.0237172,0.46309182
1356440682686,8.962189,-3.2961242,-1.2666923
1356440682726,8.812365,-3.2961242,-1.0351465
1356440682766,8.580819,-3.214402,-0.61291564
1356440682806,8.894087,-3.9771416,-0.61291564
1356440682846,9.043911,-3.7864566,-0.88532263
1356440682886,9.507003,-3.1054392,-1.2258313
1356440682927,10.079058,-2.7240696,-1.1849703
1356440682966,10.119919,-2.5333846,-0.27240697
1356440683006,10.18802,-2.9147544,-1.4165162
1356440683048,11.836082,-2.6423476,-2.3018389
1356440683086,12.489859,-3.568531,-3.9771416
1356440683127,10.147159,-5.434519,-2.1792557
1356440683166,7.8861814,-5.243834,2.3426998
1356440683208,8.62168,-4.862464,-0.53119355
1356440683246,8.390134,-6.2789803,-2.3018389
1356440683286,7.4639506,-5.134871,-1.9477097
1356440683326,7.6954966,-3.0237172,-1.3075534
1356440683366,7.6954966,-3.3642259,-0.9942854
1356440683406,5.938472,-4.140586,-0.50395286
1356440683467,5.2165933,-4.7126403,-0.27240697
1356440683486,7.0553403,-4.5628166,-2.1792557
1356440683526,8.539958,-3.255263,-4.099725
1356440683566,10.228881,-1.7297841,-4.5628166
1356440683606,11.073342,-0.6946377,-2.4108016
1356440683646,10.269742,-3.0237172,-4.7126403
1356440683686,6.742072,-2.4925237,-3.5276701
1356440683726,8.539958,-7.7772183,0.92618364
1356440683766,15.4046135,-9.575105,-2.5606253
1356440683808,5.7477865,-1.1441092,-0.50395286
1356440683846,5.012288,-4.7535014,0.61291564
1356440683886,9.112013,-5.053149,1.920469
1356440683926,9.615966,-2.1111538,0.38136974
1356440683966,8.921328,-3.759216,-1.9885708
1356440684006,8.962189,-3.3642259,-0.7218784
1356440684046,8.499097,-4.0180025,0.3405087
1356440684086,8.471856,-4.5628166,-0.7218784
1356440684126,9.193735,-3.1463003,-0.88532263
1356440684168,9.724928,-2.1792557,-0.6946377
1356440684206,9.302697,-3.1054392,-0.95342433
1356440684247,9.234595,-3.2961242,-0.84446156
1356440684286,10.651112,-3.5957718,-1.2666923
1356440684326,12.762266,-2.2609777,-2.3699405
1356440684367,12.912089,-2.1383946,-3.5276701
1356440684406,9.915613,-5.284695,-3.173541
1356440684467,8.62168,-5.202973,0.9942854
1356440684493,9.112013,-5.407278,1.56634
1356440684527,8.240311,-7.3958488,-0.23154591
1356440684565,7.164303,-5.8976107,-3.173541
1356440684610,7.205164,-3.405087,-0.9125633
1356440684656,7.273266,-3.336985,-1.2666923
1356440684696,6.1700177,-3.9499009,-1.1168685
1356440684738,5.053149,-3.486809,-0.42223078
1356440684776,7.3549876,-3.1054392,-2.3699405
1356440684817,8.689782,-2.7921712,-4.2904096
1356440684856,10.310603,-1.6480621,-5.175732
1356440684896,12.258313,-0.61291564,-3.8681788
1356440684936,9.997335,-2.6423476,-5.706926
1356440684976,5.134871,-4.671779,-0.50395286
1356440685016,13.865514,-13.143636,0.040861044
1356440685057,10.119919,-3.173541,-2.8330324
1356440685096,4.0180025,-4.0588636,-0.19068487
1356440685136,8.240311,-6.510526,2.4516625
1356440685176,9.534244,-1.920469,1.5390993
1356440685216,9.697687,-1.8387469,-1.0351465
1356440685256,8.921328,-4.2495484,-0.9125633
1356440685296,8.62168,-4.0180025,-0.8036005
1356440685336,8.430995,-4.1814466,-0.14982383
1356440685376,8.689782,-3.9499009,-0.7218784
1356440685416,9.697687,-2.3018389,-0.6946377
1356440685466,9.534244,-2.2609777,-1.4165162
1356440685498,9.275456,-3.3642259,-1.0760075
1356440685538,9.466142,-4.099725,-0.7627395
1356440685576,11.114203,-3.0237172,-0.88532263
1356440685618,12.9529505,-1.4165162,-1.920469
1356440685656,12.14935,-2.982856,-3.718355
1356440685698,9.615966,-3.9090397,-4.1814466
1356440685736,9.043911,-3.759216,0.08172209
1356440685776,10.419566,-5.6252036,2.3018389
1356440685816,8.076866,-8.921328,-1.1441092
1356440685856,7.0553403,-6.851035,-3.0645783
1356440685897,6.66035,-3.445948,-0.19068487
1356440685936,6.238119,-3.9499009,-0.88532263
1356440685976,5.6660647,-4.372132,-0.84446156
1356440686016,5.597963,-3.3642259,-0.9125633
1356440686056,7.9270425,-2.3426998,-2.1383946
1356440686096,8.771504,-1.9885708,-4.2086873
1356440686136,9.275456,-1.7297841,-4.140586
1356440686176,10.923519,-3.173541,-4.440233
1356440686216,10.419566,-2.3699405,-5.8158884
1356440686256,8.499097,-6.469665,-1.6889231
1356440686298,12.980191,-11.645397,-0.8036005
1356440686336,5.7477865,-1.4573772,0.6946377
1356440686376,6.1700177,-4.099725,1.4573772
1356440686406,9.384419,-5.8976107,0.7218784
1356440686438,9.275456,-2.1792557,-0.7627395
1356440686477,8.894087,-2.1111538,-1.4165162
1356440686518,9.193735,-3.8273177,0.3405087
1356440686556,8.390134,-3.9771416,-0.46309182
1356440686596,8.689782,-4.0180025,-0.53119355
1356440686636,8.730643,-3.486809,-1.0351465
1356440686676,9.425281,-2.8330324,-0.46309182
1356440686716,9.425281,-2.5606253,-1.0760075
1356440686756,9.724928,-3.173541,-0.61291564
1356440686796,9.466142,-3.8681788,-0.84446156
1356440686836,9.847511,-3.568531,-1.0351465
1356440686876,11.372991,-2.7513103,-1.7570249
1356440686916,13.102775,-2.0294318,-2.070293
1356440686956,10.95076,-3.9499009,-4.1814466
1356440686996,8.853226,-5.325556,0.50395286
1356440687036,9.888372,-4.7943625,1.607201
1356440687076,9.466142,-6.3198414,0.10896278
1356440687116,7.273266,-7.43671,-2.1383946
1356440687157,7.3141265,-3.9499009,-1.56634
1356440687196,7.9679036,-3.0645783,-0.7218784
1356440687238,6.5513873,-3.568531,-0.8036005
1356440687276,5.243834,-4.8216033,0.23154591
1356440687316,6.782933,-4.3312707,-1.4982382
1356440687356,7.3549876,-2.6832085,-2.8330324
1356440687396,8.117727,-3.173541,-4.099725
1356440687436,10.923519,-1.525479,-4.7535014
1356440687476,13.525005,-0.6946377,-3.445948
1356440687517,8.281172,-1.9477097,-4.7535014
1356440687556,6.3607025,-6.2789803,-0.42223078
1356440687596,14.859799,-13.824653,-0.8036005
1356440687636,6.1291566,-1.6480621,-1.1168685
1356440687676,3.8681788,-4.7943625,1.1849703
1356440687716,9.765789,-5.134871,1.6889231
1356440687756,9.724928,-1.607201,-0.10896278
1356440687796,9.084772,-3.3642259,-1.334794
1356440687836,9.302697,-2.8330324,-1.0760075
1356440687876,8.771504,-3.336985,-0.84446156
1356440687916,8.689782,-3.9499009,-0.7218784
1356440687956,8.853226,-3.6774938,-0.9125633
1356440687998,9.466142,-2.3699405,-0.7627395
1356440688036,9.656827,-2.9556155,-0.8036005
1356440688077,9.656827,-3.5276701,-0.23154591
1356440688116,10.419566,-3.8681788,-0.8036005
1356440688156,11.073342,-2.982856,-1.920469
1356440688197,12.299174,-1.4165162,-3.214402
1356440688236,11.836082,-3.3642259,-4.399372
1356440688278,9.112013,-5.202973,-0.61291564
1356440688316,8.539958,-5.47538,2.6423476
1356440688357,8.921328,-5.8567495,-0.29964766
1356440688396,8.076866,-7.8180795,-2.2609777
1356440688437,6.932757,-4.5900574,-1.6480621
1356440688477,7.7363577,-2.2609777,-0.88532263
1356440688516,7.3549876,-3.173541,-0.88532263
1356440688556,5.8567495,-4.7943625,-0.9942854
1356440688596,4.903325,-4.2495484,-0.50395286
1356440688636,7.3958488,-3.8681788,-3.214402
1356440688676,9.275456,-2.7921712,-4.7535014
1356440688716,10.18802,-2.070293,-4.2495484
1356440688756,10.882658,-1.8387469,-2.6832085
1356440688796,9.765789,-2.3018389,-4.5900574
1356440688836,7.3958488,-3.9090397,-2.1383946
1356440688876,14.941522,-10.760075,0.61291564
1356440688918,8.19945,-4.2904096,-0.42223078
1356440688956,4.5628166,-3.759216,-1.7978859
1356440688996,8.471856,-5.7886477,2.1111538
1356440689036,9.534244,-3.0645783,1.7570249
1356440689076,8.730643,-3.6774938,-2.1383946
1356440689116,9.00305,-3.8273177,-0.38136974
1356440689156,8.730643,-3.445948,0.19068487
1356440689196,8.499097,-3.8273177,-0.08172209
1356440689236,9.275456,-3.5276701,-0.6537767
1356440689276,9.084772,-2.9556155,-0.9942854
1356440689316,9.534244,-2.6423476,-1.0351465
1356440689356,9.302697,-2.7921712,-1.0351465
1356440689396,9.615966,-4.099725,-1.0351465
1356440689437,11.34575,-3.6774938,-0.9942854
1356440689476,12.912089,-2.6423476,-2.4925237
1356440689517,11.413852,-3.8681788,-3.9499009
1356440689556,8.580819,-4.440233,-1.2258313
1356440689596,8.921328,-3.9090397,1.3075534
1356440689636,9.425281,-6.851035,0.88532263
1356440689676,7.8861814,-6.973618,-2.1792557
1356440689716,7.8180795,-3.636633,-1.2666923
1356440689756,7.5456724,-3.336985,-0.61291564
1356440689797,6.973618,-4.2086873,-1.4573772
1356440689836,5.09401,-3.9771416,0.313268
1356440689877,5.8976107,-4.0180025,-0.9942854
1356440689916,7.8180795,-2.8738933,-3.1054392
1356440689956,8.894087,-2.4516625,-4.3312707
1356440689996,10.18802,-2.070293,-4.2904096
1356440690036,11.182305,-2.7921712,-2.6014864
1356440690076,9.656827,-2.5333846,-5.5162406
1356440690116,9.234595,-6.469665,-0.8036005
1356440690156,12.830367,-10.228881,0.19068487
1356440690196,4.4810944,-2.3426998,-0.53119355
1356440690236,6.4015636,-4.3312707,0.8036005
1356440690276,10.038197,-5.053149,1.5390993
1356440690316,9.084772,-1.6480621,-1.4573772
1356440690358,8.730643,-4.5628166,-0.19068487
