1356781261674,0.0,0.0,0.0
1356781261684,0.0,-0.081700325,-0.040849864
1356781261715,0.068083525,-0.12238693,0.19071323
1356781261756,0.06780648,-0.12126827,0.14941461
1356781261798,0.10756016,-0.18620205,0.6371627
1356781261838,0.10473466,-0.13875389,0.016245633
1356781261877,0.058921576,-0.12855148,0.23258132
1356781261919,0.051410913,-0.19599819,0.33157957
1356781261958,0.014452457,0.121489525,-0.3934124
1356781261997,0.0041167736,-0.05039692,-0.6967812
1356781262039,0.021388292,-0.25026512,0.01385951
1356781262078,-0.014375925,0.06526852,-0.54195684
1356781262117,-0.02076602,0.16022968,0.008860305
1356781262157,-0.024753809,-0.061192513,-0.28209102
1356781262199,8.509159E-4,-0.014063835,0.17382473
1356781262237,0.0012426376,-0.09327984,0.021561429
1356781262277,0.0028693676,0.01593113,-0.13395172
1356781262317,-0.022164822,0.015400887,0.1657935
1356781262365,-0.060742617,-0.012133598,0.060489565
1356781262397,-0.017700195,0.05612564,0.041071624
1356781262437,0.052663326,0.015651703,0.040266305
1356781262477,-0.01315403,0.015780449,0.033312827
1356781262557,0.057072878,-0.013302803,0.038137615
1356781262597,0.016768217,-0.015065193,0.021607906
1356781262637,-0.052648544,0.2011385,-0.22070539
1356781262693,-0.096771,0.17095852,0.04776813
1356781262728,-0.05846715,-0.024663925,-0.22374755
1356781262785,-0.018057585,0.035437584,-0.09558508
1356781262807,-0.05662918,-0.015929222,0.06392957
1356781262848,0.05704522,0.16334724,0.15793373
1356781262885,0.44408345,0.0026082993,0.12902533
1356781262928,0.5701051,-0.26584053,-0.053224653
1356781262967,0.75680494,-0.082390785,-0.2814014
1356781263007,0.970315,-0.48010063,-0.17285174
1356781263048,0.74216866,-0.43483734,0.13967924
1356781263087,0.11058617,0.042254448,-0.51212853
1356781263127,0.4819703,-0.23350143,-0.968051
1356781263167,1.4280776,-0.62419796,0.015118122
1356781263207,0.23113847,-0.3286934,1.3361938
1356781263247,-1.7014425,0.25670528,0.60529274
1356781263287,-1.7843373,-0.08266926,-0.025855511
1356781263328,-0.54212856,-0.16624737,-1.2075146
1356781263367,0.14946389,-0.09317112,-1.5599345
1356781263407,-0.14438581,0.23057461,-0.72495025
1356781263447,-0.9485235,0.13750553,0.050239116
1356781263487,-0.38875723,-0.3177948,-0.3701411
1356781263527,-0.5624597,-0.1939869,-0.3023517
1356781263567,-1.5853248,0.7573929,-0.22204041
1356781263607,-1.0999944,1.5561337,-1.4746894
1356781263647,0.054692507,2.1128864,-2.1706681
1356781263694,1.2276237,1.7716231,-1.3078413
1356781263729,1.4006407,1.6061535,-1.9374948
1356781263769,1.4247181,1.8550768,-2.4151347
1356781263809,0.8704777,-0.5025253,-3.3861485
1356781263849,0.3275411,-0.3678999,-1.7124245
1356781263889,-1.1365554,-1.714201,0.26240015
1356781263929,-1.4813695,-0.1609726,1.1582961
1356781263967,0.552891,1.3608837,1.7822154
1356781264007,0.6888094,-1.0154333,3.9388127
1356781264047,1.0696023,-2.4969134,3.9602327
1356781264087,2.0330346,-1.5154614,3.1204174
1356781264128,0.6510298,-1.0008912,2.784296
1356781264167,0.45504785,-0.49121857,2.8063498
1356781264207,0.84954023,-0.41779137,2.6236682
1356781264247,1.634532,-0.97490406,2.5140328
1356781264287,0.8974838,-0.094786644,1.6861241
1356781264327,-0.08635926,0.27614212,1.8211904
1356781264367,-0.42137814,-1.2587013,1.5637174
1356781264407,0.671023,-3.0097008,0.36683118
1356781264447,1.6371007,-2.318633,-0.5385597
1356781264487,0.20275736,-1.7594814,-0.23511416
1356781264527,-0.7801361,-0.7786827,0.79067683
1356781264567,-2.3772774,0.77635,0.47749197
1356781264607,-4.520968,-0.16478348,0.07632446
1356781264647,-3.422012,0.9008646,-1.466981
1356781264695,-0.28739786,1.5584116,-1.6970696
1356781264729,-0.42228198,1.797905,-1.7954545
1356781264769,-0.44844365,2.925323,-0.2806512
1356781264807,0.840266,3.7592921,-1.4370635
1356781264847,1.3626804,5.236555,-5.0639954
1356781264887,1.2568557,4.352369,-4.849355
1356781264928,1.0434623,-1.070631,-4.1240616
1356781264967,1.2352889,-3.0484085,-4.758157
1356781265007,0.15708733,0.96517944,-6.52211
1356781265047,-0.24327588,-1.8923745,-3.1792169
1356781265087,-3.3611345,-1.2189398,4.720198
1356781265127,-0.32564187,0.49262714,3.8184571
1356781265167,1.4089574,-1.9358516,3.3722808
1356781265207,0.3263731,-2.5175543,3.732761
1356781265247,1.1310775,-0.73916245,2.4638362
1356781265287,1.7302579,-0.0025939941,3.7644706
1356781265327,2.020371,-0.4275322,3.2677643
1356781265368,1.1976748,-0.3092947,2.3716607
1356781265407,0.62518954,0.046937943,1.6050811
1356781265447,0.32298398,-0.4027233,1.0281228
1356781265487,0.340662,-1.3159361,1.5067676
1356781265527,1.2369056,-1.1140423,1.0149866
1356781265567,1.7235353,-3.0584097,-0.49101046
1356781265607,-0.11376047,-3.5394068,-0.002699256
1356781265647,-1.3878531,0.37099075,1.4502335
1356781265693,-3.7118902,-0.45420933,0.024972677
1356781265729,-5.412139,-1.4408092,0.12534249
1356781265767,-1.4380832,0.8552847,-2.3939137
1356781265826,0.36321998,1.5677109,-1.0127385
1356781265847,-0.2958815,3.062181,-1.3068466
1356781265888,-0.11141586,3.493904,0.28887796
1356781265925,1.3007194,5.1121264,-2.8073094
1356781265968,0.7757909,5.900838,-5.0113864
1356781266007,0.7357323,2.259808,-4.6131277
1356781266047,-1.0067701,-3.6469965,-6.2563686
1356781266087,-0.1578474,-0.6972971,-3.9338403
1356781266127,0.3461554,-1.694766,-5.245086
1356781266167,-2.9051244,-0.47923994,2.8439164
1356781266207,-0.4687574,1.9272461,4.0025845
1356781266247,1.357992,-0.83360624,3.6121225
1356781266287,1.119304,-3.4250054,3.039526
1356781266327,1.5976774,-1.3234663,2.9247797
1356781266367,1.9813412,-0.8965368,3.541538
1356781266416,1.6633995,-0.5751295,3.7765956
1356781266455,0.65571547,0.098127365,2.0232224
1356781266498,1.2476836,0.122784615,2.2502499
1356781266537,0.67879796,-0.13478088,1.7158949
1356781266577,0.7692611,-0.8723755,1.0694976
1356781266618,1.5148745,-2.3433676,0.67954016
1356781266658,1.1048512,-1.9805393,-0.17373759
1356781266698,-0.03597021,-2.5033474,-0.6522755
1356781266738,-0.37690258,-2.0912046,0.12755871
1356781266777,-1.8752329,0.66317844,0.41626275
1356781266817,-3.7536802,-1.4649363,-0.22548437
1356781266857,-3.046351,-0.015698433,-0.36362165
1356781266897,0.052114964,1.2349443,-0.8349016
1356781266937,-0.84417295,1.5224533,-1.5541643
1356781266977,-0.8029475,3.0942755,-0.5057663
1356781267017,0.25703192,4.1548953,0.937413
1356781267057,0.116564274,5.568018,-3.995271
1356781267097,0.14887762,4.5096626,-4.9353414
1356781267137,0.28315258,0.3629532,-4.951524
1356781267177,-0.1770711,-2.076254,-3.5164483
1356781267217,1.4876642,-0.7232065,-5.8456254
1356781267257,-1.0695739,-3.5246658,-2.7125807
1356781267297,-2.4104557,-0.8030138,4.770673
1356781267337,-0.12623096,1.7446842,2.6208477
1356781267377,0.2790208,-0.3088274,2.8891892
1356781267417,-0.31253076,-1.5401711,3.6056294
1356781267457,1.4955138,-0.9153547,4.4473324
1356781267497,1.9080567,-0.40652657,0.75459516
1356781267537,0.910841,-0.31904984,1.2818719
1356781267587,1.348996,0.12100029,2.2494817
1356781267627,1.7237262,-0.30366325,1.9830571
1356781267695,-0.07756662,-0.76159286,0.40122533
1356781267710,0.015689373,-1.4083185,0.73567605
1356781267749,1.678768,-1.8733482,0.7168513
1356781267789,1.6324962,-3.3468332,-0.58722246
1356781267829,-0.06098509,-2.7254791,4.3165684E-4
1356781267869,-1.8882971,0.6773329,1.2284294
1356781267909,-4.2465234,-1.4060936,-0.037656963
1356781267949,-3.8096018,-0.48628044,-0.8599046
1356781267987,0.2888695,1.4831848,-1.6437483
1356781268027,-0.41003132,1.8807392,-1.4734043
1356781268067,-0.6327019,3.3150454,0.23416251
1356781268107,-0.0315907,4.4741464,0.691468
1356781268147,0.4477918,5.8081164,-4.4397035
1356781268187,0.838855,4.778133,-4.4155655
1356781268227,1.3515544,0.6460571,-5.2638865
1356781268267,-0.39214635,-3.8560486,-4.879452
1356781268307,0.27245998,-1.9202147,-4.906882
1356781268347,-2.4613297,-3.2069197,-2.1644194
1356781268387,-0.9311137,0.9494877,5.106263
1356781268427,0.88125014,2.159214,3.4970455
1356781268467,-0.08283639,-1.5463071,3.7980323
1356781268507,0.25844312,-2.2106276,3.9514637
1356781268547,1.7632741,-0.5410862,4.3158746
1356781268587,1.7232064,-0.4478817,0.42881453
1356781268627,1.3108048,-0.43372345,1.7267075
1356781268694,1.6502444,-0.24947643,2.922484
1356781268709,1.4686397,0.017046928,2.4362059
1356781268749,-0.35783148,-0.08562565,0.5391572
1356781268789,-0.7310698,-1.1685276,0.8148772
1356781268829,1.1826724,-2.0107975,0.744827
1356781268867,2.2489333,-2.8117838,-0.55150735
1356781268908,-0.018350601,-3.2041597,-0.47512442
1356781268945,-1.1185124,0.06459141,1.1029127
1356781268988,-2.6199489,0.015124321,0.16497672
1356781269027,-4.506838,-1.3308201,-0.42259234
1356781269067,-1.4236383,0.31405354,-1.2222188
1356781269108,-0.17111969,1.8950815,-1.2466768
1356781269147,-0.4817102,3.1659417,-1.2137402
1356781269187,-0.34639955,3.49715,0.65395486
1356781269227,0.17647243,4.005194,-1.7591575
1356781269267,0.5043106,4.4137473,-4.7243643
1356781269307,0.55738664,3.086821,-3.7929
1356781269347,0.4603641,-0.25610065,-5.340684
1356781269387,-0.24778533,-2.4078722,-4.230427
1356781269427,0.08166194,-1.2106771,-4.816311
1356781269467,-2.5459883,-3.9535198,-1.0522728
1356781269507,-0.8679254,0.9311943,5.0641084
1356781269547,1.3710133,1.7314525,3.1072936
1356781269587,0.421731,-1.6287656,3.818964
1356781269627,0.8201504,-1.7715797,4.1859126
1356781269693,1.6956018,-0.530283,4.63184
1356781269709,1.3743873,-0.50512505,0.2502861
1356781269749,1.4715675,-0.15595722,1.1436378
1356781269789,1.882483,-0.40335846,2.9683337
1356781269829,1.6812085,0.015486717,2.45406
1356781269869,0.045762777,-0.13874245,0.2667446
1356781269909,-0.5406127,-1.0529137,0.55918884
1356781269949,1.202087,-1.696332,0.8509299
1356781269989,1.9743824,-2.9644165,-0.88493896
1356781270029,-0.013735771,-3.0892334,-0.62145424
1356781270069,-1.0893719,0.1733551,1.0476415
1356781270107,-3.0636005,-0.347188,0.06321454
1356781270147,-4.8020296,-1.3587608,-0.122769594
1356781270187,-1.3976076,0.3638792,-2.3215592
1356781270227,0.062435865,1.373002,-1.3766854
1356781270267,-0.67563796,2.758597,-1.0937091
1356781270307,-0.3685205,3.9199924,1.6274911
1356781270348,0.66270137,5.2365866,-2.4795196
1356781270387,0.66113186,5.8917,-4.6662226
1356781270427,0.5932522,3.1856847,-4.3395615
1356781270467,-0.96850014,-2.7215624,-6.6444583
1356781270507,-0.2558539,-1.3949709,-3.9561
1356781270547,-0.6216147,-2.6962337,-4.367354
1356781270587,-2.9602907,-3.0819712,1.6903532
1356781270627,0.74041057,2.6040683,3.7048244
1356781270693,1.605605,0.6115217,3.6161141
1356781270709,0.051414967,-2.3552551,4.152656
1356781270749,1.4058747,-1.3065252,3.8762026
1356781270789,1.5278865,-0.27841282,3.9581192
1356781270829,1.3770101,-0.6025505,1.1771502
1356781270867,1.0916779,-0.50912666,1.1521149
1356781270907,1.8968003,-0.22391129,3.119504
1356781270947,1.4432896,0.032813072,2.509639
1356781270987,-0.43078208,-0.3100462,-0.108068354
1356781271027,0.13283038,-1.4390154,0.546481
1356781271067,1.8225255,-1.9677267,0.41394222
1356781271107,1.5075208,-2.8029957,-0.62393016
1356781271147,0.05946541,-3.1025343,-0.038530946
1356781271187,-1.4790661,0.28774357,1.2588518
1356781271227,-3.9884295,-0.55576134,0.11507702
1356781271267,-4.8824167,-0.32823944,-1.4102027
1356781271307,-0.74530673,1.0177393,-1.5479064
1356781271347,0.5855738,1.132164,-1.985302
1356781271387,-0.25324154,2.6828732,-0.6668496
1356781271427,-0.12565398,3.6579766,1.5570605
1356781271467,-0.093882084,5.209159,-3.655827
1356781271507,0.43064952,5.099157,-4.397218
1356781271547,0.4494462,2.270697,-4.430688
1356781271588,-0.3246827,-2.0205622,-4.8716345
1356781271627,0.72073936,-1.591054,-3.8925016
1356781271691,0.6884761,-2.2385206,-5.5514255
1356781271709,-3.997088,-3.6177974,1.1336995
1356781271749,-0.87428594,2.1434932,5.240258
1356781271789,1.4924462,1.7545786,3.3357236
1356781271829,-0.04356718,-1.8918285,3.8169188
1356781271874,1.0822713,-2.0258923,3.8958733
1356781271908,2.416286,-0.5857992,3.9384682
1356781271945,1.5697048,-0.3146162,0.2296027
1356781271988,0.6401093,-0.5089712,1.3629273
1356781272027,1.6629709,-0.0026216507,3.1151261
1356781272067,1.0750604,0.01688099,1.4559526
1356781272107,0.28362632,-1.1593771,0.98015773
1356781272147,0.7683656,-1.5241861,1.0131193
1356781272187,2.386649,-2.3573923,0.102676034
1356781272227,0.5593313,-3.786252,-0.5008028
1356781272267,-0.9938233,-1.0997629,1.3072636
1356781272307,-2.172182,1.2486701,1.0199727
1356781272347,-4.9438562,0.08694267,-0.033911467
1356781272387,-4.7780447,0.34877872,-1.342776
1356781272427,-0.66977143,1.5710506,-1.8370192
1356781272467,0.07882428,1.108696,-2.6500068
1356781272507,-0.03075695,2.227754,1.2078736
1356781272547,0.47781682,4.485737,-0.97485083
1356781272587,0.20553994,6.0376573,-5.5279703
1356781272627,0.6738162,4.6777544,-4.4447227
1356781272691,0.8138418,0.17747307,-5.005755
1356781272709,-0.20232916,-3.5703669,-5.005412
1356781272749,-0.16310048,-0.4785509,-4.3306236
1356781272789,-1.883909,-2.619577,-2.3042936
1356781272829,-2.642563,-0.9322686,4.2825556
1356781272869,0.4878006,2.1313925,3.7264507
1356781272909,1.2241948,-0.96876955,3.6929712
1356781272949,1.09834,-3.0384421,4.0244994
1356781272987,3.3300884,-1.6061106,3.9420433
1356781273027,2.453679,-0.3446102,1.6654232
1356781273067,0.14640641,-0.19215298,1.6160707
1356781273107,0.534091,-0.23713017,2.1552813
1356781273147,1.9427015,0.008176804,2.70819
1356781273187,1.18765,-1.0473595,0.90881175
1356781273227,0.39229035,-1.946394,0.09903775
1356781273267,2.2040663,-2.1844969,0.09193438
1356781273307,2.4640415,-4.214344,-0.5066309
1356781273347,-0.7502246,-2.0932322,0.55074763
1356781273387,-2.6590652,0.34720802,0.9916718
1356781273427,-4.728303,-0.76367664,0.7382301
1356781273467,-3.7290916,0.76876163,-1.3001293
1356781273507,-0.24493217,2.3542547,-1.3419316
1356781273547,-0.61091375,2.5454607,-1.9069932
1356781273587,-0.3888526,3.9865856,1.2931349
1356781273627,0.03826022,5.0964065,-0.99693745
1356781273690,0.6288686,4.8751044,-4.5162463
1356781273709,0.59000444,2.4523582,-4.030976
1356781273749,-1.013907,-3.128519,-5.6325655
1356781273789,0.3662367,0.19688511,-4.6706214
1356781273829,0.866148,0.29807281,-4.1985793
1356781273869,-4.4871793,-5.46077,3.3801107
1356781273907,0.19213915,1.869288,3.6602068
1356781273947,2.1731215,1.4575634,3.2087753
1356781273987,0.4025097,-2.6022182,3.285781
1356781274027,1.6710299,-1.319809,4.0282946
1356781274067,2.0525222,-0.348485,1.320779
1356781274107,1.6425681,-0.28432178,1.5827504
1356781274147,0.95619273,-0.6265726,2.1698213
1356781274187,1.2863617,0.27439785,2.5149527
1356781274227,0.3453536,-0.5297413,0.6878563
1356781274267,0.44457746,-2.7516499,0.19946831
1356781274307,2.3970778,-2.2640772,0.010996759
1356781274347,1.7486709,-3.2624292,-0.24454832
1356781274387,-0.8334415,-1.8353577,0.7433853
1356781274427,-2.6793637,0.33119774,0.9482306
1356781274467,-5.104668,-1.1289415,0.41498446
1356781274507,-3.5741305,0.42943764,-1.7946537
1356781274547,0.3996371,1.1699972,-2.0982292
1356781274587,-0.026868105,1.699173,-1.5520641
1356781274627,0.053420782,4.071655,1.982104
1356781274689,0.45639586,5.958612,-1.0021635
1356781274709,0.79696393,6.747382,-5.30126
1356781274749,0.81883836,3.9466448,-5.0711575
1356781274789,-0.5017936,-3.2050934,-4.968633
1356781274829,0.62797785,-3.1303082,-4.1781335
1356781274867,-1.2572794,-2.627264,-5.453923
1356781274908,-3.085879,-2.2333412,3.306954
1356781274945,0.37132835,3.1068091,3.720391
1356781274988,1.2449131,0.5626378,3.5681868
1356781275027,-0.44924808,-2.9428477,5.3175473
1356781275067,1.194696,-0.8969345,5.5246286
1356781275107,2.0620282,-0.75389194,-0.48504293
1356781275147,2.96772,-0.72397995,1.5512582
1356781275187,2.1400218,-0.641613,3.2688665
1356781275227,1.4254012,-0.11770058,1.5174838
1356781275267,0.02106142,-0.6118326,-0.17208657
1356781275307,0.48354077,-1.6592722,0.26225996
1356781275347,2.5757306,-2.529091,0.4248178
1356781275387,2.7156353,-4.5493774,-0.8452901
1356781275427,-1.3770585,-1.2077484,0.85813415
1356781275467,-3.5822375,0.7473049,0.6523932
1356781275507,-5.876631,-0.97888756,0.37427092
1356781275547,-2.7225811,0.037994385,-2.4428368
1356781275587,1.2218356,1.117466,-2.6493955
1356781275627,-0.32554126,2.3773112,-1.1892704
1356781275686,-0.64503217,4.63327,1.9943527
1356781275709,0.3844831,6.276513,-2.035186
1356781275749,0.5435984,6.702496,-5.7313
1356781275789,0.3983736,1.9781222,-4.5416307
1356781275829,-2.064073,-4.72313,-4.416913
1356781275869,0.6599715,0.09889889,-5.0096784
1356781275909,-1.2893326,-2.1046305,-3.688052
1356781275949,-2.6501281,-1.1984768,3.812312
1356781275989,0.9506893,2.6866689,2.9461753
1356781276027,1.5337701,-0.4307146,3.9999187
1356781276067,0.13990283,-3.2049785,4.3838615
1356781276107,1.6193813,-1.0146537,3.9921217
1356781276147,1.4234462,-0.6304488,0.9839978
1356781276187,2.0658622,-0.8016243,1.6065307
1356781276227,1.9959632,-1.0519743,2.90939
1356781276268,1.9724342,-0.04444027,2.110034
1356781276307,0.7497487,-0.28025055,0.21143366
1356781276347,-0.30790377,-0.8111963,0.65640026
1356781276387,0.5156982,-1.3654623,0.47239742
1356781276427,1.9427102,-2.2753859,-0.2077069
1356781276467,1.1019182,-4.2982864,-0.8822053
1356781276507,-0.9582269,-0.84226036,0.8227899
1356781276547,-2.6874185,0.6614313,0.53222734
1356781276587,-4.2640195,-1.3451023,-0.006381631
1356781276627,-1.8600539,0.07016945,-0.6260712
1356781276687,0.1491077,1.4020052,-1.4219925
1356781276709,-0.32560062,2.4167233,-1.1265148
1356781276749,-1.1658409,3.780314,1.508445
1356781276789,-1.2164681,4.5794196,-1.277499
1356781276829,-0.45432544,5.212653,-5.236467
1356781276867,0.47802806,3.7185369,-3.7779279
1356781276907,-0.17101765,-0.81981564,-4.1301494
1356781276947,1.3527292,-2.5292683,-4.4883437
1356781276987,0.67476463,-1.2155771,-6.294411
1356781277027,-3.2920218,-3.2589197,2.6833005
1356781277067,-0.43754435,2.1376238,3.6115987
1356781277107,1.5715841,1.4069142,2.64643
1356781277147,-0.4597659,-2.561605,3.4871495
1356781277187,0.78135324,-1.7202744,3.2125802
1356781277227,2.1352503,-0.11330795,3.9200711
1356781277267,1.8395303,-0.90745544,1.621063
1356781277307,0.99014544,-1.0239897,1.3085461
1356781277347,1.6436526,-0.4576969,2.261227
1356781277387,0.9395058,0.13397026,1.4831192
1356781277427,-0.5381174,-0.7223406,0.34655213
1356781277467,0.5427952,-0.8894844,0.20423111
1356781277507,2.353675,-1.8068943,0.4592886
1356781277547,1.2435809,-4.182787,-0.51964545
1356781277587,-1.3057132,-1.4823856,0.39266533
1356781277627,-2.6254172,1.2626967,0.83745277
1356781277686,-4.2777185,0.30594254,-0.06501347
1356781277709,-2.837205,-0.488451,-1.1387768
1356781277749,-0.029381514,0.1801176,-1.5777647
1356781277789,-0.15651917,1.157939,-1.9773146
1356781277827,-0.5827539,2.5418668,-0.2542265
1356781277886,-0.20028162,4.2660723,0.43982005
1356781277907,0.23803401,5.49584,-4.2714415
1356781277948,0.9346812,4.382329,-4.7881546
1356781277985,0.4448471,1.0095615,-3.3847013
1356781278028,0.5222626,-2.089219,-3.9425635
1356781278067,1.3944969,-0.96670437,-6.0673065
1356781278107,-0.35771465,-2.0807648,-2.8452802
1356781278147,-3.0928433,-2.686974,3.3123796
1356781278187,-0.45976663,1.3294344,2.8625886
1356781278227,1.5137702,0.6090708,3.4422963
1356781278267,0.6206515,-2.234859,4.5126834
1356781278307,1.0411985,-2.0661888,5.3044195
1356781278347,0.9896717,-0.6514473,1.8349817
1356781278387,1.1892886,-0.31012344,1.3080426
1356781278427,1.3918505,-0.3457756,1.9767559
1356781278467,1.6178321,-0.30721092,2.4541395
1356781278507,1.6632895,-0.32539558,0.8225538
1356781278547,-0.031958103,0.005742073,0.70960087
1356781278587,-0.8245232,-0.30570602,0.6951002
1356781278627,0.45412588,-0.91321373,0.22752643
1356781278685,2.0303776,-1.7652378,-0.12690192
1356781278709,1.487877,-3.1436872,-0.8981129
1356781278749,-0.67970204,-1.3891735,-0.34252846
1356781278789,-1.2290752,0.4391451,1.0377309
1356781278829,-2.0640893,1.0586329,0.55622685
1356781278869,-3.0295014,0.006594658,-0.21526557
1356781278909,-1.8527516,-0.30082035,-0.8856764
1356781278949,0.2715801,0.5886898,-1.7852366
1356781278990,0.01150465,0.61083126,-0.62790495
1356781279029,-1.1760774,2.272172,1.5521898
1356781279069,-1.9911938,3.8422923,-1.6565554
1356781279109,-0.42499232,4.820279,-4.7006254
1356781279149,0.6152117,4.0963035,-3.3483973
1356781279189,0.64823484,2.0211797,-3.3614717
1356781279229,1.5573038,-1.602581,-3.7601433
1356781279267,1.4226214,-1.9100313,-5.567026
1356781279307,-0.8402293,-2.559286,-2.9533532
1356781279347,-2.5820477,-2.9703493,2.227561
1356781279387,-0.3959551,0.9932151,2.765798
1356781279427,1.2741766,1.2853622,3.66297
1356781279467,-0.01659751,-1.5640984,4.139099
1356781279507,-0.2812748,-1.3785868,5.248556
1356781279547,0.1663723,-0.043354988,2.8385193
1356781279587,0.809083,-0.37542152,0.8774711
1356781279627,1.9068129,-0.8058815,1.3031951
1356781279681,2.2452593,-0.69651127,2.849873
1356781279709,1.8201078,-0.463274,1.0712807
1356781279749,0.032987356,0.21654606,-0.075789094
1356781279789,0.19738007,0.014377594,0.36069137
1356781279829,1.203435,-1.4763346,0.13080525
1356781279869,1.6734288,-1.7316065,-0.6992122
1356781279907,0.7370012,-1.8426542,-1.4318087
1356781279947,-0.38918543,-2.296276,-1.1527377
1356781279987,-0.25765443,-0.3407812,0.6440855
1356781280027,-1.7873776,0.15619564,0.5355115
1356781280067,-3.5054913,-0.8066931,-0.21003544
1356781280107,-0.5978117,0.40936756,-0.84149396
1356781280147,0.50565565,0.06304169,-1.4933809
1356781280187,-0.5868087,1.2571468,-0.2543693
1356781280228,-1.9161654,3.0943217,1.6330028
1356781280267,-1.6982188,4.0485425,-1.1946056
1356781280307,-0.7621491,4.3860745,-4.6383457
1356781280347,0.399235,4.2635274,-3.6712484
1356781280387,0.7175224,2.5149055,-3.1758034
1356781280427,1.6085763,-1.4168444,-3.3493404
1356781280467,1.8000208,-2.292201,-4.912314
1356781280507,0.13130045,-1.4236794,-6.5292735
1356781280547,-2.9765658,-2.9289913,2.0073311
1356781280587,-2.3626227,-0.2892003,3.2588305
1356781280627,1.0521027,1.9658394,2.5328085
1356781280684,0.1400845,-0.5741825,4.148868
1356781280709,-0.51601076,-2.0749416,4.231362
1356781280749,0.87870455,-0.55837727,5.249758
1356781280789,1.0315312,-0.20328426,1.83943
1356781280829,0.43584633,-0.10540104,1.2317178
1356781280869,0.8841071,-0.4448986,2.0001078
1356781280907,2.4751396,-0.17265129,2.3329833
1356781280948,1.5668325,-0.46921444,0.441662
1356781280985,-0.15108943,-0.23758125,0.38570392
1356781281028,0.3509481,-1.1992083,0.5066737
1356781281067,1.7472233,-1.423975,-0.4996423
1356781281107,1.9577394,-2.5740986,-0.651652
1356781281147,0.30860078,-2.9033642,-0.384448
1356781281187,-1.6190221,0.0146074295,1.2525074
1356781281227,-3.2825828,0.7609606,0.7763237
1356781281267,-5.10128,-0.7257023,-0.47920787
1356781281307,-2.0347414,-0.3375187,-1.1052091
1356781281347,0.7689649,0.48247623,-1.7449092
1356781281387,0.27576053,1.8693161,-1.3081956
1356781281427,-1.1269205,3.3483362,0.7549116
1356781281468,-0.5691209,4.4805293,-1.9477699
1356781281507,0.4776888,5.216583,-5.32923
1356781281547,0.99888754,4.2679586,-3.9442024
1356781281587,0.8361287,0.43033218,-4.2778177
1356781281627,0.7648337,-3.1216002,-3.8000314
1356781281684,1.3907088,-1.1421518,-6.0160656
1356781281709,-0.75939655,-0.66484547,-5.115288
1356781281749,-3.3195739,-2.9697804,4.0589757
1356781281789,-0.8199096,0.36118937,4.2430716
1356781281829,2.1051612,1.15657,3.1082196
1356781281869,0.45646644,-1.6906595,4.1087766
1356781281909,0.23560047,-1.6306925,5.000016
1356781281948,0.8533342,-0.025476456,3.858532
1356781281986,0.84117436,0.31091022,2.2810671
1356781282027,0.22627497,-0.55246353,1.0119925
1356781282067,1.6058233,-0.21211243,3.0324244
1356781282107,1.4674841,-0.5197611,1.9635919
1356781282147,0.10071945,-1.4255724,1.2094779
1356781282187,0.35895705,-2.5046234,0.456304
1356781282227,1.5593079,-2.031578,-0.76241106
1356781282267,0.89350235,-2.2435408,-0.2505597
1356781282307,-0.6522038,-1.4223967,1.3211914
1356781282347,-2.757471,1.0712872,0.586874
1356781282387,-5.6051216,0.8300638,-0.75036967
1356781282427,-3.8844585,0.7431488,-2.2107997
1356781282467,-0.102380276,0.37659168,-3.1873794
1356781282507,1.0358288,0.49767113,-0.22180736
1356781282547,0.2395451,3.703001,1.7125185
1356781282587,0.58598876,6.5858626,-3.9027054
1356781282627,1.1260138,6.786525,-5.5044966
1356781282681,0.48742652,1.3997536,-5.465459
1356781282719,-0.9041953,-5.839629,-4.682681
1356781282759,0.80517125,1.8081384,-4.707378
1356781282799,-1.9111443,-2.1120467,2.1998641
1356781282839,-0.011485338,0.94782066,4.2918315
1356781282877,1.7958598,0.7628603,3.2994747
1356781282917,0.59444666,-3.3736024,3.96347
1356781282957,2.0261292,-3.3044338,3.3333063
1356781282997,2.0365202,-1.1199203,2.7622461
1356781283037,0.22139049,-0.742301,2.9045172
1356781283077,0.08345437,-0.8046737,3.126272
1356781283117,0.44483876,-0.5491686,2.8429966
1356781283157,0.4259286,-1.1094408,1.1477344
1356781283197,0.86287534,-1.5102673,0.2950061
1356781283237,2.119069,-2.1087627,0.22779086
1356781283277,1.970179,-2.865324,-0.40132344
1356781283317,-0.7412505,-2.6675682,0.5050236
1356781283357,-2.5072021,0.45427513,1.4570756
1356781283397,-4.2904186,-0.1814127,0.23853874
1356781283437,-5.380377,-0.028557777,-0.9760014
1356781283477,-0.8918855,1.3603697,-1.5968933
1356781283517,0.12921453,1.3279238,-2.4726877
1356781283557,0.031143904,2.7519135,0.12538862
1356781283597,1.1651112,5.2047987,0.43077183
1356781283637,1.3502084,6.7873287,-5.1289625
1356781283683,1.3882627,4.559775,-5.0317793
1356781283719,0.17209816,-1.9890795,-5.143012
1356781283759,-0.62442017,-3.2372675,-3.4955425
1356781283799,-0.36010242,-1.4512091,-6.0757513
1356781283837,-3.5785887,-3.2798529,1.0327258
1356781283877,0.2731862,3.1872249,4.0218296
1356781283917,1.4954308,1.7662969,3.2073414
1356781283958,-0.5170145,-2.9999862,4.2906923
1356781283995,0.7243345,-2.310412,4.0038424
1356781284038,2.819255,-0.45065022,2.5800698
1356781284077,2.397575,-0.9085312,1.4193188
1356781284117,1.1985731,-0.96592426,2.1958463
1356781284157,1.4921573,-0.23613167,2.9724462
1356781284197,0.29895902,-0.51117134,0.31887567
1356781284237,-0.015256166,-1.4969501,0.55103886
1356781284277,1.7533782,-2.3342876,0.3115372
1356781284317,2.3898027,-1.5681667,-0.9381992
1356781284357,0.4315052,-2.3275204,0.09045398
1356781284397,-1.8354781,-0.41740227,1.1700895
1356781284437,-3.7092772,-1.3379154,0.03208375
1356781284477,-5.092704,-0.56343746,-0.61560607
1356781284517,-1.218034,2.1328516,-1.8994825
1356781284557,0.9391849,2.3520775,-2.4767835
1356781284597,-0.47719216,2.4704332,-1.0022944
1356781284637,-0.46674085,3.4496298,1.4731482
1356781284681,-0.57100606,4.668865,-2.7760785
1356781284719,0.1922183,4.4857807,-4.1324115
1356781284759,0.78336596,3.010283,-3.8872373
1356781284799,0.013093948,-1.2897959,-4.8652945
1356781284838,1.195518,-2.4249287,-3.5941541
1356781284879,0.33605766,-1.5294495,-5.6410584
1356781284919,-3.4344952,-3.0990305,1.3177426
1356781284959,-1.657187,1.1171818,5.7250433
1356781284997,1.0325501,1.8609247,3.0489397
1356781285037,-0.44999194,-2.1379886,3.7033863
1356781285077,0.68727946,-2.0876622,4.057799
1356781285117,2.6081889,-0.45548725,3.8968208
1356781285157,1.9141626,-0.17511272,0.681862
1356781285198,1.1989133,-0.5892086,1.0788462
1356781285237,2.53713,-0.5343666,2.4045858
1356781285277,2.0963385,-0.3000698,0.6767933
1356781285317,0.29393888,-1.2461357,0.51002276
1356781285357,0.5423634,-1.36267,0.6092699
1356781285397,2.3270395,-2.4068651,-0.2579543
1356781285437,1.1516728,-3.229392,-0.8445701
1356781285477,-1.6757593,0.030238152,1.0976412
1356781285517,-2.859566,0.40608978,0.07511437
1356781285557,-5.3695464,-2.2671185,0.66678005
1356781285597,-2.901321,-0.3850708,-2.0800624
1356781285637,0.69188654,1.1563253,-1.5555027
1356781285679,0.3121308,3.0069613,-0.4898259
1356781285719,-0.46497107,4.5947576,1.235373
1356781285759,-0.038430452,5.364877,-1.5280646
1356781285799,-0.09340572,5.7832713,-4.741745
1356781285837,0.21534753,3.1162963,-4.6792107
1356781285877,-0.13833022,-3.0217934,-5.204147
1356781285917,0.5176656,-1.1563663,-4.4260516
1356781285957,-0.98548174,-2.275075,-4.2556286
1356781285997,-3.5334125,-2.4382787,4.6409135
1356781286037,0.23333097,2.6629815,3.8473883
1356781286077,1.3665742,-0.0040197372,2.784182
1356781286117,0.22395086,-2.6407104,3.4328866
1356781286157,2.5578308,-1.5039182,4.0578127
1356781286197,2.5038273,-0.56757545,1.5596445
1356781286237,1.362459,-0.5334387,1.8183287
1356781286277,1.0871947,-0.5863266,2.3803005
1356781286327,1.3628861,0.39004326,1.8264164
1356781286367,0.041354418,-1.4203997,0.4117
1356781286407,0.45515704,-2.0935745,0.18049102
1356781286448,2.544763,-2.349719,-0.25519168
1356781286487,1.7441816,-3.9049978,-0.032874048
1356781286527,-2.0181885,-0.1789465,1.3709546
1356781286568,-4.383169,-0.90422535,0.5454273
1356781286607,-5.636196,-1.0604963,-0.9086423
1356781286680,-0.9577429,1.0902987,-2.2831411
1356781286689,0.9554471,1.6619015,-2.0400867
1356781286726,-0.059133053,3.4844894,-0.20172495
1356781286767,0.41455698,4.9041195,0.86866915
1356781286807,0.6249542,5.940437,-4.227914
1356781286847,0.3766346,4.834823,-4.9819627
1356781286887,-0.41508484,-0.08161545,-5.491295
1356781286928,-0.0070581436,-2.6310616,-3.9927006
1356781286974,0.4261074,-1.6142683,-5.783115
1356781287005,-2.3419728,-3.73281,0.7174075
1356781287048,-2.0101333,0.044418335,6.8719444
1356781287087,1.4253336,2.4546514,3.1851707
1356781287127,-0.3262732,-1.415452,3.7735827
1356781287167,0.111027,-1.6953754,4.185945
1356781287207,2.5655575,-0.35441685,3.5036416
1356781287247,2.8809693,-0.43865013,1.2872558
1356781287287,1.8546492,-0.916337,1.6741832
1356781287327,2.0608852,-0.10434532,1.7119412
1356781287367,1.2988725,0.03741455,0.9095737
1356781287408,0.27544022,-0.9633932,0.37300086
1356781287447,1.134682,-0.9071379,0.34040454
1356781287490,2.5797553,-2.9948483,-0.6198096
1356781287535,0.047784805,-3.148097,-0.18629932
1356781287577,-2.256205,0.9194851,1.2269061
1356781287617,-4.850094,-1.252697,-0.3519311
1356781287676,-5.3702564,-1.0029984,-1.4760418
1356781287699,-1.3906674,0.8638897,-1.2092415
1356781287739,0.12202072,1.513834,-1.58252
1356781287778,-0.3813734,3.4773397,0.3521744
1356781287818,0.2903483,4.8411894,0.8632531
1356781287857,0.7856569,6.4823914,-4.661768
1356781287897,0.7217486,4.7874846,-4.0210094
1356781287937,-0.40859485,-0.3501644,-5.174224
1356781287977,-0.37356234,-3.4076872,-3.5899587
1356781288017,0.84875965,-1.1246567,-5.205345
1356781288057,-2.9465108,-2.9950323,-0.54798365
1356781288097,-1.0981784,1.8242259,6.4565883
1356781288137,1.0212929,1.6986737,2.7515562
1356781288177,-0.15239,-1.9893398,3.310112
1356781288217,0.9987674,-1.9301162,2.8329382
1356781288257,3.4689772,-0.79730415,4.436882
1356781288297,2.2517977,-0.45253754,2.1606715
1356781288337,0.03686142,-0.37843227,1.4202551
1356781288377,1.9014525,-0.45056725,2.1995134
1356781288417,2.2286239,-0.17437649,1.2723162
1356781288457,1.1458813,-1.9912338,0.028264947
1356781288497,1.124441,-1.5911884,0.47923023
1356781288537,1.8829747,-2.308939,-0.011139393
1356781288577,0.22261071,-3.4011374,-0.32229763
1356781288617,-2.3441508,-0.026826859,1.0610399
1356781288673,-4.364528,-0.80109024,0.3177966
1356781288699,-6.221423,-1.4878197,0.3486303
1356781288739,-2.7470694,0.50311184,-1.4180557
1356781288779,-0.29873013,1.7552338,-1.6421753
1356781288817,-0.01287055,3.1518893,-1.1215026
1356781288857,0.88094115,4.8087883,1.1367917
1356781288897,1.7824694,6.239785,-3.8923624
1356781288937,1.677903,5.1107035,-4.8327975
1356781288977,0.301764,-1.9682398,-5.7928677
1356781289017,-0.68131924,-2.8524637,-5.4166126
1356781289057,0.59327054,0.095378876,-5.3874054
1356781289097,-4.159878,-4.1193943,2.5552883
1356781289137,0.4268148,2.6804428,4.586575
1356781289177,1.2583554,1.5694885,2.7481952
1356781289217,-0.74817777,-2.0108457,3.7635975
1356781289257,0.85005903,-1.3897614,3.9551258
1356781289297,2.1033618,-0.46446323,3.7567763
1356781289337,2.5298905,-0.9457855,0.7661624
1356781289377,2.0278845,-1.2370415,1.2949715
1356781289417,2.0424333,-0.18506145,2.7144883
1356781289457,0.78098106,-0.46105766,1.30069
1356781289497,-0.23112106,-1.4536715,0.04688531
1356781289537,0.5625627,-1.4727602,0.16608566
1356781289577,1.3612969,-1.0975666,0.22814953
1356781289617,0.6511744,-2.5513725,-0.5289396
1356781289667,-0.99957204,-0.28125858,0.48582768
1356781289699,-2.959814,0.75660896,0.29755235
1356781289739,-5.01103,-1.1100826,-1.0481504
1356781289778,-2.4683585,-0.0028438568,-1.1319301
1356781289819,0.15593386,0.35851574,-1.4725913
1356781289857,-0.07437229,1.6123867,-1.4948882
1356781289897,-0.9267924,3.9519725,0.72703564
1356781289944,0.5543294,5.096026,-2.2581415
1356781289978,1.2725924,4.8636675,-5.168766
1356781290015,1.2641749,3.068276,-4.0466485
1356781290058,0.6195979,-0.50385857,-4.527836
1356781290097,0.55306053,-2.7143326,-3.7026753
1356781290137,1.1607537,-0.54831314,-5.370858
1356781290177,-2.9777825,-2.8408818,-0.95980734
1356781290217,-2.1134236,-0.58153343,4.5131063
1356781290257,0.8962493,2.0942688,3.5285573
1356781290297,0.6317079,-1.0237842,4.055572
1356781290338,0.5767009,-2.6200695,4.7296696
1356781290377,1.2880121,-1.3388367,4.39367
1356781290417,0.9204116,-0.2115202,1.1571227
1356781290457,1.0259907,-0.14762402,0.95485735
1356781290497,1.4936281,-0.4093256,2.2220783
1356781290537,2.236999,-0.013706207,1.5585551
1356781290577,1.3778545,-0.77860355,0.30785435
1356781290617,0.2982695,-0.59168434,0.5615952
1356781290666,-0.25166368,-0.76596355,0.75229555
1356781290699,0.39354038,-0.97617626,0.43882233
1356781290739,0.7609209,-2.3398237,-0.34209514
1356781290779,0.30655968,-2.539917,-0.37142873
1356781290817,-0.7083726,-0.7163029,0.78294194
1356781290857,-2.8432343,1.243906,0.16404247
1356781290897,-4.82251,-0.119561195,-0.44445133
1356781290937,-3.0816216,0.24305916,-0.8202762
1356781290977,-0.5648527,0.53210163,-1.9975412
1356781291017,-0.13257861,1.2339458,-1.1728772
1356781291057,-0.44239426,2.721447,1.0946808
1356781291097,-0.34720087,4.4557295,-2.192917
1356781291137,0.23013926,5.250803,-5.0873256
1356781291177,0.7566538,4.3783298,-3.7666245
1356781291217,0.42943954,-1.1137075,-4.4845586
1356781291257,0.40649915,-3.0276537,-4.436787
1356781291299,1.743769,1.1639128,-5.929227
1356781291347,-2.7900987,-3.4294639,1.2600129
1356781291387,-0.9606397,-0.4568119,2.7882004
1356781291427,1.9486259,1.5319552,2.3703663
1356781291467,1.4181513,-0.7583647,4.4749093
1356781291507,0.8570142,-2.6533537,4.620058
1356781291547,1.2623365,-1.0667734,4.77102
1356781291587,1.223428,-0.46376133,1.2918994
1356781291627,1.1915641,-0.4755745,1.6876906
1356781291671,1.2324941,-0.60912514,2.5463076
1356781291709,1.1336302,-0.0017843246,2.7778687
1356781291749,0.12765265,0.26516914,0.95476633
1356781291787,-0.6533115,-0.19272423,0.5436264
1356781291827,0.72986364,-1.388278,0.3628772
1356781291867,1.8679528,-2.344613,-0.4921489
1356781291907,0.5422243,-2.6176128,-0.6860533
1356781291947,-0.3841045,-2.0835905,0.3476745
1356781291987,-2.1035235,0.40882683,0.6477382
1356781292027,-3.653689,-0.18089104,-0.29880518
1356781292067,-2.7065253,0.31842327,-0.41894752
1356781292107,0.16661751,0.9315052,-1.2276359
1356781292147,-0.9512851,1.0816555,-0.76751196
1356781292187,-1.4635737,2.6250653,0.18904787
1356781292227,-0.5047219,3.9789271,-0.20751977
1356781292267,0.53261805,4.8832445,-3.5650864
1356781292307,0.20660853,3.8392696,-4.3330994
1356781292347,0.5539429,0.6510439,-4.5562763
1356781292387,0.22884393,-3.2364302,-3.6704035
1356781292427,1.7908785,1.3217516,-5.7897067
1356781292467,-0.93724775,-2.0930338,-1.7138605
1356781292507,-3.0227592,-2.6624265,2.828322
1356781292557,1.996187,1.9901586,2.0560646
1356781292597,1.4056677,-0.90975523,3.5511832
1356781292637,0.97077227,-2.8774772,3.561658
1356781292679,1.4732625,-0.8835354,3.9469843
1356781292719,1.5650067,-0.087433815,1.2424741
1356781292758,1.0629821,0.22649765,2.0583856
1356781292799,0.190907,-0.09974575,2.607051
1356781292839,0.14125896,0.04444599,2.2360532
1356781292879,-0.27860928,-0.08683014,1.200412
1356781292917,-0.6494775,-1.0644884,0.74295545
1356781292957,0.58887756,-1.758893,0.3913169
1356781292998,2.39662,-1.6977654,-0.45779222
1356781293035,1.1264589,-3.1965475,-0.6974604
1356781293078,-1.1467457,-1.1898546,0.8696861
1356781293117,-2.3794007,0.7499113,0.54065645
1356781293157,-4.2208047,0.09332371,0.29715443
1356781293197,-3.0388455,0.40352535,-0.68885183
1356781293237,-0.42943168,1.5062771,-1.3570681
1356781293277,-0.72353625,1.477706,-2.3068342
1356781293317,-1.013277,2.8170834,-0.011620283
1356781293357,1.1660926,4.2721677,-0.86065423
1356781293397,1.3147902,4.661734,-4.4004297
1356781293437,0.7534206,3.2690468,-3.9652076
1356781293477,0.4484403,-1.180479,-5.1085777
1356781293517,0.1626091,-1.786686,-4.033738
1356781293557,0.62013054,0.5236068,-5.3156233
1356781293597,-2.073446,-3.5767593,-1.9126277
1356781293637,-2.6377907,-1.6422968,3.6837583
1356781293679,1.3909541,3.146657,3.0610065
1356781293719,1.3742048,0.4311056,3.8488228
1356781293759,0.2875719,-3.127398,4.543929
1356781293799,1.7102083,-1.6401434,4.863678
1356781293839,1.8635405,-0.5064831,0.47012997
1356781293879,1.7289988,-0.32653427,1.5103616
1356781293919,1.2497799,-0.38026714,2.505231
1356781293959,1.3364894,-0.1433878,1.9174343
1356781293999,0.81646776,-0.22299671,0.39581972
1356781294039,-0.11227584,-0.59648037,0.46979856
1356781294079,0.2510531,-1.0994139,0.8774816
1356781294119,1.3580809,-1.8867455,-0.6252049
1356781294159,1.1373092,-2.0981722,-1.049168
1356781294199,-0.16831994,-2.1635942,0.18069577
1356781294237,-1.4627204,1.0232658,0.9670081
1356781294277,-3.5605848,0.03669262,-0.19568336
1356781294317,-4.0722036,-0.17411613,-0.8115391
1356781294358,-0.7612097,1.0836916,-1.4674468
1356781294397,0.4209411,-0.067596436,-1.6454263
1356781294437,-0.7049055,1.9571195,0.6670946
1356781294477,-1.4028068,3.6782074,0.65393424
1356781294517,0.030303001,4.8126707,-3.8692942
1356781294557,0.1763742,4.6605406,-4.649619
1356781294597,0.3008623,3.0530634,-3.722784
1356781294637,-0.16118526,-1.2884207,-4.1057315
1356781294679,0.7669115,-2.2248611,-3.6747224
1356781294719,1.7033315,-0.15888214,-6.020415
1356781294759,-2.0427303,-2.994677,-1.4541583
1356781294799,-2.5160973,-1.0501423,4.9294953
1356781294839,1.0325911,2.066423,3.2302065
1356781294877,0.82433677,-0.78035784,3.6903405
1356781294917,0.4582429,-2.6683822,4.1133747
1356781294957,1.945724,-1.0415635,5.2324576
1356781294997,1.8145598,-0.25381947,1.5874858
1356781295037,1.3742695,-0.31594753,1.4890759
1356781295077,1.4939145,-0.84265614,2.6829848
1356781295117,1.6390862,-0.22020626,2.1295028
1356781295157,0.11687374,-0.45276546,0.50431883
1356781295197,-0.38343406,-0.9384899,0.5839948
1356781295237,1.0636718,-1.7112217,-0.034692764
1356781295277,2.1113844,-2.4852695,-0.7987083
1356781295317,-0.03895402,-3.0908928,-0.4976621
1356781295357,-1.8772752,0.6050949,0.5041115
1356781295397,-3.6178632,-0.29934597,0.07614267
1356781295437,-4.5022655,-0.59103966,-0.05143881
1356781295477,-0.3976512,1.0221872,-2.2592952
1356781295517,1.165989,0.41273022,-1.0421721
1356781295557,-0.827842,2.6796584,0.71465313
1356781295597,-1.8374176,4.248727,-0.051584065
1356781295637,-0.054217577,5.7796874,-4.0676913
1356781295679,0.30386066,5.4190903,-4.518859
1356781295719,0.96815515,0.97357655,-4.1996584
1356781295759,0.8002286,-3.3621483,-5.0336866
1356781295799,0.50409746,-0.20936298,-6.023639
1356781295839,0.11081076,-0.1526947,-4.105617
1356781295877,-3.7417834,-3.2524657,2.95813
1356781295917,-0.84722185,0.81206226,4.148489
1356781295976,1.1910048,0.7746391,2.9212403
1356781295997,0.8116994,-1.3289132,4.0602407
1356781296038,1.0939233,-1.9538369,4.1435733
1356781296075,1.8836141,-0.71751165,4.924431
1356781296118,1.7181863,-0.44432163,1.9669741
1356781296157,1.4595286,-0.7507839,1.7216547
1356781296197,1.6272408,-0.98946476,2.6531553
1356781296237,1.0678146,0.062470436,1.6113555
1356781296277,0.09705114,-0.71399975,0.044900205
1356781296317,0.8095783,-1.8050699,0.2527616
1356781296357,2.439646,-1.8685532,-0.04609126
1356781296397,1.594444,-3.8438168,-0.7374018
1356781296437,-1.8764534,-1.3480883,0.17241597
1356781296477,-2.9164958,0.771821,0.36230266
1356781296517,-4.4437685,-0.010762215,0.37692344
1356781296557,-2.7002993,0.019877434,-0.57619464
1356781296597,0.1791004,1.0594578,-1.8377585
1356781296637,-0.004056692,1.5412436,-0.98878574
1356781296677,-1.1916587,2.767735,1.3232529
1356781296717,-0.8637841,4.588892,-1.4495547
1356781296757,-0.2199862,5.233314,-4.363865
1356781296797,0.14476776,3.0522757,-4.969833
1356781296837,-0.41885352,-1.666523,-5.018648
1356781296877,0.6366253,0.36178493,-3.7084868
1356781296919,-0.5376172,-1.9153671,-3.2396433
1356781296957,-3.2011983,-3.123045,2.3358688
1356781296997,1.4099119,2.6189613,3.2077944
1356781297037,2.1883616,1.145689,3.19596
1356781297077,0.45512962,-2.7102628,3.937265
1356781297117,1.5028203,-1.9107933,4.0590425
1356781297157,1.8649677,-0.48942375,1.0234728
1356781297197,2.181704,-0.6241245,1.6130626
1356781297237,1.6015626,-1.0455933,2.5954447
1356781297277,1.3238612,-0.32212925,1.8642898
1356781297317,0.106710196,0.35087776,0.6902504
1356781297357,-0.31156254,-0.9423599,0.24329266
1356781297411,1.0187681,-2.207883,0.41607797
1356781297445,1.695514,-3.2987013,-0.6487903
1356781297488,0.22123289,-3.1511297,0.11571765
1356781297527,-2.0960844,0.5886879,0.9901295
1356781297567,-3.8044872,-0.40334702,0.69767416
1356781297607,-5.2278914,-0.17912865,0.21536219
