1356781833511,0.0,0.0,0.0
1356781833532,0.122501254,0.04083538,0.027222872
1356781833565,-6.201267E-4,0.1495018,-0.081795216
1356781833598,0.039151907,0.08060551,0.10884476
1356781833637,0.07748699,-0.0036268234,0.4489448
1356781833679,0.19601095,-0.15783024,-0.00295043
1356781833717,0.06750381,0.25901794,0.33076763
1356781833757,-0.022401094,-0.12766933,-0.022268057
1356781833799,0.049212813,-0.09146786,0.30031013
1356781833838,0.038252234,-0.026695251,0.08745861
1356781833877,0.02793789,0.053801537,0.17234588
1356781833919,0.018980026,-0.06767559,-0.0022304058
1356781833958,0.011702061,-0.023867607,0.28682733
1356781833997,0.1286776,-0.020070076,-0.1981349
1356781834037,-0.03919828,0.10669136,-0.33937716
1356781834079,-0.08387911,0.06949139,0.2601893
1356781834118,-0.005360365,0.07143688,-0.38604617
1356781834157,-0.048217177,0.179636,-0.3846419
1356781834199,-0.08928335,0.21608639,0.34634852
1356781834238,-0.11454368,-0.09222031,-0.101153135
1356781834283,-0.08294475,-0.10430527,-0.4232142
1356781834318,0.15537667,-0.117589,0.39885163
1356781834357,-0.095165014,-0.12861443,0.646415
1356781834398,0.062725306,-0.33853245,0.8050902
1356781834438,0.2188294,-0.363307,0.07756066
1356781834475,0.11293793,-0.20203876,0.09555125
1356781834556,0.21842003,-0.17545795,0.38811684
1356781834559,-0.019744039,-0.14710331,0.21794319
1356781834598,0.04943943,-0.11366367,0.29086447
1356781834637,0.07409382,-0.038134575,0.16141629
1356781834677,0.016095638,-0.005833626,0.26757383
1356781834717,-0.040557623,-0.1420641,0.46002722
1356781834758,0.13721752,-0.18917942,0.31536055
1356781834797,-0.062925816,-0.29596043,0.43032908
1356781834837,-0.40940738,-0.39131927,0.3528304
1356781834877,-0.37004316,-0.2261982,0.16301847
1356781834917,-0.82722175,-0.20603752,0.20166445
1356781834957,-1.040734,-0.05743313,0.15750694
1356781834997,-1.3178641,0.35391045,0.56416655
1356781835037,-1.4480875,0.57344246,0.7548318
1356781835077,-1.6576812,1.5870781,1.488842
1356781835117,-1.3855908,1.7348881,1.7364764
1356781835157,-1.150823,2.0516176,0.96912146
1356781835197,-0.44284075,0.12922764,-1.5003719
1356781835237,-0.105795145,-2.2996635,-3.4134095
1356781835277,1.4213493,-0.49775887,-3.8221338
1356781835317,1.3776382,0.26062775,-4.1065655
1356781835357,0.66639876,0.030294418,-3.759744
1356781835397,1.4525719,-0.2706728,-3.4950495
1356781835437,1.5561945,-0.40747643,-2.911389
1356781835477,0.72749054,-0.2583933,-2.1208148
1356781835553,1.4673274,-0.3470497,-2.5246217
1356781835559,1.9855666,-0.28851032,-2.0599864
1356781835598,1.9038162,-0.1915369,-1.2079859
1356781835637,0.8598952,-0.10018444,-0.9022252
1356781835677,0.6278448,0.24246025,-0.867873
1356781835717,1.5685163,1.4191189,-1.311958
1356781835757,2.6401157,1.5974169,-0.06296003
1356781835797,2.8729677,1.1605053,2.8197527
1356781835837,2.1721103,2.0177631,0.9212928
1356781835877,-1.3413773,1.2624235,0.621016
1356781835917,-1.6410669,1.1985569,-0.58942914
1356781835958,-2.277532,3.0869646,-0.78792197
1356781835997,-3.8859506,0.9164114,0.57253325
1356781836037,-1.8622363,-1.108737,0.8637582
1356781836077,-1.3205245,-1.566185,0.76597655
1356781836117,-1.7791656,-3.0913844,0.67120314
1356781836157,-2.154725,-4.511761,1.0864028
1356781836197,-1.833145,-4.8883824,1.4142123
1356781836237,-1.3918525,-3.2802286,3.018324
1356781836277,-1.2632535,1.3472471,5.678292
1356781836317,-0.7808223,1.8988905,7.8118696
1356781836357,-1.4788762,1.2891083,4.162259
1356781836397,-1.1118649,3.1447334,-0.57067615
1356781836437,0.33810735,0.15275288,-2.9471107
1356781836477,1.8655331,-0.47812557,-2.8709984
1356781836553,2.560781,-0.3853159,-4.1364923
1356781836559,1.2673385,0.5458832,-5.119699
1356781836584,0.7395652,0.02048397,-2.7474942
1356781836616,0.79599756,0.08270073,-1.6534868
1356781836657,1.3536651,-0.17141438,-0.2321198
1356781836697,1.548632,-0.4043951,-1.904791
1356781836737,1.6134982,-0.9679775,-3.088313
1356781836777,1.129704,-0.54236317,-2.7254024
1356781836817,0.46091127,0.5684519,-0.7093975
1356781836857,0.92132556,1.5771685,-0.17575726
1356781836897,2.4749954,1.54988,-0.21028656
1356781836937,3.537755,1.7671976,1.5009813
1356781836977,3.368833,2.518651,3.3312252
1356781837017,-1.3917073,0.5908146,2.421779
1356781837057,-0.48005748,2.5756073,-1.5523328
1356781837097,-2.8173354,3.6354485,-0.42164811
1356781837137,-1.7231764,-0.25006866,1.5600374
1356781837177,-1.2658432,-0.9479704,0.26721063
1356781837217,-2.0759282,-2.7982645,-0.989751
1356781837257,-2.9281406,-5.343295,-1.4463079
1356781837297,-3.9188564,-7.012112,-0.17777425
1356781837337,-3.2647386,-4.765791,2.5335844
1356781837377,-0.17608428,5.493435,9.021964
1356781837417,0.010175943,2.0788813,5.9460344
1356781837457,-0.10436475,0.84373856,0.3493271
1356781837498,0.14363396,0.98872375,-1.803998
1356781837545,0.7366053,-1.6360202,-2.7997394
1356781837586,1.7796563,-0.37437057,-3.0256224
1356781837627,3.0548635,0.8959341,-2.666297
1356781837667,1.0188076,-0.92213345,-0.7201451
1356781837707,1.3733878,-0.70594025,-0.29247916
1356781837747,1.755408,-0.54971504,-2.8587825
1356781837787,1.2796264,-0.6662693,-1.5613637
1356781837827,1.1299475,-0.505311,-1.164742
1356781837867,1.8703887,1.4247227,-1.7978847
1356781837907,2.83012,2.8287668,-0.049275935
1356781837947,3.1748576,2.0112782,2.568861
1356781837987,1.4871573,2.816205,3.0686824
1356781838027,-2.5159924,1.1718559,0.44384548
1356781838067,-0.9632294,2.6840515,-2.7314615
1356781838107,-3.6915786,4.748226,0.6723483
1356781838147,-0.8769419,-0.2623453,1.3149076
1356781838187,-1.3436677,-2.1651373,0.39198655
1356781838227,-1.4817023,-4.566122,-1.5884154
1356781838267,-2.457446,-7.162855,-2.423121
1356781838307,-2.897742,-6.605887,-0.3133429
1356781838347,-2.9726527,-1.8517065,5.729171
1356781838387,0.20511818,4.2821693,10.021637
1356781838427,-0.3258909,1.2468376,5.565548
1356781838468,0.012578249,2.0703726,-1.5304995
1356781838507,-0.2240442,0.107857704,-3.0938182
1356781838552,0.6203816,-0.42988682,-3.2792244
1356781838589,1.57157,0.5653372,-2.9020472
1356781838629,1.4023896,0.4639473,-2.966013
1356781838669,-0.074757814,-0.85485363,-1.7179351
1356781838708,1.4137495,-1.0496626,-1.3864756
1356781838749,1.7166315,-0.3762989,-2.814679
1356781838789,1.57113,-0.5628166,-1.9920099
1356781838829,1.5570188,0.03425789,-1.2091889
1356781838867,3.0251224,2.1258821,-0.43063542
1356781838907,3.2889066,1.7749605,1.5325348
1356781838947,2.4060645,2.4295301,1.6654782
1356781838987,1.1884532,2.37809,-0.26127726
1356781839027,-0.8778641,3.0120544,-1.8712107
1356781839067,-3.3153272,4.29389,-1.3295329
1356781839107,-4.8333097,0.056163788,0.49612117
1356781839147,-2.3748288,-2.3808136,1.0032016
1356781839187,-0.5276654,-2.4224663,0.22175041
1356781839227,-1.3605943,-4.6145287,-1.469768
1356781839267,-1.7692987,-6.501084,-0.6985833
1356781839307,-2.1348996,-5.5464196,2.426275
1356781839347,-0.26951957,3.8846254,10.289021
1356781839387,-1.286042,1.8385019,6.385877
1356781839427,-1.2814007,-0.45405674,1.8242406
1356781839467,1.7511944,2.8436098,-1.7208111
1356781839507,-0.52791774,-1.1097393,-3.0268593
1356781839551,1.4236324,-0.17095661,-3.0639362
1356781839589,3.085543,1.8305683,-2.4003758
1356781839629,1.6834085,0.52251244,-1.039047
1356781839669,-0.30714285,-1.2199059,0.045719624
1356781839709,0.16052663,-2.2808647,-2.5297356
1356781839749,2.16014,-0.41218472,-3.6092129
1356781839789,1.5503688,-0.3621626,-1.3086609
1356781839829,1.4085405,0.8336916,0.18299341
1356781839869,1.612102,2.0950127,0.38570338
1356781839907,3.3538237,1.4776812,1.322109
1356781839947,2.0878487,2.3711634,2.8366952
1356781839987,-0.07197118,2.2080574,-0.20237312
1356781840027,-0.6586025,4.373974,-3.4531426
1356781840067,-2.8766432,4.255602,-1.299662
1356781840107,-4.3954964,0.2986269,0.6073119
1356781840147,-2.387394,-1.5408497,0.59747905
1356781840197,-0.94475746,-3.1688232,-0.4303982
1356781840235,-1.5203649,-6.185382,-1.6657021
1356781840278,-2.6070201,-6.1121383,-0.27024722
1356781840317,-2.6953945,-4.4414988,3.1916394
1356781840357,0.22883177,3.6325932,10.483714
1356781840397,1.248097,2.3840075,6.591992
1356781840437,0.16685069,1.1021471,1.9669755
1356781840496,-0.14378023,-0.1483059,-2.9381309
1356781840563,-0.37503994,-1.374229,-3.6308384
1356781840563,1.6112405,0.50669765,-2.7171113
1356781840595,2.4156933,1.2856512,-3.0851219
1356781840638,-0.39091325,0.13421345,-1.8321664
1356781840678,1.3083379,-0.32516098,-0.86301184
1356781840717,2.4450011,-1.2154903,-2.6112533
1356781840757,0.7129724,-0.45027733,-2.5430155
1356781840797,0.31419683,0.3307066,-0.44679773
1356781840837,0.75337696,1.6223478,-0.36243325
1356781840877,2.613566,2.3996,0.284568
1356781840917,3.2683842,1.9207954,1.9792666
1356781840957,2.2827275,2.8056583,1.5926495
1356781840997,-1.9266522,2.4394503,-1.7720027
1356781841037,-1.1845709,3.0715122,-2.5034447
1356781841078,-2.9511063,2.2500114,-0.99570817
1356781841117,-2.6293736,-1.2304068,0.55828696
1356781841157,-1.2554474,-3.210147,0.012730807
1356781841197,-0.72153544,-4.160497,-1.143232
1356781841237,-1.6685456,-6.2295094,-1.6663264
1356781841277,-2.7678466,-6.586491,1.0622675
1356781841317,-1.8449531,-0.22256565,8.169833
1356781841357,1.2280815,4.5244875,8.957733
1356781841397,-1.1840167,0.43016148,2.4888592
1356781841437,0.3610164,1.6706572,-2.170813
1356781841477,-0.8418697,-0.8865137,-1.9265323
1356781841550,0.7830311,-0.53098774,-2.8144112
1356781841569,2.3967433,1.3458567,-2.170547
1356781841609,1.5331819,0.23400307,-1.1527649
1356781841649,1.4965463,-0.21788979,-0.82092655
1356781841689,1.5897733,-1.8962736,-2.736621
1356781841729,0.5123246,-0.38368893,-2.3553743
1356781841769,0.4882233,-0.013638496,-0.37471288
1356781841807,1.3492615,1.0606842,0.35324848
1356781841847,3.2231317,1.9398193,1.1746387
1356781841887,2.9254236,1.6259432,3.1524277
1356781841927,2.5388453,2.7532587,0.8736602
1356781841967,-0.1331129,2.9767017,-2.1616895
1356781842007,-0.56964254,4.1829596,-1.6432861
1356781842047,-2.9684684,3.0519953,-1.1822261
1356781842087,-3.852659,-0.44045067,1.213119
1356781842127,-1.4833069,-3.5138469,0.12770903
1356781842167,-0.7311816,-4.4558845,-1.0995083
1356781842207,-1.9396337,-6.62496,-2.03123
1356781842248,-3.5458734,-6.790824,0.18440458
1356781842287,-2.7906148,-0.17353725,8.57337
1356781842327,0.55992866,5.0699043,10.165117
1356781842367,-1.4318508,-0.49575233,3.090571
1356781842407,-0.03707385,2.5691833,-1.7177137
1356781842447,0.23638594,0.02971363,-2.8634415
1356781842487,1.6714585,-0.5257273,-3.559631
1356781842548,1.8710047,1.3837833,-3.2510862
1356781842569,-1.214618,0.5443411,-1.6220709
1356781842609,1.0837182,-0.51512337,-0.32414925
1356781842649,2.3043818,-1.1474237,-2.3555727
1356781842689,1.5285357,-1.1871996,-3.087153
1356781842727,1.5718449,-0.58784676,-1.4775792
1356781842767,1.2116175,0.46181297,-0.29985684
1356781842807,3.2434416,2.103016,1.2475247
1356781842847,4.0297294,1.703166,2.4008036
1356781842887,1.994626,2.869051,2.0441651
1356781842927,-0.5819771,3.2436838,-1.7277839
1356781842968,-0.8031502,4.4144382,-2.3998983
1356781843017,-4.3024035,2.9270992,-1.0529218
1356781843057,-3.3201704,-2.28794,0.928287
1356781843097,-1.2936637,-3.4808044,-0.25942206
1356781843137,-1.1219096,-4.7608547,-1.4139465
1356781843177,-1.8510576,-7.5455365,-1.7609522
1356781843217,-3.3800917,-6.438442,2.1850739
1356781843257,-1.0833045,3.7533731,11.636897
1356781843297,-2.905977,0.104003906,6.2762303
1356781843337,-2.6415837,-0.2194252,1.0790098
1356781843377,3.0101848,2.808157,-1.01837
1356781843417,1.0400552,-1.1517401,-2.6168966
1356781843457,1.0755523,-0.41813946,-3.0494342
1356781843497,2.2432036,0.860054,-2.3968706
1356781843565,0.7298106,0.64956284,-0.6237978
1356781843577,1.0509329,-0.010689735,0.01140666
1356781843618,1.7312844,-1.462563,-1.7592993
1356781843655,0.8942703,-0.7012701,-2.5361986
1356781843698,2.2819548,-0.27213097,-0.9276153
1356781843737,1.9361844,0.8872795,-0.51832193
1356781843777,1.6860521,2.321105,0.24461746
1356781843817,1.91191,2.2029285,1.8526392
1356781843857,1.1953254,2.9721737,3.2858357
1356781843897,1.6203241,2.0732145,-0.38277975
1356781843937,1.079078,3.4760094,-2.8262973
1356781843977,-2.1643724,3.7842655,-2.1366844
1356781844017,-2.7389743,0.6899338,1.1285107
1356781844057,-2.4922295,-3.0455766,0.26064426
1356781844097,-0.777997,-4.1689405,-1.210633
1356781844137,-1.3286121,-6.2919445,-3.018238
1356781844177,-3.161555,-6.565705,-1.1750002
1356781844217,-4.079568,-2.710456,5.0923996
1356781844257,-0.24484229,5.7280807,11.46218
1356781844297,-1.5343959,-0.012072563,4.7234035
1356781844337,0.4029584,2.4413033,-1.9896703
1356781844377,0.4811461,-0.7317629,-2.3286476
1356781844417,1.2409431,-0.37220955,-2.1468267
1356781844457,1.8384216,0.619051,-1.6639476
1356781844497,0.038460135,0.115805626,-1.8362733
1356781844547,0.32464206,-0.83604145,-1.1896445
1356781844579,1.4649625,-1.2610149,-2.660087
1356781844619,2.2197576,-0.7094288,-2.4747458
1356781844659,1.5994154,-0.03931141,-0.37414765
1356781844699,0.42962146,0.538187,0.5567105
1356781844737,2.3119736,1.8119249,-0.9868296
1356781844777,2.688468,2.143652,2.0447898
1356781844817,1.4493918,3.6733274,2.398075
1356781844857,-0.3324399,2.5225458,-1.0924318
1356781844897,-0.5121064,3.5546522,-2.6511512
1356781844937,-2.7442422,3.7371674,-0.9505909
1356781844977,-2.7860408,-0.6672487,0.51972175
1356781845017,-1.7329293,-3.08674,0.35564858
1356781845057,-0.9268937,-3.796794,-0.91375446
1356781845097,-0.7415564,-5.7916374,-2.1358883
1356781845137,-2.5961876,-7.548505,-0.2786701
1356781845177,-2.8728404,-2.7610312,6.1902013
1356781845217,-0.08211756,7.072565,11.092406
1356781845257,-2.4502215,-1.7013636,3.249855
1356781845297,0.035437822,-0.4313059,-0.6618435
1356781845337,-1.0129743,1.5128632,-2.9130359
1356781845377,-0.18436503,0.114920616,-2.7980037
1356781845417,1.7905904,0.6252489,-2.7123084
1356781845457,3.2245932,0.6279707,-2.4514596
1356781845497,2.6267166,-0.19273567,-1.3844146
1356781845547,1.9776821,-1.0442791,-0.42282093
1356781845579,2.2905223,-0.87620354,-2.498992
1356781845619,0.77215767,0.18296623,-2.2967005
1356781845659,-0.08347988,0.36687946,-0.23687863
1356781845699,1.4532549,1.932044,-1.3167554
1356781845737,3.647932,1.8441496,-0.23887908
1356781845777,3.81554,2.0437431,4.36507
1356781845817,2.5389743,2.348875,-0.4109409
1356781845857,-0.4248333,1.9356651,-1.9837976
1356781845897,-3.5273092,5.3730793,-3.9771338
1356781845937,-4.9367075,2.5932827,1.1199771
1356781845977,-2.61516,-2.2853775,0.6094637
1356781846017,-1.0006483,-2.939962,-0.4071391
1356781846057,-1.6018317,-4.1947365,-1.36451
1356781846097,-2.3629909,-6.8936725,-1.5119542
1356781846137,-3.058324,-7.01304,2.1271956
1356781846177,-0.24436426,2.286065,10.638904
1356781846217,-1.079073,4.3646135,7.895475
1356781846257,-4.1046834,-3.8304825,1.834678
1356781846304,1.1148267,3.2565088,-0.30839235
1356781846347,-0.2158773,-0.76074314,-2.568943
1356781846387,2.0803509,0.26546383,-3.585775
1356781846427,3.806406,1.5640926,-2.1299508
1356781846467,1.6154265,0.44500446,-0.39481282
1356781846507,1.196348,-0.16311646,-0.6183623
1356781846547,1.8932438,-1.8962197,-2.9755301
1356781846606,2.202055,-1.1513958,-3.5191932
1356781846627,1.4683512,-0.058897972,-1.5695634
1356781846668,0.07206607,0.2694893,-0.26263154
1356781846705,0.9702389,2.630065,-1.0760232
1356781846748,2.9716394,2.2236052,1.0120925
1356781846787,4.27076,2.3409739,4.102972
1356781846827,1.9608059,1.7025709,0.12998098
1356781846867,-0.56592274,1.8276701,-2.917042
1356781846907,-3.4914143,5.3587494,-3.9029071
1356781846947,-4.440038,2.2632427,1.2064489
1356781846987,-1.7174199,-2.5815463,0.5119229
1356781847027,-1.1706796,-3.4779587,-0.78627723
1356781847067,-1.7531266,-4.512381,-1.8094456
1356781847107,-2.4815931,-7.04598,-1.4117744
1356781847147,-3.4912515,-6.2685347,3.2851045
1356781847187,0.142138,4.336652,11.329369
1356781847227,-0.8856505,2.5723076,7.0989017
1356781847267,-2.5849078,-2.4487867,1.032336
1356781847308,0.64881206,3.670866,-1.7534007
1356781847347,-0.29292548,-1.6377897,-2.8834682
1356781847387,1.6936591,0.3787279,-3.4528465
1356781847427,2.9759429,1.7264252,-1.7089123
1356781847467,1.333803,0.208251,0.2582159
1356781847507,1.7147777,-0.9891062,-1.1671414
1356781847551,1.696631,-1.9340949,-3.227024
1356781847589,1.202419,-0.2553892,-2.8860698
1356781847629,0.12113285,-0.38872433,-0.6249679
1356781847669,0.40355015,0.52232265,-1.6008167
1356781847707,2.2413802,2.9937782,-1.119454
1356781847747,4.61206,1.9775906,2.7110672
1356781847787,3.1566687,2.6180716,2.6837533
1356781847827,0.8406167,1.6095266,-0.45644906
1356781847867,-1.2386804,2.8310719,-3.1968548
1356781847907,-4.2503443,5.534626,-3.8775434
1356781847947,-4.6003265,1.145608,3.198567
1356781847987,-1.3898768,-3.2655659,0.0062092096
1356781848027,-0.9070039,-3.8673453,-0.5052916
1356781848067,-1.2459035,-5.634787,-2.2990253
1356781848107,-2.7736087,-7.974933,-0.9431566
1356781848147,-2.6389627,-3.4361548,6.4191256
1356781848187,1.2577882,6.881486,11.994856
1356781848227,-3.5747848,-2.6112628,3.490708
1356781848267,0.27617383,-0.6820011,-0.70561373
1356781848307,-0.4659711,0.8061304,-2.1592882
1356781848347,0.24253428,-0.23423386,-3.2711987
1356781848387,2.3834023,1.8468208,-2.6462433
1356781848427,2.24277,0.7376528,-1.8737502
1356781848467,1.2242959,0.09676838,0.19702291
1356781848507,2.4257164,-0.5885992,-1.9798783
1356781848547,1.8952711,-0.8325052,-3.3195715
1356781848586,0.233037,0.26929379,-2.1955976
1356781848627,-0.35082698,0.87535095,0.010731459
1356781848667,2.491294,2.2019062,0.347843
1356781848707,4.6019464,1.0170269,2.0309973
1356781848747,1.9747787,2.1414986,3.573865
1356781848787,1.6025157,2.3081322,-1.2429574
1356781848827,-1.0242662,3.6506987,-2.690256
1356781848867,-4.1495748,4.724725,-3.4847918
1356781848907,-4.4326015,0.535099,2.704404
1356781848947,-1.036351,-2.8922014,0.008169651
1356781848987,-0.6631689,-3.5086827,-0.88209426
1356781849027,-1.7349172,-5.13458,-2.0743408
1356781849067,-2.641285,-7.2093925,-0.97603476
1356781849107,-2.8267741,-5.3902655,3.4021816
1356781849147,0.7954438,5.916894,11.498599
1356781849187,-1.6074612,1.4208841,6.1512923
1356781849227,-1.3559778,-1.9442577,0.07577789
1356781849267,1.2750423,2.4301767,-1.9718692
1356781849307,-0.49187768,-0.7529459,-2.7533612
1356781849347,1.3743852,0.74801064,-3.731895
1356781849387,2.7017035,1.4895353,-2.5093937
1356781849427,0.14909887,-0.2617855,-0.71878946
1356781849467,0.85322165,-0.28466415,-0.5600257
1356781849507,2.0462556,-0.8136234,-3.0646336
1356781849551,2.2320447,-0.60059357,-2.3544111
1356781849589,1.7081218,-0.06998539,0.17880929
1356781849648,1.2290499,0.24177933,0.78411496
1356781849667,1.61802,1.3335037,-1.4248563
1356781849708,2.9233239,1.6425123,3.0666957
1356781849745,2.5616083,3.274685,2.5247636
1356781849788,-0.09785771,1.4564104,0.09498499
1356781849829,-2.1884427,3.5875454,-3.2226295
1356781849867,-3.0326743,3.2259874,0.0815554
1356781849907,-1.702086,-0.8920088,1.8608724
1356781849947,-0.81423974,-2.5443912,-0.69326586
1356781849987,-1.1476741,-3.1478443,-1.6302767
1356781850027,-2.3380227,-5.95275,-1.7779444
1356781850067,-3.3515782,-6.610632,0.31254286
1356781850107,-2.4533663,-1.3658829,7.2636886
1356781850147,1.0233471,5.9142694,8.966717
1356781850187,-1.6302646,-2.4656172,3.7313955
1356781850227,0.3859005,1.5476522,-1.910572
1356781850267,-0.9078984,0.45293236,-2.2691555
1356781850307,0.08595204,-1.1516514,-4.087735
1356781850347,2.4373665,2.3158941,-2.7622294
1356781850387,1.5126203,0.82624054,-1.0347693
1356781850427,1.0654926,-0.29148674,-0.79061973
1356781850467,2.142793,-1.1136475,-2.9817078
1356781850507,1.8632581,-1.0579128,-2.9695373
1356781850551,-0.7002735,0.020936012,-1.2263029
1356781850589,-0.6350635,0.5511112,0.3225665
1356781850629,4.144476,1.6075706,-1.0754122
1356781850667,4.7191687,0.8255701,3.7184012
1356781850707,1.7003942,2.6138449,1.7274332
1356781850747,0.68432117,2.0932636,-1.5324814
1356781850787,-1.8657805,5.0816526,-3.7854092
1356781850827,-4.3832316,5.3048716,0.6363736
1356781850867,-2.2218995,-1.2309399,0.94935673
1356781850907,-0.67709017,-3.5362778,-0.0862557
1356781850947,-0.83804536,-4.2889314,-1.5513623
1356781850987,-1.9876463,-6.235968,-2.1699622
1356781851027,-3.6420453,-7.0884943,0.021226108
1356781851067,-2.4548836,-1.1715908,7.578214
1356781851107,0.30110788,6.9360056,9.864261
1356781851147,-3.3184597,-2.1242657,3.132755
1356781851187,-0.2576337,-0.4135561,0.24670595
1356781851227,-0.69234693,1.2045422,-1.8659387
1356781851267,0.21438384,-0.9917717,-4.572094
1356781851307,2.1362922,1.6200104,-3.389214
1356781851347,3.1628401,2.0491514,-2.6793516
1356781851387,0.9173765,-0.015175819,-0.7658167
1356781851427,1.9516413,-0.5000086,-0.28843963
1356781851467,2.3070023,-1.565001,-3.6018815
1356781851507,1.4574056,-0.28499222,-2.8345888
1356781851551,-0.026931286,0.27864265,0.7731415
1356781851589,1.1137185,1.4293118,0.59918576
1356781851629,3.4912024,1.5043325,-0.2223139
1356781851669,5.045175,1.5622416,3.382123
1356781851709,1.468698,2.3321772,1.2566608
1356781851749,-1.391855,1.0103416,-0.7775433
1356781851787,-2.9748018,4.0679607,-4.0778255
1356781851827,-4.2194247,3.9272928,1.170866
1356781851867,-1.740691,-1.3053894,0.3029842
1356781851907,-0.92638516,-3.277254,-0.02915439
1356781851947,-1.6193795,-4.15676,-1.4572387
1356781851987,-2.0927234,-5.7456794,-1.3065739
1356781852027,-3.8321333,-6.714893,1.1645739
1356781852067,-2.2387311,0.20284557,8.554124
1356781852107,0.5152583,6.292639,8.552928
1356781852147,-1.9773738,-1.5253315,2.9178712
1356781852187,0.13445377,-0.24648094,-0.8264601
1356781852227,-1.5040575,0.38246918,-2.4762335
1356781852267,0.08620381,0.15401173,-4.3500605
1356781852307,2.5889468,1.7203388,-3.2972348
1356781852348,3.1795335,0.54571915,-2.6670654
1356781852387,1.2566333,-0.09788895,-0.0068159103
1356781852427,1.9555246,-0.30015564,-0.9014981
1356781852467,2.4172978,-1.2130432,-2.7563872
1356781852507,1.5820417,-0.20514011,-1.9537315
1356781852551,0.045198917,0.15514088,0.2106067
1356781852589,0.41203356,1.3677492,-0.17152685
1356781852628,2.6728888,0.651433,0.684093
1356781852686,5.413372,0.71767616,2.3060231
1356781852707,1.3201594,2.5631084,2.6492581
1356781852748,-1.2836597,1.4964533,-1.6721569
1356781852785,-3.149605,4.408741,-3.2742138
1356781852828,-4.093499,4.1741533,1.1685567
1356781852867,-0.87116194,-1.1482172,0.8962182
1356781852907,-1.0808828,-2.8594637,-0.50790995
1356781852947,-1.925673,-3.700601,-1.4207351
1356781852987,-2.6317427,-5.9055266,-1.6024083
1356781853027,-3.2039068,-6.3834205,0.5534209
1356781853067,-2.5915751,-0.42173862,7.9370656
1356781853107,-0.18480325,5.970192,8.59907
1356781853147,-2.0215335,-2.5951595,3.0720034
1356781853187,1.0971172,-0.25752258,0.20845824
1356781853227,-0.074513316,3.0463858,-2.2100806
1356781853267,0.80251145,-1.2110462,-3.2748334
1356781853307,2.1738286,1.1421785,-2.610012
1356781853347,4.4105887,1.993989,-1.472521
1356781853387,1.6185753,-2.544715,-1.2228606
1356781853427,0.20894778,-1.3734713,-0.8551203
1356781853467,1.1253421,-0.5469341,-3.531256
1356781853507,0.2800572,-1.0461636,-2.7536492
1356781853551,-0.22650409,0.13013554,-1.4914427
1356781853589,0.11949301,2.0615215,-0.68800205
1356781853629,2.4560814,2.6473389,0.8135715
1356781853669,4.396084,1.6784563,3.6331432
1356781853709,1.1141448,2.6800814,1.0579526
1356781853747,-2.2647328,1.8400717,-0.3370511
1356781853787,-1.2689261,3.1992922,-3.4116051
1356781853827,-1.1434567,2.422659,1.3397644
1356781853867,-0.6378422,0.15565586,0.011249095
1356781853907,-0.9119935,-2.7391772,-0.22129524
1356781853947,-1.0487518,-4.3582807,-1.3856843
1356781853987,-2.8275375,-6.716789,-1.6248088
1356781854027,-3.914645,-7.2774415,0.5890104
1356781854067,-1.8857285,0.1541624,6.825892
1356781854107,1.4471931,6.0764465,9.836002
1356781854147,-1.5604701,-1.8967037,2.2918105
1356781854187,-0.22380018,0.7998667,-1.0989134
1356781854227,-0.89389193,0.8284626,-1.6559256
1356781854267,0.7983172,0.81659126,-3.222205
1356781854307,2.4616196,1.2693644,-3.0942338
1356781854347,2.5341763,0.37437725,-3.1454396
1356781854387,1.4120069,-0.18043709,-1.8605025
1356781854427,0.8321111,-0.81369114,-0.800076
1356781854467,1.7455032,-0.55499077,-2.0225492
1356781854507,0.9885762,-0.6366024,-2.0642052
1356781854547,0.2630787,0.022504807,-0.7127043
1356781854588,0.52207255,1.5158777,0.5665774
1356781854627,2.9979682,0.6355219,1.6819592
1356781854667,2.58576,1.0977688,3.5559826
1356781854707,0.74216056,2.750392,0.11475909
1356781854747,-0.39777803,3.7294388,-4.1393943
1356781854787,-2.1409044,4.0523977,-1.557873
1356781854827,-3.8359835,1.2080164,-0.083913475
1356781854868,-0.6760011,-0.86557674,0.57162917
1356781854907,-0.7466037,-3.3310766,0.07542008
1356781854947,-1.0328388,-4.4451647,-0.61605
1356781854987,-1.9823943,-5.6906023,-0.12368141
1356781855027,-3.0640497,-5.5789056,1.7910264
1356781855067,-1.4501195,-0.7757807,6.5205126
1356781855107,1.7851379,3.497631,8.669282
1356781855147,-0.2962885,-0.31759644,4.29265
1356781855188,-0.39469433,0.80899525,-1.1841402
1356781855227,-0.8877561,1.0334368,-2.4811718
1356781855267,-0.0067584515,0.18706322,-4.0366664
1356781855307,0.8158107,1.8078766,-2.6204035
1356781855347,1.6860507,1.5603971,-3.1516247
1356781855387,1.5161958,-0.33020592,-2.089097
1356781855427,1.2545183,-0.97711945,-2.189225
1356781855467,1.3184876,-0.39110756,-3.4150398
1356781855507,1.0427144,-0.58818054,-1.402108
1356781855547,1.2932014,-0.6161537,0.50694895
1356781855588,1.7688608,0.5117979,0.6301938
1356781855627,2.4660497,0.72601414,0.50616413
1356781855667,1.886353,0.5070257,1.9910127
1356781855707,0.7899208,2.7118254,3.3089736
1356781855747,0.3361845,2.120719,-0.44618803
1356781855788,-0.98793125,4.1535254,-2.3923886
1356781855825,-2.6810482,3.299735,-0.6826792
1356781855868,-3.852509,0.7842655,1.106142
1356781855907,-0.7505555,-1.6467285,0.8129897
1356781855947,-1.295434,-3.5421853,-0.256877
1356781855987,-1.5074267,-5.2900624,-1.432519
1356781856027,-2.8879442,-6.4529324,-0.31407177
1356781856067,-2.5261648,-4.2518644,3.4984422
1356781856107,1.5984485,3.680747,9.925473
1356781856147,0.93555236,1.9080696,5.749449
1356781856188,-1.8356729,-2.2499647,0.35868704
1356781856228,-0.8833648,0.5847635,-0.36057538
1356781856265,-0.22531164,0.47541523,-3.6103718
1356781856308,1.2433476,1.3125086,-2.8626769
1356781856347,2.7720995,0.6016779,-2.9029021
1356781856387,2.3264399,-0.044543266,-2.9145126
1356781856427,-0.6375394,0.020546913,-1.5620393
1356781856467,-0.47021258,-0.22897911,-0.22766304
1356781856507,1.8397517,-0.7319803,-1.9812354
1356781856551,1.9863143,-0.6325922,-2.180165
1356781856589,1.0720272,0.3554039,-1.0046277
1356781856629,0.49917674,1.3052597,-0.24491638
1356781856668,1.6551638,2.103983,-0.30098215
1356781856707,2.3055155,1.3459702,1.0229595
1356781856747,1.8330014,2.7182035,2.5208294
1356781856787,-0.21843457,0.57426643,0.3992705
1356781856827,-0.5107131,3.310996,-2.549547
1356781856867,-1.0021434,2.692665,-2.461545
1356781856907,-2.401001,0.757349,1.3349874
1356781856947,-1.2329838,-1.4715481,1.0340462
1356781856987,-1.6880357,-3.712791,-0.7810391
1356781857027,-1.7318294,-4.591219,-1.7102706
1356781857067,-3.5663338,-5.9231014,-0.33280957
1356781857107,-3.5391366,-3.6658344,2.870443
1356781857147,-0.773026,1.4477539,9.010625
1356781857187,1.7619443,2.4994297,7.899254
1356781857227,-0.40807295,-0.69723034,1.3932738
1356781857267,-1.3893051,2.3238354,-1.6553774
1356781857307,-0.053245306,0.6079006,-2.694538
1356781857347,1.6198282,0.4056368,-2.543672
1356781857388,2.856942,0.74619865,-2.7723038
1356781857427,2.2112103,0.07167435,-2.4895604
1356781857467,0.5619509,-0.6984396,-1.8792533
1356781857507,-1.0229087,-1.244791,-1.7327789
1356781857551,0.0854094,0.03893757,-1.486242
1356781857589,1.6931663,-0.41843796,-0.7691584
1356781857629,1.6083212,0.029715538,-1.0447046
1356781857669,2.1232,1.9414139,-0.3171085
1356781857709,1.8473282,2.1829424,2.1045647
1356781857747,1.7407913,2.6371698,3.7599893
1356781857787,1.5156708,1.8105783,-0.7779325
1356781857827,1.0172286,2.6229658,-2.3329098
1356781857867,-1.2590053,3.6253796,-2.5350604
1356781857907,-3.1103597,0.34509754,-1.1456096
1356781857947,-1.7335169,-1.4213495,0.31420463
1356781857987,-0.6710105,-3.6457152,-0.63372034
1356781858027,-1.7148888,-5.636202,-2.2500715
1356781858067,-3.2909696,-6.230008,-1.0924854
1356781858107,-4.2841926,-3.7875957,3.8547864
1356781858147,-0.76911616,2.9489899,8.973604
1356781858187,1.5728061,1.0324106,6.9065404
1356781858227,-1.4738352,-1.9982505,-0.30396146
1356781858267,-0.6640078,4.948086,-0.8978569
1356781858307,1.0826821,0.73991776,-0.6303432
1356781858347,1.9801459,-0.2234087,-3.3204947
1356781858387,2.6449862,0.7671833,-2.4978743
1356781858427,1.5019352,-0.18418312,-2.2204943
1356781858467,-0.8086146,-0.9774494,-2.367332
1356781858507,-1.3489981,-1.0516844,-2.5097864
1356781858551,-0.3481629,0.11452484,-0.7913678
1356781858589,1.9007072,-0.2742529,0.8494015
1356781858628,2.5874858,0.9822407,-0.20005375
1356781858668,2.8854845,2.1597824,0.86044556
1356781858709,2.6507962,2.28306,3.3455997
1356781858766,2.4051738,3.3675737,1.0584917
1356781858787,0.69661593,1.8909817,-1.2688453
1356781858838,-1.0072355,3.5555916,-2.634128
1356781858875,-3.8597229,1.9543924,-1.5554385
1356781858918,-1.1676028,-2.1305275,0.6079012
1356781858957,0.4797001,-3.4279685,-0.025401533
1356781858997,-0.91793084,-5.5651107,-2.4648225
1356781859037,-3.2816365,-6.881408,-2.2489429
1356781859077,-5.1926584,-5.3318634,2.6488469
1356781859117,-2.2058654,4.5333843,10.960519
1356781859157,0.066979885,2.279519,6.6811075
1356781859197,-0.024112463,0.09177685,-1.4144342
1356781859237,-1.0196085,0.75848675,-1.396181
1356781859277,0.5114074,-0.6340456,-1.4969451
1356781859317,1.9363923,-0.03019905,-2.546852
1356781859357,2.7441616,0.636014,-1.9564976
1356781859397,1.1898063,-1.1629381,-1.7896698
1356781859437,-0.25065172,-0.6525965,-1.475167
1356781859477,0.6207099,-0.05261326,-1.2471167
1356781859542,-0.25730944,0.3913746,-0.97431993
1356781859559,0.24837947,0.5627899,-0.57530296
1356781859599,2.6853395,2.1785555,0.49714482
1356781859639,4.6481605,1.9579592,2.7440999
1356781859679,2.7620854,2.8256922,1.5110519
1356781859719,-1.3470572,1.8262291,-0.93921363
1356781859757,-1.8485253,3.901742,-2.9424064
1356781859797,-2.8677995,3.0002317,-1.2864125
1356781859837,-3.4632552,-0.20433807,0.24488658
1356781859877,0.05544138,-2.2970314,0.12731987
1356781859917,-0.2833612,-4.206271,-0.9603267
1356781859957,-1.4045331,-6.716629,-2.3998456
1356781859997,-2.8428044,-6.7676363,-0.6180932
1356781860048,-2.6227047,-0.8344898,7.253856
1356781860087,0.17943168,4.8830585,9.300217
1356781860127,-1.4499601,-0.9278774,1.2792789
1356781860167,1.071923,1.9529505,-1.191432
1356781860207,0.03126955,-0.53849506,-1.8461068
1356781860247,1.579314,-0.022953033,-2.5346336
1356781860287,2.567668,1.1571808,-2.4923222
1356781860327,1.9353397,0.5682268,-1.4797759
1356781860367,0.18107069,-0.45405197,-1.4416758
1356781860407,-0.25998986,-0.8459358,-0.36714864
1356781860447,1.3524127,0.12788391,-1.3934633
1356781860487,2.0408509,-0.11902237,-0.9377241
1356781860538,1.5391688,0.5227623,-0.5489149
1356781860569,1.4435639,2.114523,0.08935428
1356781860609,1.6113653,2.1550875,2.2596521
1356781860647,2.1984854,2.4375916,2.277716
1356781860687,1.6727014,2.2639637,-0.7583215
1356781860727,-0.36489296,3.0852385,-2.7479675
1356781860767,-2.176378,3.6008015,-1.8334628
1356781860807,-3.8157976,-0.03997612,-0.6855389
1356781860847,-2.597198,-2.2038422,0.78084403
1356781860887,-0.83675814,-2.8439908,-0.2265597
1356781860927,-1.3011148,-4.7123632,-1.8829248
1356781860967,-2.5924153,-6.7196064,-1.2784679
1356781861007,-3.4647322,-3.8157454,3.7383873
1356781861047,0.24895835,4.5589924,11.042988
1356781861087,0.29702926,1.3965054,6.6086645
1356781861127,-1.1168336,-1.0289345,-0.5356053
1356781861168,0.17342067,1.1265488,-2.2896588
1356781861207,1.1272978,-0.3413639,-2.0819738
1356781861247,2.3230844,0.7129421,-2.4478598
1356781861287,2.3651695,0.115159035,-2.3437738
1356781861327,0.63505864,-0.06992626,-1.7502425
1356781861367,-0.17853832,-0.7837286,-1.219848
1356781861407,1.2283041,-0.61397934,-1.6113529
1356781861447,1.8358891,-0.45832062,-2.0238256
1356781861487,0.25247502,-0.26010036,-1.2765656
1356781861533,1.3788884,0.93511486,-0.5998976
1356781861569,3.7735372,1.8590384,1.3994395
1356781861609,2.8486147,1.3952236,2.3752077
1356781861649,2.4359384,3.0942287,0.78640586
1356781861689,-1.5005401,2.583623,-1.109108
1356781861727,-2.5780516,3.7261295,-1.8562922
1356781861767,-3.2066555,3.5836487,-1.2375002
1356781861826,-3.8169408,-0.57833385,0.59376496
1356781861847,-1.4836581,-2.1829586,0.74352264
1356781861888,-0.8723655,-3.3528924,-0.29202366
1356781861925,-1.3788221,-6.421332,-1.7489467
1356781861968,-2.638482,-7.4958134,-0.36865908
1356781862007,-2.4264865,-1.4001579,6.6182933
1356781862047,0.82163405,5.733285,10.831079
1356781862087,-2.1230962,-2.6897392,1.8340975
1356781862127,0.48997617,2.1124697,-0.10479325
1356781862167,0.39531255,0.3397045,-2.0959597
1356781862207,2.0115712,-0.7644987,-3.0261846
1356781862247,2.7955015,0.6297293,-3.1210127
1356781862287,2.380396,0.66669846,-2.0058239
1356781862327,-0.085828304,-0.08233452,-1.8441676
1356781862367,0.44658852,-0.9512243,-1.1502726
1356781862407,1.6104283,-0.61022377,-1.91292
1356781862447,0.8938737,-0.37834835,-1.6725658
1356781862487,0.5966594,0.1967516,-1.3170202
1356781862532,1.9024601,1.4682999,-0.779827
1356781862569,3.2588582,1.9461603,0.8758545
1356781862609,1.804676,1.7090006,2.1980958
1356781862649,0.7883878,2.5367556,1.6266854
1356781862687,-1.3655822,1.0705671,-0.6763033
1356781862727,-1.0201492,3.9905424,-2.470639
1356781862767,-2.2698932,3.2073812,-1.513784
1356781862807,-2.489842,-0.088046074,1.0478823
1356781862847,-0.984967,-1.6684284,0.89324915
1356781862887,-1.6283278,-4.0105734,-0.6774696
1356781862927,-1.9268888,-5.822558,-1.5385356
1356781862967,-2.926342,-5.7792816,0.49186438
1356781863007,-3.0406704,-3.852645,3.2669997
1356781863047,0.76691914,2.230195,9.009791
1356781863087,1.0007093,2.405939,7.9792013
1356781863127,-1.0624099,0.4906702,1.4366658
1356781863167,-0.6042241,1.1784658,-2.6854906
1356781863207,0.63235474,-0.017809868,-3.1822228
1356781863247,2.376595,0.9540529,-3.275298
1356781863287,3.1309915,1.1324539,-3.5993657
1356781863327,-0.5426204,0.36724186,-3.002281
1356781863367,-1.3414432,-0.72472477,-1.0995284
1356781863407,1.507679,-1.1598816,-1.0374069
1356781863447,2.0319462,-0.24483776,-2.1614902
1356781863487,1.7758012,-0.3633442,-1.1731772
1356781863531,1.019494,0.41669273,-0.6722746
1356781863569,2.4162893,1.7034569,-0.31222022
1356781863609,3.4015985,1.6242228,0.9673144
1356781863649,2.7099147,2.5399084,2.0372305
1356781863689,-0.11923671,1.4476709,0.42582664
1356781863729,-2.6006465,1.7866888,-0.5137204
1356781863769,-1.3624482,3.6621943,-2.1091151
1356781863807,-3.638638,1.7954044,-0.5890349
1356781863847,-1.9439311,-1.4167461,1.1337663
1356781863887,-1.5365617,-1.9814329,0.33199394
1356781863927,-1.9169147,-3.7838368,-1.1292412
1356781863967,-2.7447817,-6.557556,-0.7545296
1356781864007,-3.360125,-5.6249657,1.5703963
1356781864047,-2.5508256,-1.5863609,6.0903835
1356781864087,0.41431856,2.9921427,9.510752
1356781864127,0.051348686,0.16777325,5.184251
1356781864167,-0.006280899,1.1522694,-0.101683795
1356781864207,-0.1693548,2.455947,-1.3518423
1356781864247,1.7660053,-0.6381779,-2.93221
1356781864287,2.471694,0.17991066,-3.4155114
1356781864327,1.4152164,1.0027523,-3.2324064
1356781864367,-0.89549553,0.4898386,-1.7654403
1356781864407,0.8436353,-0.92967796,-1.8459164
1356781864447,2.3197803,-0.6414423,-1.6450744
1356781864487,2.7129564,-0.6842041,-2.521654
1356781864540,1.3970942,-0.24870968,-1.1234819
1356781864579,0.4923048,1.3674946,-1.2969474
1356781864619,1.5797405,1.5522032,0.8768424
1356781864659,2.3492584,1.173666,1.4448369
1356781864697,1.1993623,2.2274609,2.8299341
1356781864737,0.6378584,2.2358131,-1.1362362
1356781864777,-0.14800906,3.5124025,-2.4519439
1356781864817,-2.1400487,3.4880037,-1.0264649
1356781864876,-3.5576775,0.51352024,-0.115285784
1356781864897,-2.4072542,-1.9764605,1.1002041
1356781864938,-1.1941235,-3.4058886,-0.28234175
1356781864975,-1.7397428,-5.215977,-1.7945836
1356781865027,-2.68107,-6.1235228,-1.3063653
1356781865067,-2.5719376,-2.8644857,4.1802154
1356781865107,1.702661,5.440653,10.491846
1356781865147,-2.4233685,0.06737423,4.681655
1356781865187,-0.42659128,0.45668316,-0.8231559
1356781865227,0.3505683,0.738348,-2.1250315
1356781865267,1.8219687,-0.08621597,-2.5827723
1356781865307,2.589867,1.012866,-2.7258933
1356781865347,1.7555385,1.227109,-2.6124647
1356781865387,-1.206361,0.32132053,-0.4895984
1356781865427,1.3157835,-0.78135014,-0.06674099
1356781865467,1.5743487,-1.0622454,-2.3095772
1356781865507,0.9739263,-0.3086729,-3.299612
1356781865549,1.2872562,-0.42975807,-0.8619081
1356781865589,1.1586418,0.77410126,0.3974644
1356781865629,2.1816363,0.7982693,0.84750235
1356781865669,2.0212936,0.6529379,0.77212214
1356781865709,2.2742333,2.3796816,2.0928025
1356781865749,1.0914693,2.11129,0.89859164
1356781865787,-3.1342945,2.9448566,-0.4955796
1356781865827,-2.0042992,3.4750195,-2.3962717
1356781865867,-3.7281058,2.0466347,-0.8248595
1356781865907,-1.2582448,-0.3399763,1.2285227
1356781865947,-1.2844384,-2.1164522,0.05953765
1356781865987,-1.226856,-4.072404,-1.4442062
1356781866027,-2.7109344,-6.096568,-1.0602596
1356781866067,-2.612699,-4.714443,1.3655542
1356781866107,-1.5019878,-1.4204817,5.341479
1356781866147,1.4076467,2.7974205,8.5939665
1356781866187,-0.1707704,0.7731476,4.790227
1356781866227,-0.16238236,1.6342154,-0.6014094
1356781866267,-0.17987597,0.5706215,-2.4365249
1356781866307,1.1493772,-0.9461546,-3.0947886
1356781866347,1.5305207,1.1264648,-3.344421
1356781866387,1.0929478,1.1945906,-1.9212501
1356781866427,-0.156829,-0.56413746,-0.7004274
1356781866467,0.96634305,-1.1277208,-0.6228477
1356781866507,1.5646625,-0.3358431,-2.3919885
1356781866549,2.5074947,-1.2355185,-2.4058745
1356781866589,2.0511534,-0.825613,-0.28087044
1356781866629,1.4399011,0.08002281,0.22842371
1356781866669,1.9331918,0.65305996,0.05977732
1356781866709,1.2296157,0.3249693,-0.5237114
1356781866748,1.5705502,1.5181828,0.4704699
1356781866787,1.2905188,3.1833916,1.6558509
1356781866827,-3.804651,2.80194,1.4863312
1356781866867,-3.772008,3.6877012,-1.1899302
1356781866907,-4.58623,2.353302,-1.1157079
1356781866947,-0.47942686,0.17700863,0.9042741
1356781866987,0.04847431,-1.0383825,0.17122239
1356781867027,-1.8715457,-3.14854,-0.72749895
1356781867067,-2.697772,-4.9138484,-0.101145506
1356781867107,-2.680658,-5.107486,1.3930889
1356781867147,-1.515372,-3.894947,2.5860224
1356781867187,0.24571657,-0.90584564,4.6508017
1356781867227,2.7416697,2.5729246,7.6145067
1356781867267,1.0444506,0.47797012,5.4195232
1356781867307,-0.23042142,-0.115036964,0.12281108
1356781867347,-1.8284851,0.7556734,-1.5121918
1356781867387,0.34244752,0.74074745,-3.449695
1356781867427,2.0007148,1.25986,-3.4700487
1356781867468,2.9252207,1.069809,-3.3888073
1356781867507,1.4667735,0.61060524,-2.7169344
1356781867549,-0.16762936,-0.28736687,-1.4032013
1356781867589,0.72779393,-0.37874222,-1.4046019
1356781867629,1.4809301,-0.44992256,-1.9046805
1356781867669,1.8879929,-0.981843,-2.0492904
1356781867709,1.9543161,-0.69545364,-1.443912
1356781867749,0.9815881,-0.18865585,0.0017396212
1356781867789,0.23268223,0.39259243,-0.80722666
1356781867827,0.9642539,0.85133266,-1.6294234
1356781867867,0.02688241,0.82099056,0.68666124
1356781867925,1.0136917,2.128111,1.9290755
1356781867947,2.5672755,2.2174435,1.3106205
1356781867988,-1.7186172,0.66500187,1.2218689
1356781868025,-0.8707404,2.9978619,-1.0772896
1356781868068,-1.9096961,2.4368525,-1.9654559
1356781868107,-1.0848892,0.8751087,1.3007624
1356781868147,-0.15078068,-0.6120367,1.0691001
1356781868187,-1.5846848,-2.5259724,-0.9055464
1356781868227,-3.161738,-5.052363,-1.1938021
1356781868267,-3.9208963,-5.028796,0.63766336
1356781868307,-3.1888661,-3.4246325,2.4065304
1356781868347,-1.8134259,-0.32536793,4.9124146
1356781868387,1.2917705,1.4369335,6.643879
1356781868427,3.1265082,0.100538254,6.6451006
1356781868467,0.17464924,1.2681808,-0.1311422
1356781868507,-2.5231078,2.1962404,-2.505015
1356781868547,0.0017014742,-0.49408436,-3.6936784
1356781868587,1.9548022,0.7100582,-3.0389414
1356781868627,3.077837,2.019969,-3.0197468
1356781868667,0.7929331,0.04132843,-2.5501554
1356781868707,0.0709008,-1.211277,-1.1188236
1356781868748,0.72843194,-0.42046547,-1.1640987
1356781868787,1.6806548,-1.0244818,-2.7413073
1356781868827,2.1938293,-0.83358383,-2.3338666
1356781868867,0.12080622,0.29603386,-0.60148275
1356781868907,1.0180454,1.4139757,0.49368346
1356781868947,1.9715853,1.6756687,0.33158088
1356781868987,1.5121136,1.8458738,1.8215456
1356781869027,1.3102283,2.4744215,2.2253947
1356781869067,-2.0008764,1.1540279,-0.16579404
1356781869107,-0.04900813,2.631236,-3.080699
1356781869147,-3.3668447,2.1330976,-0.39414945
1356781869187,-1.8328668,-0.18722725,1.447674
1356781869227,-1.1713483,-1.2247095,0.5037376
1356781869267,-1.1840694,-2.9418788,-0.9876655
1356781869307,-2.0484633,-5.0832033,-1.4148016
1356781869347,-3.0108528,-5.429316,0.08912653
1356781869387,-2.795946,-3.8828921,2.7846699
1356781869427,0.12595773,1.8165951,7.1418724
