1356781316824,0.0,0.0,0.0
1356781316865,0.040830612,-0.06804943,-0.16332307
1356781316866,-1.4233589E-4,-0.026991844,5.691573E-4
1356781316895,0.040296555,9.918213E-4,0.2607389
1356781316935,-0.08311534,0.16576767,-0.07803636
1356781316978,0.079231024,-0.10530949,-0.34941122
1356781317016,-0.0035851002,-0.023007393,0.032664448
1356781317057,-0.045450687,-0.14570713,-0.11497999
1356781317097,-0.046251774,0.12678814,-0.25962475
1356781317137,-0.04645872,0.12765884,0.21211389
1356781317177,-0.11359954,0.08776665,0.48192036
1356781317217,-0.042821407,0.08725548,0.3006814
1356781317256,-0.038139105,0.08398056,0.49347046
1356781317297,-0.099665165,0.15914726,-0.15646368
1356781317337,-0.091643095,0.10856819,-0.0284708
1356781317377,-0.0144701,0.0143995285,-0.60218614
1356781317417,-0.045648813,0.081876755,-0.5065983
1356781317457,-0.06319308,-0.082551,-0.6441487
1356781317497,0.014016867,-0.25904655,-0.4757737
1356781317537,0.062891245,-0.14553928,0.23286113
1356781317617,0.109699965,-0.21803188,0.2887908
1356781317657,0.029433727,-0.08082867,-0.5562773
1356781317697,0.06638956,-0.18139744,-0.24802613
1356781317737,0.017133236,-0.11277294,0.44427305
1356781317777,-0.06194377,-0.082406044,-0.21267709
1356781317844,-0.0050592422,0.056204796,-0.44000733
1356781317859,-0.20493889,0.014071465,-0.23084614
1356781317904,-0.31897187,0.18375397,-0.42328987
1356781317939,0.13151336,0.045998573,-0.22279274
1356781317974,0.13878155,0.09075832,-0.26886392
1356781318004,0.03909254,0.117035866,-0.32385826
1356781318045,0.09127092,0.08148384,-0.35429925
1356781318087,0.059939384,-0.09496117,0.030141443
1356781318126,-0.27512193,-0.027938843,0.116413355
1356781318167,-0.16448784,-0.041228294,-0.26415873
1356781318207,0.33970475,0.09900761,-0.54317385
1356781318247,0.68021536,0.17533302,-0.74697
1356781318287,0.75863004,0.2406044,-0.86963356
1356781318327,0.43210816,0.44140244,-0.834525
1356781318366,0.4034009,0.460433,-0.78436244
1356781318407,0.43959808,0.52517986,-1.0147918
1356781318447,0.72071576,0.537282,-1.0896509
1356781318487,0.84236,0.3731842,-0.75238943
1356781318527,0.46647048,0.48342228,-0.8236667
1356781318567,0.22164226,0.4217825,-0.6555027
1356781318608,-0.011283159,0.3825493,-0.3359326
1356781318647,-0.08945966,-0.025087357,-0.21308088
1356781318687,-0.49572372,0.10196686,-0.21200502
1356781318728,-0.54174423,0.54980946,-0.16091943
1356781318767,-0.099901915,-0.7219019,-0.28027737
1356781318847,-0.5987668,-1.1366539,-0.45957327
1356781318849,-0.67865777,-1.1918993,-0.5710528
1356781318888,-0.63101554,-1.6816092,-0.34833717
1356781318927,-0.22826338,-1.3973608,1.0591321
1356781318967,-0.38811016,1.7604446,1.6203445
1356781319008,-0.6530361,0.6559591,2.4119477
1356781319047,-0.04748392,-0.5984907,2.3092802
1356781319087,0.10357213,-0.08160019,3.3748379
1356781319128,-0.026678324,0.5069761,3.807764
1356781319167,-0.29225683,0.42007065,2.9871254
1356781319207,-0.5304953,0.22204399,1.528331
1356781319247,-0.34255672,0.3009796,1.3830497
1356781319288,0.16887784,0.29762173,0.8324686
1356781319327,0.50371504,0.5456028,0.8941289
1356781319367,0.67322016,0.27407455,0.7445469
1356781319407,0.34360576,-0.43247318,0.8909215
1356781319447,1.2913921,-0.90210724,0.68185043
1356781319487,3.3317559,-1.398242,0.1490885
1356781319527,3.3730216,-1.907835,-1.03299
1356781319567,1.0700178,-1.5591183,-0.44779533
1356781319607,-1.6506087,-0.7792568,0.022807717
1356781319647,-3.7166784,-2.6744814,0.51162183
1356781319687,-4.7979207,-1.8585348,-1.2240765
1356781319727,-0.8187721,0.77360344,-1.7198443
1356781319767,-0.1906209,0.95461464,-2.214516
1356781319808,-1.4576954,1.2014503,-1.5667512
1356781319848,-1.9762146,3.5332098,-1.8958998
1356781319902,-1.882298,5.672215,-3.5116556
1356781319926,-1.9306505,4.9224644,-3.1451778
1356781319968,-0.5723717,3.000893,-3.501691
1356781319995,1.7433091,-1.5369444,-6.108571
1356781320035,3.4417713,-2.6342592,-4.8477182
1356781320075,1.0989051,-1.1821098,-5.2622337
1356781320117,-0.07203889,-4.248515,-0.6115947
1356781320157,-2.4844172,-1.0601397,5.696537
1356781320197,-0.94136447,2.8699093,3.4404056
1356781320237,0.67422736,-0.5368538,5.143224
1356781320277,1.0411077,-2.9172544,5.6081514
1356781320317,2.156981,1.3574357,4.082678
1356781320357,1.7142613,1.3227224,2.1979067
1356781320397,0.03690362,-0.5149126,2.5558999
1356781320437,0.8900151,-0.30325794,1.9086797
1356781320477,1.4910274,0.8701849,2.4157567
1356781320517,0.94721186,-0.5206404,1.4062549
1356781320557,0.9557986,-2.0581598,0.5261384
1356781320597,2.7630205,-0.68042564,-0.3310447
1356781320637,4.0806837,-0.9930458,-1.2291737
1356781320677,0.59422207,-1.9712496,-0.24938923
1356781320717,-2.2285264,-1.2392912,0.47436285
1356781320757,-3.946236,-4.0269356,2.8803384
1356781320797,-4.301875,-2.814681,-1.9497132
1356781320842,-1.2435794,2.7796826,-2.9211059
1356781320879,0.11562061,2.3562336,-2.6814508
1356781320919,-1.9349637,2.894298,0.23403263
1356781320959,-1.7757304,5.119848,-2.1499481
1356781320999,-2.4233153,5.899143,-4.4331527
1356781321039,-1.2417465,3.1816907,-3.7384462
1356781321079,0.7823584,-2.215541,-5.433849
1356781321119,-0.031887174,-3.4688845,-5.906746
1356781321157,-0.120311975,-0.06809139,-5.2644835
1356781321197,0.09671605,-4.2321234,1.2747235
1356781321237,-1.7626028,-0.8114462,6.1009345
1356781321277,-0.11171472,3.1447024,3.5403185
1356781321317,1.2441015,-0.8031206,4.592293
1356781321357,2.1813924,-2.0747223,5.491785
1356781321397,2.47575,0.6836605,4.0397873
1356781321437,1.793975,0.78897095,0.32577407
1356781321477,0.8946947,-0.51158905,2.0887623
1356781321517,1.1233855,0.2602663,2.4521785
1356781321557,0.84628105,0.6019907,1.8191395
1356781321597,0.71279955,-1.5173893,0.37004745
1356781321637,2.337918,-1.0130682,-0.12286684
1356781321677,4.7361603,-0.300519,-0.710266
1356781321717,2.9921598,-1.9474993,-1.6080554
1356781321757,-1.0649272,-1.4194269,0.06606233
1356781321797,-2.2097545,-3.135252,2.0482936
1356781321844,-4.2639494,-5.1382246,1.7168584
1356781321879,-3.6787255,0.073638916,-2.7848222
1356781321919,-0.23214126,3.2913427,-4.006154
1356781321959,0.22817326,3.387742,-0.47972625
1356781321999,-1.833945,5.5333595,-0.29412514
1356781322037,-3.4328487,6.909008,-3.0640934
1356781322077,-2.907703,3.951136,-4.1012206
1356781322117,-0.35884798,-6.3796787,-6.5170174
1356781322157,-0.085994005,0.041305542,-4.7048707
1356781322197,-0.38974857,-1.4692993,-1.6939746
1356781322237,-1.7802012,-3.8879013,5.695581
1356781322277,0.40358913,3.2636185,2.3890462
1356781322317,1.4626551,0.6016369,3.8548608
1356781322357,2.1311793,-2.0153313,4.6754017
1356781322397,2.630646,0.8804202,0.8515639
1356781322437,2.1711445,0.5207186,0.65872747
1356781322477,1.7120855,0.53436756,2.8049848
1356781322517,0.9469271,0.0683136,1.7294185
1356781322557,0.95858383,0.32731247,0.806414
1356781322597,1.0842485,-1.1051359,0.87223995
1356781322637,1.9239755,-1.0230722,0.37401736
1356781322677,3.941865,-0.7630997,-0.6477189
1356781322717,2.3785856,-2.7658968,-1.2084112
1356781322757,-1.6926942,-1.1282139,-0.123790324
1356781322797,-2.689109,-2.8384657,1.6040888
1356781322843,-3.9304621,-4.988611,1.9369013
1356781322879,-2.4503298,-0.7788534,-2.088684
1356781322937,-0.576262,2.5676727,-3.1823592
1356781322957,-0.68457055,3.176662,-0.8209088
1356781322998,-1.8784765,5.405964,0.2524876
1356781323035,-3.3608692,7.540595,-3.1613955
1356781323078,-2.5728724,4.6585636,-3.78231
1356781323117,0.7253537,-5.343831,-5.0358257
1356781323157,0.1343987,-1.298728,-5.292862
1356781323197,-0.21389341,-2.7835436,-3.2790208
1356781323237,-1.186568,-4.4896336,4.098176
1356781323277,-0.50322837,3.469293,3.5682588
1356781323317,1.2038226,1.2702775,4.260029
1356781323357,1.1937423,-0.97420883,4.0034256
1356781323397,2.6961808,0.07603264,2.1474078
1356781323437,2.1345134,0.6648493,1.6117502
1356781323477,1.0102389,0.49454594,2.0857081
1356781323517,1.2832781,-0.01742363,0.91783166
1356781323557,1.6583753,0.39426994,0.9210193
1356781323597,1.4330993,-1.5128231,1.0663201
1356781323637,2.3542647,-0.8394375,-0.4735673
1356781323677,3.7895293,-0.73145294,-0.9969388
1356781323717,2.737842,-2.0370188,-1.66858
1356781323757,-1.6277561,-0.8190937,-0.47277024
1356781323797,-2.43571,-2.5337124,1.7625837
1356781323842,-2.5777001,-4.4277277,1.9438004
1356781323879,-1.2936618,-1.2137146,-1.9481497
1356781323919,-1.4210169,2.938352,-2.9176426
1356781323959,-1.1013591,4.3081827,-1.1824453
1356781323999,-2.5896058,5.1181865,0.093569934
1356781324039,-3.614057,6.1331496,-2.515628
1356781324079,-3.2286491,3.9396734,-3.7568119
1356781324118,0.29804182,-2.8130903,-4.4094133
1356781324159,1.5966709,-2.976799,-5.3791447
1356781324199,0.7533243,-2.6112576,-4.3148355
1356781324237,-1.8937271,-4.206111,3.8159518
1356781324277,-1.313576,3.4694118,4.266966
1356781324317,0.36541212,0.9027052,4.4686217
1356781324357,0.9484081,-2.2438202,3.975498
1356781324397,2.427317,0.5750675,3.4359086
1356781324437,2.5261548,1.1825595,-0.014339328
1356781324477,1.1770585,-0.18920517,1.527178
1356781324517,1.1342871,-0.09050083,2.0799718
1356781324557,1.7873101,-0.050807,1.31604
1356781324597,2.2239995,-1.9761801,0.5748664
1356781324637,2.3760166,-0.6242809,-0.39615577
1356781324677,3.856832,-1.2099867,-1.0074174
1356781324717,0.019236326,-0.96016026,-0.80148166
1356781324757,-2.6751258,-2.0848799,1.1047554
1356781324797,-3.3254714,-5.3146343,3.9423394
1356781324843,-3.0639038,-2.2354841,-2.5574112
1356781324879,-1.2266762,2.9646635,-3.720999
1356781324919,0.3547287,4.3946824,-0.7496409
1356781324959,-1.2017573,5.7203274,-0.29327264
1356781324997,-2.7156038,6.6882677,-2.6046004
1356781325037,-2.4045823,4.6453505,-3.359221
1356781325078,0.35992956,-4.7400484,-4.4586096
1356781325115,-0.83800304,-3.0415268,-5.4948807
1356781325158,-0.98528975,-0.3043728,-4.1047506
1356781325197,-2.1760054,-4.6217146,5.1729426
1356781325237,-0.97407025,2.6824465,3.3975334
1356781325277,1.0108984,1.6990528,3.8821187
1356781325317,1.9439899,-1.9373236,4.633443
1356781325357,2.8872812,-0.01624775,3.038571
1356781325397,3.118401,0.5269613,0.22923231
1356781325437,1.4253426,0.052387238,1.723793
1356781325477,0.26393545,0.33883286,2.8596206
1356781325517,0.45548618,0.46762657,0.9340917
1356781325557,1.8201373,-1.217618,0.224067
1356781325597,2.1745408,-1.091877,-0.25703928
1356781325637,3.8380475,-1.5415344,-0.28302574
1356781325677,1.4661007,-2.6891603,-0.38982844
1356781325717,-2.4062183,-1.9228792,-0.14634383
1356781325757,-3.64395,-3.8018064,2.3634324
1356781325797,-1.9901776,-2.1208286,-1.9070148
1356781325842,0.2998128,1.9995699,-2.633029
1356781325879,0.12520552,2.4803376,-1.2518406
1356781325918,-1.8783586,3.6220822,0.69409573
1356781325976,-2.8310807,5.9121532,-1.0934548
1356781325997,-3.2478843,6.6305966,-3.3919127
1356781326038,-1.4451655,1.5129347,-4.1856422
1356781326075,0.09664774,-6.582922,-5.242168
1356781326118,-0.44388914,-0.26993752,-5.68414
1356781326157,0.27061498,-5.429508,-0.3819725
1356781326197,-1.5427465,0.838264,5.0647316
1356781326237,-0.10859096,4.20371,3.4831543
1356781326277,0.16137397,-0.765975,4.9306364
1356781326318,0.4323367,-2.1997814,3.5065842
1356781326357,2.5479,0.7848606,0.8405656
1356781326397,3.5877135,0.76976013,0.6065853
1356781326437,1.9282703,0.36454296,1.9171023
1356781326477,1.0407515,0.607007,1.9016759
1356781326517,0.8442576,0.5281849,0.8193073
1356781326557,2.3154225,-1.7966881,-0.0059362054
1356781326597,3.0823321,-1.0906496,0.18328416
1356781326637,3.3363075,-1.9418392,-0.7964664
1356781326677,0.3400154,-2.4135618,-0.88847524
1356781326717,-2.3625307,-1.2853041,0.009576321
1356781326757,-2.5674622,-3.8863897,1.5150962
1356781326798,-2.3951197,-1.7045431,0.020256221
1356781326841,-0.8016927,1.9780321,-2.7983062
1356781326879,-0.8947513,2.0920653,-1.9446411
1356781326919,-2.304253,3.2714438,0.943055
1356781326959,-2.7067246,5.167907,-0.85228306
1356781326999,-3.017251,5.9963503,-3.1067975
1356781327037,-1.687862,2.8060594,-3.911212
1356781327077,0.8042209,-4.4823046,-6.0258493
1356781327117,-0.071611285,-1.7092476,-6.4613066
1356781327157,-0.45053172,-4.644268,-1.4648991
1356781327197,-2.4942706,-1.0640984,6.431358
1356781327237,-0.7964597,3.5003252,3.2729588
1356781327277,0.6967169,-0.0015382767,4.1477523
1356781327317,1.905391,-0.8201971,3.8548152
1356781327357,4.9501696,0.11212635,2.6644025
1356781327397,3.4979906,1.0682902,0.26985812
1356781327437,0.729305,-0.28137112,2.449224
1356781327477,-0.68458796,0.08463669,2.2564518
1356781327517,0.82232857,-0.14349079,0.55563486
1356781327557,4.0862374,-1.7516956,-0.1493566
1356781327597,5.1489253,-1.0511866,-0.91319275
1356781327637,2.413834,-2.0600128,-0.6782491
1356781327677,-1.6864846,-1.799653,-0.25338954
1356781327717,-3.1443298,-4.286167,3.6460488
1356781327757,-3.782631,-5.3114405,1.3134501
1356781327797,-2.2844796,0.78803253,-2.492445
1356781327842,-0.031810522,3.0677161,-3.1699495
1356781327879,-0.27678657,5.2880926,1.1828431
1356781327919,-3.3260903,6.8557262,-0.5646403
1356781327957,-4.026601,7.1552544,-3.3596253
1356781327997,-1.1941187,1.0910807,-4.3200064
1356781328038,0.076651335,-7.535595,-5.986885
1356781328077,-1.4445131,1.8383956,-5.890003
1356781328117,-0.41542995,-4.939126,0.19251531
1356781328157,-1.1996783,-1.2106953,4.772293
1356781328197,0.83985233,3.8936028,1.6380155
1356781328237,1.7101876,-0.015742302,4.617899
1356781328277,1.3788648,-1.5770569,3.4450111
1356781328317,2.0572448,0.94733953,-0.0078241825
1356781328357,2.662859,0.7100582,0.9028691
1356781328397,2.6898663,0.43271637,2.353963
1356781328445,1.300769,0.50926495,1.6805037
1356781328488,-0.16567361,-0.08993626,0.804067
1356781328527,1.3364842,-2.4271975,0.448377
1356781328567,3.3807523,-0.83820915,-0.32753196
1356781328607,4.044186,-1.991766,-1.0819052
1356781328647,-0.537858,-2.0197458,-0.055917084
1356781328687,-3.1568515,-2.8948336,1.410244
1356781328727,-4.2701817,-4.622677,2.288666
1356781328767,-3.3232653,-0.94887733,-2.642599
1356781328840,-0.21709156,3.1512556,-2.9289322
1356781328848,0.6470771,3.3185282,-0.7326063
1356781328874,-1.0086784,4.837362,1.8590839
1356781328906,-2.8691247,6.8359456,0.23457175
1356781328948,-3.9549866,7.206815,-3.756109
1356781328988,-1.5615511,-0.6920271,-6.2156982
1356781329034,0.0065050125,-2.7588148,-5.1494136
1356781329065,0.38093257,0.6142845,-4.7851214
1356781329108,-0.27558112,-6.195612,2.160173
1356781329147,-0.8818221,2.2267175,3.2933161
1356781329187,1.1676519,3.5293627,3.380476
1356781329227,1.2294219,-0.8952246,4.5591936
1356781329267,1.9624844,-1.4326334,3.6888552
1356781329307,3.5427494,0.13509941,0.5923412
1356781329347,2.4100473,0.40135956,1.4581081
1356781329387,1.4341015,-0.4173317,2.6186666
1356781329427,0.5415231,-0.05487156,1.3741145
1356781329467,0.6828196,-0.8684807,0.3889574
1356781329507,2.464721,-1.8425655,0.30842972
1356781329547,3.486939,-0.7558546,-0.47252876
1356781329587,3.5051308,-2.780241,-0.889746
1356781329627,-0.42554379,-1.8937225,0.20362008
1356781329667,-2.524879,-4.172,2.523297
1356781329707,-3.996078,-4.236887,1.339828
1356781329747,-2.2281084,0.6983261,-2.1338239
1356781329787,-0.33260345,3.2385912,-2.5553126
1356781329841,-0.7505729,3.1447964,-0.94864017
1356781329879,-1.6668084,6.164465,0.76807404
1356781329919,-3.846817,6.296224,-3.2543914
1356781329959,-2.7212853,1.3538876,-5.0082946
1356781329999,-1.032064,-6.2599373,-6.2836785
1356781330039,-1.0013827,1.72648,-5.4336424
1356781330079,0.55795825,-4.4957848,-2.0372984
1356781330117,-1.3213952,-2.7507086,4.7985883
1356781330157,0.13509941,4.0936356,2.1680462
1356781330197,1.1149535,0.38232327,4.460655
1356781330237,1.0403831,-1.3333387,3.909103
1356781330277,2.0455842,0.40976715,2.4842978
1356781330317,2.954751,0.81903267,0.7671236
1356781330357,1.5987957,0.08335304,2.2379239
1356781330397,0.7170179,0.17913246,2.7352636
1356781330437,0.5702158,0.14218998,1.1187179
1356781330477,2.3293762,-2.3005266,0.5312289
1356781330517,3.8390727,-0.8038416,-0.531051
1356781330558,4.62617,-1.3313465,-1.0625281
1356781330597,0.5610323,-1.8849497,-0.039820194
1356781330637,-2.102234,-2.575201,1.3390856
1356781330677,-4.091757,-4.784477,3.2706027
1356781330717,-3.4164872,-1.2872114,-1.8184774
1356781330757,-0.63857245,3.5822449,-2.9319892
1356781330797,0.32489753,2.801227,-2.2397742
1356781330840,-0.6030357,4.555871,1.7939928
1356781330879,-2.606568,6.1397967,-0.6097001
1356781330919,-3.8559642,5.458351,-3.6610866
1356781330959,-1.1453393,-1.4205742,-5.5520835
1356781330999,-0.7983327,-3.8655577,-6.4266233
1356781331039,-0.19171536,0.23595619,-4.9108524
1356781331079,-1.39706,-7.7746763,2.509269
1356781331117,-1.2825007,2.9723897,3.3499362
1356781331157,0.93575335,2.7600641,2.596374
1356781331197,1.0873235,-1.3064823,4.201138
1356781331237,1.343926,-0.7246456,3.2452576
1356781331277,2.469638,0.6497021,1.3672478
1356781331328,1.9571775,0.6853142,1.7406963
1356781331367,1.0808139,-0.16571045,1.7030878
1356781331407,0.56240034,0.44678593,1.4709792
1356781331447,1.3752055,-0.89956474,0.47923657
1356781331487,3.232092,-1.4454088,0.16458356
1356781331527,4.022828,-0.98514843,-0.37795836
1356781331567,2.5016165,-2.5001488,-0.55215365
1356781331607,-1.4105326,-1.3923712,0.44530404
1356781331647,-3.307188,-3.1785421,2.4655333
1356781331687,-4.140288,-3.4403543,0.49518013
1356781331727,-1.7090636,1.1163616,-2.488797
1356781331767,0.43654013,2.382012,-3.0679002
1356781331840,-0.8964462,2.592414,-0.11729264
1356781331849,-1.8933792,5.0662937,0.4210422
1356781331874,-3.23466,6.0233307,-2.9197392
1356781331918,-3.2718134,4.1849747,-4.1376624
1356781331957,-0.52362967,-3.2404919,-5.856743
1356781331998,-0.6321944,-1.3775425,-4.955417
1356781332044,0.8586997,-1.4258432,-3.2145193
1356781332075,-0.8358931,-6.8660784,4.3031335
1356781332118,-0.87259203,1.7073646,3.957852
1356781332157,0.9918399,3.4368749,3.6153388
1356781332197,0.9094192,-1.1648922,4.245215
1356781332237,1.3645947,-0.7987156,3.4189587
1356781332277,2.9294684,0.98790073,0.8357393
1356781332317,2.2072208,0.8717947,1.9005721
1356781332357,1.0443283,0.34708405,2.1804852
1356781332397,0.1252234,0.82793903,1.7408202
1356781332437,0.51847756,-0.2489891,0.7370497
1356781332477,2.4027588,-1.2958794,0.07888782
1356781332517,4.257165,-0.69055367,-0.7838624
1356781332557,4.508936,-2.2156096,-1.2260439
1356781332597,-0.24553967,-1.5410004,0.25423586
1356781332637,-2.7337234,-2.2321682,1.4000046
1356781332677,-4.2781997,-4.213438,2.9450414
1356781332717,-2.623232,-0.7416706,-2.1545901
1356781332757,-0.46994185,2.5748177,-2.9392364
1356781332797,-0.70576835,2.130918,-1.8580853
1356781332840,-1.5333943,4.103038,1.5663697
1356781332879,-3.026408,6.380352,-1.7473016
1356781332919,-3.1708617,5.511447,-3.5813692
1356781332959,-0.6811098,-0.6836958,-4.874259
1356781332999,-0.9624884,-4.9364557,-6.491626
1356781333039,-0.54410577,2.185814,-5.336455
1356781333079,-0.27592993,-6.169677,1.8562844
1356781333119,-1.1267236,0.04165554,4.360162
1356781333159,1.3910393,3.212531,2.516849
1356781333199,1.3907135,-0.20175266,3.790739
1356781333239,1.60512,-1.4934778,3.9962256
1356781333279,2.2584343,0.6065731,0.7947911
1356781333319,1.847926,0.63530064,1.2327913
1356781333359,1.3698887,0.3538599,2.605938
1356781333397,1.2033192,0.21439743,1.7199339
1356781333437,0.78267074,-0.13596821,0.7203992
1356781333477,2.1606655,-2.154666,0.5484178
1356781333517,2.7256956,-1.1178713,-0.26698172
1356781333557,3.9366312,-1.5178308,-1.1244909
1356781333597,0.83669424,-1.9139681,0.093603194
1356781333637,-2.1027093,-1.6812267,1.0129848
1356781333677,-3.8164055,-4.3308163,3.491641
1356781333717,-3.4936447,-2.1397095,-1.3617762
1356781333757,-1.1455431,2.789659,-2.7121022
1356781333797,0.0038220882,2.2711062,-2.3332515
1356781333841,-0.9867611,3.9867563,1.1763046
1356781333879,-2.5126352,6.2575164,-0.66226435
1356781333919,-3.2812433,5.831472,-3.6585493
1356781333959,-1.3149599,0.5655365,-4.8983774
1356781333997,-0.2726966,-5.355584,-5.6188607
1356781334037,-0.04228449,1.4862666,-6.170912
1356781334077,-0.32824922,-6.8609114,1.777678
1356781334117,-1.6920245,0.5717163,4.494404
1356781334157,0.79169583,3.9929247,2.6657639
1356781334197,1.0520009,-0.8373499,3.892912
1356781334237,1.0113161,-1.7437391,4.055684
1356781334277,1.9869096,0.29340744,0.94872206
1356781334318,2.4604278,0.54860306,0.68957067
1356781334357,1.7176094,0.3626175,1.8967414
1356781334397,1.2553692,0.35033417,2.0207124
1356781334437,0.48392022,0.6045723,0.9090958
1356781334477,1.8618982,-1.5916653,0.0060037374
1356781334517,2.972452,-1.2904348,-0.22955218
1356781334558,3.4561005,-1.0940762,-0.7926009
1356781334597,1.1826706,-2.7054272,-0.20866919
1356781334637,-1.4453326,-1.4728851,0.99841213
1356781334677,-3.47395,-4.1945133,3.40578
1356781334717,-4.7507467,-2.7870874,-0.21581608
1356781334757,-2.2211604,2.1344233,-1.7852178
1356781334797,-0.011713743,1.9643593,-3.6948698
1356781334840,-0.10784745,2.561572,0.6043196
1356781334879,-0.71908045,6.061283,0.8616344
1356781334919,-3.339759,7.1567035,-3.4127374
1356781334959,-2.1417754,3.8808408,-4.52538
1356781335016,0.3142072,-6.064827,-6.673952
1356781335037,0.51129234,-1.2491417,-6.21722
1356781335078,0.9048042,-4.648883,-2.8473701
1356781335115,-2.3064203,-0.988101,5.2057405
1356781335158,-0.1770935,4.265529,2.551407
1356781335197,0.98626256,-0.55721474,3.9623609
1356781335237,0.91139317,-2.0883436,3.6786427
1356781335277,2.1480541,0.7163391,2.4387417
1356781335317,2.0860896,0.9172001,1.828245
1356781335357,0.7539997,-0.030899048,2.3659143
1356781335397,0.6394298,-0.1838255,1.780072
1356781335437,0.25344265,0.14367676,1.6267128
1356781335477,2.1494198,-1.5007086,0.24840513
1356781335517,4.081542,-1.077034,-0.297068
1356781335557,4.424671,-1.8553352,-0.75794464
1356781335597,0.29716992,-1.7956896,0.024906516
1356781335637,-2.4564395,-2.0390863,0.7971935
1356781335677,-4.219716,-4.0886793,3.5120533
1356781335717,-3.3776329,-1.9065628,-2.2347522
1356781335757,-0.9789691,2.2555609,-2.5305598
1356781335797,0.39622355,1.968586,-2.800415
1356781335840,-0.78827286,4.219361,1.0520287
1356781335879,-2.5423899,7.2613745,-1.1452185
1356781335919,-3.0394466,6.545144,-3.9387455
1356781335959,-0.7397126,0.32421684,-4.252877
1356781335999,-0.32563162,-5.966954,-6.5431576
1356781336039,-0.22688735,0.42510414,-5.94609
1356781336079,0.22252464,-4.149358,-1.0062902
1356781336119,-1.4421524,-1.2320614,4.890209
1356781336159,0.019693851,3.4958792,2.9602895
1356781336199,1.1820712,-0.12974834,4.087337
1356781336238,1.0839013,-1.4429064,4.1400948
1356781336277,1.9706361,-0.05104351,2.9542773
1356781336325,2.3879428,0.5646372,1.4618063
1356781336367,1.4407326,0.19917107,1.8380387
1356781336407,1.1756006,0.31404686,1.6088734
1356781336447,0.85021687,-0.015872002,1.2862686
1356781336487,2.1179538,-1.6369419,0.15508902
1356781336527,3.335,-1.0137777,-0.2436718
1356781336567,3.7699957,-1.7286453,-0.92975765
1356781336607,0.41852283,-1.9454699,-0.019556403
1356781336647,-2.3522167,-0.65381813,0.4094925
1356781336687,-3.8918097,-3.2025204,1.9696007
1356781336727,-2.962361,-2.6894026,-0.72599125
1356781336767,-0.99262285,1.5866318,-2.763862
1356781336834,0.026329756,1.9056416,-2.9172103
1356781336859,-1.5876564,4.018078,1.7051601
1356781336899,-2.5740645,5.9086933,-0.91903776
1356781336939,-3.6592066,6.0423408,-3.8491182
1356781336979,-1.2738372,1.1307573,-4.069525
1356781337019,1.309413,-4.823658,-5.5191917
1356781337059,0.9292544,-0.8075743,-6.6717215
1356781337097,0.04811406,-4.274617,-0.98747504
1356781337137,-1.2797674,-0.8441677,4.899981
1356781337177,0.2083453,3.3949537,3.7408557
1356781337217,0.59006953,-0.14004898,4.3239455
1356781337257,0.9052875,-1.1908512,3.8766956
1356781337297,1.601317,-0.4953966,3.2004762
1356781337337,1.8218148,0.3911848,1.6956605
1356781337377,1.507983,0.2771654,1.7697251
1356781337417,1.2406411,0.24386978,1.6208651
1356781337457,1.007206,0.19546318,1.7233714
1356781337498,1.8634789,-0.9509697,0.06648047
1356781337537,2.05082,-0.90511894,-0.21761188
1356781337577,2.6081789,-1.1588564,-0.62117743
1356781337617,1.7086434,-2.4942055,-0.7013341
1356781337657,-1.7785621,-0.57530975,-0.055133224
1356781337697,-2.9756103,-3.100276,1.3123814
1356781337737,-3.6550643,-3.8265905,1.1630017
1356781337777,-1.8876858,0.12140083,-2.392119
1356781337839,0.5889051,1.339963,-4.102054
1356781337859,-0.49615026,3.0636783,-0.483191
1356781337899,-1.7233472,4.9223623,0.6982516
1356781337939,-3.710719,6.8081665,-2.8223991
1356781337979,-2.8054461,5.065508,-4.0903215
1356781338019,0.5959699,-4.37941,-5.1723976
1356781338075,1.1519598,-2.7989502,-5.312674
1356781338098,0.51825583,-0.3443117,-6.0619655
1356781338138,-1.089216,-4.0720186,3.259986
1356781338175,-0.8941573,2.2806187,4.8197308
1356781338218,0.4013132,2.1719952,3.9679062
1356781338257,0.51451015,-2.0590553,4.4711494
1356781338297,1.3247166,-0.16358376,3.4239435
1356781338337,2.2218196,0.7779579,2.6647196
1356781338377,2.149236,0.28442287,2.0044518
1356781338417,1.0541103,-0.287158,1.730165
1356781338457,0.81044817,0.3647766,1.7335024
1356781338497,1.0175269,-1.0084333,0.72565144
1356781338537,2.509381,-1.5303249,-0.04205835
1356781338578,3.2542996,-0.59305954,-0.55179936
1356781338617,2.7621832,-2.110917,-0.6115253
1356781338657,-1.1550906,-1.4097166,-0.20734662
1356781338697,-2.6618962,-3.2340155,0.80919755
1356781338737,-3.3989444,-3.8043528,2.0544171
1356781338777,-1.9917088,-0.10600376,-2.230967
1356781338839,0.117987394,2.1060958,-3.4119337
1356781338859,-0.265414,2.6584535,-1.7180297
1356781338899,-1.6620401,5.030554,1.1562169
1356781338939,-3.2827032,6.9881916,-2.607269
1356781338977,-2.772014,5.828383,-3.884809
1356781339017,0.50120306,-4.6197176,-4.4046273
1356781339057,-0.9735183,-3.097455,-7.4713497
1356781339097,-0.22407126,0.5200491,-4.664407
1356781339137,-0.8101745,-4.9882374,2.9197176
1356781339177,-0.90427226,1.2217774,3.9092698
1356781339217,1.1536834,2.0688539,2.6025336
1356781339257,1.8639957,-0.73612595,3.8643856
1356781339297,2.1330054,0.06530666,4.006216
1356781339338,1.4034715,0.71686554,2.2760286
1356781339377,0.29435027,0.08575821,1.9196545
1356781339417,1.5777938,-0.21493435,1.6730055
1356781339457,2.0984917,0.38481236,1.8146906
1356781339497,1.138554,0.18008518,1.7594628
1356781339537,0.997993,-1.4252195,0.22104931
1356781339577,2.0126963,-1.1692038,0.46929526
1356781339617,3.111703,-0.81374836,-0.54683006
1356781339657,2.2469158,-2.491706,-0.8485634
1356781339697,-1.2712959,-0.9342232,0.33668208
1356781339737,-3.0249085,-3.150939,0.9942461
1356781339777,-4.3011947,-4.250798,1.848119
1356781339838,-2.0909615,-0.19934273,-1.6970739
1356781339859,-0.20692277,1.8713303,-3.3705418
1356781339898,-0.7971873,2.5408697,-1.4361598
1356781339939,-1.605245,5.128958,1.0116355
1356781339979,-2.788591,7.2096305,-2.2365975
1356781340019,-2.0805206,5.4921865,-3.9354584
1356781340059,0.76037574,-3.0791616,-5.266884
1356781340099,0.4089954,-2.9581194,-6.468752
1356781340137,0.019537568,0.033337593,-5.969526
1356781340177,-0.45359033,-5.2435865,2.462865
1356781340217,-0.7429766,1.1643128,3.7400231
1356781340257,0.8912153,2.4455466,3.5657203
1356781340297,0.97721255,-1.2238197,4.672562
1356781340337,1.2397883,-0.62114716,4.120594
1356781340377,1.3934157,0.22591019,2.1267679
1356781340417,1.4075108,0.60856056,2.016457
1356781340457,1.7968857,-0.16427898,1.8228079
1356781340497,1.8934383,0.44440746,1.5474967
1356781340537,0.88197887,0.38010025,1.3089969
1356781340577,0.38998747,-1.2457018,0.19596541
1356781340617,2.4464388,-0.62916565,0.32565045
1356781340657,2.8947337,-1.0852518,-0.15418828
1356781340697,0.64532185,-2.5923777,-1.1353829
1356781340737,-1.7437179,-0.44797802,-0.5298877
1356781340777,-2.7067351,-1.6710377,-0.20381796
1356781340835,-2.6314733,-3.5242872,0.72278893
1356781340859,-1.5593942,-0.93288326,-0.853761
1356781340899,-0.57010436,1.8597064,-2.2992125
1356781340938,-1.5792047,1.5451422,-1.8775877
1356781340977,-2.4472325,2.521863,0.32412934
1356781341017,-2.3870466,5.095485,-2.5222116
1356781341057,-1.9918541,4.702063,-3.2758079
1356781341115,-0.9463128,1.8855095,-3.794612
1356781341137,1.254777,-3.4722576,-5.2322474
1356781341178,1.1573063,-0.70652866,-5.3043275
1356781341215,0.7469748,-0.5944805,-3.122662
1356781341258,-1.4156041,-5.178067,3.9548645
1356781341304,-0.3567927,2.4637947,2.800074
1356781341347,2.0806453,1.2318473,3.9457505
1356781341387,2.2477012,-1.2248573,5.095837
1356781341427,2.215359,-0.114442825,2.1273015
1356781341467,1.2086942,0.2680111,0.77884936
1356781341507,1.2615038,1.0814238,2.317781
1356781341547,0.8118725,0.4594326,2.8385801
1356781341587,0.7321644,0.52119255,1.2297354
1356781341627,-0.06062138,0.112999916,1.0425324
1356781341667,0.25210047,-0.75151443,0.6865321
1356781341707,1.5494349,-0.9755297,0.625996
1356781341747,2.7985406,-0.9295292,-0.6481019
1356781341787,2.1585298,-2.3753805,-1.6136754
1356781341836,0.20283985,-1.7814388,-0.05365765
1356781341869,-1.3945153,-0.24200916,0.34828234
1356781341908,-1.6693773,-1.8203468,0.9510931
1356781341949,-1.6394411,-1.871872,1.5914366
1356781341987,-0.38416386,0.32088184,-2.0381372
1356781342027,-1.6160225,1.8362923,-1.9446135
1356781342067,-2.3920193,1.9378519,0.47739232
1356781342107,-2.1354966,3.0140648,-0.52803564
1356781342147,-2.8308911,4.5409245,-2.5646589
1356781342187,-2.2798054,3.878313,-2.7771444
1356781342227,-0.8595264,0.7851496,-4.052001
1356781342267,1.7666907,-2.607895,-5.7268286
1356781342307,2.2826293,-0.8481045,-6.3589854
1356781342347,0.98303664,-1.9176397,-2.235535
1356781342387,-0.80707693,-2.695528,3.52058
1356781342427,-0.7787838,1.5958877,2.3150995
1356781342467,0.7125945,0.5873523,3.9525628
1356781342507,1.1174465,-1.2414875,4.3145957
1356781342547,0.599947,0.44025993,4.51859
1356781342587,0.9289546,-0.06263447,1.0022875
1356781342627,1.0708644,0.13894272,1.9814663
1356781342667,1.0222229,0.1755333,1.9959366
1356781342707,0.81875503,0.71412086,1.8761531
1356781342747,0.29385018,-0.023645401,0.70850694
1356781342787,0.7973516,-0.77485466,0.2402794
1356781342832,2.0196366,-0.8572855,0.46960592
1356781342869,2.856689,-0.8510494,-0.31031471
1356781342909,1.7718396,-3.0525122,-1.7752514
1356781342949,-0.5668795,-1.5187922,0.33002174
1356781342989,-1.5263932,-0.7332325,0.4476831
1356781343027,-3.042395,-2.573022,2.7092252
1356781343067,-1.6114857,-0.62141895,-0.9159512
1356781343108,-0.055577755,1.588417,-3.033919
1356781343147,-0.81421876,0.89478683,-1.4399209
1356781343187,-2.174491,2.1362696,1.4094548
1356781343227,-2.8415008,4.854042,-1.9711092
1356781343267,-3.0912502,5.297117,-3.5805588
1356781343307,-2.1927178,3.057322,-3.2890851
1356781343347,0.6423726,-3.5183191,-4.673734
1356781343387,1.9653248,-1.4465132,-6.852314
1356781343427,1.27598,-1.7947035,-4.4078813
1356781343467,-1.549622,-2.7142973,4.3420014
1356781343507,-0.6751877,3.0568786,2.9709277
1356781343547,0.24715817,0.6623397,3.7661457
1356781343587,0.4969827,-1.9060736,4.495017
1356781343627,1.5822263,-0.14025688,3.024425
1356781343667,2.2584407,0.6635294,1.0904243
1356781343707,1.6205518,0.31960392,1.7099103
1356781343747,1.1004468,-0.11040497,2.1762552
1356781343787,1.006052,0.72951794,2.0919993
1356781343831,0.37620223,-0.113879204,1.5297055
1356781343869,0.7796737,-1.7863626,0.28058946
1356781343923,2.2331831,-1.3143969,0.011569798
1356781343948,3.0951476,-1.1386347,-0.7378792
1356781343986,0.8256104,-2.4223194,-0.8047437
1356781344027,-1.5076982,-0.69892216,0.59948885
1356781344067,-2.4131012,-2.898675,1.2964053
1356781344107,-3.329636,-2.4199266,1.9258385
1356781344148,-1.0408571,1.3278322,-1.9194753
1356781344194,-0.37017202,1.4793882,-3.4369776
1356781344225,-1.3033427,1.9789324,0.20749593
1356781344268,-1.9636724,3.0854397,0.31888443
1356781344307,-2.8772733,5.327401,-3.0413365
1356781344348,-1.9669511,4.482294,-3.4421227
1356781344387,-0.21238852,0.5380392,-5.108908
1356781344427,1.4739826,-3.4219065,-5.64635
1356781344467,1.145501,-0.34276867,-6.4553013
1356781344507,-0.04452443,-4.270339,0.08430629
1356781344547,-1.8155465,0.25341702,4.461544
1356781344587,0.021143317,3.3368773,2.4213748
1356781344627,0.752411,-1.3054523,4.4511085
1356781344667,0.98863447,-1.3221502,4.597574
1356781344707,1.461308,0.7279463,2.835094
1356781344747,2.4926314,0.2772913,0.18644702
1356781344787,1.9990983,0.099048615,1.4196167
1356781344831,1.3417459,0.42800808,2.560552
1356781344869,0.8426237,0.66367054,1.8120381
1356781344909,0.4966855,-0.9864311,0.5739078
1356781344949,1.1951876,-2.0982533,0.56075597
1356781344987,2.6733434,-1.0952902,-0.109226465
1356781345027,2.8131323,-1.9004097,-1.1204011
1356781345067,-0.59879684,-1.2114658,0.23534518
1356781345107,-2.7850852,-1.024828,0.40860307
1356781345147,-3.5753953,-3.0901623,3.4248776
1356781345187,-2.7765853,-1.3705015,-1.8893409
1356781345227,0.7005532,1.657238,-4.0236597
1356781345267,1.1154518,1.6939306,-1.8838265
1356781345307,-1.9604502,3.535489,0.48734963
1356781345347,-3.1678832,5.362981,-2.0772634
1356781345387,-3.0374532,5.576628,-3.5550797
1356781345427,-0.983197,0.6175585,-4.343681
1356781345467,0.7820791,-4.5064163,-5.6736703
1356781345507,0.35728943,1.209238,-6.054965
1356781345547,0.63290095,-4.472824,-0.24036694
1356781345587,-2.1070292,-2.5846472,5.300356
1356781345627,0.17915344,3.3440642,2.6951666
1356781345667,0.89534736,-0.15914345,4.41151
1356781345707,1.2660048,-1.5279016,4.949381
1356781345747,1.6070588,0.14128685,3.1291122
1356781345787,2.0352755,0.6484003,-0.0509423
1356781345830,2.2242427,0.51062393,1.467894
1356781345869,1.7164347,0.4062786,2.0572042
1356781345908,1.034569,1.2400589,1.4625256
1356781345949,1.197834,-1.0011339,0.29578474
1356781345989,1.9255714,-2.0924244,0.027704924
1356781346029,2.4035664,-1.1195898,0.027919292
1356781346069,1.9309492,-2.3790874,-1.3662956
1356781346109,-0.41853905,-1.3622646,-0.67522717
1356781346149,-1.4520972,-1.3802071,0.9590898
1356781346189,-2.6874886,-3.634182,3.677789
1356781346227,-2.7830698,-1.2015076,-0.034903646
1356781346267,-1.9374266,2.7286549,-4.3454165
1356781346307,-0.33944964,1.9947405,-0.86845154
1356781346347,-0.54997945,3.667241,2.604535
1356781346387,-3.5304213,5.4283648,-1.681344
1356781346427,-3.647651,5.7738385,-4.3780107
1356781346467,-0.15395355,0.30661583,-4.8897514
1356781346507,1.4813294,-4.771513,-5.650468
1356781346547,1.6716646,-2.217352,-6.0342264
1356781346587,-0.45061564,-4.1853046,-0.15863487
1356781346627,-1.7527893,2.2156796,4.414165
1356781346667,0.068966985,2.8583126,3.4414017
1356781346707,6.239414E-4,-1.5581083,4.218641
1356781346747,0.9163065,-0.3462906,3.5513444
1356781346787,1.1964136,0.11301041,2.2035668
1356781346830,1.8617804,0.42655182,1.0447543
1356781346869,1.4740843,-0.034445763,1.3412884
1356781346909,1.0822995,0.46917057,2.2339447
1356781346949,0.50376654,-0.14170933,1.5474844
1356781346989,1.3943197,-1.921937,-0.20112163
1356781347027,2.837586,-0.69812775,-0.47753638
1356781347067,3.3938684,-1.8128672,-0.5716003
1356781347107,-0.10260296,-1.8678942,0.17787683
1356781347166,-2.5041497,-1.4773922,0.60613155
1356781347187,-3.1460853,-3.1840153,2.5418386
1356781347228,-2.9321718,-1.3230267,-0.57541
1356781347265,-0.66939807,2.6633854,-2.7985554
1356781347308,0.54504037,2.1413074,-2.4851933
1356781347347,-1.2881368,2.6837797,0.6990999
1356781347387,-2.10921,4.442136,-1.7759528
1356781347427,-2.651454,4.692902,-3.2960455
1356781347467,-1.2579174,1.3333073,-4.4293394
1356781347507,0.7314408,-3.8783655,-5.080606
1356781347547,0.25677228,0.4511528,-6.2629
1356781347587,0.56860864,-3.4716473,-0.058855362
1356781347627,-1.2793543,-1.9448938,5.644881
1356781347667,0.033561587,3.6333137,3.0579438
1356781347707,0.37660992,-0.45913696,4.167818
1356781347747,0.8531811,-1.7804775,4.344893
1356781347787,1.9200876,0.45993328,0.52133703
1356781347830,2.605688,0.69795704,0.5496065
1356781347868,2.1527762,0.8019419,2.2734706
1356781347908,1.4579297,0.40226364,1.9206856
1356781347949,0.28740716,0.540452,0.7297325
1356781347989,0.22258282,-0.9038248,0.39073282
1356781348029,1.9164383,-1.5713854,0.10905713
1356781348067,3.375035,-0.63238525,-0.37805513
1356781348107,2.5983305,-2.3085718,-0.417037
1356781348147,-1.2845224,-1.1039515,0.5014186
1356781348187,-3.3730688,-2.4833488,0.7947644
1356781348227,-4.619249,-3.0668335,1.8409612
1356781348267,-2.1641595,0.2608919,-2.0946937
1356781348307,1.720005,0.23966885,-3.1947603
1356781348347,-0.36310434,0.7209215,-0.24903256
1356781348387,-2.3686247,4.005377,0.514547
1356781348427,-3.4332366,7.4023294,-3.3706818
1356781348467,-2.6142921,5.531249,-3.6084595
1356781348507,-0.40228462,-0.15458202,-5.1064215
1356781348547,1.9906981,-5.3319902,-5.118389
1356781348587,1.8074713,-0.70068073,-6.601714
1356781348627,-0.4561404,-4.1051435,1.7092154
1356781348667,-1.3803102,2.8219595,4.51717
1356781348707,0.34461534,2.5203185,3.678998
1356781348747,0.5616902,-1.324585,4.735384
1356781348787,1.2437824,-0.9334307,3.9828997
1356781348829,1.8024335,0.14273739,1.5898277
1356781348869,2.006436,0.53950787,1.0552421
1356781348909,0.9186505,-0.06858063,2.324225
1356781348947,0.3304485,0.50475216,2.2949176
1356781348987,0.72485137,-0.85863876,0.8121358
1356781349027,2.2370183,-1.5210514,0.10161236
1356781349067,3.2685099,-0.81072044,0.056075275
1356781349107,2.3974378,-2.5193882,-0.33112097
1356781349147,-1.5593649,-0.9756212,-0.22746885
1356781349187,-3.2308035,-3.222681,0.9962101
1356781349227,-3.3435018,-4.1869946,0.13047588
1356781349267,0.021472216,0.35795498,-3.9939628
1356781349307,1.3135118,2.6121693,-2.4525752
1356781349347,-1.5597488,2.8902826,-0.08462155
1356781349387,-2.491864,4.5727777,0.27209246
1356781349427,-3.73282,6.0657406,-2.7401423
1356781349467,-2.4974537,3.9672093,-3.131825
1356781349507,-0.0055675507,-0.9766798,-6.1211476
1356781349547,1.7091063,-2.8710127,-6.5636454
1356781349587,1.3917984,-1.4313383,-4.57117
1356781349627,-1.8025346,-5.165658,1.9109207
1356781349667,-1.824663,2.0347085,4.891678
1356781349707,-0.09737408,2.3751445,3.6712742
1356781349747,0.5590341,-1.8065367,4.9325676
1356781349787,1.322727,-0.8953552,4.5938325
1356781349829,2.5905776,0.35090733,3.2412705
1356781349869,2.7406814,1.1190886,1.466039
1356781349908,1.6411352,0.20073032,2.324514
1356781349947,0.9008267,0.49688435,1.4874198
1356781349987,0.97123456,-0.25533485,0.8434213
1356781350027,1.7506919,-1.4439802,-0.14526345
1356781350067,2.9496546,-0.18521404,-0.35037023
1356781350107,3.8987129,-1.9544878,-1.3469521
1356781350147,0.15378618,-2.1926794,-1.0895996
1356781350188,-2.1176405,-2.0256987,0.301628
1356781350234,-3.351793,-4.4523163,2.4783683
1356781350265,-2.634289,-1.747756,-1.6857113
1356781350308,-0.4282992,2.5213776,-2.3662438
1356781350347,-0.9113431,2.322877,-2.7177043
1356781350387,-1.7072331,3.588107,1.498076
1356781350427,-3.0608563,6.02509,-0.8325374
1356781350467,-3.9406683,6.424258,-3.9346347
1356781350507,-0.50554633,0.26673508,-4.225126
1356781350547,0.94347024,-5.6102695,-5.85196
1356781350587,0.35716057,-0.17252064,-6.410012
1356781350628,-0.25550675,-4.3931932,-0.0391241
1356781350667,-1.7103091,0.73908806,5.0022907
1356781350707,0.08982754,2.8352041,3.0355973
1356781350747,0.77462065,-0.8386955,4.589592
1356781350787,1.0820448,-1.0719023,4.1026754
1356781350829,2.3114443,0.6156082,1.8478026
1356781350869,2.468675,0.628211,0.10810137
1356781350909,1.433249,-0.076524734,1.5317086
1356781350949,0.9135163,0.62886333,2.3755012
1356781350987,1.1096451,0.5261984,1.4803569
1356781351027,1.7384937,-1.8462763,1.1499113
1356781351067,2.0426497,-0.93975925,-0.02672565
1356781351107,3.77491,-0.8960209,-1.0893325
1356781351147,2.191065,-2.3991518,-0.1548332
1356781351187,-1.655228,-1.2381544,0.6243725
1356781351227,-3.5599828,-3.547577,2.5295548
1356781351267,-4.517258,-3.6569967,0.36964655
1356781351307,-1.5390968,1.6215153,-3.6121674
1356781351347,0.7308104,2.6274433,-3.5801508
1356781351387,-0.6269076,2.4323378,0.76176333
1356781351427,-2.0334384,4.743235,0.35533524
1356781351467,-4.193857,6.3388205,-3.4081802
1356781351507,-2.9258718,4.287769,-3.266795
1356781351547,0.35233927,-3.1655111,-5.430262
1356781351587,-0.2043885,-2.136075,-6.337716
1356781351627,0.5346602,-0.69669724,-5.400456
1356781351667,-0.15493357,-5.6407022,1.4998262
1356781351707,-1.1221486,1.5833087,3.853647
1356781351747,0.97995436,2.860022,2.6559532
1356781351787,1.8006166,-1.1516256,4.488505
1356781351827,1.7814882,-1.2083054,4.7414417
1356781351868,1.7385068,0.82855415,2.6770167
1356781351907,1.0561883,0.75478363,1.4341396
1356781351947,1.0332392,0.19869614,2.224752
1356781351987,1.6967728,0.30998993,2.364601
1356781352027,0.8427832,0.95606995,1.8194661
1356781352067,0.02593267,-2.3034449,0.8342076
1356781352107,1.0988584,-1.5192184,0.42044517
1356781352147,3.5671132,-0.9100723,-0.39945912
1356781352187,3.2841182,-2.4499044,-1.1005841
1356781352227,-0.6293075,-1.0831499,0.2789234
1356781352267,-2.2342257,-3.7929592,1.8224044
1356781352307,-3.650382,-4.191843,1.5559028
1356781352347,-1.6980996,0.8520365,-2.3004036
1356781352387,-0.526005,2.947719,-2.564743
1356781352427,-1.6150672,2.525632,-1.3696976
1356781352467,-1.355979,4.176182,1.0069802
1356781352507,-1.9863013,6.4584875,-2.341814
1356781352547,-1.9285772,4.5045333,-3.1501267
1356781352587,-0.08839631,-2.0811682,-5.270086
1356781352627,-0.21626961,-3.723093,-5.182708
1356781352667,-0.45140874,2.7405753,-6.944673
1356781352707,0.7290472,-6.32172,-0.0034812465
1356781352747,-1.9270785,-3.4240065,5.196309
