1356423581875,8.499097,5.597963,-0.53119355
1356423581915,8.471856,5.7477865,-0.10896278
1356423581955,8.499097,5.7477865,-0.14982383
1356423581995,8.580819,5.284695,-0.23154591
1356423582035,8.499097,5.47538,-0.23154591
1356423582075,8.471856,5.5162406,-0.19068487
1356423582115,8.471856,5.597963,-0.040861044
1356423582155,8.430995,5.5162406,-0.3405087
1356423582195,8.580819,5.434519,-0.27240697
1356423582235,8.499097,5.706926,-0.42223078
1356423582275,8.499097,5.284695,-0.0
1356423582315,8.308413,5.9793324,-0.7627395
1356423582355,8.430995,5.9793324,-1.1168685
1356423582396,8.580819,5.47538,-0.46309182
1356423582435,7.8861814,5.8976107,-0.46309182
1356423582475,7.9679036,6.1291566,-0.9942854
1356423582515,8.539958,5.6660647,-0.50395286
1356423582555,8.580819,5.284695,-1.0351465
1356423582595,8.580819,5.2165933,-0.6537767
1356423582635,8.771504,5.053149,-0.3405087
1356423582675,8.471856,5.434519,-0.3405087
1356423582715,8.308413,5.706926,0.14982383
1356423582755,8.281172,5.706926,0.08172209
1356423582826,7.9679036,6.4424243,-0.38136974
1356423582837,8.349273,6.4015636,-0.040861044
1356423582875,8.158588,6.238119,-0.61291564
1356423582905,8.390134,6.2108784,-0.7627395
1356423582935,7.7363577,6.510526,-0.46309182
1356423582975,7.8180795,6.4015636,-0.19068487
1356423583015,8.240311,6.0882955,-0.46309182
1356423583055,8.19945,5.9793324,-0.38136974
1356423583095,7.9270425,6.2789803,-0.14982383
1356423583125,7.8589406,6.4015636,-0.42223078
1356423583165,7.9270425,6.238119,-0.19068487
1356423583195,8.076866,6.3198414,-0.08172209
1356423583237,7.8861814,6.3607025,-0.08172209
1356423583275,7.8861814,6.66035,0.08172209
1356423583315,7.9679036,6.469665,0.3405087
1356423583355,8.390134,6.510526,0.14982383
1356423583395,8.308413,6.4015636,0.10896278
1356423583435,8.281172,6.973618,-0.23154591
1356423583475,8.471856,8.921328,-0.0
1356423583515,9.80665,6.782933,-0.14982383
1356423583556,9.00305,5.7886477,-0.6537767
1356423583596,7.9270425,5.407278,0.313268
1356423583635,7.8861814,5.7886477,0.9942854
1356423583676,8.689782,6.701211,0.38136974
1356423583715,9.275456,6.5922484,-1.1441092
1356423583755,8.894087,6.2789803,-1.607201
1356423583826,8.689782,5.8567495,-1.607201
1356423583837,7.9270425,5.5571017,-2.4925237
1356423583875,7.246025,5.366417,-2.7240696
1356423583915,7.082581,4.5628166,-2.982856
1356423583945,7.1234417,4.4810944,-3.486809
1356423583975,6.3607025,4.7535014,-4.0180025
1356423584005,5.8567495,4.7943625,-4.399372
1356423584045,5.8976107,4.630918,-4.4810944
1356423584086,6.5513873,4.5628166,-4.8216033
1356423584125,6.8237944,5.938472,-5.434519
1356423584165,7.3958488,6.0882955,-5.938472
1356423584205,6.1291566,5.8567495,-5.284695
1356423584247,9.384419,5.7477865,-5.134871
1356423584285,13.143636,7.3549876,-3.336985
1356423584327,7.3958488,3.445948,0.040861044
1356423584365,6.742072,4.903325,0.50395286
1356423584408,8.19945,8.771504,-0.23154591
1356423584445,7.9679036,3.9090397,-0.6537767
1356423584486,8.117727,6.0201936,-0.38136974
1356423584525,7.3958488,6.6331096,0.19068487
1356423584565,7.668256,6.0882955,0.08172209
1356423584605,8.281172,6.0474343,-0.27240697
1356423584635,8.390134,5.938472,-0.14982383
1356423584665,7.9679036,5.6252036,-0.08172209
1356423584705,8.240311,5.829509,-0.0
1356423584745,8.390134,6.2789803,-0.040861044
1356423584785,7.7772183,6.1700177,0.10896278
1356423584828,7.8861814,6.701211,0.3405087
1356423584865,7.9679036,7.205164,-0.0
1356423584905,8.008764,7.5456724,-0.29964766
1356423584945,8.281172,9.575105,-0.0
1356423584985,9.888372,7.7772183,-0.19068487
1356423585025,9.275456,4.5628166,0.23154591
1356423585065,8.281172,5.2165933,0.7627395
1356423585105,9.084772,7.4639506,0.46309182
1356423585145,9.425281,7.164303,-1.334794
1356423585185,8.662541,6.5922484,-2.9556155
1356423585225,7.43671,6.4424243,-2.6014864
1356423585265,6.510526,5.6660647,-2.1792557
1356423585305,6.742072,5.012288,-2.3699405
1356423585345,6.238119,4.2495484,-2.6832085
1356423585385,5.9793324,3.636633,-2.7921712
1356423585425,5.706926,4.8216033,-4.099725
1356423585466,6.3198414,5.706926,-4.9850473
1356423585505,8.19945,5.7477865,-6.1700177
1356423585547,6.851035,8.430995,-6.5922484
1356423585585,7.668256,6.1291566,-6.1291566
1356423585627,10.501288,6.4424243,-3.759216
1356423585665,9.275456,5.2165933,-1.7297841
1356423585706,5.134871,5.012288,1.9885708
1356423585745,8.499097,8.308413,-0.14982383
1356423585787,8.076866,4.944186,0.040861044
1356423585828,7.8180795,5.366417,0.38136974
1356423585856,7.504812,6.851035,0.040861044
1356423585895,7.8180795,6.1291566,0.040861044
1356423585935,7.6954966,6.2789803,-0.0
1356423585975,8.076866,6.238119,0.040861044
1356423586015,8.049625,6.1700177,0.313268
1356423586055,8.240311,6.8237944,-0.0
1356423586095,7.8180795,6.701211,0.19068487
1356423586135,7.6273947,7.273266,-0.0
1356423586175,8.049625,7.7363577,-0.61291564
1356423586215,7.9270425,7.1234417,-0.6537767
1356423586255,8.117727,7.5456724,-0.8036005
1356423586295,8.390134,8.499097,-0.19068487
1356423586335,10.61025,5.597963,1.56634
1356423586375,9.765789,6.1700177,1.4165162
1356423586415,9.888372,6.5513873,-0.42223078
1356423586455,9.152874,5.09401,-0.46309182
1356423586495,8.158588,5.7477865,-1.607201
1356423586544,7.246025,6.0201936,-1.4165162
1356423586575,7.205164,5.09401,-1.879608
1356423586616,7.273266,4.399372,-3.0645783
1356423586655,6.782933,4.671779,-3.2961242
1356423586695,5.9793324,4.671779,-3.7864566
1356423586735,5.7477865,5.134871,-3.9499009
1356423586775,6.2108784,4.630918,-4.7943625
1356423586829,7.082581,7.246025,-5.8158884
1356423586865,7.8861814,6.1700177,-6.0474343
1356423586905,7.7772183,5.7886477,-4.944186
1356423586945,11.223166,6.1700177,-3.9090397
1356423586985,10.528529,7.0553403,-2.9147544
1356423587025,4.6036777,3.173541,2.3426998
1356423587065,7.3958488,9.534244,-0.5720546
1356423587105,8.281172,5.407278,-0.23154591
1356423587145,8.430995,4.399372,-0.61291564
1356423587185,8.117727,6.932757,-0.19068487
1356423587225,7.668256,6.0882955,0.23154591
1356423587265,7.7772183,6.701211,-0.0
1356423587305,8.19945,6.5513873,-0.19068487
1356423587345,8.308413,6.469665,-0.10896278
1356423587385,8.158588,6.0882955,-0.10896278
1356423587425,7.5865335,5.829509,-0.10896278
1356423587465,7.4639506,6.701211,0.040861044
1356423587505,7.504812,6.8237944,-0.23154591
1356423587545,8.240311,6.469665,-0.88532263
1356423587585,8.240311,6.8237944,-1.1849703
1356423587625,8.308413,7.504812,-1.8387469
1356423587665,8.19945,8.812365,0.8036005
1356423587705,10.732834,5.8567495,1.1168685
1356423587745,10.419566,7.3141265,0.53119355
1356423587785,10.079058,6.742072,-0.8036005
1356423587827,8.812365,5.7886477,-1.1849703
1356423587865,7.246025,6.932757,-2.4516625
1356423587905,6.1291566,6.8237944,-2.0294318
1356423587945,6.4015636,5.597963,-1.6889231
1356423587985,6.6331096,4.630918,-1.9885708
1356423588025,6.2789803,4.0180025,-2.6014864
1356423588065,6.0882955,5.134871,-3.173541
1356423588105,6.1291566,5.175732,-3.486809
1356423588145,6.851035,5.053149,-4.440233
1356423588185,8.117727,8.689782,-5.8567495
1356423588225,6.6331096,6.932757,-5.284695
1356423588265,8.049625,6.1700177,-4.0180025
1356423588305,13.252599,6.4015636,-2.8738933
1356423588345,8.19945,5.012288,-0.14982383
1356423588385,4.5628166,4.630918,2.070293
1356423588425,8.19945,8.894087,0.84446156
1356423588465,8.62168,4.0588636,0.040861044
1356423588507,8.921328,5.053149,0.08172209
1356423588545,8.008764,6.973618,-0.08172209
1356423588585,7.164303,6.3607025,0.8036005
1356423588625,7.4639506,6.0474343,1.2666923
1356423588665,8.308413,5.9793324,0.50395286
1356423588705,8.049625,5.7886477,0.9942854
1356423588745,7.668256,6.0474343,0.50395286
1356423588785,7.6273947,6.3607025,0.19068487
1356423588828,7.6954966,6.8237944,0.14982383
1356423588865,8.308413,7.246025,-0.19068487
1356423588905,8.049625,7.014479,-0.5720546
1356423588945,8.008764,7.1234417,-0.7627395
1356423588975,8.19945,8.430995,-0.3405087
1356423589015,8.730643,8.662541,0.27240697
1356423589055,10.460427,4.399372,1.2258313
1356423589095,8.921328,6.469665,1.1168685
1356423589135,9.847511,7.3141265,-0.0
1356423589175,9.00305,5.8567495,-0.7627395
1356423589215,8.240311,6.6331096,-2.4925237
1356423589255,6.66035,6.5513873,-1.9885708
1356423589295,6.782933,5.8976107,-1.7297841
1356423589335,6.66035,5.2165933,-2.3699405
1356423589375,6.891896,4.944186,-2.8330324
1356423589415,6.742072,4.1814466,-2.6423476
1356423589455,5.9793324,5.284695,-3.718355
1356423589495,5.7477865,5.7886477,-3.9771416
1356423589544,6.3607025,6.238119,-4.903325
1356423589575,6.0474343,8.62168,-5.202973
1356423589616,6.6331096,8.240311,-5.8976107
1356423589655,7.0553403,6.3198414,-5.012288
1356423589695,14.09706,7.7363577,-3.636633
1356423589735,8.349273,4.6036777,-2.2201166
1356423589776,4.5628166,3.568531,1.2666923
1356423589836,7.6273947,10.61025,0.5720546
1356423589867,8.853226,3.6774938,-0.19068487
1356423589905,8.853226,5.09401,-0.14982383
1356423589946,6.932757,6.932757,0.84446156
1356423589985,7.504812,5.175732,1.2666923
1356423590025,8.349273,6.238119,-1.0760075
1356423590066,8.117727,6.851035,-1.0760075
1356423590105,7.5865335,6.851035,0.19068487
1356423590135,7.4639506,6.973618,0.040861044
1356423590175,7.668256,6.6331096,0.38136974
1356423590215,7.9679036,6.2108784,0.08172209
1356423590256,7.9270425,6.932757,0.38136974
1356423590295,7.8589406,7.205164,-0.040861044
1356423590337,8.308413,7.7363577,-1.1441092
1356423590375,8.049625,8.730643,-0.9942854
1356423590415,8.076866,9.888372,-0.14982383
1356423590455,10.119919,4.7535014,0.38136974
1356423590495,8.158588,6.2108784,0.92618364
1356423590535,9.956474,8.240311,0.3405087
1356423590575,9.384419,6.1700177,0.23154591
1356423590616,8.076866,6.510526,-2.1111538
1356423590655,6.932757,6.238119,-2.7921712
1356423590697,5.7886477,5.434519,-2.4925237
1356423590745,6.0201936,4.7535014,-2.3699405
1356423590785,6.5513873,4.399372,-2.6014864
1356423590831,5.938472,4.099725,-3.445948
1356423590865,6.0201936,5.6252036,-4.3312707
1356423590905,6.2108784,5.434519,-5.407278
1356423590945,6.742072,8.662541,-5.5162406
1356423590975,6.4015636,8.158588,-6.2789803
1356423591015,8.962189,5.8976107,-5.407278
1356423591055,11.836082,6.6331096,-4.1814466
1356423591095,5.243834,4.2495484,0.08172209
1356423591135,6.851035,6.5922484,0.92618364
1356423591175,8.730643,7.246025,-0.9125633
1356423591215,7.9270425,4.671779,-0.19068487
1356423591255,8.308413,7.1234417,-0.23154591
1356423591295,7.504812,5.829509,-0.5720546
1356423591335,7.3141265,6.1700177,-0.5720546
1356423591375,7.246025,6.66035,-0.46309182
1356423591415,7.6954966,6.742072,-0.42223078
1356423591455,7.668256,6.5513873,-0.53119355
1356423591495,7.8589406,6.8237944,-0.19068487
1356423591535,7.4639506,6.782933,-0.08172209
1356423591575,7.8861814,7.3958488,0.46309182
1356423591615,8.240311,7.7772183,-0.5720546
1356423591655,8.580819,7.5456724,-1.1849703
1356423591695,8.390134,8.730643,-0.7218784
1356423591735,7.8180795,9.656827,-0.27240697
1356423591775,9.724928,5.2165933,0.6537767
1356423591831,8.689782,5.7886477,1.0760075
1356423591865,9.724928,8.117727,0.19068487
1356423591905,8.662541,6.782933,-1.2258313
1356423591945,7.6273947,7.164303,-2.7921712
1356423591985,7.3958488,5.597963,-1.4573772
1356423592025,6.469665,5.597963,-1.3756552
1356423592065,6.3607025,4.2904096,-2.4516625
1356423592105,5.7886477,4.372132,-3.1054392
1356423592145,5.407278,4.8216033,-3.5276701
1356423592185,6.510526,4.7126403,-3.718355
1356423592225,7.6954966,6.469665,-4.903325
1356423592265,8.008764,8.308413,-6.2789803
1356423592305,5.8976107,7.205164,-5.8158884
1356423592345,7.8180795,6.2789803,-4.671779
1356423592385,11.073342,6.1291566,-3.1054392
1356423592425,8.580819,4.2086873,-1.4982382
1356423592465,5.7477865,5.9793324,1.4573772
1356423592505,8.049625,9.234595,1.1849703
1356423592546,8.539958,4.140586,-0.38136974
1356423592585,7.9270425,5.6660647,0.14982383
1356423592626,7.164303,6.742072,0.6537767
1356423592665,7.668256,6.510526,-0.0
1356423592705,7.7772183,6.510526,-0.3405087
1356423592745,7.6273947,7.6273947,-0.53119355
1356423592785,7.164303,6.8237944,0.313268
1356423592834,7.8589406,7.205164,0.27240697
1356423592865,7.6273947,7.6273947,-0.50395286
1356423592905,8.19945,6.3607025,0.50395286
1356423592945,7.014479,7.9270425,-0.08172209
1356423592985,7.6954966,8.158588,-1.3075534
1356423593025,8.499097,7.6954966,-1.4165162
1356423593065,8.730643,8.662541,-0.6946377
1356423593105,8.62168,6.66035,1.4573772
1356423593146,9.00305,8.471856,0.88532263
1356423593185,10.337844,7.3549876,-0.08172209
1356423593226,9.00305,5.325556,-1.0351465
1356423593265,7.7772183,7.014479,-2.4516625
1356423593305,6.469665,5.8976107,-1.879608
1356423593346,6.6331096,4.903325,-1.4165162
1356423593385,6.3607025,3.8681788,-1.6480621
1356423593426,6.0474343,4.0180025,-2.6014864
1356423593465,6.1700177,5.012288,-3.8681788
1356423593507,6.66035,5.47538,-4.2086873
1356423593545,8.19945,6.238119,-6.3198414
1356423593585,6.701211,7.9270425,-5.938472
1356423593625,5.012288,7.4639506,-5.8976107
1356423593665,4.944186,6.3198414,-5.9793324
1356423593705,12.830367,6.5922484,-3.486809
1356423593745,11.536434,5.7477865,-1.4165162
1356423593785,4.140586,2.4925237,0.46309182
1356423593834,6.973618,10.56939,0.50395286
1356423593865,8.158588,7.205164,-0.23154591
1356423593905,8.921328,3.718355,-0.84446156
1356423593945,6.973618,7.6273947,0.040861044
1356423593985,6.4015636,6.66035,0.6946377
1356423594025,7.3958488,5.829509,-0.14982383
1356423594065,7.668256,6.2789803,0.10896278
1356423594105,7.6273947,7.164303,-0.040861044
1356423594145,8.240311,7.7363577,-0.61291564
1356423594185,8.471856,6.8237944,-0.38136974
1356423594225,6.782933,9.302697,-0.3405087
1356423594265,8.117727,8.471856,-1.6889231
1356423594305,8.689782,8.471856,-1.1441092
1356423594345,8.539958,8.962189,-0.08172209
1356423594385,9.656827,5.5162406,1.7297841
1356423594425,9.275456,7.6954966,1.6889231
1356423594465,10.119919,7.1234417,0.23154591
1356423594505,8.771504,5.597963,-0.7218784
1356423594545,7.6273947,7.3141265,-2.6014864
1356423594585,5.938472,6.742072,-1.9477097
1356423594625,5.9793324,4.8216033,-1.920469
1356423594665,6.0882955,3.173541,-1.9885708
1356423594705,5.7886477,3.7864566,-3.214402
1356423594745,5.434519,4.399372,-3.405087
1356423594785,5.938472,5.47538,-4.7535014
1356423594836,8.240311,7.8589406,-6.4015636
1356423594865,6.6331096,8.580819,-6.238119
1356423594905,7.273266,6.0201936,-6.0201936
1356423594946,11.795221,8.117727,-4.5628166
1356423594985,8.308413,5.706926,-1.1441092
1356423595025,5.09401,3.636633,0.53119355
1356423595065,7.3141265,10.269742,-0.42223078
1356423595107,7.9270425,5.434519,0.10896278
1356423595145,8.430995,5.407278,-0.19068487
1356423595187,7.3141265,7.3141265,0.53119355
1356423595225,7.43671,5.829509,0.42223078
1356423595266,7.504812,6.238119,0.08172209
1356423595305,7.8589406,6.782933,-0.19068487
1356423595345,7.6273947,7.246025,-0.29964766
1356423595385,7.9679036,6.4424243,-0.38136974
1356423595425,7.3549876,8.008764,-0.23154591
1356423595465,7.7363577,8.240311,-1.1441092
1356423595505,8.158588,7.668256,-0.6946377
1356423595545,8.62168,8.240311,-0.38136974
1356423595586,8.308413,8.539958,0.23154591
1356423595625,9.343558,5.434519,1.2666923
1356423595666,9.847511,7.6273947,1.2258313
1356423595705,9.997335,6.891896,-0.08172209
1356423595745,7.9679036,6.8237944,-1.9885708
1356423595785,7.6954966,7.43671,-2.4925237
1356423595836,6.1291566,5.6252036,-1.8387469
1356423595865,6.4015636,5.012288,-1.7570249
1356423595905,5.938472,3.486809,-1.3075534
1356423595945,4.903325,3.3778462,-2.1111538
1356423595985,4.903325,4.1814466,-3.2961242
1356423596025,6.8237944,6.2108784,-4.862464
1356423596065,9.275456,9.343558,-7.8861814
1356423596105,7.1234417,7.9270425,-6.8237944
1356423596145,7.7363577,5.407278,-5.434519
1356423596185,13.633968,7.4639506,-2.6832085
1356423596225,5.175732,4.7126403,2.9147544
1356423596265,6.851035,7.3958488,1.4573772
1356423596305,8.049625,8.390134,-0.84446156
1356423596345,7.4639506,3.445948,1.1441092
1356423596385,7.273266,7.082581,0.3405087
1356423596425,7.3958488,6.238119,-0.10896278
1356423596465,6.2108784,6.4015636,0.42223078
1356423596505,7.3958488,6.742072,0.27240697
1356423596545,8.076866,6.782933,-0.19068487
1356423596585,7.8589406,8.049625,-0.23154591
1356423596625,8.580819,6.851035,-0.10896278
1356423596665,8.19945,7.3958488,-0.61291564
1356423596705,8.049625,7.504812,-0.5720546
1356423596745,8.499097,8.730643,-0.9942854
1356423596785,7.5865335,11.073342,-0.7627395
1356423596838,8.430995,6.3607025,1.1441092
1356423596865,9.80665,6.238119,1.4982382
1356423596907,10.56939,7.504812,0.23154591
1356423596945,7.7363577,7.0553403,-0.9125633
1356423596985,7.8861814,7.8861814,-2.5333846
1356423597025,7.082581,5.938472,-1.9477097
1356423597065,5.8567495,5.325556,-1.4982382
1356423597106,5.434519,3.7864566,-1.879608
1356423597145,5.597963,3.568531,-2.7513103
1356423597185,5.175732,4.2495484,-3.636633
1356423597225,5.325556,4.862464,-4.1814466
1356423597265,7.0553403,5.9793324,-6.742072
1356423597305,7.8589406,9.343558,-7.246025
1356423597345,6.469665,6.5513873,-5.7477865
1356423597385,14.246883,6.3607025,-3.1054392
1356423597425,8.390134,4.8216033,-0.5720546
1356423597465,3.5957718,6.66035,3.0645783
1356423597505,8.499097,9.534244,-2.1111538
1356423597545,7.5456724,3.486809,0.5720546
1356423597585,6.5513873,6.973618,0.38136974
1356423597625,7.164303,6.891896,0.10896278
1356423597665,7.3958488,6.0474343,-0.27240697
1356423597705,7.668256,6.0882955,0.27240697
1356423597745,8.117727,6.4424243,0.5720546
1356423597785,8.117727,6.3198414,-0.53119355
1356423597834,7.504812,7.43671,0.10896278
1356423597865,7.3549876,8.730643,-0.6946377
1356423597905,6.932757,9.234595,-1.0351465
1356423597945,7.8589406,9.507003,-0.27240697
1356423597985,8.662541,9.724928,0.313268
1356423598026,10.337844,4.2495484,1.3075534
1356423598065,9.302697,6.701211,0.95342433
1356423598107,9.915613,8.19945,0.8036005
1356423598145,8.580819,6.742072,-1.334794
1356423598187,7.7363577,7.273266,-3.336985
1356423598225,6.5513873,5.829509,-1.4165162
1356423598266,5.9793324,5.407278,-1.6480621
1356423598305,5.597963,3.445948,-2.2609777
1356423598346,5.366417,3.2961242,-2.6014864
1356423598385,4.9850473,4.5219555,-3.759216
1356423598425,5.47538,4.944186,-4.7126403
1356423598465,6.742072,6.8237944,-6.510526
1356423598495,7.6954966,8.308413,-6.932757
1356423598537,5.938472,6.973618,-6.469665
1356423598575,11.917805,6.2108784,-4.630918
1356423598614,11.372991,6.973618,-1.1441092
1356423598655,4.4810944,6.1291566,2.7240696
1356423598695,8.894087,8.390134,-0.08172209
1356423598735,7.8589406,4.862464,-0.08172209
1356423598775,6.1700177,6.4424243,0.14982383
1356423598834,6.4015636,8.19945,0.5720546
1356423598855,7.6954966,5.7886477,-0.50395286
1356423598895,7.504812,6.238119,0.27240697
1356423598935,7.5865335,6.66035,0.7218784
1356423598975,7.43671,7.1234417,-0.10896278
1356423599015,8.19945,6.6331096,-0.38136974
1356423599055,6.6331096,8.62168,-0.53119355
1356423599095,7.7772183,7.9679036,-0.84446156
1356423599135,8.499097,7.164303,-0.5720546
1356423599175,8.499097,8.430995,-0.6946377
1356423599216,8.19945,8.689782,0.38136974
1356423599255,10.119919,6.6331096,1.6889231
1356423599296,11.141444,8.730643,0.61291564
1356423599335,8.390134,8.049625,-1.7297841
1356423599377,7.273266,8.390134,-2.4108016
1356423599415,6.3607025,5.434519,-2.3018389
1356423599457,5.434519,6.0882955,-2.1383946
1356423599495,5.325556,3.9499009,-0.9942854
1356423599536,5.6660647,3.3778462,-2.3699405
1356423599575,5.2165933,4.440233,-2.982856
1356423599615,5.7477865,5.284695,-4.1814466
1356423599655,6.1291566,6.0201936,-6.4015636
1356423599695,5.7886477,10.337844,-7.6546354
1356423599735,8.471856,8.430995,-5.7477865
1356423599775,13.525005,7.9679036,-3.5957718
1356423599837,6.2789803,0.6537767,-1.1168685
1356423599842,3.336985,6.4015636,2.4925237
1356423599875,7.6954966,12.571581,0.42223078
1356423599915,8.308413,3.8273177,-0.88532263
1356423599955,8.349273,4.0180025,0.42223078
1356423599985,6.782933,8.580819,0.14982383
1356423600035,6.5513873,6.6331096,0.53119355
1356423600075,7.6954966,6.4424243,-0.3405087
1356423600115,7.504812,6.742072,0.23154591
1356423600155,7.7363577,6.3607025,0.19068487
1356423600195,7.6273947,6.5922484,0.23154591
1356423600235,7.3958488,8.19945,0.040861044
1356423600275,7.5456724,8.499097,-0.7627395
1356423600315,8.049625,8.580819,-0.6537767
1356423600355,8.962189,9.847511,-0.08172209
1356423600395,9.302697,6.932757,1.1441092
1356423600436,9.888372,5.6660647,1.2666923
1356423600475,9.888372,7.9679036,1.1168685
1356423600517,9.302697,6.782933,0.3405087
1356423600555,7.205164,8.049625,-2.4108016
1356423600596,6.4424243,7.246025,-2.3426998
1356423600635,5.829509,5.706926,-1.3075534
1356423600677,6.0201936,5.2165933,-1.56634
1356423600715,5.6660647,3.5276701,-1.920469
1356423600755,5.134871,4.0180025,-2.9556155
1356423600795,5.284695,4.9850473,-3.405087
1356423600835,6.0201936,5.053149,-5.47538
1356423600875,7.4639506,9.466142,-6.469665
1356423600915,5.6660647,8.580819,-5.9793324
1356423600955,10.760075,7.164303,-4.440233
1356423600995,12.367276,6.0882955,-2.7240696
1356423601035,5.407278,4.903325,2.4516625
1356423601075,6.742072,8.539958,1.1441092
1356423601115,8.349273,7.164303,-0.040861044
1356423601155,7.9270425,3.445948,-0.08172209
1356423601195,7.3958488,7.9679036,0.46309182
1356423601235,7.164303,6.3607025,0.19068487
1356423601275,7.43671,6.8237944,-0.38136974
1356423601315,6.5922484,6.851035,-0.3405087
1356423601355,5.9793324,6.5922484,0.3405087
1356423601395,8.049625,6.742072,0.27240697
1356423601435,8.281172,6.701211,-0.84446156
1356423601475,7.5456724,8.390134,-0.3405087
1356423601516,9.152874,6.742072,-1.1168685
1356423601556,9.302697,6.6331096,-2.3699405
1356423601595,7.4639506,8.240311,-1.4982382
1356423601636,5.597963,10.147159,2.0294318
1356423601675,11.372991,9.275456,2.4925237
1356423601715,12.299174,7.43671,-0.08172209
1356423601755,8.430995,7.43671,-1.0351465
1356423601796,7.164303,6.742072,-0.38136974
1356423601840,6.4015636,7.0553403,-1.1168685
1356423601876,7.0553403,6.5513873,-0.5720546
1356423601915,6.742072,4.440233,-1.879608
1356423601957,6.3607025,4.7943625,-2.8738933
1356423601995,5.47538,5.09401,-3.6774938
1356423602035,5.434519,5.5162406,-4.2495484
1356423602075,5.434519,4.671779,-4.9850473
1356423602117,5.2165933,6.2108784,-5.09401
1356423602155,5.2165933,7.668256,-5.938472
1356423602195,4.7126403,5.8976107,-4.8216033
1356423602235,15.241169,8.689782,-4.1814466
1356423602275,9.765789,7.1234417,-1.56634
1356423602316,3.173541,2.7240696,2.2201166
1356423602355,8.049625,12.598822,-0.7627395
1356423602395,7.6954966,4.2086873,0.19068487
1356423602435,7.014479,5.6252036,0.84446156
1356423602477,7.504812,7.9270425,0.040861044
1356423602515,7.5865335,6.3198414,0.313268
1356423602555,7.6954966,6.742072,-0.0
1356423602595,7.5456724,7.0553403,0.6537767
1356423602635,8.008764,6.851035,0.040861044
1356423602675,7.5456724,7.014479,0.14982383
1356423602715,7.273266,6.973618,0.19068487
1356423602755,7.6273947,7.5865335,-0.50395286
1356423602795,7.246025,7.8589406,-0.61291564
1356423602835,7.7363577,8.19945,-0.8036005
1356423602876,8.049625,9.343558,-0.9942854
1356423602915,9.112013,7.8589406,-0.10896278
1356423602955,9.343558,4.9850473,0.7218784
1356423602995,9.112013,7.6954966,0.9942854
1356423603036,10.119919,7.6273947,0.53119355
1356423603075,8.580819,7.0553403,-2.0294318
1356423603117,7.3958488,7.8861814,-2.8738933
1356423603155,6.1700177,5.8976107,-1.8387469
1356423603195,5.053149,6.1291566,-2.4516625
1356423603235,5.325556,3.9499009,-3.3642259
1356423603275,5.366417,4.0588636,-2.7240696
1356423603316,5.597963,4.9850473,-3.445948
1356423603355,5.5162406,5.706926,-4.2086873
1356423603395,6.701211,4.903325,-4.630918
1356423603435,6.0201936,8.076866,-5.6252036
1356423603475,5.284695,8.539958,-6.932757
1356423603515,5.706926,7.3141265,-5.5571017
1356423603555,13.021052,8.662541,-4.0180025
1356423603595,8.471856,5.053149,-0.27240697
1356423603635,5.5162406,4.2495484,1.3756552
1356423603675,7.5865335,11.536434,-0.0
1356423603715,7.8589406,4.140586,0.313268
1356423603755,7.014479,6.8237944,-0.23154591
1356423603795,6.8237944,7.205164,1.1441092
1356423603836,7.7772183,5.938472,-0.14982383
1356423603875,7.8589406,7.0553403,-0.61291564
1356423603915,6.8237944,7.082581,-0.42223078
1356423603955,6.851035,7.5865335,0.19068487
1356423603985,7.273266,5.8976107,-0.19068487
1356423604015,6.932757,6.6331096,0.61291564
1356423604055,7.9679036,7.3958488,0.5720546
1356423604095,7.9270425,7.668256,-1.0760075
1356423604135,7.7363577,8.049625,-0.8036005
1356423604175,7.668256,8.158588,-1.1168685
1356423604215,7.205164,10.310603,-1.0760075
1356423604255,9.697687,7.9270425,0.61291564
1356423604295,9.915613,5.7477865,1.7570249
1356423604335,9.384419,7.5456724,1.334794
1356423604375,9.384419,7.273266,0.9942854
1356423604415,7.43671,7.6273947,-1.1849703
1356423604455,7.246025,7.6273947,-2.3018389
1356423604495,6.0474343,5.5162406,-1.1849703
1356423604544,5.7886477,5.243834,-1.879608
1356423604575,5.8567495,4.5219555,-3.1463003
1356423604616,6.0201936,4.862464,-3.636633
1356423604655,5.134871,4.903325,-3.7864566
1356423604695,5.243834,5.407278,-4.372132
1356423604735,6.0474343,5.8567495,-5.325556
1356423604775,6.1291566,8.894087,-5.5162406
1356423604841,6.1700177,7.43671,-6.428804
1356423604855,7.43671,5.706926,-5.09401
1356423604896,12.680544,8.580819,-2.7240696
1356423604935,6.4424243,4.5219555,-0.9942854
1356423604975,6.0474343,8.308413,1.0351465
1356423605026,7.8589406,9.043911,-0.27240697
1356423605065,8.308413,3.9090397,-0.42223078
1356423605106,6.0201936,8.771504,0.84446156
1356423605145,7.082581,6.66035,0.313268
1356423605186,7.5456724,5.7477865,-0.53119355
1356423605225,6.851035,7.082581,0.50395286
1356423605265,7.205164,7.504812,-0.08172209
1356423605305,8.008764,6.8237944,0.040861044
1356423605345,7.3549876,7.3141265,0.19068487
1356423605385,7.273266,8.158588,-0.88532263
1356423605425,7.43671,7.8180795,-1.334794
1356423605465,8.662541,7.5456724,-1.3075534
1356423605506,8.349273,10.337844,-0.42223078
1356423605545,8.921328,7.6954966,0.8036005
1356423605587,9.997335,7.3549876,1.1849703
1356423605625,9.956474,9.112013,0.040861044
1356423605665,7.9679036,7.246025,-0.7218784
1356423605705,7.9679036,6.8237944,-2.070293
1356423605745,6.1700177,5.8567495,-2.1792557
1356423605786,5.243834,6.4015636,-1.56634
1356423605839,5.6660647,4.0588636,-2.1111538
1356423605877,5.6252036,4.440233,-3.7864566
1356423605915,5.243834,5.134871,-3.759216
1356423605957,5.284695,5.407278,-4.7535014
1356423605995,5.434519,6.238119,-6.469665
1356423606035,5.47538,8.076866,-7.43671
1356423606075,5.706926,7.246025,-6.2789803
1356423606115,9.234595,6.1291566,-3.9090397
1356423606155,13.402422,8.430995,-2.8330324
1356423606195,4.630918,3.718355,0.38136974
1356423606235,6.4424243,9.997335,0.61291564
1356423606275,7.082581,5.8976107,-0.6946377
1356423606315,7.7772183,5.434519,0.38136974
1356423606355,7.1234417,7.43671,-0.42223078
1356423606395,6.6331096,6.0474343,0.3405087
1356423606435,6.932757,6.4424243,-0.14982383
1356423606475,7.5865335,6.742072,-0.08172209
1356423606515,7.43671,7.246025,-0.27240697
1356423606555,8.19945,7.3141265,-0.46309182
1356423606595,7.5865335,7.8589406,-0.10896278
1356423606635,7.5456724,8.580819,-1.1849703
1356423606675,8.158588,7.9679036,-1.1849703
1356423606715,8.349273,8.19945,-1.56634
1356423606755,7.082581,9.534244,-0.46309182
1356423606795,8.662541,6.932757,1.7570249
1356423606844,10.228881,9.00305,0.88532263
1356423606876,9.765789,7.9270425,-0.14982383
1356423606916,7.8861814,6.891896,-1.334794
1356423606955,7.668256,6.3607025,-2.070293
1356423606995,6.238119,5.434519,-1.3075534
1356423607035,6.3607025,5.7477865,-1.4165162
1356423607077,6.0474343,4.399372,-2.6014864
1356423607115,5.134871,4.7126403,-3.636633
1356423607157,4.4810944,4.944186,-3.7864566
1356423607195,5.175732,4.8216033,-4.2495484
1356423607235,6.5513873,6.469665,-5.7477865
1356423607275,6.238119,9.466142,-6.0474343
1356423607315,7.3141265,7.8589406,-6.8237944
1356423607355,13.211738,8.308413,-4.4810944
1356423607395,6.8237944,3.8681788,-1.0351465
1356423607435,5.407278,5.7886477,1.4982382
1356423607475,8.158588,8.812365,-0.61291564
1356423607515,7.8180795,4.7943625,-0.6537767
1356423607556,7.7363577,6.2108784,-0.42223078
1356423607595,6.3607025,6.5922484,0.3405087
1356423607636,7.0553403,6.1291566,-0.38136974
1356423607675,6.973618,7.014479,-0.6537767
1356423607715,7.3141265,6.782933,-0.6537767
1356423607755,7.246025,7.6954966,-0.42223078
1356423607795,7.6273947,6.469665,0.10896278
1356423607835,7.082581,8.049625,0.23154591
1356423607875,7.5456724,8.19945,-0.19068487
1356423607915,8.281172,7.8180795,-0.7218784
1356423607955,8.471856,7.5865335,-0.9125633
1356423607995,7.9679036,10.501288,-0.38136974
1356423608025,9.234595,7.082581,1.1441092
1356423608065,10.460427,6.3198414,1.4165162
1356423608105,10.038197,8.580819,0.8036005
1356423608145,8.894087,7.3141265,0.10896278
1356423608185,7.8861814,7.273266,-2.070293
1356423608225,6.510526,6.469665,-2.2609777
1356423608265,5.243834,5.6252036,-1.4165162
1356423608305,5.243834,4.630918,-1.4573772
1356423608345,5.325556,3.568531,-2.5606253
1356423608385,5.407278,4.440233,-3.8681788
1356423608425,5.053149,5.434519,-4.2495484
1356423608465,6.2108784,6.0882955,-6.469665
1356423608507,7.3141265,9.534244,-7.014479
1356423608545,5.6252036,6.851035,-5.407278
1356423608585,9.915613,6.6331096,-4.630918
1356423608625,11.182305,7.504812,-2.6014864
1356423608665,4.8216033,3.9090397,2.3699405
1356423608705,7.3958488,9.112013,0.27240697
1356423608745,7.7772183,6.973618,-0.27240697
1356423608785,7.5456724,4.903325,0.3405087
1356423608832,6.8237944,8.049625,0.19068487
1356423608865,6.5513873,6.3198414,0.50395286
1356423608905,7.0553403,6.1291566,0.23154591
1356423608945,7.3958488,6.66035,-0.0
1356423608985,7.273266,7.246025,-0.14982383
1356423609025,7.668256,7.5865335,-0.19068487
1356423609065,7.6954966,7.5865335,-0.0
1356423609105,7.082581,8.430995,0.10896278
1356423609145,7.8589406,7.8589406,-0.27240697
1356423609185,7.7772183,8.471856,0.040861044
1356423609225,8.158588,10.18802,-0.38136974
1356423609265,9.084772,6.4424243,0.53119355
1356423609305,8.921328,5.366417,1.8387469
1356423609345,9.956474,7.7772183,1.0760075
1356423609385,9.343558,7.9270425,-0.50395286
1356423609425,7.8589406,8.62168,-2.982856
1356423609465,6.701211,6.782933,-2.4516625
1356423609505,5.434519,5.7477865,-1.56634
1356423609545,5.434519,4.2086873,-1.607201
1356423609585,5.597963,3.5957718,-2.5606253
1356423609625,4.944186,4.2086873,-3.2961242
1356423609665,4.862464,4.903325,-3.5276701
1356423609705,6.1700177,6.0882955,-5.597963
1356423609745,7.668256,9.302697,-7.3549876
1356423609785,6.973618,7.8861814,-6.973618
1356423609828,13.6748295,8.689782,-4.3312707
1356423609865,8.471856,5.134871,-0.8036005
1356423609905,4.440233,3.255263,1.7978859
1356423609945,7.6954966,11.032481,-1.1441092
1356423609985,6.891896,4.903325,0.19068487
1356423610025,7.3958488,5.9793324,-0.61291564
1356423610065,7.014479,6.742072,0.14982383
1356423610105,7.014479,6.469665,0.38136974
1356423610145,7.6273947,6.851035,-0.38136974
1356423610185,7.246025,6.742072,0.19068487
1356423610225,7.246025,7.164303,0.50395286
1356423610265,8.049625,6.6331096,-0.14982383
1356423610305,7.9679036,7.164303,-0.3405087
1356423610345,6.891896,8.158588,-0.5720546
1356423610387,7.1234417,8.240311,-1.4165162
1356423610425,7.5456724,8.662541,-1.0760075
1356423610466,7.1234417,9.915613,0.27240697
1356423610505,10.841797,6.5513873,2.0294318
1356423610546,11.114203,7.7772183,1.4573772
1356423610585,9.888372,7.7363577,-0.14982383
1356423610626,8.049625,7.082581,-1.2666923
1356423610665,7.082581,6.6331096,-2.1792557
1356423610705,6.0201936,5.597963,-1.3075534
1356423610746,6.238119,5.243834,-1.1168685
1356423610785,6.3198414,4.140586,-2.4108016
1356423610839,5.8567495,4.671779,-3.636633
1356423610875,5.053149,4.671779,-3.7864566
1356423610915,5.243834,4.7943625,-4.8216033
1356423610955,6.5513873,8.049625,-6.932757
1356423610995,5.938472,9.534244,-6.851035
1356423611035,6.701211,5.7477865,-5.5571017
1356423611075,12.789507,7.082581,-4.140586
1356423611115,8.117727,6.851035,-1.3756552
1356423611155,4.9850473,4.1814466,0.95342433
1356423611195,8.158588,9.507003,0.08172209
1356423611235,8.19945,4.3312707,0.08172209
1356423611275,7.504812,6.3607025,-0.7627395
1356423611315,6.1291566,7.9679036,0.88532263
1356423611355,7.3141265,6.5513873,0.3405087
1356423611395,7.9270425,6.3198414,-0.08172209
1356423611435,7.273266,7.1234417,0.3405087
1356423611475,7.3141265,7.3141265,-0.29964766
1356423611515,7.3549876,6.742072,0.313268
1356423611555,7.082581,6.5922484,0.61291564
1356423611595,7.273266,7.9679036,0.14982383
1356423611635,8.499097,7.1234417,-1.0351465
1356423611675,8.308413,7.164303,-1.1168685
1356423611715,7.8589406,9.152874,-0.50395286
1356423611755,6.66035,10.378705,0.38136974
1356423611795,10.119919,6.8237944,1.4165162
1356423611835,9.997335,6.851035,1.1441092
1356423611875,9.275456,6.932757,0.3405087
1356423611915,7.668256,6.742072,-1.2258313
1356423611955,7.3141265,7.3549876,-2.8330324
1356423611995,6.3198414,6.5922484,-2.070293
1356423612025,6.2789803,5.8567495,-1.3075534
1356423612055,6.6331096,5.284695,-1.7978859
1356423612095,6.5513873,4.903325,-2.6423476
1356423612135,5.9793324,4.5219555,-3.1463003
1356423612175,5.706926,5.284695,-3.759216
1356423612215,6.2108784,5.5162406,-4.903325
1356423612255,5.7477865,6.851035,-6.2108784
1356423612295,5.325556,8.771504,-6.4015636
1356423612335,5.053149,6.6331096,-5.175732
1356423612375,10.528529,6.4424243,-4.1814466
1356423612415,13.824653,7.3549876,-3.5276701
1356423612455,3.759216,3.8681788,1.334794
1356423612495,6.469665,10.501288,0.95342433
1356423612535,8.308413,6.742072,-0.8036005
1356423612575,7.668256,3.568531,0.23154591
1356423612615,7.43671,8.281172,-0.10896278
1356423612655,6.851035,6.469665,0.313268
1356423612695,7.246025,6.6331096,-0.0
1356423612735,7.3549876,7.205164,-0.040861044
1356423612775,7.3141265,7.1234417,0.7218784
1356423612834,7.668256,7.205164,0.46309182
1356423612855,7.6954966,7.1234417,-0.14982383
1356423612895,7.3141265,7.082581,0.50395286
1356423612935,7.082581,7.43671,0.23154591
1356423612975,7.164303,6.973618,0.040861044
1356423613015,7.7363577,7.014479,-0.29964766
1356423613056,7.8589406,7.1234417,-1.1168685
1356423613095,7.0553403,9.534244,-1.1168685
1356423613135,7.43671,8.240311,0.27240697
1356423613175,9.615966,6.66035,1.334794
1356423613215,9.888372,7.9679036,0.42223078
1356423613255,9.575105,7.1234417,-0.0
1356423613295,8.008764,7.504812,-1.9885708
1356423613335,6.742072,8.158588,-2.6014864
1356423613375,5.7886477,6.510526,-1.56634
1356423613415,6.0201936,5.7477865,-2.070293
1356423613455,5.706926,5.5162406,-2.7240696
1356423613495,5.47538,5.407278,-3.0237172
1356423613536,4.9850473,5.5162406,-3.5957718
1356423613575,5.366417,5.829509,-3.9499009
1356423613616,6.1291566,5.134871,-4.099725
1356423613655,5.434519,7.6954966,-5.7886477
1356423613695,5.325556,10.310603,-5.6252036
1356423613735,6.238119,7.7363577,-4.7535014
1356423613775,12.598822,8.62168,-4.1814466
1356423613833,8.853226,5.284695,-2.1383946
1356423613855,4.9850473,4.8216033,1.7978859
1356423613895,8.308413,9.915613,-0.27240697
1356423613935,7.5865335,4.5219555,0.10896278
1356423613975,7.3958488,5.366417,0.7627395
1356423614015,7.164303,8.008764,0.53119355
1356423614055,7.246025,6.782933,0.5720546
1356423614095,7.164303,6.8237944,0.23154591
1356423614135,6.8237944,7.7772183,0.3405087
1356423614175,6.932757,7.205164,0.6946377
1356423614215,7.43671,7.504812,0.38136974
1356423614255,7.6954966,7.246025,0.61291564
1356423614295,7.273266,7.014479,0.42223078
1356423614335,6.5922484,8.499097,-0.29964766
1356423614375,7.5865335,7.4639506,-0.42223078
1356423614417,7.8861814,6.8237944,-0.95342433
1356423614455,6.6331096,9.534244,0.040861044
1356423614497,7.7363577,9.343558,0.46309182
1356423614535,8.812365,5.47538,1.0760075
1356423614575,8.308413,8.812365,0.7627395
1356423614615,9.80665,7.3141265,-0.08172209
1356423614655,9.193735,7.0553403,-0.84446156
1356423614696,7.6273947,8.962189,-2.4516625
1356423614735,6.4015636,7.082581,-1.7978859
1356423614777,6.0474343,6.3198414,-1.9885708
1356423614836,5.706926,4.9850473,-1.9477097
1356423614857,5.7886477,4.372132,-1.9477097
1356423614895,5.407278,4.2495484,-2.9556155
1356423614935,5.366417,6.0474343,-4.0180025
1356423614975,6.0201936,5.8976107,-5.134871
1356423615015,6.0882955,7.43671,-5.5162406
1356423615055,5.7886477,8.962189,-6.5922484
1356423615095,5.366417,6.742072,-5.09401
1356423615135,12.680544,6.701211,-4.0180025
1356423615175,9.234595,6.3607025,-3.255263
1356423615215,4.7126403,4.7535014,1.2666923
1356423615255,6.932757,9.888372,1.3075534
1356423615295,9.043911,5.053149,-0.27240697
1356423615335,8.240311,5.434519,-0.8036005
1356423615375,6.2789803,7.3958488,0.23154591
1356423615415,6.932757,7.164303,-0.88532263
1356423615455,7.3958488,7.205164,-1.3075534
1356423615495,7.1234417,6.510526,-0.46309182
1356423615535,6.932757,7.205164,-0.6537767
1356423615575,6.782933,7.504812,-0.6537767
1356423615615,7.1234417,7.43671,-0.19068487
1356423615655,7.4639506,7.1234417,-0.14982383
1356423615695,6.932757,7.8589406,0.040861044
1356423615735,7.668256,7.8589406,-0.29964766
1356423615775,8.076866,7.43671,-0.7627395
1356423615834,8.240311,8.390134,-1.1168685
1356423615857,7.3549876,10.732834,-0.08172209
1356423615895,9.724928,6.4015636,-0.040861044
1356423615936,8.117727,5.434519,0.8036005
1356423615975,8.008764,8.308413,0.14982383
1356423616015,8.499097,7.7363577,-0.23154591
1356423616056,7.9679036,7.7772183,-2.1792557
1356423616095,7.668256,7.6954966,-2.8330324
1356423616135,6.238119,6.851035,-2.070293
1356423616175,5.8976107,6.238119,-2.8738933
1356423616217,5.6252036,5.6660647,-3.0237172
1356423616255,5.7886477,4.862464,-3.255263
1356423616296,5.325556,4.862464,-3.636633
1356423616335,4.903325,5.597963,-4.1814466
1356423616375,6.0474343,5.597963,-4.8216033
1356423616415,5.8976107,6.932757,-5.243834
1356423616455,5.7886477,8.240311,-5.6660647
1356423616495,6.4424243,8.008764,-5.09401
1356423616536,12.067628,8.117727,-5.053149
1356423616575,7.7363577,4.862464,-3.445948
1356423616616,5.175732,4.630918,1.1168685
1356423616655,7.5456724,9.275456,-0.27240697
1356423616695,8.076866,5.407278,-0.46309182
1356423616735,8.19945,6.0882955,-1.1168685
1356423616775,7.5456724,7.205164,-0.19068487
1356423616815,6.891896,6.932757,-0.46309182
1356423616855,7.43671,6.469665,-0.88532263
1356423616895,7.3141265,6.8237944,-0.5720546
1356423616935,7.1234417,7.014479,-0.61291564
1356423616976,7.273266,7.205164,-0.42223078
1356423617015,7.014479,7.246025,-0.29964766
1356423617055,7.1234417,6.6331096,-0.0
1356423617095,7.504812,7.8861814,-0.040861044
1356423617135,7.3549876,8.19945,-0.38136974
1356423617175,8.117727,7.3141265,-0.27240697
1356423617215,8.076866,9.084772,-0.7627395
1356423617255,7.9679036,10.119919,-0.3405087
1356423617295,9.084772,7.0553403,-0.29964766
1356423617335,8.240311,5.5162406,0.5720546
1356423617376,8.349273,8.281172,0.50395286
1356423617415,8.662541,7.504812,-0.0
1356423617457,7.9270425,7.4639506,-1.920469
1356423617495,8.049625,6.891896,-2.2201166
1356423617537,6.469665,6.4015636,-1.4573772
1356423617575,6.4424243,6.3198414,-2.2609777
1356423617616,6.1700177,5.325556,-2.5333846
1356423617655,5.7477865,4.903325,-2.7921712
1356423617695,5.5162406,4.630918,-2.9556155
1356423617735,5.434519,5.134871,-3.6774938
