1356423512575,7.1234417,7.273266,-0.5720546
1356423512615,7.1234417,7.3958488,0.19068487
1356423512655,7.164303,7.0553403,-0.29964766
1356423512695,7.1234417,7.205164,-0.88532263
1356423512735,7.1234417,7.246025,-0.19068487
1356423512776,7.082581,7.205164,-0.50395286
1356423512815,7.082581,7.205164,-0.46309182
1356423512855,7.082581,7.205164,-0.5720546
1356423512896,7.0553403,7.43671,0.040861044
1356423512935,6.973618,7.5865335,-0.0
1356423512975,6.8237944,7.6954966,-0.10896278
1356423513016,6.851035,7.5865335,-0.27240697
1356423513055,6.891896,7.668256,-0.5720546
1356423513095,6.8237944,7.8180795,-0.50395286
1356423513136,6.66035,7.9679036,-0.8036005
1356423513175,6.782933,7.3958488,-0.61291564
1356423513216,6.8237944,7.504812,-1.525479
1356423513255,6.742072,7.4639506,-1.7570249
1356423513295,6.8237944,7.3141265,-1.7297841
1356423513335,6.8237944,7.3549876,-1.607201
1356423513375,7.205164,7.668256,-2.1111538
1356423513415,6.932757,8.19945,-3.173541
1356423513455,6.510526,7.6273947,-3.336985
1356423513517,7.0553403,7.082581,-3.5276701
1356423513545,6.66035,7.014479,-3.5276701
1356423513584,6.2108784,6.973618,-3.718355
1356423513615,6.3607025,6.4424243,-4.140586
1356423513656,6.0474343,6.4015636,-4.140586
1356423513695,5.6660647,6.5513873,-4.0180025
1356423513735,5.7477865,6.4015636,-4.440233
1356423513775,5.7477865,6.238119,-4.440233
1356423513815,5.597963,6.1700177,-4.399372
1356423513855,5.47538,6.0882955,-4.7535014
1356423513895,5.706926,6.701211,-5.134871
1356423513935,6.4015636,7.164303,-5.09401
1356423513975,5.597963,7.4639506,-5.284695
1356423514015,6.8237944,6.742072,-4.5900574
1356423514055,9.656827,7.3958488,-3.0645783
1356423514095,8.471856,7.8861814,-3.718355
1356423514135,6.891896,5.012288,-1.0760075
1356423514175,6.701211,7.3549876,-0.61291564
1356423514215,5.829509,9.234595,-0.95342433
1356423514255,7.1234417,6.932757,-1.7570249
1356423514295,6.5922484,7.668256,-1.4165162
1356423514335,5.6252036,8.008764,-1.1441092
1356423514375,6.1291566,7.8180795,-1.0760075
1356423514415,6.701211,7.504812,-1.0351465
1356423514455,6.510526,7.4639506,-1.2258313
1356423514511,5.706926,8.049625,-0.9125633
1356423514545,5.9793324,8.158588,-0.84446156
1356423514585,6.66035,7.9679036,-1.1441092
1356423514615,6.2789803,8.471856,-0.88532263
1356423514655,6.2108784,8.430995,-0.08172209
1356423514685,7.1234417,8.308413,-0.6537767
1356423514725,6.469665,9.615966,-1.920469
1356423514765,6.1700177,10.528529,-2.7240696
1356423514805,5.6252036,11.495573,-1.4165162
1356423514845,7.9679036,7.5456724,0.6537767
1356423514885,9.765789,6.891896,-0.53119355
1356423514925,7.3549876,10.419566,-1.9477097
1356423514965,5.7477865,8.662541,-2.2201166
1356423515005,6.5513873,7.5865335,-3.5957718
1356423515045,5.366417,5.8976107,-2.8330324
1356423515085,5.47538,4.903325,-2.7513103
1356423515125,5.7886477,4.0588636,-3.1463003
1356423515165,4.630918,5.175732,-4.0180025
1356423515205,4.0180025,5.175732,-4.7126403
1356423515245,5.053149,6.2789803,-5.5571017
1356423515285,6.891896,9.997335,-7.246025
1356423515325,6.6331096,8.499097,-5.938472
1356423515365,10.651112,8.62168,-3.9090397
1356423515405,4.372132,4.7535014,-0.8036005
1356423515445,3.8681788,9.888372,-0.23154591
1356423515510,7.4639506,9.343558,-1.2666923
1356423515525,7.3549876,4.944186,-0.50395286
1356423515566,5.6252036,9.956474,0.313268
1356423515605,5.134871,8.049625,-0.6537767
1356423515645,6.5922484,7.668256,-0.61291564
1356423515685,6.238119,8.240311,-1.0760075
1356423515725,5.7477865,7.8589406,-0.5720546
1356423515765,6.2108784,8.19945,-1.0351465
1356423515805,5.938472,7.7772183,-1.2258313
1356423515845,5.9793324,8.471856,-0.84446156
1356423515885,6.2789803,9.152874,-1.879608
1356423515925,5.325556,11.985906,-1.3756552
1356423515965,6.1291566,11.917805,0.46309182
1356423516005,10.882658,5.8976107,1.2666923
1356423516045,8.662541,9.534244,0.46309182
1356423516085,7.8861814,9.507003,-0.08172209
1356423516125,5.829509,8.921328,-2.2201166
1356423516165,5.597963,7.164303,-3.5957718
1356423516205,4.903325,6.2108784,-1.879608
1356423516245,4.903325,5.284695,-1.334794
1356423516285,5.829509,4.7126403,-3.214402
1356423516325,4.9850473,5.5571017,-4.5628166
1356423516365,3.990762,6.4015636,-4.944186
1356423516405,5.407278,6.782933,-6.2108784
1356423516445,5.243834,8.771504,-6.851035
1356423516507,5.325556,6.701211,-6.469665
1356423516543,7.082581,8.158588,-5.012288
1356423516565,8.812365,10.337844,-1.3756552
1356423516606,3.214402,4.6036777,-0.38136974
1356423516645,5.47538,12.9529505,0.38136974
1356423516686,7.3958488,4.7126403,-0.7627395
1356423516725,6.0882955,8.19945,0.5720546
1356423516765,4.6036777,9.697687,0.14982383
1356423516806,6.1700177,8.049625,0.08172209
1356423516845,6.0474343,8.962189,-0.3405087
1356423516894,5.6252036,7.9679036,0.08172209
1356423516934,6.4015636,8.076866,-0.5720546
1356423516976,4.671779,9.043911,-1.1441092
1356423517015,3.9499009,9.656827,-1.7570249
1356423517055,4.5219555,10.18802,-1.7570249
1356423517095,6.0882955,11.114203,-0.9125633
1356423517135,8.240311,8.894087,1.0760075
1356423517175,10.528529,8.812365,1.4573772
1356423517215,8.662541,11.372991,-0.6537767
1356423517257,7.504812,9.302697,-1.3756552
1356423517295,5.8976107,7.6954966,-2.8330324
1356423517336,4.862464,6.238119,-1.3075534
1356423517375,4.1814466,6.0882955,-1.0760075
1356423517417,4.2495484,4.8216033,-1.7978859
1356423517455,4.903325,4.4810944,-3.636633
1356423517510,3.759216,6.510526,-4.2495484
1356423517535,3.990762,6.701211,-5.6660647
1356423517575,5.243834,9.193735,-7.205164
1356423517615,4.862464,9.275456,-6.1291566
1356423517655,6.3607025,7.504812,-4.4810944
1356423517695,10.691973,10.079058,-2.5606253
1356423517735,4.5219555,6.782933,0.50395286
1356423517775,2.9147544,10.119919,1.5390993
1356423517815,6.4015636,8.662541,-1.3756552
1356423517855,6.238119,5.434519,-0.08172209
1356423517895,4.8216033,9.234595,0.3405087
1356423517935,5.134871,8.117727,-0.19068487
1356423517975,5.325556,8.240311,-0.0
1356423518015,5.7477865,8.62168,0.08172209
1356423518055,6.1700177,8.349273,-0.7627395
1356423518095,5.597963,9.084772,-0.88532263
1356423518135,4.5628166,10.760075,-1.879608
1356423518176,4.9850473,10.528529,-1.56634
1356423518215,6.3198414,11.264028,-0.9125633
1356423518257,7.3141265,8.539958,0.42223078
1356423518295,8.117727,9.765789,1.4573772
1356423518337,8.471856,11.645397,0.7218784
1356423518375,7.504812,9.466142,-0.53119355
1356423518416,5.8976107,9.575105,-2.9556155
1356423518455,5.053149,6.8237944,-1.7297841
1356423518526,3.990762,6.0201936,-0.95342433
1356423518537,4.0180025,4.862464,-0.53119355
1356423518575,4.862464,4.0180025,-1.9885708
1356423518615,3.9090397,6.0882955,-3.636633
1356423518655,4.399372,6.851035,-5.243834
1356423518695,5.7886477,9.234595,-6.6331096
1356423518735,5.134871,9.847511,-6.238119
1356423518775,6.5922484,9.234595,-4.7943625
1356423518815,8.008764,8.117727,-2.6423476
1356423518855,3.3778462,7.205164,-0.42223078
1356423518895,3.255263,10.18802,1.5390993
1356423518935,5.47538,8.471856,-1.4165162
1356423518975,6.6331096,6.510526,-0.7218784
1356423519015,4.5628166,9.00305,0.313268
1356423519055,4.399372,8.539958,0.23154591
1356423519095,5.6660647,8.049625,-0.040861044
1356423519135,5.6660647,8.689782,0.5720546
1356423519175,5.9793324,8.158588,-0.10896278
1356423519215,5.175732,9.384419,-0.5720546
1356423519255,4.0588636,10.119919,-1.879608
1356423519297,4.099725,10.651112,-1.4982382
1356423519335,5.9793324,11.563675,-1.2666923
1356423519375,6.0474343,10.800936,-0.6537767
1356423519415,7.504812,9.084772,1.7570249
1356423519456,8.662541,11.686258,0.92618364
1356423519515,7.7772183,9.697687,0.27240697
1356423519546,6.742072,8.730643,-1.9477097
1356423519585,4.5628166,7.082581,-1.6480621
1356423519624,4.1814466,5.938472,-1.0760075
1356423519666,4.440233,5.47538,-0.95342433
1356423519706,4.7943625,5.706926,-2.6832085
1356423519745,3.9499009,5.7886477,-3.405087
1356423519785,4.399372,6.66035,-4.630918
1356423519825,5.6252036,7.014479,-4.9850473
1356423519865,3.568531,10.419566,-7.5865335
1356423519905,2.2201166,8.853226,-6.4015636
1356423519945,10.419566,9.956474,-1.9477097
1356423519985,10.460427,10.310603,-0.9125633
1356423520025,1.0351465,4.8216033,2.3699405
1356423520065,3.5957718,13.633968,0.19068487
1356423520105,7.164303,5.706926,-0.9125633
1356423520145,4.5219555,6.851035,-0.0
1356423520185,4.2086873,10.991621,0.84446156
1356423520225,5.325556,7.7772183,-0.53119355
1356423520265,6.0474343,8.430995,0.38136974
1356423520305,6.2108784,8.281172,0.08172209
1356423520345,4.944186,9.466142,-0.46309182
1356423520385,4.440233,9.615966,-0.5720546
1356423520425,4.7535014,9.384419,-0.8036005
1356423520465,5.47538,9.193735,-1.7570249
1356423520514,5.407278,9.384419,-1.56634
1356423520546,5.134871,10.038197,-1.3756552
1356423520585,5.829509,10.310603,0.95342433
1356423520626,9.234595,11.495573,0.42223078
1356423520665,8.008764,10.760075,-1.4982382
1356423520707,5.5162406,9.847511,-1.7570249
1356423520745,5.8567495,8.281172,-2.4516625
1356423520787,4.399372,7.014479,-1.607201
1356423520825,4.099725,5.8976107,-0.7627395
1356423520866,4.372132,4.0588636,-1.9477097
1356423520905,4.3312707,4.2086873,-2.8330324
1356423520945,3.5276701,5.597963,-3.5276701
1356423520985,4.0180025,8.117727,-5.407278
1356423521025,4.903325,11.917805,-9.656827
1356423521065,5.597963,9.575105,-6.5513873
1356423521105,9.193735,10.269742,-3.5276701
1356423521145,8.158588,7.164303,-1.2258313
1356423521185,2.3426998,5.8976107,3.0645783
1356423521225,3.8273177,12.830367,0.5720546
1356423521265,6.0201936,5.8976107,-0.9942854
1356423521305,6.1700177,7.246025,-0.7627395
1356423521345,3.9499009,9.534244,-0.0
1356423521385,4.1814466,8.19945,0.3405087
1356423521425,4.671779,8.499097,-0.50395286
1356423521465,4.7943625,8.19945,0.42223078
1356423521511,5.325556,9.507003,0.10896278
1356423521545,5.938472,9.193735,-0.95342433
1356423521585,4.862464,10.119919,-0.3405087
1356423521625,4.7126403,10.310603,-0.8036005
1356423521665,5.6252036,10.460427,-1.4573772
1356423521707,5.09401,11.454713,-0.6537767
1356423521745,6.701211,9.343558,1.4573772
1356423521787,7.8589406,9.152874,0.42223078
1356423521825,6.2789803,11.686258,0.61291564
1356423521869,6.6331096,9.384419,-0.50395286
1356423521905,6.4424243,9.043911,-1.8387469
1356423521945,4.440233,7.668256,-1.1849703
1356423521985,3.3778462,7.6954966,-1.1441092
1356423522025,3.990762,5.6252036,-0.9125633
1356423522065,4.5628166,4.671779,-2.1792557
1356423522105,3.990762,5.47538,-3.445948
1356423522145,4.1814466,6.510526,-4.399372
1356423522185,5.434519,8.430995,-6.0474343
1356423522225,4.2495484,11.563675,-7.5865335
1356423522265,2.6832085,6.851035,-4.140586
1356423522305,10.337844,10.119919,-2.1383946
1356423522345,7.5865335,9.152874,0.23154591
1356423522385,1.334794,7.3141265,2.6423476
1356423522425,4.440233,13.293459,-1.334794
1356423522465,6.3607025,5.5571017,-0.040861044
1356423522512,4.7126403,6.973618,0.53119355
1356423522545,4.099725,9.575105,0.7218784
1356423522603,4.8216033,8.471856,-0.29964766
1356423522625,4.8216033,8.471856,0.040861044
1356423522666,5.243834,8.894087,0.313268
1356423522706,5.8567495,9.043911,-0.6537767
1356423522746,5.5162406,9.80665,-0.61291564
1356423522786,3.5957718,10.923519,-0.9942854
1356423522825,4.5628166,10.419566,-1.6480621
1356423522865,4.7126403,11.495573,-0.53119355
1356423522905,5.6252036,10.147159,0.6946377
1356423522945,9.112013,8.240311,1.1168685
1356423522985,7.8861814,10.732834,0.23154591
1356423523025,6.2789803,10.18802,-0.53119355
1356423523066,4.8216033,9.615966,-2.3426998
1356423523105,4.3312707,7.7772183,-2.7240696
1356423523148,3.6774938,7.3958488,-1.4573772
1356423523195,3.8273177,5.6660647,-1.2666923
1356423523235,3.8273177,5.012288,-3.3642259
1356423523275,3.173541,6.4424243,-3.9090397
1356423523315,5.134871,5.706926,-4.7943625
1356423523355,3.9090397,9.00305,-6.0201936
1356423523395,3.1054392,11.454713,-7.6273947
1356423523435,6.4015636,9.847511,-4.440233
1356423523475,8.771504,9.507003,-2.7513103
1356423523522,1.7978859,6.510526,0.50395286
1356423523555,2.1792557,12.871228,2.7240696
1356423523595,7.1234417,7.3549876,-2.1383946
1356423523635,5.434519,6.3198414,-0.08172209
1356423523675,2.3699405,11.34575,1.920469
1356423523715,4.372132,7.8589406,0.19068487
1356423523755,6.0201936,8.281172,-0.3405087
1356423523795,5.175732,8.921328,0.23154591
1356423523835,5.012288,9.466142,-0.14982383
1356423523875,4.2086873,9.534244,0.14982383
1356423523915,4.3312707,10.147159,-0.9125633
1356423523955,3.5276701,10.378705,-0.88532263
1356423523995,5.366417,10.119919,-0.9942854
1356423524035,5.47538,11.304889,-1.1168685
1356423524075,5.243834,9.534244,0.88532263
1356423524115,7.8180795,9.275456,0.42223078
1356423524155,7.014479,11.563675,0.19068487
1356423524195,5.8567495,10.079058,-0.38136974
1356423524235,5.284695,9.507003,-3.0237172
1356423524276,4.7126403,7.668256,-1.7297841
1356423524315,4.1814466,6.4015636,-1.4573772
1356423524357,3.9499009,5.9793324,-1.7570249
1356423524395,4.140586,5.09401,-2.5333846
1356423524435,3.718355,4.9850473,-3.6774938
1356423524475,3.445948,5.938472,-3.5276701
1356423524516,4.0588636,8.281172,-6.701211
1356423524555,4.4810944,11.876944,-8.19945
1356423524595,2.5606253,8.62168,-5.706926
1356423524635,8.349273,9.193735,-5.053149
1356423524675,8.117727,9.697687,-2.1383946
1356423524715,2.7921712,6.3198414,0.95342433
1356423524755,3.486809,12.026767,0.23154591
1356423524795,5.134871,7.9679036,-1.1168685
1356423524835,6.0474343,6.66035,-0.46309182
1356423524875,3.3778462,9.534244,0.6946377
1356423524915,3.8273177,7.9679036,0.84446156
1356423524955,4.7126403,8.689782,0.08172209
1356423524995,4.903325,9.343558,-0.53119355
1356423525035,4.3312707,10.079058,-0.7218784
1356423525075,5.597963,9.302697,0.040861044
1356423525115,3.9499009,10.337844,-0.27240697
1356423525155,4.5628166,10.228881,-0.8036005
1356423525195,5.6252036,9.80665,-1.1168685
1356423525235,4.7535014,12.176591,-0.53119355
1356423525275,6.5513873,9.534244,0.9942854
1356423525315,7.43671,9.997335,1.0760075
1356423525357,7.3958488,11.727119,-0.10896278
1356423525395,4.944186,10.079058,-0.95342433
1356423525437,4.099725,9.425281,-2.7240696
1356423525475,4.0588636,7.082581,-1.6480621
1356423525523,3.486809,6.0882955,-0.7218784
1356423525555,4.0588636,5.243834,-0.9942854
1356423525595,5.012288,4.630918,-2.4925237
1356423525635,3.405087,5.706926,-3.8273177
1356423525676,4.0588636,6.3198414,-4.7943625
1356423525715,5.597963,9.915613,-7.5456724
1356423525756,3.568531,12.4489975,-7.8180795
1356423525795,7.6273947,10.119919,-3.8273177
1356423525835,7.8180795,5.434519,-1.9885708
1356423525875,2.4108016,9.656827,1.56634
1356423525915,2.7649305,11.495573,0.23154591
1356423525955,5.134871,8.308413,-0.6946377
1356423525995,6.932757,6.3198414,-0.53119355
1356423526035,3.9090397,9.724928,0.84446156
1356423526075,3.486809,8.539958,0.95342433
1356423526115,4.944186,8.580819,0.38136974
1356423526155,4.944186,8.580819,0.14982383
1356423526195,5.407278,9.724928,-0.6946377
1356423526235,4.2086873,9.956474,-0.6946377
1356423526275,3.214402,10.923519,-0.6537767
1356423526315,4.5219555,10.310603,-0.9942854
1356423526355,4.7943625,11.114203,-0.53119355
1356423526395,4.862464,11.141444,-0.14982383
1356423526435,7.3958488,8.62168,1.1849703
1356423526475,6.510526,9.915613,0.8036005
1356423526521,7.4639506,11.073342,-0.19068487
1356423526555,4.440233,10.460427,-1.3075534
1356423526597,3.9090397,9.534244,-2.5333846
1356423526635,4.4810944,7.7772183,-1.3075534
1356423526676,4.2904096,6.973618,-0.9125633
1356423526715,4.399372,5.243834,-1.56634
1356423526755,4.2495484,5.134871,-3.1463003
1356423526785,3.3778462,6.469665,-3.568531
1356423526815,3.445948,6.6331096,-3.9499009
1356423526855,3.9499009,7.9679036,-6.0474343
1356423526895,4.7943625,10.56939,-6.851035
1356423526935,2.8330324,8.539958,-4.372132
1356423526975,8.117727,11.223166,-4.372132
1356423527015,7.014479,8.430995,-2.8330324
1356423527055,1.1849703,7.1234417,2.0294318
1356423527095,2.6832085,12.912089,-0.50395286
1356423527135,5.8567495,7.1234417,-0.8036005
1356423527175,6.0474343,7.0553403,-0.95342433
1356423527215,3.6774938,10.310603,0.08172209
1356423527255,3.8681788,8.689782,0.08172209
1356423527295,4.8216033,8.962189,-0.42223078
1356423527335,5.053149,8.853226,-0.42223078
1356423527375,5.366417,8.662541,-0.27240697
1356423527415,4.4810944,8.62168,-0.14982383
1356423527455,3.255263,10.378705,-0.6537767
1356423527519,4.3312707,9.997335,-1.7978859
1356423527535,4.140586,10.923519,-1.8387469
1356423527575,4.0180025,12.217452,-1.1849703
1356423527615,6.0474343,10.18802,0.10896278
1356423527655,7.9679036,8.771504,1.0351465
1356423527695,7.4639506,11.686258,0.50395286
1356423527737,6.1291566,10.923519,-0.46309182
1356423527775,4.7126403,9.80665,-2.3699405
1356423527815,4.862464,7.8861814,-2.7240696
1356423527845,3.718355,6.2108784,-0.88532263
1356423527885,3.759216,5.5162406,-0.7627395
1356423527925,4.3312707,5.09401,-2.2609777
1356423527965,3.759216,5.5571017,-3.6774938
1356423528005,2.9147544,6.973618,-3.8681788
1356423528045,4.0588636,7.668256,-5.8567495
1356423528085,4.630918,11.223166,-7.504812
1356423528125,3.486809,9.384419,-6.5513873
1356423528165,8.430995,11.495573,-4.5219555
1356423528205,6.851035,7.7772183,-2.1792557
1356423528245,3.0237172,6.0474343,1.3075534
1356423528285,2.6832085,12.639683,0.88532263
1356423528325,4.944186,7.6273947,-0.5720546
1356423528365,6.0201936,7.246025,-0.6946377
1356423528405,4.099725,9.343558,0.08172209
1356423528445,3.636633,8.962189,0.313268
1356423528529,4.372132,8.962189,-0.53119355
1356423528531,4.2904096,9.275456,0.10896278
1356423528565,5.053149,8.689782,0.14982383
1356423528613,4.903325,8.771504,-0.08172209
1356423528654,3.636633,10.310603,-0.040861044
1356423528685,3.486809,10.991621,-1.2258313
1356423528726,4.099725,10.841797,-1.607201
1356423528767,4.7126403,11.985906,-0.50395286
1356423528805,6.0882955,10.95076,-0.0
1356423528845,8.049625,7.9270425,0.8036005
1356423528885,6.0882955,11.686258,0.6537767
1356423528925,6.8237944,11.604536,0.46309182
1356423528966,3.9499009,10.651112,-2.2201166
1356423529005,3.9090397,8.076866,-2.6014864
1356423529045,3.445948,6.851035,-0.9942854
1356423529085,3.486809,5.47538,-0.42223078
1356423529125,4.6036777,4.862464,-2.070293
1356423529165,3.9499009,5.284695,-3.5276701
1356423529205,2.9556155,6.782933,-3.759216
1356423529245,4.903325,7.3141265,-6.0474343
1356423529285,3.636633,11.917805,-7.6954966
1356423529325,2.6832085,9.575105,-6.3198414
1356423529365,6.5922484,9.615966,-5.09401
1356423529405,7.246025,9.997335,-1.8387469
1356423529445,2.4108016,6.973618,0.84446156
1356423529486,3.486809,12.176591,1.607201
1356423529528,5.706926,6.5513873,-1.2258313
1356423529566,5.053149,7.5456724,0.42223078
1356423529605,3.1054392,9.765789,0.27240697
1356423529645,4.3312707,8.117727,-0.27240697
1356423529685,3.759216,9.507003,-0.6537767
1356423529725,4.3312707,8.689782,-0.08172209
1356423529765,4.372132,9.534244,-0.38136974
1356423529805,4.7126403,9.888372,-0.53119355
1356423529845,3.9090397,10.61025,-0.46309182
1356423529885,3.9499009,10.841797,-1.0760075
1356423529925,4.7943625,10.501288,-1.0760075
1356423529965,4.630918,11.304889,-1.4982382
1356423530005,4.099725,9.193735,0.88532263
1356423530045,6.851035,10.732834,1.7978859
1356423530085,7.9270425,11.836082,0.50395286
1356423530125,5.5571017,10.269742,-0.3405087
1356423530165,5.8567495,9.384419,-1.7978859
1356423530205,4.671779,8.049625,-1.4573772
1356423530245,3.255263,8.008764,-1.0351465
1356423530285,3.2961242,6.0201936,-1.7978859
1356423530325,3.6774938,5.407278,-2.9556155
1356423530365,3.173541,5.597963,-3.214402
1356423530405,2.9556155,6.4424243,-3.759216
1356423530445,4.1814466,7.5456724,-5.597963
1356423530486,3.2961242,10.882658,-6.8237944
1356423530525,3.0645783,9.507003,-7.014479
1356423530565,6.2108784,8.158588,-5.325556
1356423530605,8.471856,11.958665,-1.525479
1356423530645,5.09401,7.082581,0.3405087
1356423530685,1.6480621,9.888372,2.1111538
1356423530725,3.568531,10.460427,-0.0
1356423530765,6.1291566,6.3607025,-0.7218784
1356423530805,3.9090397,9.043911,0.23154591
1356423530845,3.7864566,8.430995,0.7627395
1356423530885,4.372132,9.724928,-1.334794
1356423530925,3.9090397,9.302697,-0.61291564
1356423530965,4.4810944,9.234595,0.19068487
1356423531005,4.0588636,9.534244,-0.040861044
1356423531045,3.8273177,9.915613,-0.14982383
1356423531085,3.9090397,10.460427,-0.61291564
1356423531125,4.671779,10.419566,-0.61291564
1356423531165,5.5571017,11.413852,-1.2666923
1356423531205,3.990762,10.528529,-0.14982383
1356423531245,6.3607025,9.534244,1.6480621
1356423531285,7.3958488,11.141444,0.61291564
1356423531325,6.66035,11.073342,-0.08172209
1356423531366,4.2495484,10.501288,-1.879608
1356423531405,4.3312707,8.853226,-1.4982382
1356423531445,3.6774938,7.5456724,-1.1849703
1356423531486,3.1054392,6.1700177,-1.2258313
1356423531525,3.718355,5.012288,-2.3699405
1356423531565,3.636633,5.243834,-3.0237172
1356423531606,3.2961242,6.1700177,-3.173541
1356423531646,4.399372,6.469665,-4.7535014
1356423531685,3.486809,12.4489975,-7.9679036
1356423531726,5.706926,11.917805,-6.851035
1356423531765,8.730643,11.836082,-0.9942854
1356423531806,6.0882955,4.140586,-0.88532263
1356423531845,0.38136974,10.337844,3.486809
1356423531885,3.0237172,11.536434,-0.9125633
1356423531925,6.0201936,5.8976107,-1.1168685
1356423531965,4.5628166,8.689782,-0.46309182
1356423532005,2.4108016,9.302697,1.1441092
1356423532045,4.1814466,9.112013,-0.27240697
1356423532085,3.759216,9.888372,-1.1441092
1356423532126,4.630918,9.043911,0.5720546
1356423532165,4.7943625,9.915613,0.38136974
1356423532207,4.440233,9.507003,-0.040861044
1356423532245,3.718355,10.310603,-0.38136974
1356423532287,4.440233,9.997335,-0.84446156
1356423532325,4.671779,11.032481,-0.9125633
1356423532366,3.568531,12.067628,-0.27240697
1356423532405,6.3198414,9.765789,1.1849703
1356423532447,6.851035,11.114203,0.5720546
1356423532520,7.3549876,11.073342,0.19068487
1356423532528,4.630918,9.956474,-1.1441092
1356423532566,4.2904096,8.921328,-2.3426998
1356423532605,3.7864566,7.246025,-1.607201
1356423532645,3.405087,6.469665,-1.0760075
1356423532685,4.2086873,5.243834,-1.920469
1356423532725,3.718355,4.903325,-3.1463003
1356423532765,2.7240696,6.3607025,-3.5276701
1356423532805,4.0588636,7.0553403,-4.8216033
1356423532845,3.636633,11.958665,-8.008764
1356423532885,2.4925237,9.724928,-6.238119
1356423532925,7.164303,10.147159,-4.140586
1356423532965,8.349273,10.228881,-1.4982382
1356423533005,2.5333846,6.1700177,2.4925237
1356423533045,2.0294318,11.182305,1.7297841
1356423533085,4.2495484,8.689782,-0.9125633
1356423533125,5.053149,6.973618,-0.88532263
1356423533165,3.568531,9.575105,0.50395286
1356423533205,3.636633,8.894087,0.14982383
1356423533245,4.1814466,9.724928,-0.88532263
1356423533287,4.0588636,9.466142,0.42223078
1356423533325,5.434519,9.152874,-0.040861044
1356423533365,4.4810944,9.043911,0.10896278
1356423533405,3.0645783,10.378705,-0.46309182
1356423533445,3.7864566,10.079058,-1.3756552
1356423533486,4.140586,10.460427,-1.3075534
1356423533534,4.0588636,12.299174,-0.38136974
1356423533565,5.434519,10.079058,1.879608
1356423533595,8.539958,10.991621,1.2258313
1356423533636,7.504812,11.917805,0.5720546
1356423533675,4.7943625,10.119919,-0.27240697
1356423533717,4.862464,8.62168,-1.9885708
1356423533755,4.0588636,7.246025,-1.6480621
1356423533795,3.405087,7.1234417,-0.9942854
1356423533835,3.9499009,6.4424243,-0.6946377
1356423533875,4.2086873,5.829509,-2.5606253
1356423533915,3.1054392,6.1291566,-3.718355
1356423533955,3.8681788,6.469665,-3.8273177
1356423533995,5.6660647,8.771504,-6.4015636
1356423534035,2.982856,10.95076,-7.3549876
1356423534075,3.1463003,8.662541,-5.7477865
1356423534115,8.962189,11.304889,-3.8681788
1356423534155,6.932757,8.730643,-0.29964766
1356423534195,1.0351465,5.8976107,1.5390993
1356423534235,2.5333846,13.865514,-0.040861044
1356423534275,4.9850473,7.246025,-0.53119355
1356423534315,5.284695,7.3958488,-0.08172209
1356423534355,3.2961242,10.337844,0.23154591
1356423534395,3.405087,8.430995,0.8036005
1356423534435,4.099725,9.152874,-0.27240697
1356423534475,4.372132,9.384419,-0.19068487
1356423534521,4.7126403,9.765789,-0.19068487
1356423534555,5.175732,9.615966,-0.53119355
1356423534595,3.336985,11.141444,-0.53119355
1356423534636,4.1814466,10.56939,-0.88532263
1356423534675,4.1814466,11.223166,-0.7218784
1356423534716,4.4810944,11.958665,-0.23154591
1356423534755,7.5865335,8.349273,0.3405087
1356423534796,5.597963,10.147159,0.95342433
1356423534835,6.3607025,11.75436,0.7218784
1356423534876,4.2495484,12.026767,-0.9942854
1356423534915,3.7864566,9.956474,-2.4108016
1356423534955,3.636633,6.973618,-1.4165162
1356423534995,3.636633,5.7886477,-1.607201
1356423535035,4.099725,4.8216033,-1.56634
1356423535075,3.8273177,5.47538,-2.6832085
1356423535115,2.4516625,7.205164,-3.636633
1356423535155,3.3778462,7.0553403,-5.175732
1356423535195,3.1054392,10.882658,-6.973618
1356423535235,4.1814466,10.460427,-8.539958
1356423535275,5.706926,9.80665,-4.099725
1356423535315,6.2108784,7.6273947,-2.070293
1356423535355,1.1441092,9.384419,-0.08172209
1356423535395,2.7240696,11.372991,0.38136974
1356423535435,6.0474343,7.273266,-1.56634
1356423535475,5.5571017,6.973618,-0.53119355
1356423535522,1.607201,11.34575,0.6537767
1356423535555,3.0645783,9.043911,-0.040861044
1356423535595,4.8216033,8.62168,-0.88532263
1356423535635,3.9499009,9.466142,0.040861044
1356423535675,3.9090397,9.343558,0.040861044
1356423535715,4.399372,9.343558,-0.10896278
1356423535756,4.2086873,9.466142,-0.19068487
1356423535795,3.5957718,10.18802,-0.46309182
1356423535837,3.990762,10.038197,-0.95342433
1356423535875,4.099725,10.61025,-1.4982382
1356423535917,3.214402,12.299174,-1.2258313
1356423535955,5.706926,9.534244,0.38136974
1356423535995,6.2108784,10.651112,0.6946377
1356423536035,6.2108784,11.645397,0.14982383
1356423536075,5.706926,10.800936,-0.38136974
1356423536115,4.5628166,9.656827,-2.7240696
1356423536155,3.8681788,8.049625,-1.607201
1356423536195,3.2961242,7.3141265,-1.3756552
1356423536235,3.7864566,5.6660647,-1.9885708
1356423536275,4.099725,4.944186,-2.9147544
1356423536315,3.3778462,5.5162406,-3.3642259
1356423536355,2.9147544,6.701211,-4.099725
1356423536395,4.2904096,8.430995,-6.2108784
1356423536435,2.0294318,11.454713,-8.62168
1356423536475,2.2609777,9.384419,-5.597963
1356423536521,9.043911,9.697687,-3.336985
1356423536555,9.152874,10.760075,-2.4516625
1356423536595,1.2258313,6.8237944,3.1054392
1356423536635,1.7297841,13.525005,1.2666923
1356423536675,5.134871,7.205164,-1.879608
1356423536715,5.012288,7.3958488,0.19068487
1356423536755,3.0645783,9.384419,0.27240697
1356423536795,3.405087,8.471856,-0.46309182
1356423536835,3.486809,10.337844,-1.3075534
1356423536876,3.9090397,9.00305,-0.88532263
1356423536915,4.8216033,8.962189,0.3405087
1356423536955,4.5628166,9.084772,0.313268
1356423536995,3.8273177,10.923519,-0.88532263
1356423537035,4.399372,10.337844,-0.9125633
1356423537076,3.8681788,10.841797,-1.7570249
1356423537115,3.5276701,12.721405,-1.1168685
1356423537157,4.1814466,10.95076,0.6537767
1356423537195,7.8180795,9.275456,1.1168685
1356423537237,6.4015636,11.114203,0.38136974
1356423537275,5.09401,10.841797,-0.040861044
1356423537316,3.636633,9.697687,-2.4925237
1356423537355,3.718355,7.9679036,-1.1849703
1356423537395,3.636633,7.3958488,-1.1168685
1356423537435,5.09401,5.9793324,-3.0237172
1356423537475,3.9499009,5.706926,-3.336985
1356423537524,2.8738933,5.284695,-3.3642259
1356423537555,3.2961242,5.434519,-3.5276701
1356423537595,3.8681788,8.390134,-5.8158884
1356423537636,3.336985,11.686258,-8.390134
1356423537675,3.5276701,10.691973,-6.2789803
1356423537716,7.5456724,12.571581,-5.09401
1356423537755,4.6036777,4.140586,-0.29964766
1356423537795,3.6774938,7.6954966,0.61291564
1356423537835,2.2609777,12.830367,0.61291564
1356423537875,4.2495484,6.2108784,-1.0351465
1356423537915,5.012288,8.894087,-0.6946377
1356423537955,3.0237172,9.234595,0.08172209
1356423537995,3.336985,9.384419,0.10896278
1356423538035,4.0588636,9.656827,-1.4573772
1356423538075,3.7864566,9.507003,-0.46309182
1356423538116,3.0237172,9.615966,0.53119355
1356423538155,4.4810944,8.962189,0.6537767
1356423538195,4.5628166,9.466142,-0.23154591
1356423538235,2.6832085,10.732834,-0.7218784
1356423538275,3.214402,10.882658,-1.525479
1356423538315,3.718355,13.0619135,-0.88532263
1356423538355,5.5571017,10.923519,0.10896278
1356423538395,7.8180795,8.076866,1.7297841
1356423538435,5.8567495,11.795221,0.19068487
1356423538477,5.325556,11.413852,0.50395286
1356423538534,4.4810944,9.80665,-2.0294318
1356423538557,4.7943625,8.730643,-2.4516625
1356423538595,2.7921712,7.43671,-1.334794
1356423538635,3.0237172,6.701211,-1.2258313
1356423538675,3.759216,5.597963,-2.5333846
1356423538715,3.568531,5.434519,-3.2961242
1356423538755,3.0645783,6.238119,-3.9499009
1356423538795,3.7864566,7.504812,-5.053149
1356423538835,4.2495484,10.378705,-7.43671
1356423538875,1.4573772,9.724928,-6.469665
1356423538915,6.5922484,9.466142,-3.486809
1356423538955,9.507003,11.876944,-3.336985
1356423538995,0.9942854,6.891896,3.0237172
1356423539035,1.879608,12.217452,1.8387469
1356423539075,5.175732,8.240311,-0.9125633
1356423539115,5.7886477,6.5922484,0.6946377
1356423539155,3.9090397,9.466142,-0.23154591
1356423539195,3.6774938,9.466142,-0.6537767
1356423539235,3.759216,9.534244,-1.0351465
1356423539276,4.2495484,9.534244,-0.6537767
1356423539315,4.4810944,9.00305,-0.040861044
1356423539357,4.440233,8.580819,-0.10896278
1356423539395,2.5606253,9.425281,-0.29964766
1356423539437,1.920469,10.501288,0.23154591
1356423539475,4.5628166,10.038197,-1.0351465
1356423539521,4.8216033,10.337844,-2.1111538
1356423539555,4.6036777,12.026767,-1.334794
1356423539596,5.134871,10.528529,0.50395286
1356423539635,7.5865335,9.00305,0.7218784
1356423539675,5.284695,12.4489975,0.040861044
1356423539715,5.597963,11.495573,0.7218784
1356423539755,4.862464,9.847511,-1.6480621
1356423539795,4.862464,8.689782,-1.6889231
1356423539835,3.486809,7.6954966,-0.88532263
1356423539875,3.636633,7.0553403,-1.1441092
1356423539915,4.399372,5.5162406,-2.3699405
1356423539955,3.7864566,5.434519,-2.9556155
1356423539995,2.7240696,6.932757,-3.7864566
1356423540055,3.8273177,7.4639506,-5.366417
1356423540095,2.6832085,10.732834,-7.1234417
1356423540135,1.6889231,9.507003,-5.6660647
1356423540175,7.6954966,10.310603,-3.5957718
1356423540215,8.390134,11.604536,-4.4810944
1356423540255,2.1792557,5.7477865,1.6480621
1356423540295,1.6480621,11.141444,1.7570249
1356423540335,4.8216033,10.079058,-0.9125633
1356423540375,6.1700177,6.1291566,-0.3405087
1356423540415,4.2904096,9.466142,0.08172209
1356423540455,3.1463003,9.384419,0.313268
1356423540514,3.759216,8.921328,-0.19068487
1356423540535,4.099725,9.343558,-0.19068487
1356423540575,4.399372,9.152874,-0.46309182
1356423540615,4.5628166,9.534244,-0.19068487
1356423540656,4.399372,9.615966,-0.6946377
1356423540696,2.5333846,10.691973,-0.95342433
1356423540735,3.9090397,10.61025,-1.1168685
1356423540776,5.325556,10.038197,-1.879608
1356423540816,3.718355,11.795221,-0.7627395
1356423540855,5.8567495,9.847511,1.5390993
1356423540897,6.742072,10.923519,0.92618364
1356423540935,6.0882955,12.026767,-0.040861044
1356423540975,5.134871,10.651112,-0.14982383
1356423541015,5.407278,9.466142,-1.920469
1356423541055,4.3312707,7.7772183,-1.4982382
1356423541096,3.636633,7.3549876,-0.53119355
1356423541135,3.568531,5.7886477,-1.4165162
1356423541175,3.0237172,5.7886477,-2.5333846
1356423541215,3.336985,6.1291566,-3.8681788
1356423541255,3.2961242,6.5922484,-3.6774938
1356423541295,3.8273177,8.962189,-5.5571017
1356423541335,4.0180025,10.378705,-7.3958488
1356423541375,2.6014864,8.349273,-6.0882955
1356423541415,5.2165933,8.539958,-4.099725
1356423541455,8.771504,13.565866,-3.0645783
1356423541514,4.3312707,6.0882955,-0.53119355
1356423541535,0.5720546,10.923519,2.3018389
1356423541575,2.8330324,12.9529505,-0.42223078
1356423541615,6.238119,5.9793324,-0.42223078
1356423541655,4.440233,9.152874,-0.29964766
1356423541695,2.8330324,10.119919,0.23154591
1356423541735,3.718355,8.894087,-0.19068487
1356423541776,4.0180025,9.302697,-0.7218784
1356423541815,4.8216033,9.043911,-0.14982383
1356423541857,4.7535014,9.234595,-0.53119355
1356423541895,3.9090397,9.152874,-0.3405087
1356423541937,3.173541,10.079058,-0.6537767
1356423541975,3.759216,10.119919,-1.6889231
1356423542017,4.1814466,10.119919,-1.1168685
1356423542055,3.718355,11.495573,-1.2666923
1356423542095,3.3778462,10.228881,1.1168685
1356423542135,7.3549876,9.956474,0.9942854
1356423542175,7.3549876,12.340035,-0.10896278
1356423542215,3.7864566,11.495573,-0.5720546
1356423542255,4.3312707,9.915613,-2.4108016
1356423542295,4.6036777,8.499097,-1.9885708
1356423542335,2.8330324,7.9270425,-1.7978859
1356423542375,3.1054392,6.3198414,-2.0294318
1356423542415,3.8681788,5.597963,-2.982856
1356423542455,3.3778462,5.47538,-3.0645783
1356423542513,2.9556155,6.4015636,-3.173541
1356423542535,3.445948,8.240311,-5.434519
1356423542575,2.9556155,10.228881,-7.43671
1356423542615,2.6014864,10.310603,-6.932757
1356423542655,4.0588636,7.8589406,-6.3607025
1356423542695,8.349273,10.882658,-4.2086873
1356423542735,4.1814466,8.308413,-1.9477097
1356423542775,1.4982382,6.5513873,0.53119355
1356423542815,3.0645783,13.021052,0.7218784
1356423542855,4.8216033,6.973618,-0.6537767
1356423542895,4.6036777,8.812365,-0.19068487
1356423542935,2.9147544,10.337844,-0.27240697
1356423542975,3.718355,8.921328,-0.040861044
1356423543015,4.140586,8.894087,-0.7627395
1356423543055,4.0180025,9.275456,-0.61291564
1356423543095,3.9499009,9.466142,-0.0
1356423543136,4.7943625,9.152874,-0.29964766
1356423543175,3.445948,9.656827,-0.23154591
1356423543217,3.0237172,10.337844,-0.5720546
1356423543255,3.445948,10.528529,-1.334794
1356423543297,3.718355,10.991621,-1.1441092
1356423543335,3.3778462,13.252599,-0.040861044
1356423543376,7.164303,9.193735,0.50395286
1356423543415,6.6331096,9.302697,-0.19068487
1356423543455,5.284695,12.489859,-0.3405087
1356423543528,3.8681788,10.841797,-0.27240697
1356423543545,4.7943625,9.343558,-2.1792557
1356423543585,3.9090397,7.5456724,-1.6480621
1356423543625,3.214402,7.0553403,-1.1441092
1356423543665,4.140586,5.9793324,-2.1111538
1356423543706,4.0180025,5.706926,-3.214402
1356423543745,3.255263,6.510526,-3.405087
1356423543786,3.6774938,6.5513873,-3.9090397
1356423543825,4.3312707,8.894087,-5.938472
1356423543865,1.9885708,11.727119,-7.5865335
1356423543905,1.8387469,9.084772,-5.012288
1356423543945,8.008764,9.615966,-3.7864566
1356423543985,7.7363577,11.073342,-3.1463003
1356423544025,0.95342433,6.5513873,1.607201
1356423544065,1.6889231,11.413852,0.38136974
1356423544105,4.2904096,9.656827,-0.7627395
1356423544145,4.7943625,6.510526,0.23154591
1356423544185,3.568531,10.501288,-0.3405087
1356423544225,3.214402,9.765789,0.040861044
1356423544265,4.0588636,8.812365,-0.27240697
1356423544307,3.9090397,9.697687,-0.0
1356423544345,4.2495484,9.084772,-0.14982383
1356423544385,4.3312707,9.275456,-0.08172209
1356423544425,4.140586,9.615966,-0.50395286
1356423544465,3.336985,9.765789,-0.5720546
1356423544517,3.486809,9.956474,-0.46309182
1356423544546,3.636633,10.269742,-1.2258313
1356423544585,3.5957718,10.991621,-0.88532263
1356423544625,4.2086873,12.408136,-0.88532263
1356423544666,5.8976107,9.302697,-0.08172209
1356423544705,6.2789803,8.539958,0.53119355
1356423544747,4.8216033,11.795221,0.19068487
1356423544785,5.284695,11.34575,0.313268
1356423544825,4.2495484,9.724928,-2.3699405
1356423544865,4.5219555,8.689782,-2.3018389
1356423544905,3.5276701,7.4639506,-0.9942854
1356423544935,3.568531,7.1234417,-1.9477097
1356423544975,3.9499009,6.3198414,-2.4516625
1356423545025,3.9499009,5.829509,-3.173541
1356423545065,3.214402,6.701211,-3.9771416
1356423545105,2.7921712,7.6954966,-4.671779
1356423545145,4.399372,9.697687,-7.3549876
1356423545185,2.2609777,10.528529,-5.7886477
1356423545225,1.8387469,7.5865335,-5.012288
1356423545265,8.076866,10.732834,-4.0180025
1356423545305,5.829509,11.686258,-2.2609777
1356423545345,2.5606253,5.597963,0.95342433
1356423545385,2.5606253,12.217452,0.7627395
1356423545425,4.5628166,8.853226,-0.50395286
1356423545465,4.7943625,7.504812,-0.9125633
1356423545514,3.1054392,10.119919,0.08172209
1356423545545,2.982856,9.575105,0.27240697
1356423545586,3.9090397,9.193735,-0.42223078
1356423545625,3.990762,9.275456,0.10896278
1356423545665,3.9499009,9.00305,0.3405087
1356423545706,3.9090397,9.656827,0.38136974
1356423545745,3.568531,9.425281,-0.3405087
1356423545786,3.7864566,10.378705,-0.38136974
1356423545825,3.214402,10.147159,-0.10896278
1356423545867,4.3312707,9.765789,-0.7627395
1356423545905,4.903325,9.193735,-0.9942854
1356423545947,3.405087,11.727119,-0.53119355
1356423545985,3.568531,12.258313,0.84446156
1356423546026,7.6954966,8.430995,1.0760075
1356423546065,5.7477865,10.079058,-0.040861044
1356423546105,5.325556,10.95076,0.42223078
1356423546145,5.134871,9.275456,0.19068487
1356423546185,3.8681788,9.384419,-1.879608
1356423546225,3.1463003,9.084772,-1.334794
1356423546265,3.214402,7.7363577,-1.6889231
1356423546305,3.718355,7.5456724,-2.9147544
1356423546345,3.6774938,6.891896,-3.173541
1356423546385,3.6774938,6.510526,-3.214402
1356423546425,3.5276701,6.66035,-3.445948
1356423546465,3.2961242,7.5865335,-3.9499009
1356423546512,3.6774938,9.00305,-5.8976107
1356423546545,2.3426998,10.419566,-6.1291566
1356423546585,2.7921712,8.771504,-5.47538
1356423546625,4.9850473,8.390134,-4.903325
1356423546665,6.238119,12.108489,-2.7513103
1356423546706,3.445948,7.5456724,-0.84446156
1356423546745,2.6832085,9.656827,1.8387469
1356423546786,3.7864566,11.032481,-0.23154591
1356423546825,5.175732,7.164303,-0.46309182
1356423546865,3.2961242,9.847511,0.50395286
1356423546905,3.0237172,8.921328,0.6946377
1356423546945,3.9090397,9.575105,-0.3405087
1356423546985,3.336985,9.888372,-1.920469
1356423547025,3.445948,9.507003,-0.27240697
1356423547066,3.568531,9.084772,0.38136974
1356423547105,3.486809,9.234595,0.6946377
1356423547147,4.2086873,9.847511,0.10896278
1356423547185,3.636633,10.419566,-0.3405087
1356423547227,4.372132,10.269742,-0.7627395
1356423547265,3.990762,11.563675,-0.6537767
1356423547306,3.3778462,12.762266,-0.10896278
1356423547345,6.932757,8.240311,0.84446156
1356423547387,5.366417,9.466142,0.27240697
1356423547425,5.243834,12.14935,0.08172209
1356423547465,4.7943625,10.419566,-0.42223078
1356423547505,4.0180025,9.888372,-2.4516625
1356423547545,3.636633,8.689782,-1.7978859
1356423547585,3.0237172,7.3549876,-1.1849703
1356423547625,3.636633,5.8567495,-1.4165162
1356423547665,4.2086873,5.5162406,-2.5606253
1356423547705,3.5957718,6.0882955,-3.336985
1356423547745,3.173541,7.246025,-3.255263
1356423547785,4.1814466,8.19945,-4.862464
1356423547825,4.099725,11.917805,-6.932757
1356423547865,2.9556155,9.765789,-5.706926
1356423547905,7.205164,9.847511,-3.5957718
1356423547945,6.6331096,11.182305,-3.9090397
1356423547985,2.2609777,6.2789803,1.4982382
1356423548025,2.3018389,9.915613,0.84446156
1356423548065,3.9499009,10.419566,-0.9125633
1356423548105,5.325556,7.014479,-0.6946377
1356423548145,3.9499009,10.269742,-0.6537767
1356423548185,2.8738933,9.384419,0.46309182
1356423548226,3.990762,8.894087,0.08172209
1356423548265,4.0588636,9.656827,-0.38136974
1356423548305,4.0180025,9.724928,-0.08172209
1356423548345,4.5219555,8.812365,-0.040861044
1356423548385,3.759216,9.656827,0.08172209
1356423548425,3.7864566,9.275456,-0.040861044
