1356677939445,0.0,0.0,0.0
1356677939602,0.16627383,0.0,-0.57008106
1356677939644,0.21566558,-0.19053555,0.48739764
1356677939682,0.046779037,0.1643486,0.08380106
1356677939721,0.025454402,0.16586685,0.11291313
1356677939763,-0.296695,0.31672382,-0.23453978
1356677939803,-0.20803428,-0.21638203,-0.7306424
1356677939842,0.050688505,0.036603928,0.41090268
1356677939882,-0.10352528,0.027612686,0.19751379
1356677939922,-0.22157443,0.058541298,0.4691117
1356677939962,-0.25079632,0.0493412,-0.09767997
1356677940012,-0.042998314,-0.040159225,-0.16979164
1356677940064,0.2579366,-0.2365942,0.91193104
1356677940102,0.09072745,-0.34751606,0.96998763
1356677940145,0.56877995,0.2692213,0.9392209
1356677940182,1.4836681,0.088181496,0.8939106
1356677940222,1.2351992,0.71319294,0.82835925
1356677940262,0.7677512,0.33985615,0.12828732
1356677940302,0.6916826,0.18734741,0.13645434
1356677940342,0.94156086,-0.22432709,0.5361465
1356677940382,0.8584033,-0.020814896,0.9695663
1356677940422,0.7249205,0.26014233,0.7734295
1356677940489,0.5081935,0.18892384,0.5712209
1356677940504,0.29664302,0.2448473,0.68413866
1356677940543,0.11229539,0.032556534,-0.07442206
1356677940573,0.5062554,0.2321577,-0.14578575
1356677940604,0.57820606,0.025194168,-0.02037692
1356677940643,0.1753223,0.049699783,-0.121754885
1356677940673,0.12501264,0.11660099,-0.08828223
1356677940713,-0.026392698,-0.088573456,0.029340744
1356677940743,-0.10211468,-0.22358704,0.050389767
1356677940784,0.06046152,-0.06986618,-0.14460337
1356677940823,-0.30029202,-0.9594822,-0.32902652
1356677940853,-0.08212781,-0.9170666,-1.0137068
1356677940893,0.485806,-0.8994808,-1.3075026
1356677940923,1.9019678,-2.0692978,-0.77732545
1356677940953,0.82493806,-1.9017754,-0.63091296
1356677941012,-1.9113766,-1.3522034,-1.015186
1356677941032,-1.0503298,-0.884161,0.06614792
1356677941072,-1.5755801,-0.8038235,1.1999466
1356677941110,-1.3401113,-1.4263325,-0.43631795
1356677941153,-0.29934812,-0.5855017,-2.0511703
1356677941192,-1.625859,1.2813835,-0.45859635
1356677941232,-0.8448539,2.2386217,-1.2572414
1356677941272,-0.8835107,3.4186735,-1.1620516
1356677941312,-1.7542396,4.2450533,-1.4688908
1356677941352,-0.7014682,4.0354,-2.7153206
1356677941392,-0.07330239,3.7527366,-3.8035932
1356677941432,0.99434686,1.9979548,-5.074468
1356677941490,2.078199,0.5956192,-6.804589
1356677941514,1.5223889,-1.1454153,-6.5603666
1356677941554,0.5060371,0.36528206,-5.1335654
1356677941593,3.0129442,-5.434146,-0.6718075
1356677941633,-4.078088,-0.5710993,2.7263389
1356677941663,-0.36713052,0.98668766,4.2152224
1356677941703,5.574323,-2.8293428,8.939775
1356677941733,0.84177256,-1.403594,2.475727
1356677941773,-1.3092163,-0.4294076,4.4956207
1356677941813,0.11234236,-1.2115765,4.0292435
1356677941843,0.5011432,0.47778273,3.1658792
1356677941873,-0.0043218136,0.25776005,2.4145586
1356677941903,-0.13681102,0.12374973,2.327192
1356677941934,-0.34668946,0.3577547,2.1364298
1356677941974,-0.58923936,0.47215557,2.2860103
1356677942013,-0.75590074,-0.30544662,2.1925347
1356677942053,-0.38327146,-1.5817423,1.3194971
1356677942083,0.7898805,-1.9405775,-0.2248173
1356677942114,1.0182321,-1.9142857,-1.4256945
1356677942153,1.294862,-2.0232258,-1.9228835
1356677942192,1.4737849,-2.1921434,-0.59288496
1356677942232,-3.1212065,-1.5235357,-0.70304555
1356677942272,-2.7061832,-2.3474846,1.041262
1356677942313,-1.730021,-3.2158003,-1.2606597
1356677942352,-0.53408885,-1.104414,-1.3643501
1356677942392,-1.3027681,2.2154822,1.0624392
1356677942432,-1.7376828,3.919096,-0.47546247
1356677942489,-1.7451867,5.258412,-0.57838744
1356677942514,-1.4250416,5.841067,-0.7055272
1356677942553,-0.43688405,5.2593646,-2.006867
1356677942584,0.84526145,2.9848847,-4.946815
1356677942613,1.451426,0.08801365,-7.0032606
1356677942643,1.6053319,-1.0495892,-7.677069
1356677942673,1.4062109,-0.5637045,-5.795989
1356677942713,0.2031368,1.4405861,-4.648035
1356677942743,0.7399665,-3.030736,0.19026864
1356677942772,-0.18146741,-6.715857,1.510768
1356677942812,-1.9498552,1.5293565,1.6257246
1356677942852,4.6379557,-1.0932212,8.406408
1356677942892,1.8431475,-2.7445908,2.7077243
1356677942932,-2.0688424,-0.50882244,4.6489835
1356677942972,0.42833543,-0.7458639,3.4815726
1356677943012,1.2253911,0.92556477,2.8052185
1356677943052,1.1647637,0.5013237,1.9918543
1356677943093,1.0352979,0.56740475,1.0295911
1356677943132,0.18849635,0.75612164,1.7148683
1356677943173,-0.7420269,0.7001581,1.6408384
1356677943212,-1.3971161,-0.293746,1.6695971
1356677943252,-1.3114765,-1.452281,1.2157439
1356677943292,-0.68396103,-2.265459,-0.6369709
1356677943332,0.98592687,-2.2182198,-2.230331
1356677943372,3.1570501,-2.3252687,-1.8790421
1356677943412,-0.7254808,-1.5177517,-2.066676
1356677943484,-3.6659684,-1.3504772,0.37369198
1356677943491,-1.423214,-3.5777855,0.9017029
1356677943532,-0.4933108,-3.4567575,-2.0078726
1356677943572,1.0003994,0.75447845,1.415086
1356677943612,-1.4972697,3.2916303,-0.84323245
1356677943652,-1.5376995,3.8932981,-0.6826266
1356677943692,-2.095113,6.6890345,0.4622031
1356677943732,-1.9805372,6.3408794,-0.12749493
1356677943772,-0.5316427,4.324154,-2.7145245
1356677943810,0.28924358,2.0130615,-6.6652265
1356677943852,1.9935422,-1.4905586,-8.855532
1356677943892,1.8118669,-1.6720772,-6.3727207
1356677943932,0.69007117,1.4557405,-4.982788
1356677943972,1.8323667,-5.240505,1.0345818
1356677944012,-4.8945775,0.10954857,1.2058356
1356677944053,2.0185413,0.5299792,6.7619677
1356677944092,4.932519,-3.0009732,6.273101
1356677944132,-1.2165323,-0.6225338,3.3473518
1356677944172,-1.2499765,-0.6962929,3.7905262
1356677944212,0.4179101,0.3996644,3.8126926
1356677944252,0.24609101,-0.06689644,2.7786114
1356677944292,1.1733751,0.30328655,2.0202022
1356677944332,-0.057648778,0.3944416,2.002274
1356677944372,-0.78579843,-0.54221725,2.4045572
1356677944412,0.033022165,-1.2679796,0.16969922
1356677944491,0.6705301,-1.9824562,0.18324694
1356677944492,1.7362721,-3.6650105,-1.0788288
1356677944531,2.1053314,-3.5514126,-0.7884167
1356677944572,-2.9088302,-1.2384539,-1.3570577
1356677944612,-3.2568035,-1.8351164,0.08899546
1356677944652,-2.9568396,-3.7048473,-0.040616274
1356677944694,-0.5718286,-1.2899513,-0.84388345
1356677944732,-1.1001325,2.0171242,0.64720654
1356677944773,-1.8853866,4.38482,-0.662989
1356677944812,-1.351739,6.9064655,-0.891986
1356677944853,-1.0964026,7.4982452,-0.8979345
1356677944892,-0.7337474,6.6315627,-2.6172647
1356677944932,0.6212986,3.126577,-6.272273
1356677944972,1.9683535,-4.4989243,-11.084504
1356677945024,0.58311963,-0.6578531,-6.43157
1356677945062,0.64720845,-4.56771,-3.4948525
1356677945102,-2.6666727,0.87219095,4.4341354
1356677945142,-0.94060767,1.488481,3.4745536
1356677945182,5.7574596,-4.2194314,9.659796
1356677945222,0.4625246,-0.6928854,2.2676377
1356677945262,-1.6487398,0.14666748,4.501988
1356677945302,1.1300448,-0.53286743,4.0169992
1356677945342,1.4500744,0.954473,3.3483922
1356677945382,0.8858265,0.1626234,1.8355821
1356677945422,-0.29005373,0.48042107,2.3936105
1356677945488,0.26508594,0.3139,2.6514096
1356677945504,-0.01806724,-0.093901634,0.65540814
1356677945544,0.1357522,-1.438261,0.06743859
1356677945584,0.3081721,-2.4659414,-0.6556149
1356677945623,1.6008663,-3.795289,-1.5259804
1356677945664,2.9133084,-3.2757225,-1.3624566
1356677945703,-3.4532561,-0.6220875,-1.8389786
1356677945743,-3.4740453,-2.0934238,0.979166
1356677945783,-1.848456,-3.8981953,0.8106147
1356677945823,0.41514492,-2.2646055,-0.99590266
1356677945862,-0.27248764,3.3552718,1.4867872
1356677945902,-1.597732,6.340375,-0.67389995
1356677945942,-1.1611506,6.554468,-0.19926257
1356677945982,-1.9389125,7.2081914,-0.61006397
1356677946022,-1.4610057,6.587112,-2.1598442
1356677946062,0.44738072,2.194212,-6.752697
1356677946102,1.9954818,-4.7251987,-12.743812
1356677946142,0.072846055,-2.340621,-6.543968
1356677946182,0.09154129,-4.458723,-1.4694531
1356677946222,-2.8053744,5.8849897,2.9468937
1356677946262,2.060721,-3.7705321,5.102703
1356677946302,4.6862464,-2.1912932,4.718444
1356677946342,0.057563424,-0.8047347,4.449765
1356677946382,-0.98564583,-1.3259993,3.6547427
1356677946422,0.5067609,0.731307,4.302599
1356677946488,1.1770594,0.30824852,3.1170673
1356677946505,0.28288102,0.17215443,1.9976355
1356677946543,-0.2551871,-0.0564785,2.1548371
1356677946582,0.22096848,-0.20667839,0.8963213
1356677946622,0.95143396,-1.3278513,0.31934673
1356677946660,0.8707018,-1.636549,-0.44491583
1356677946702,0.55440974,-3.6459064,-1.7292994
1356677946742,1.5840278,-3.0695534,-1.0105786
1356677946782,-3.4168067,-1.5499163,-0.46160617
1356677946822,-3.052587,-1.7430592,1.2688007
1356677946862,-1.8149278,-3.2917986,-1.348269
1356677946902,1.5819633,-0.6352148,1.042161
1356677946942,-0.7286214,4.0699215,0.7779368
1356677946982,-1.8908,5.176771,-1.1279459
1356677947022,-0.9927081,6.4409747,-0.6235573
1356677947062,-1.2918842,6.085894,-1.0077788
1356677947102,-0.9001142,4.2813473,-3.0611947
1356677947142,0.7111169,0.4574623,-7.745183
1356677947182,1.382305,-1.1985607,-8.948614
1356677947222,0.920483,-0.757596,-5.9129677
1356677947262,0.5606588,2.410131,-6.1339836
1356677947302,0.144188,-7.7141457,3.1906514
1356677947342,-2.5408947,2.2948546,1.0564318
1356677947382,2.6763701,-0.04023409,8.25586
1356677947422,3.6407585,-3.5952563,4.7693467
1356677947489,-1.8267448,0.22441864,3.5663679
1356677947504,-0.49780402,-0.9542713,3.9466298
1356677947544,1.1243949,0.13342094,3.6243567
1356677947584,0.96757865,-0.34122753,2.2131467
1356677947623,0.576446,0.32415867,1.7531292
1356677947663,-0.3384919,0.33586025,3.0701962
1356677947702,0.099879324,-0.5103712,1.6047134
1356677947742,0.57284325,-1.3315458,-0.6106107
1356677947782,0.94555444,-1.984848,-0.24894059
1356677947822,0.39736903,-3.202962,-2.4626837
1356677947862,2.7336895,-2.9637938,-0.87285674
1356677947902,-2.4608846,-1.3215857,-1.2173972
1356677947942,-3.7161975,-1.958272,0.9117167
1356677947982,-2.3952975,-4.080635,-0.036573827
1356677948026,-0.31478786,-2.4379768,-1.1382363
1356677948062,-0.8140565,2.0425262,1.7300372
1356677948102,-1.6958394,5.03037,-0.31406826
1356677948142,-1.0668626,7.877864,-0.51103544
1356677948182,-0.87766886,7.594845,-0.45080245
1356677948222,-0.7974613,6.6989284,-1.683318
1356677948262,0.02681578,2.8922157,-5.1074624
1356677948302,2.0709465,-3.5357904,-11.496387
1356677948342,0.94687366,-1.3904381,-6.6293235
1356677948382,0.5078488,0.9406023,-6.7133594
1356677948422,0.5031184,-6.170183,3.183434
1356677948485,-2.8953643,3.105021,1.1053786
1356677948505,2.2737284,-0.23685074,6.8608313
1356677948544,4.70504,-3.8047562,5.678328
1356677948584,-1.7690936,0.17679358,2.9695942
1356677948623,-0.57158375,-0.8949003,4.3413706
1356677948662,0.92884153,0.26569748,3.8135223
1356677948702,1.1795727,-0.23168945,2.5765486
1356677948742,-0.13782331,0.095160484,1.9387212
1356677948782,-0.108097464,-0.16641521,3.0604243
1356677948822,-0.28337327,-1.284749,1.3594952
1356677948862,1.1503613,-1.9079342,-0.88215786
1356677948902,1.5759578,-2.5391188,-1.1299636
1356677948942,1.8123473,-4.397094,-0.5918514
1356677948982,-0.5819428,-2.803358,-0.18985385
1356677949022,-5.747682,-1.1121731,-0.61987007
1356677949062,-2.0947592,-2.3345642,1.0688193
1356677949102,-1.4929328,-2.6800594,-1.9047068
1356677949143,0.15443408,1.3236084,1.4180043
1356677949182,-1.0201738,4.0022845,-0.009744585
1356677949222,-1.3776357,5.7424693,-0.29146558
1356677949262,-0.76314557,7.428795,-0.8223322
1356677949302,-0.23932354,6.3401513,-1.5676223
1356677949342,0.3390521,4.971958,-4.045724
1356677949382,1.4618156,-0.9121332,-8.792493
1356677949422,1.4815466,-3.228712,-9.41687
1356677949485,0.7125084,1.0957146,-5.92204
1356677949499,0.72476983,-4.7774544,-2.4468055
1356677949542,-1.160446,-0.035065174,4.477864
1356677949582,0.37025017,1.1282754,3.2896252
1356677949622,4.919607,-4.5108695,6.7400894
1356677949662,-0.8382093,-0.17512894,2.6039171
1356677949702,-1.4914681,-0.30629635,4.3352165
1356677949742,0.52416414,0.16446686,3.5772026
1356677949782,0.53940606,0.08586025,2.1436982
1356677949822,0.9218886,0.607214,2.004781
1356677949862,0.7015928,0.51145077,2.836236
1356677949902,-0.6771318,-0.58460903,2.0772135
1356677949942,0.4004634,-1.6180115,0.58214134
1356677949982,1.0036554,-2.6401796,-0.3697865
1356677950022,1.7697128,-3.881627,-1.4733845
1356677950062,1.3817511,-2.7647533,-0.59615546
1356677950102,-4.81291,-1.1782141,0.06793803
1356677950142,-3.3848064,-3.1337996,1.8905834
1356677950182,-2.4237285,-3.9089432,-1.6739832
1356677950222,0.91907597,-0.720356,0.80475414
1356677950262,-1.1639571,4.291742,0.67776006
1356677950302,-1.3431079,7.0556107,-1.2257311
1356677950342,-0.9225322,6.7239003,-0.4828101
1356677950382,-0.73524517,6.0404806,-1.4700068
1356677950422,0.0033723712,4.706306,-4.330635
1356677950488,0.5588254,1.4467201,-7.0709515
1356677950505,1.3427172,-1.2805147,-9.228687
1356677950544,1.5693457,-0.4903288,-6.64142
1356677950584,1.0116047,-1.0288305,-5.318222
1356677950624,-0.75272596,-5.660041,3.6949487
1356677950663,-1.2692044,4.05578,1.6693048
1356677950702,4.3645463,-3.5174408,9.530566
1356677950742,1.8653278,-1.6868801,1.7379353
1356677950782,-1.0066296,-0.020903587,5.2563734
1356677950822,0.38612133,-0.8360634,3.8155758
1356677950862,0.48028436,0.504436,3.2308517
1356677950902,0.5842408,0.14849854,2.9045107
1356677950942,-0.25952792,0.35976505,2.4577746
1356677950982,-0.7254081,-0.60044956,2.5537372
1356677951022,0.33400983,-1.6342325,0.38574612
1356677951062,1.4069031,-2.6617184,-0.8291512
1356677951102,1.5571927,-3.8077202,-1.6347263
1356677951142,1.6906387,-3.625597,-0.5153642
1356677951182,-3.823079,-1.0319891,-0.9973422
1356677951222,-3.620179,-2.2136898,1.1088718
1356677951262,-2.1183555,-3.782668,-1.0311455
1356677951302,0.35865533,-1.0132456,-0.56889313
1356677951342,-0.8427923,2.8499022,1.6290877
1356677951382,-1.70704,5.772415,-0.6735487
1356677951422,-1.1060522,7.6973386,-0.110350005
1356677951487,-0.54953116,6.6621284,-0.79698926
1356677951504,-0.109699994,5.29505,-2.2035158
1356677951544,0.8761159,1.6405344,-6.3724236
1356677951583,3.2364767,-1.6647606,-9.824892
1356677951624,2.3186643,-0.8414469,-5.73459
1356677951662,0.54122514,-1.1698046,-4.9703298
1356677951702,-3.2575703,-4.586637,4.128647
1356677951742,-1.5398558,3.2293148,1.3758688
1356677951782,5.1347575,-4.5628066,9.658568
1356677951822,0.7270145,-2.6954136,1.1513897
1356677951862,-2.9989824,0.3615613,4.334235
1356677951902,0.22539562,-0.8777256,3.8770676
1356677951942,0.7477086,0.475317,3.27076
1356677951982,0.6428136,0.04051876,1.8662534
1356677952022,0.90982306,0.26195812,1.4857097
1356677952062,0.18411803,0.51157856,1.5626309
1356677952102,0.3864236,-0.3383894,1.1978023
1356677952142,1.2382573,-1.0998411,1.083005
1356677952182,0.27345008,-2.520155,-2.473968
1356677952222,0.5441003,-3.9198828,-1.5983193
1356677952263,1.3056278,-2.7080078,-0.74368423
1356677952302,-2.5427556,-0.33713436,-1.6329305
1356677952340,-1.8620577,-1.8551798,0.7543275
1356677952383,-1.5988436,-2.9714317,1.323661
1356677952422,-0.98157203,-1.0880232,-1.4335252
1356677952492,-0.52341455,2.1455593,-0.029873341
1356677952507,-0.12367222,4.6528144,-0.24411607
1356677952545,-0.7391604,6.6162353,0.38909438
1356677952584,-0.91260266,7.01579,0.20121226
1356677952624,-0.4861663,5.808051,-1.371601
1356677952664,0.5997471,2.808631,-5.281165
1356677952704,3.086,-2.077651,-11.217163
1356677952743,2.9804008,-2.7186584,-7.6417336
1356677952783,0.36908406,-1.9450121,-5.0707603
1356677952823,-0.41440785,-2.9719963,3.2563457
1356677952863,-2.7849731,2.22549,0.87339145
1356677952902,4.944374,-2.2725067,8.297093
1356677952944,1.7903447,-1.124723,2.3528595
1356677952982,0.08187321,-1.1829805,2.953308
1356677953032,0.78440803,0.0065965652,3.4713886
1356677953073,0.28360146,0.8619776,2.9798052
1356677953112,1.0512631,0.38945103,2.617042
1356677953154,-0.38534933,0.37959194,2.6186128
1356677953192,0.5825654,-1.0146303,2.2457943
1356677953233,1.5294755,-1.7373629,-0.079829276
1356677953272,0.99245477,-2.2699938,-0.30582583
1356677953313,1.6148915,-2.3922987,-1.7019618
1356677953354,1.3779101,-3.001134,-0.03729838
1356677953393,-3.9400601,-2.0036592,0.29638225
1356677953432,-2.7811906,-3.4512596,1.4159422
1356677953492,-1.820583,-3.2948217,0.31186128
1356677953515,-0.866965,-0.88267136,-1.2753701
1356677953554,-0.8451188,1.9457636,-0.18764828
1356677953594,-1.0338566,5.2250423,0.35252944
1356677953634,-1.9640324,6.9633684,0.75515896
1356677953674,-1.7345057,7.1208735,0.026901245
1356677953714,-0.80884933,5.926074,-1.9272871
1356677953754,1.2780755,1.72577,-7.5722
1356677953795,3.5024977,-2.444786,-11.845262
1356677953832,2.9985173,-1.7092409,-6.0957828
1356677953875,0.42001116,-0.6362629,-3.3593998
1356677953914,0.20708475,-4.9365883,5.143911
1356677953954,-1.4069433,1.6077905,2.8314888
1356677953995,4.5932326,-2.7253342,8.306885
1356677954034,-0.22145975,-1.4179626,2.6487865
1356677954075,-1.6468747,-0.088713646,2.7889864
1356677954114,0.41734302,0.86106205,3.8572962
1356677954155,0.29100358,0.8395686,3.7273822
1356677954193,0.6618401,0.606122,1.3649913
1356677954235,0.1747719,0.25471115,1.9331665
1356677954274,1.0324605,-0.012687683,1.3391811
1356677954315,1.0641923,-1.1842289,-0.039643474
1356677954354,0.5390285,-2.0549297,-0.25948438
1356677954394,0.65942216,-2.77005,-2.2035697
1356677954434,2.7277427,-2.4425964,-0.7723157
1356677954491,-1.9583656,-2.1044798,-0.98641807
1356677954515,-4.0310736,-2.792818,0.7554159
1356677954554,-1.9732279,-3.586712,1.5692744
1356677954595,-1.3245358,-2.282464,-2.2423773
1356677954635,-0.37678647,1.5291872,0.18173072
1356677954674,-1.3136871,5.0411153,-0.04064673
1356677954715,-1.6402644,6.235884,0.25052622
1356677954753,-1.9454532,7.4667225,0.026034474
1356677954795,-1.2885526,6.1855874,-1.8804278
1356677954834,0.46729755,2.7009711,-5.3573546
1356677954874,3.1300364,-2.397788,-12.584327
1356677954913,3.1853344,-2.3293915,-7.6446447
1356677954954,0.7741499,-0.49119854,-6.5982866
1356677954994,1.4698539,-4.0740137,2.3356185
1356677955034,-5.507942,2.3615665,1.0375878
1356677955074,4.465248,-2.2962775,10.649435
1356677955114,3.9034576,-2.3480906,4.11235
1356677955152,-2.0455508,-0.16327953,3.6117353
1356677955191,-0.73696685,0.5587487,3.2786171
1356677955233,0.5082246,0.84690046,3.8524182
1356677955273,0.7622771,0.113557816,2.5296884
1356677955312,0.8043239,0.575614,2.0498345
1356677955352,-0.6951737,0.13928986,2.579753
1356677955392,0.24343503,-1.2786112,0.71235853
1356677955432,1.1345372,-1.7844906,-0.3717784
1356677955489,0.8782655,-3.0993872,-0.7075999
1356677955525,1.41486,-3.96739,0.093871
1356677955563,-4.2644486,-1.571518,-1.5427659
1356677955603,-3.3295536,-2.380948,1.1824057
1356677955644,-1.7484795,-3.0415564,0.40331793
1356677955683,-0.09639192,-1.0409422,-1.0495746
1356677955724,-1.3010643,2.4857593,0.83632517
1356677955763,-1.5307187,5.100596,-1.04145
1356677955802,-1.6843985,6.3137794,-0.31373736
1356677955842,-1.214188,6.6765957,-0.24442364
1356677955882,-0.55803037,5.928006,-2.2934299
1356677955922,1.1430955,2.6773314,-6.128746
1356677955962,3.394905,-1.8916016,-10.567205
1356677956002,2.1792364,-1.5785799,-7.602844
1356677956042,1.321949,0.7605624,-5.3809547
1356677956082,0.2531715,-5.2109547,5.352378
1356677956122,-3.5411196,1.0567737,-0.12195718
1356677956162,3.7702513,-2.0372853,10.090094
1356677956202,1.639459,-1.5151243,3.5632648
1356677956242,-2.5044222,-0.5363717,3.0290582
1356677956282,-0.78489333,-0.24161339,3.7368202
1356677956322,0.8942746,0.7311282,4.6589603
1356677956371,0.683437,-0.1108017,1.5340962
1356677956411,0.19571757,-0.0104961395,1.8058256
1356677956488,0.016426444,-0.3135023,2.0517182
1356677956505,0.44024158,-1.2908373,-0.2592523
1356677956545,0.4286059,-1.9136639,-0.6901613
1356677956583,1.5445347,-2.9130335,-1.7297244
1356677956623,2.3840744,-3.043045,-0.95152074
1356677956664,-3.0149517,-1.325717,-1.1768078
1356677956702,-2.4476326,-3.2868328,1.9036148
1356677956743,-1.9108193,-3.788293,-0.3819144
1356677956783,-0.29046893,-1.6339359,-1.2108243
1356677956825,-1.8852406,2.2945366,0.60137236
1356677956862,-1.3240606,5.649949,-0.6820081
1356677956904,-1.5779713,6.9730825,-0.2807247
1356677956942,-1.522831,7.4018593,-0.434928
1356677956982,-0.8359609,6.4116583,-3.433261
1356677957022,1.3364906,1.9851608,-7.833585
1356677957062,2.7645457,-3.9313927,-11.554597
1356677957102,2.0397499,-0.64230347,-5.3811493
1356677957142,0.51971966,-4.411769,-1.5928649
1356677957184,-3.4609487,2.7167597,2.6103554
1356677957222,3.3306732,-1.9408445,8.765827
1356677957263,2.5842245,-2.5026999,3.5241325
1356677957302,-1.1255004,-0.93900156,3.5357163
1356677957344,-0.38596404,-0.66918564,3.0308175
1356677957382,0.053688526,1.3310037,3.852693
1356677957422,0.56083274,0.33053493,3.4104848
1356677957485,0.8695569,0.16460991,1.7642101
1356677957503,-0.08863199,-0.20124626,1.6249664
1356677957543,0.031224191,-0.7132759,1.5591218
1356677957583,0.9609925,-1.6231709,-0.2830326
1356677957624,0.40558076,-2.4877071,-0.36690134
1356677957662,1.2597651,-3.6878347,-1.659536
1356677957703,0.94208527,-2.6641045,-0.71167904
1356677957743,-4.0222306,-1.1066408,-1.1017491
1356677957782,-2.3538194,-3.2617245,2.268119
1356677957823,-1.6574731,-3.526617,-1.3691342
1356677957863,-0.20327789,-0.07695103,0.23392504
1356677957904,-1.5782777,3.552528,0.29628038
1356677957942,-1.325851,5.9145784,-0.35296527
1356677957983,-1.416532,7.6363945,-0.08294441
1356677958026,-0.99359155,7.3727875,-0.99903387
1356677958070,0.49498025,4.3877773,-4.631811
1356677958113,2.5372012,-1.3938618,-10.681082
1356677958153,2.726108,-2.5014038,-7.441717
1356677958193,1.4533453,3.3937044,-6.4384813
1356677958232,-0.415473,-2.8016405,3.91485
1356677958273,-2.2294,-5.799092,-0.02453947
1356677958312,1.4355597,0.34616423,8.26977
1356677958352,4.0792274,-3.4421597,6.1352296
1356677958392,-2.2329335,-1.2050729,2.180797
1356677958433,-1.2109859,-0.58821106,3.1200078
1356677958489,0.8439059,0.64108753,4.0827103
1356677958523,0.47466892,0.74748087,2.7909226
1356677958563,0.11840522,0.22890186,1.5926312
1356677958603,0.20941627,-0.13136673,1.7421815
1356677958642,0.10430735,-1.0333767,0.354254
1356677958682,0.49906856,-1.9546633,0.042291388
1356677958722,-0.5742125,-2.344551,-1.7322032
1356677958762,2.8339617,-3.3111782,-1.159652
1356677958802,-0.25797394,-1.885005,-1.2644672
1356677958842,-3.7499044,-1.2452106,-0.5340743
1356677958882,-1.0080224,-3.3963737,2.2434375
1356677958922,-0.078995526,-3.0047598,-1.800205
1356677958962,-0.35507712,0.6576681,0.17766416
1356677959002,-0.8289675,4.210541,-0.008018047
1356677959042,-0.834546,5.6522765,-0.6905301
1356677959083,-1.7054884,7.177422,0.07975891
1356677959122,-1.1955206,6.4348364,-1.1864522
1356677959164,-0.40341312,4.911316,-3.9702692
1356677959202,2.4166873,-0.73881626,-9.700928
1356677959243,3.1115258,-4.3447638,-10.79476
1356677959282,1.4571661,3.0676584,-5.684485
1356677959324,0.6045498,-2.6184902,-0.14236897
1356677959362,-2.5033844,-2.4248981,1.4733592
1356677959402,-1.7582431,2.1389017,4.006321
1356677959442,4.795744,-3.638925,9.809437
1356677959505,-0.98938346,-0.8912444,2.4493427
1356677959524,-2.8461986,-0.61714077,3.5620995
1356677959563,0.1647169,-0.3833952,4.5704503
1356677959603,0.61358196,0.42479324,4.266344
1356677959643,0.9502283,-0.13257599,2.214556
1356677959682,0.2164821,-0.40107727,1.812718
1356677959722,0.18718034,-0.5353441,2.019003
1356677959762,0.31545687,-1.2057734,0.58590245
1356677959802,1.3038809,-2.0638304,-0.5392101
1356677959842,0.21012095,-2.6455631,-1.7595125
1356677959882,2.373773,-3.4925346,-0.644405
1356677959922,-1.9555354,-1.2285433,-1.6265349
1356677959962,-3.2057242,-1.1413813,0.04186082
1356677960002,-0.36831295,-3.2283697,1.4123075
1356677960042,-0.16641188,-2.7839928,-1.8896618
1356677960082,-1.1689117,0.677865,-0.55951375
1356677960122,-1.081796,4.246317,-0.20262398
1356677960162,-1.2963754,6.036988,0.04786113
1356677960202,-1.4190828,7.1101327,0.16486663
1356677960243,-0.95555997,6.4927025,-1.3482285
1356677960282,0.28872502,3.8746347,-4.182608
1356677960322,3.2408586,-1.6347799,-10.950011
1356677960363,2.9163365,-2.2483482,-8.014056
1356677960402,0.77953255,1.8771186,-5.1871777
1356677960445,-0.45252502,-5.994918,0.86146384
1356677960493,-3.7817752,1.5536923,0.86438495
1356677960525,1.7689191,-0.44117737,8.105803
1356677960564,3.9738102,-2.6054797,7.0781803
1356677960605,-2.6794667,-0.15438938,2.7398186
1356677960644,-1.4573765,-0.73496056,3.7973475
1356677960683,0.46075463,0.38232327,4.210952
1356677960723,1.2136366,0.14522839,2.977592
1356677960763,0.5762578,-0.12719917,1.3556131
1356677960802,0.40838897,-0.011935234,2.4708178
1356677960842,-0.0034901798,-0.7993059,0.65895087
1356677960882,1.4421216,-2.0903711,0.22604665
1356677960920,0.45298976,-2.0856361,-0.47334304
1356677960962,1.0468935,-3.7741375,-1.5251896
1356677961002,1.0340508,-2.7789288,-0.9196292
1356677961042,-4.0738935,-0.6975193,-1.2573498
1356677961082,-2.6777434,-2.6508589,0.8565801
1356677961122,-1.1821271,-3.4559116,-0.36007208
1356677961162,0.3765843,-0.6295204,-0.45078754
1356677961202,-1.6502308,3.0785336,0.25272506
1356677961242,-1.4009416,5.379957,-0.7054286
1356677961282,-1.3672557,7.216907,-0.06136337
1356677961322,-1.0378735,7.2599244,-0.6297767
1356677961362,-0.5348596,5.572992,-3.1338315
1356677961402,1.5739291,0.19645977,-7.6163225
1356677961442,2.6835926,-3.3389158,-13.289201
1356677961485,1.0917268,-0.0984478,-4.527204
1356677961523,-0.6418632,-2.8982153,-1.9003224
1356677961563,-1.460169,-1.8538322,3.1733956
1356677961603,0.8475069,0.35362005,5.0805426
1356677961651,4.396162,-2.4075975,8.186806
1356677961683,-1.2348291,-0.35239506,2.7919617
1356677961723,-0.5432711,-0.88513374,3.0886276
1356677961763,0.57634133,0.44275284,3.7409494
1356677961803,1.1799028,0.35342312,3.376996
1356677961844,1.1064583,0.02282238,1.3161458
1356677961883,0.3479913,0.5763092,2.0745735
1356677961923,0.051929623,0.32289124,1.851752
1356677961963,-0.43857524,-0.35830593,1.3418922
1356677962002,0.06685865,-1.9367876,0.2934146
1356677962042,-0.6288182,-2.8289185,-1.3618885
1356677962082,2.506404,-3.6903267,-2.1178381
1356677962122,1.4448475,-2.8610106,-0.19371712
1356677962162,-4.0182343,-0.80663586,-1.6442231
1356677962202,-2.3341138,-2.5542345,1.8341968
1356677962242,-2.1811807,-2.8563986,0.22544467
1356677962282,-1.2658179,-0.09958935,-1.0631447
1356677962322,-1.1102083,2.8235483,-0.112991065
1356677962362,-0.5906404,5.186585,-0.31185234
1356677962402,-1.1756762,6.35397,0.15557936
1356677962442,-0.715124,6.531702,-0.50050026
1356677962485,-0.032265425,5.706285,-2.6375515
1356677962524,1.719218,1.0087309,-6.4404984
1356677962565,4.3463125,-2.4563618,-11.075008
1356677962604,1.910293,-0.025556564,-4.782886
1356677962644,1.4465091,1.6827621,-3.7106571
1356677962684,-1.532803,-7.146227,5.476599
1356677962724,-1.0541214,1.6897521,2.1911492
1356677962765,5.095443,-4.0260344,9.709886
1356677962804,-2.2400973,-0.5982337,0.98732793
1356677962845,-2.2501297,-0.08839607,2.8664043
1356677962883,0.5016641,0.8461251,4.715683
1356677962923,0.2800532,0.15100384,3.2400973
1356677962963,0.6616925,-0.091156006,1.3768247
1356677963003,0.88848263,-0.23670483,1.2574775
1356677963042,0.16855195,-0.61372757,0.9234352
1356677963082,0.6578487,-1.1617498,0.16579512
1356677963122,0.31505924,-1.7809935,-0.8959106
1356677963162,0.6644213,-3.1982546,-1.6745331
1356677963202,1.6421098,-3.1986227,-0.6175079
1356677963242,-4.180561,-1.440485,-0.9121037
1356677963282,-1.7614071,-2.5012789,1.1473398
1356677963322,-1.3503509,-3.0124207,0.3585136
1356677963362,-1.2008541,-1.0858755,-1.6181608
1356677963402,-1.1838341,2.8253393,-0.0050940514
1356677963442,-0.41148075,4.9874196,-0.10977775
1356677963484,-1.2910972,6.0685472,-0.32237372
1356677963523,-1.1125228,6.5675793,-0.5954999
1356677963564,-0.07011914,6.041306,-2.5536604
1356677963603,1.2490624,3.2437859,-6.422027
1356677963646,3.8374238,-3.9063501,-10.577946
1356677963682,2.1805644,-0.982461,-7.339925
1356677963722,1.8223281,-4.2202682,-4.8272347
1356677963760,-3.0037735,1.9605575,5.4935045
1356677963802,-1.0090275,0.09080696,2.0119658
1356677963843,4.196235,-2.9867883,6.6738195
1356677963882,-0.4161029,-0.6012902,3.1315975
1356677963932,-0.486198,-0.90984535,2.7715452
1356677963972,0.254225,0.37724686,3.8115263
1356677964012,0.26220584,0.76018095,3.463354
1356677964052,0.936235,0.07396221,2.142285
1356677964092,-0.15723562,0.07200718,2.083752
1356677964132,0.15868032,-1.2070074,2.2366595
1356677964172,0.7876774,-1.7295408,-0.05105847
1356677964212,0.6770771,-2.5803928,-0.8588095
1356677964252,1.7152402,-3.6392746,-1.3193808
1356677964292,0.16327447,-2.6492615,-0.3974449
1356677964332,-4.3877945,-0.6095686,-1.5954065
1356677964372,-2.805695,-2.7387428,1.1695921
1356677964412,-1.8328507,-3.0108147,-0.7705834
1356677964484,-0.28814214,-0.8771496,-0.43257356
1356677964491,-1.655713,3.7968206,0.39200434
1356677964534,-0.9467794,5.6331143,-1.2320688
1356677964572,-0.894263,6.9223795,-0.27004632
1356677964613,-0.38441595,7.110179,-0.7883653
1356677964653,0.31213763,5.9094534,-3.0863905
1356677964693,2.1499958,0.61733246,-8.503102
1356677964734,2.2338016,-2.0687313,-10.629289
1356677964772,1.8324268,0.7602873,-5.4705796
1356677964814,0.36358157,-4.037385,-2.9218903
1356677964852,-2.6074483,-1.3890104,2.7296882
1356677964892,1.934961,0.9709153,5.270159
1356677964932,4.484842,-3.9998636,7.3804073
1356677964972,-1.491553,-0.38015556,2.8550344
1356677965012,-1.422756,-0.6489887,3.6457386
1356677965059,0.16957077,-0.26458073,3.7863564
1356677965102,0.68700135,0.31135845,3.6034453
1356677965142,0.55665493,0.020893097,2.4064426
1356677965182,-0.5177749,-0.008235931,2.4020865
1356677965222,0.32046798,-0.84916687,2.2682729
1356677965262,0.22510862,-1.5838013,0.008497059
1356677965302,0.045544446,-2.0039148,-0.1534282
1356677965342,0.15791869,-2.644786,-1.7400959
1356677965382,2.2616262,-3.200448,-0.26027498
1356677965422,-3.0852032,-1.3446379,-0.98601687
1356677965483,-2.6515849,-2.5994673,1.3091149
1356677965503,-1.4396907,-3.3671198,0.7188656
1356677965543,-0.9447666,-2.164483,-2.253017
1356677965583,-1.5055549,2.309784,0.710985
1356677965623,-0.55324656,4.6531434,-0.7398507
1356677965664,-0.78865516,6.573244,0.039897263
1356677965702,-0.58967507,7.337517,-0.67919993
1356677965742,-0.017657429,6.37048,-2.6452
1356677965782,0.9911652,3.1939616,-6.657238
1356677965822,3.0606456,-3.308344,-9.9631
1356677965862,1.5952048,-0.12642574,-7.7974076
1356677965902,0.4601123,-4.6658726,-5.433987
1356677965942,-1.6237096,-0.22297859,6.050553
1356677965982,-2.1072452,4.2171965,0.7196647
1356677966022,5.9725904,-6.0302835,9.361416
1356677966062,-0.47170943,-0.19384098,1.6743593
1356677966102,-1.8029243,-0.5566511,3.2217832
1356677966142,0.67830926,-0.60123634,3.7477694
1356677966182,0.26264784,0.8662386,3.2988331
1356677966222,0.9320479,0.019255638,2.748151
1356677966262,0.47458047,0.017152786,1.5335459
1356677966302,0.48619896,-1.5604162,2.759739
1356677966342,1.0240976,-1.3655844,-0.447909
1356677966382,0.21631764,-2.6505814,-0.30787358
1356677966422,1.6407446,-3.7992315,-0.47566348
1356677966479,0.12062025,-2.336609,-0.9407607
1356677966521,-4.447224,-0.29611492,-1.735049
1356677966542,-2.7645097,-2.2812204,0.94019043
1356677966582,-1.2198713,-2.6487389,-0.25613558
1356677966620,0.37980288,-0.120324135,-0.185593
1356677966662,-1.1669025,3.1808453,0.08268115
1356677966703,-0.97428894,4.545099,-1.9126099
1356677966748,-0.7005366,6.460474,-0.26337165
1356677966779,-0.42886868,6.9723606,-0.6583103
1356677966821,0.48245385,5.575744,-2.5791054
1356677966862,1.9538527,1.7366495,-6.6367855
1356677966903,1.8875632,-2.4960032,-9.249647
1356677966942,1.2133472,-0.14764023,-5.7967963
1356677966982,0.73746204,3.1308398,-4.8615847
1356677967022,-0.25168157,-8.35732,2.9565945
1356677967062,-2.6667228,0.25132513,1.1004828
1356677967102,1.5131243,-0.30668592,7.6622934
1356677967142,4.487215,-4.2590365,7.0318594
1356677967182,-2.2563124,-0.43025398,2.3760288
1356677967230,-0.5947586,-0.33272743,3.79134
1356677967271,0.996742,0.49174643,4.718044
1356677967312,0.5328144,0.37863827,2.5924556
1356677967352,-0.10898038,0.22442532,1.3875235
1356677967392,0.8211566,-0.6347084,2.0821722
1356677967432,0.1430819,-0.9347534,0.46551254
1356677967485,0.06717554,-2.009513,0.4112024
1356677967524,-0.8421352,-2.522935,-1.4740834
1356677967562,3.0296338,-3.253006,-1.3064919
1356677967602,-0.5767582,-1.8571405,-1.166113
1356677967642,-4.25509,-1.0877619,-0.78319025
1356677967682,-1.1558744,-3.0266743,2.1132848
1356677967722,-0.45843378,-2.7660408,-1.7803594
1356677967762,-1.0124032,0.97850895,0.24205995
1356677967802,-0.5185179,3.4802494,-0.48193732
1356677967842,-0.2888335,5.3189282,-0.4203234
1356677967882,-1.1226157,7.436758,0.63289523
1356677967922,-0.8996235,6.9054985,-0.9121041
1356677967962,-0.10615471,5.422823,-3.7645783
1356677968002,1.4303452,-0.30818748,-8.701413
1356677968042,3.5092266,-2.9561472,-9.752635
1356677968082,2.4050615,2.8954635,-6.8467746
1356677968123,1.2475672,-0.80216885,0.43526423
1356677968162,-4.4124484,-6.264097,1.4113481
1356677968202,-0.26565254,2.9210267,7.1221495
1356677968242,3.1734676,-5.397534,8.120186
1356677968282,-2.1311646,-1.0522842,2.2691407
1356677968322,-1.2547853,-0.63629866,3.2968476
1356677968362,0.299343,0.047203064,4.065012
1356677968402,0.6608838,0.14989758,3.229776
1356677968442,0.41375756,0.0138196945,1.8730613
1356677968485,-0.17994578,-0.42309475,1.8825204
1356677968524,0.6303911,-1.0483799,1.569682
1356677968563,1.3759651,-1.7928448,-0.9113005
1356677968602,0.3477978,-2.3266945,-1.5780959
1356677968642,1.3701257,-2.203227,-2.4406383
1356677968682,2.4546347,-2.4371738,-0.08689135
1356677968722,-3.968316,-0.9918852,-0.77983725
1356677968762,-2.9389307,-2.4826584,1.2475712
1356677968802,-0.8869984,-3.6515083,0.3052172
1356677968842,-0.12853155,-0.98330784,-1.1525419
1356677968882,-1.7533144,3.259263,0.32626966
1356677968922,-0.6270676,5.0899415,-0.74504626
1356677968962,-1.0241985,6.568472,0.119768366
1356677969002,-0.91302013,6.8411736,-0.09110168
1356677969042,-0.1782408,5.957965,-2.1948051
1356677969083,0.8660215,3.598693,-5.707718
1356677969122,3.4948196,-2.3592968,-9.939594
1356677969162,2.890823,-2.066968,-7.617183
1356677969203,1.4523863,2.3871512,-4.859664
1356677969243,-1.485773,-6.3187895,3.6939883
1356677969283,-2.8154159,-0.2731471,-0.9697155
1356677969332,3.2785347,-2.7068906,9.296376
1356677969378,0.8812512,-1.8959188,3.3910382
1356677969412,-2.262725,-0.3923583,3.7263982
1356677969475,-0.40629268,-0.24098873,4.4774814
1356677969490,0.73435783,0.98790073,4.2179437
1356677969530,0.8310593,0.01609993,2.696299
1356677969572,-0.17914952,0.10713482,0.77592933
1356677969612,0.5105102,0.18926144,2.057682
1356677969652,-0.26218638,-0.8311033,0.572018
1356677969692,1.5558825,-1.5790138,0.15791976
1356677969732,-0.3418552,-1.7192574,-1.7907995
1356677969771,1.8782569,-3.4196873,-1.3751683
1356677969812,0.08675506,-1.919776,-1.7064952
1356677969852,-3.8575554,-0.88961697,-0.75790995
1356677969892,-1.0538385,-3.4072695,1.1963495
1356677969932,-0.092509285,-3.7242317,-1.4818013
1356677969972,-0.7897974,-0.39833546,-0.6489316
1356677970012,-1.5947,4.2894707,0.2751467
1356677970052,-1.1996491,6.7094927,-0.42531934
1356677970092,-0.5591507,7.4203205,-0.03048493
1356677970132,-0.43583077,7.543804,-0.8804771
1356677970172,0.081293255,6.459002,-3.8352506
1356677970213,2.7193468,-3.1763926,-9.679267
1356677970252,1.5569079,-3.1986809,-9.982725
1356677970294,1.1695733,-2.4862776,-4.7442265
1356677970332,-1.0555834,-0.39037323,4.0257187
1356677970372,-2.1466494,3.205266,1.2570406
1356677970412,3.6670752,-3.8661728,8.63999
1356677970481,0.85165524,-1.0341763,2.6204388
1356677970495,-1.5485998,-0.75873137,3.0471432
1356677970534,-0.08218613,-0.90189743,3.7958248
1356677970574,-0.012218203,0.6967306,3.6687136
1356677970613,0.50827205,-0.27775002,3.0333033
1356677970652,-0.08784477,-0.18876266,1.0910012
1356677970692,0.7106228,-0.41096783,1.7049322
1356677970732,-0.2811115,-1.0634956,0.68587303
1356677970772,0.9452623,-2.0340862,0.043535486
1356677970812,-0.39724213,-2.1524248,-1.3162808
1356677970853,1.7628322,-3.7034683,-1.739774
1356677970892,0.65339893,-2.2186441,-0.9315951
1356677970932,-4.597144,-0.58193207,-0.73078436
1356677970972,-1.5783186,-2.7882118,0.5924657
1356677971012,-0.17351702,-3.7628632,-0.82676667
1356677971052,-0.2089777,-0.44648838,-0.36840466
1356677971092,-1.6322672,3.1378503,0.23736683
1356677971140,-1.2277793,6.3304853,-0.26055628
1356677971181,-1.1718316,7.3240824,0.19783622
1356677971222,-0.29942286,6.2718167,-0.94499767
1356677971262,0.4423483,4.275383,-3.6760745
1356677971302,2.0896144,-0.8172207,-8.672595
1356677971343,2.4965363,-2.7126188,-9.333494
1356677971382,1.0412534,1.9968138,-5.0343986
1356677971422,0.32116866,-3.26412,-1.065052
1356677971479,-1.8191142,-3.064587,1.2003988
1356677971503,-1.2868304,2.6008945,2.895619
1356677971543,4.8904514,-3.4718394,9.099644
1356677971583,-0.1540809,-0.8048787,2.5825078
1356677971623,-2.396654,-0.5862684,3.366585
1356677971663,0.103911124,-0.41415787,3.8838162
1356677971704,1.1566085,0.0640192,3.9810405
1356677971743,0.41043404,0.12251568,2.0004835
1356677971784,0.23936656,0.12507343,2.0471065
1356677971823,0.356575,-0.2453785,1.826343
1356677971863,-0.07814768,-1.1987906,0.51152325
1356677971903,1.2744458,-1.7343731,0.033559576
1356677971942,0.20468643,-2.531334,-1.4686469
1356677971982,2.3763826,-3.9106512,-1.0468252
1356677972022,-1.0535651,-1.8512106,-0.92485297
1356677972062,-4.701079,-0.6396332,-1.007718
1356677972102,-1.8116959,-2.6935835,1.4432708
1356677972142,-0.06761144,-3.5543995,-1.3298695
1356677972183,-0.004597917,-0.35864067,-0.38860014
1356677972224,-1.0928613,4.197262,-0.2630902
1356677972262,-1.1189934,6.3924537,-0.43485194
1356677972302,-1.0938661,7.34867,0.3627971
1356677972340,-0.73447543,6.567846,-0.5779812
1356677972382,0.14294755,5.259701,-3.223289
1356677972422,2.7694302,-0.4765072,-8.2327385
1356677972477,3.5995402,-4.392583,-9.626792
1356677972504,1.5575371,0.6647816,-6.3990135
1356677972544,1.153515,-3.3740587,-1.1531506
1356677972584,-1.4246136,-2.3163419,4.7123213
1356677972623,-2.2459805,2.6463242,0.95163596
1356677972663,4.9792233,-5.288119,9.444338
1356677972703,-1.0950696,-0.89792013,2.1011033
1356677972743,-2.3855543,-0.5855131,3.1585023
1356677972784,-0.089310035,-0.08368015,4.2255945
1356677972824,0.025320739,1.1712599,4.1291428
1356677972863,0.5693745,0.7367687,2.5759356
1356677972903,-0.48629105,0.3562107,1.7458032
1356677972943,0.33750787,-0.48276806,0.9115898
1356677972983,0.7751553,-1.4108505,-0.17412877
1356677973029,1.0439405,-1.688797,-0.22748192
1356677973062,0.37245476,-3.0245838,-1.2905937
1356677973102,1.8715396,-3.5655499,-0.72662467
1356677973142,-3.3231993,-0.67809486,-1.2991357
1356677973182,-3.2484236,-2.086691,0.34497988
1356677973222,-1.4886901,-3.1732244,0.15261936
1356677973262,-0.67337996,-1.9870348,-0.66302645
1356677973302,-1.5754395,2.127901,0.23384026
1356677973342,-0.96413916,5.279708,-0.8142553
1356677973382,-0.525273,6.8344164,-0.2724454
1356677973422,-0.112053454,7.202563,-0.8735944
1356677973471,0.41067684,6.491691,-2.7000997
1356677973503,1.1544886,3.5574985,-5.3750715
1356677973543,2.2225108,-3.6659641,-11.063906
1356677973584,1.5431099,-1.8809252,-6.410023
1356677973624,1.6546787,2.1449337,-5.364322
1356677973664,-0.14775676,-6.135685,3.4992886
1356677973705,-3.1108022,1.3923616,-0.21278489
1356677973743,2.5688608,-1.9547071,8.767935
1356677973783,2.7991977,-2.8336496,5.467952
1356677973824,-2.0972412,0.104147434,2.812787
1356677973862,-0.38820663,-1.2141848,4.018634
1356677973900,0.43226993,0.27775764,3.6382086
1356677973942,0.62531585,0.09508705,3.4039273
1356677973982,0.063299656,0.12541771,1.5701697
1356677974022,0.17964461,-0.10856819,2.036517
1356677974062,0.1339781,-0.57679176,1.2542443
1356677974102,0.31578666,-1.0032759,-0.046274975
1356677974142,-0.16203508,-1.5510206,-0.5445027
1356677974182,1.0023285,-3.033948,-1.2533305
1356677974222,1.2475414,-3.2681885,-0.48690182
1356677974262,-4.1535206,-0.061493874,-1.3779082
1356677974302,-2.5772092,-1.7680197,-0.02654612
1356677974342,-1.1177665,-3.1847658,-0.08552235
1356677974382,0.36087105,-1.8811226,-0.8650795
1356677974422,-1.7750258,2.193037,0.34497437
1356677974462,-0.83025926,4.5411086,-1.1861391
1356677974502,-0.11080241,6.444423,-0.41194588
1356677974542,-0.3068791,6.837714,-0.36701852
1356677974582,0.38851348,6.1055126,-1.9962058
1356677974622,1.0206518,2.6948624,-4.930395
1356677974663,2.5157046,-3.0862236,-10.4123955
1356677974702,1.8830833,-1.387682,-5.0222893
1356677974743,1.215918,0.39196873,-5.2402267
1356677974782,-0.93138707,-5.4691105,1.9280847
1356677974823,-3.5091314,3.0504003,-0.09843373
1356677974862,2.6460326,-2.4494915,7.742877
1356677974902,3.6223826,-2.9841719,6.330406
1356677974942,-1.5581182,-0.024754047,3.253673
1356677974982,-0.42591426,-1.3315287,3.6769123
1356677975022,0.12908578,-0.2891302,3.4703484
1356677975080,0.34060663,0.1635027,3.0449371
1356677975102,0.68765926,-0.041326523,1.4461647
1356677975142,0.36267543,0.4975481,1.7091318
1356677975180,-0.12385045,0.12856865,1.5848471
1356677975222,-0.10911398,-0.2845564,0.3030635
1356677975262,0.32606962,-0.6440058,0.5961493
1356677975302,-0.43600398,-1.6232586,-0.25994188
1356677975342,0.95796865,-2.7187195,-0.9421804
1356677975382,1.102009,-2.8520765,-1.2215655
