1356678022882,0.0,0.0,0.0
1356678022922,4.7683716E-7,0.14970875,0.12248823
1356678022964,-0.108875275,-0.041644573,-0.3000782
1356678023002,-0.10828781,-0.42439175,0.040240686
1356678023042,-0.18799448,-0.35679293,-0.19021231
1356678023084,-0.03351116,0.06925392,0.31705934
1356678023122,0.09684944,0.12044096,-0.60379875
1356678023161,-0.015821457,-0.12289238,-0.4329491
1356678023202,0.035141945,-0.1463728,0.19140375
1356678023244,-0.038253784,0.16972351,0.08567092
1356678023282,0.008158207,0.033598423,-0.5474609
1356678023322,0.010946274,-0.18827009,-0.55236423
1356678023362,0.20208311,0.048768997,0.085086785
1356678023402,0.2409935,-0.09850645,0.33069712
1356678023442,0.23558664,0.13423777,0.1410678
1356678023483,0.26577568,-0.0284729,0.35492307
1356678023522,0.2902875,-0.17779016,0.7076082
1356678023562,0.26735258,0.095249176,0.28161818
1356678023602,0.34723043,-0.09405756,0.36862546
1356678023642,0.5036645,-0.36378622,1.1467721
1356678023684,0.81745696,-0.08611488,1.0084133
1356678023722,1.2209189,-0.77154684,0.7475551
1356678023763,1.624316,-1.1759987,0.42742828
1356678023805,1.2747846,-0.8051634,0.09738476
1356678023843,1.1425271,-0.9036565,0.5657002
1356678023882,0.8494971,-0.25946188,0.20938519
1356678023926,0.5071528,-0.23605013,0.041776955
1356678023963,0.38768888,-0.2856846,0.012417585
1356678023993,0.28422952,-0.19513321,0.14902866
1356678024022,0.19898868,-0.15730476,0.06886464
1356678024062,-0.03391719,0.060224533,0.045247316
1356678024102,0.0012168884,-0.20016003,0.11447269
1356678024142,-0.10108948,-0.77523804,0.33978623
1356678024182,-0.21874928,-1.1287718,-0.16874206
1356678024222,-9.3078613E-4,-1.0594444,-1.4403375
1356678024262,0.08425808,-1.9293003,-0.67830116
1356678024302,-0.2830372,-2.5945807,0.4511237
1356678024342,-1.4208629,-0.1423397,-0.1312918
1356678024382,-2.727671,1.0418901,-0.27853417
1356678024422,-3.1813424,0.7081394,-0.040225565
1356678024462,-1.5474846,-0.16839314,-0.14529097
1356678024502,-0.09951377,-0.7710972,-0.06661418
1356678024542,0.42010307,2.2809443,-0.45920753
1356678024582,0.49759436,3.1435466,-1.660818
1356678024622,0.7056098,3.4437304,-1.3742543
1356678024662,1.4322965,3.3692675,-1.9412347
1356678024702,1.9751925,2.7848525,-3.1281028
1356678024742,2.2295432,1.7333064,-3.9526846
1356678024805,1.9892967,1.1045952,-4.370289
1356678024824,1.3598919,0.84173536,-4.898849
1356678024863,0.45418215,0.045081615,-4.573733
1356678024903,-0.031590223,-0.6352525,-3.9269216
1356678024944,0.29007268,0.18941593,-3.624042
1356678024982,0.6867957,0.1747365,-2.998282
1356678025020,-0.7447686,-4.4554963,-0.79460764
1356678025062,-3.26219,0.44650745,3.0038168
1356678025102,0.058706045,-2.0160275,5.163272
1356678025142,1.9208997,-2.385005,7.4136705
1356678025182,-0.062235117,-0.6215663,4.035095
1356678025222,-0.89786077,-0.67920923,3.6952596
1356678025262,0.5981779,-0.72573566,3.686572
1356678025302,1.1842227,-0.4696474,2.8210676
1356678025342,0.9487603,-0.15884781,1.7809591
1356678025382,0.7852998,0.2104907,1.3305371
1356678025422,0.80164003,0.021119118,1.2250197
1356678025462,0.37594676,-0.37237835,1.6293505
1356678025502,-0.23408365,-1.1803598,1.4415631
1356678025542,-0.57698846,-2.155774,-0.30172896
1356678025582,-0.5110421,-2.130622,-1.4269204
1356678025622,-0.38765454,-3.9509783,-0.55801475
1356678025662,-0.6471634,-1.8297358,-0.0032521337
1356678025702,-3.3986082,1.0428057,0.41768035
1356678025742,-3.8282027,-1.1351728,0.7678318
1356678025803,-3.2820787,-1.0576124,0.3546103
1356678025824,-0.33135462,-0.07056522,0.012562145
1356678025863,-0.40006328,3.204043,0.8723004
1356678025903,0.48380756,4.7640324,-1.0595553
1356678025943,1.3182168,6.0989475,-0.5863258
1356678025983,1.5369384,5.575069,-0.9744589
1356678026013,2.0074215,4.0458875,-2.944144
1356678026044,2.095643,3.0927386,-5.476594
1356678026083,2.2073581,0.9043908,-7.504584
1356678026122,1.9550521,-1.9156675,-8.52191
1356678026164,0.35667038,-0.24872589,-6.3655167
1356678026202,-1.0268459,-2.0751753,-0.62949
1356678026242,-3.621535,-2.4412098,1.6037086
1356678026282,1.87491,-1.0417094,4.9861
1356678026322,1.9432824,-3.195652,6.3633947
1356678026362,-0.73895097,-0.4132166,3.3551989
1356678026402,-0.30627203,-0.43919086,3.6030743
1356678026442,0.5551188,0.10381889,3.8577018
1356678026482,1.5118866,-0.78574944,3.6750176
1356678026523,1.9069477,-0.6650295,2.3336658
1356678026562,1.1917152,-0.29688168,2.9905334
1356678026603,0.97453237,-0.6021862,2.1797872
1356678026643,-0.78929996,0.1629219,1.3532525
1356678026683,-0.5489514,-1.9735231,0.4671476
1356678026724,-0.37949896,-2.1298637,-0.4692201
1356678026769,-0.41035247,-3.0897083,-1.8830221
1356678026810,-0.1667602,-3.2661133,-0.31770694
1356678026841,-1.9882662,0.6399708,-0.63768464
1356678026884,-3.453781,0.026175499,0.18773937
1356678026922,-2.2535942,-2.2023182,1.3479831
1356678026962,-1.6832724,-0.83110523,-0.5688091
1356678027002,-1.0507183,2.407639,-1.1188647
1356678027042,-0.03377533,4.5468273,-0.42868277
1356678027082,0.84708905,5.7676425,-0.48457634
1356678027122,0.81804395,6.2273827,-0.63541555
1356678027162,1.7371581,5.4497848,-1.6322197
1356678027202,1.6460009,3.7899652,-4.76811
1356678027242,0.8750427,-0.6607876,-7.319223
1356678027283,0.21758842,-3.6162605,-8.824451
1356678027322,-0.005610466,1.129725,-6.628305
1356678027363,-1.170197,-4.500561,-2.360449
1356678027402,-1.3948131,1.0888357,4.429584
1356678027442,0.1700306,0.05629635,2.4398313
1356678027482,3.4574573,-4.4062114,7.284646
1356678027522,-0.100451946,-0.24231005,2.7139978
1356678027562,0.5217502,-0.23479414,3.1504014
1356678027603,1.7396299,-0.31239033,3.9285953
1356678027643,2.227529,-0.60692406,3.6179485
1356678027682,1.2589104,-1.2038531,1.7466816
1356678027724,-0.33524728,-0.35251236,3.2906775
1356678027763,-0.68695664,-0.5512371,2.175326
1356678027817,-0.27076244,-0.6850662,0.04849267
1356678027840,-0.19863057,-1.5032959,-0.4264701
1356678027882,-1.1022229,-1.0982485,-0.6044753
1356678027922,-0.412179,-3.4324284,-0.77263486
1356678027962,-1.1384804,-2.794138,-0.14133161
1356678028002,-3.2191236,0.46446228,-0.6753418
1356678028042,-4.038063,-0.9394188,0.024553895
1356678028082,-3.1814473,-1.1327925,0.07049963
1356678028130,-1.7224889,-0.03691101,-1.2999198
1356678028172,-0.49927998,3.8988519,-0.20122415
1356678028213,0.66470313,5.532783,-0.53654546
1356678028254,1.2471387,5.645465,-0.926391
1356678028293,2.0215235,5.955311,-1.706011
1356678028333,2.3228414,4.6042714,-3.0919535
1356678028372,2.4234207,0.8362551,-7.204943
1356678028413,1.3134761,-2.836482,-9.297234
1356678028452,0.019408703,-0.54605865,-6.327723
1356678028493,-1.0311852,-3.0762687,-4.300534
1356678028532,-1.6726894,-0.70042324,2.4171844
1356678028572,-1.1271005,0.66403246,3.3775897
1356678028612,1.8849751,-3.1692305,6.989089
1356678028652,1.7170794,-2.0998368,3.873032
1356678028692,0.08265519,-0.5638437,3.3494794
1356678028732,0.113007545,-0.074801445,3.3866444
1356678028773,0.6745088,0.24191189,3.1582136
1356678028815,1.0058529,-0.78464556,2.7004437
1356678028855,0.8132291,-0.28776503,2.4393125
1356678028892,0.5576782,-0.20331717,3.0854735
1356678028934,0.11227822,-1.0163193,1.3190632
1356678028972,-0.3692019,-1.7376022,0.12618777
1356678029014,-0.65844727,-1.9625702,-0.091343075
1356678029052,-0.46385098,-4.170974,-0.50673616
1356678029092,-0.31804252,-3.9994087,0.4752381
1356678029133,-2.2443566,0.59294176,-0.20631368
1356678029172,-3.3515384,-0.6907892,0.055786014
1356678029214,-2.921494,-1.0427551,0.14650443
1356678029253,-0.9947684,-1.2672148,-0.47464052
1356678029293,-0.014000177,3.8675718,-0.08226493
1356678029333,1.3678093,5.4882083,-1.2442653
1356678029373,1.6225505,6.195059,-0.5561136
1356678029413,1.6199174,5.882188,-0.9792712
1356678029452,1.5147638,5.19597,-2.6028688
1356678029493,1.8566959,2.1232371,-5.668344
1356678029532,1.9506934,-3.5352125,-10.435825
1356678029573,-0.027291298,-2.501727,-8.074888
1356678029612,0.96776223,2.8125806,-4.3989944
1356678029652,0.76335645,-2.4052687,-3.0240192
1356678029692,-2.8822646,-3.061633,2.3000393
1356678029732,-2.5146153,1.9483328,2.6418893
1356678029773,3.136248,-4.05945,8.181959
1356678029815,0.9669688,-0.96491957,3.513089
1356678029853,-0.49055243,-1.0701346,3.9199946
1356678029892,-0.46158457,-0.01317358,3.7791803
1356678029933,0.5387218,0.08477688,3.4173605
1356678029972,0.83911896,-0.54944706,3.1736314
1356678030014,0.7208965,-0.3217702,3.4278939
1356678030052,1.0121648,-0.663394,2.5187383
1356678030092,-0.044893265,-0.71917915,1.3576403
1356678030132,-0.49746013,-1.9694347,0.49501273
1356678030173,-1.2166395,-1.9266672,-0.6747516
1356678030213,-0.7116027,-3.2062426,-1.2395676
1356678030252,-0.25716734,-3.3946247,0.23344502
1356678030292,-2.4288921,0.7586112,-0.2898037
1356678030332,-2.8369777,-1.4974985,0.08218318
1356678030372,-2.919352,-1.7578945,0.66205186
1356678030412,-1.4015136,-0.63852406,-1.2533872
1356678030452,-0.83256435,3.4012618,-0.67625046
1356678030492,1.6553111,5.4817443,0.027861655
1356678030532,1.0110531,6.235855,0.27312022
1356678030590,1.2336359,6.288454,-1.0567212
1356678030612,1.4414284,4.891312,-2.7735047
1356678030652,2.2429006,2.3671827,-6.168044
1356678030690,1.5016043,-1.9136391,-9.212359
1356678030732,-0.14332485,-2.6873608,-7.728582
1356678030772,-0.26216507,-1.9550672,-5.884251
1356678030815,-1.6001205,-1.821351,3.0327215
1356678030853,-1.0910416,2.2339048,2.7042289
1356678030895,2.7245157,-4.3429966,6.6402125
1356678030932,1.5683341,-1.5699406,4.2382813
1356678030972,-0.6224942,-0.22218418,3.0989847
1356678031012,0.09582877,-0.59507513,3.3376997
1356678031052,0.9669745,0.15221834,3.212351
1356678031092,1.2361565,-0.756495,2.6649966
1356678031132,0.46467185,-0.16967154,3.1777885
1356678031172,0.62594557,-0.39314842,2.0957487
1356678031212,-0.3468709,-0.9951172,1.1272408
1356678031252,0.0900507,-2.2967691,-0.33974594
1356678031292,-0.67851996,-2.5959854,-0.4811033
1356678031332,-0.09242177,-4.8290234,-1.2413948
1356678031372,-0.1318121,-2.097825,0.27159944
1356678031412,-3.7891219,0.7552676,0.20567065
1356678031452,-3.2517262,-1.7152214,0.058089167
1356678031492,-1.8255453,-2.2043924,-0.41142738
1356678031532,-1.2398577,1.319706,-0.14457558
1356678031572,0.17441511,5.6497345,-0.98576355
1356678031612,1.1340303,6.5720134,-0.89806443
1356678031652,1.239497,6.1493516,-0.53114086
1356678031692,1.357346,5.485105,-1.8237934
1356678031732,1.5094755,3.7303991,-4.3550267
1356678031772,1.9013219,0.22279072,-7.188898
1356678031814,0.62720346,-2.993966,-7.921275
1356678031853,-0.10093117,-0.54997826,-7.6731343
1356678031893,0.9682088,0.89489555,-4.199393
1356678031934,0.40965748,-5.4037237,1.4763343
1356678031973,-3.7066066,1.407484,2.8446147
1356678032012,0.87546086,-2.9718075,5.8354435
1356678032052,2.1053572,-2.6598544,6.1421375
1356678032092,-0.5414076,-0.07575369,3.51773
1356678032132,-0.3637371,-0.3060236,3.9497535
1356678032172,0.78756404,0.036070824,3.4338312
1356678032212,1.5754645,-0.08340502,2.729317
1356678032252,1.5372901,-0.34883213,2.576949
1356678032292,1.0818453,-0.03093338,2.6589937
1356678032332,0.74654317,-0.80899143,1.261076
1356678032372,0.05857873,-0.9743595,0.48197418
1356678032412,-0.6257942,-1.6189575,-0.10645348
1356678032452,-0.4514544,-3.9000692,-1.2309933
1356678032492,-1.1772671,-4.898859,0.090771586
1356678032532,-5.1092353,0.48250055,-0.53709996
1356678032572,-4.035839,-1.323575,0.29642034
1356678032612,-2.110804,-1.7566309,-0.20283474
1356678032652,-1.0523496,-0.024964333,-0.17165488
1356678032692,-0.5671735,4.0210547,-0.20561449
1356678032732,0.9433639,5.2260475,-1.0535408
1356678032772,1.0219889,6.024726,-0.13000062
1356678032814,1.6849608,5.8098993,-1.1615403
1356678032853,1.7508304,5.01867,-2.913361
1356678032893,2.2627847,2.1026645,-6.332549
1356678032933,3.1036642,-2.2248068,-9.992246
1356678032973,1.5089278,-2.0818696,-6.531289
1356678033012,-0.54921913,-3.2211685,-4.376949
1356678033052,-2.8334289,1.2283425,2.7732
1356678033092,0.06327605,-1.2466092,3.2122939
1356678033132,2.4304335,-3.143221,6.6564264
1356678033172,0.7299328,-1.3621674,3.3561015
1356678033214,-0.38389087,-0.6976237,2.9875247
1356678033252,-0.21282625,0.032896042,3.26415
1356678033293,0.271204,-0.17004538,2.5952933
1356678033332,1.1523726,-0.3027234,1.7318236
1356678033372,0.6790209,-0.046138763,2.5769308
1356678033412,0.50431466,0.049394608,2.5465508
1356678033452,0.14644194,-1.0840702,1.0951257
1356678033493,-0.21553063,-1.630435,-0.034353793
1356678033530,-0.8559313,-2.3377466,-0.4317056
1356678033573,-0.42642236,-5.1317844,-0.07655527
1356678033612,-2.3703003,-2.2475433,0.24950522
1356678033653,-4.3655357,1.29949,-0.46747324
1356678033692,-2.9502053,-1.8136997,1.1221799
1356678033732,-2.034809,-0.94963074,0.29630244
1356678033772,-1.0575798,0.6479082,0.24265048
1356678033814,0.33015847,4.4297748,-0.7335908
1356678033851,1.2708325,5.2436886,-1.0015639
1356678033892,1.7569575,5.9817786,-1.2359827
1356678033933,1.8227382,5.512758,-1.5290868
1356678033972,2.0760708,4.64819,-3.8635886
1356678034012,2.288136,0.6384716,-7.642764
1356678034052,1.5833852,-1.8936319,-9.722115
1356678034092,0.13617277,0.11481714,-5.9477377
1356678034132,-0.43376255,-3.270297,-3.8688736
1356678034172,-1.9032168,-2.707932,2.3702264
1356678034212,-0.62804556,1.3510389,3.179463
1356678034252,2.7165265,-4.801564,7.385725
1356678034292,-0.06705356,-0.81374407,3.812985
1356678034332,-0.91599274,-0.9724121,3.0524096
1356678034373,-0.050765276,-0.04423189,3.3498797
1356678034413,0.7548177,0.42646408,2.7460444
1356678034452,1.5017605,-0.37655973,2.2594123
1356678034493,1.4272263,-0.17575455,3.3127232
1356678034532,0.26075625,0.3307948,2.4442747
1356678034573,0.49796844,-0.41664982,0.9554069
1356678034612,0.18760705,-1.931654,1.317486
1356678034652,-0.11284566,-2.471078,0.07968809
1356678034692,-0.4251294,-3.1152697,-1.3645939
1356678034732,-0.8137717,-4.2084026,0.4579041
1356678034772,-3.1286306,0.20415306,-0.353933
1356678034814,-3.7434287,-1.5252905,0.4875356
1356678034852,-2.907698,-2.376048,0.98479784
1356678034893,-1.9398351,-0.45035172,-0.42935693
1356678034933,-1.2961683,3.3089447,0.022124827
1356678034973,1.0881188,5.093802,-0.27433544
1356678035013,0.9349053,5.83019,0.30018133
1356678035052,1.3797133,5.74283,-0.84981406
1356678035094,1.3975232,5.667966,-2.776046
1356678035132,1.7986054,2.6996078,-6.358305
1356678035175,2.1364567,-2.7388725,-10.299458
1356678035212,1.2543569,-2.6651917,-7.997138
1356678035254,-0.29096985,-1.4655614,-5.569472
1356678035292,-1.6308079,-3.2806869,2.5603218
1356678035333,-1.4077501,3.4665244,2.892372
1356678035372,2.6010475,-4.943274,7.403023
1356678035412,0.72999597,-1.0206385,3.8061023
1356678035452,-0.56524587,0.22118235,2.7617726
1356678035492,0.036824703,-0.19572926,3.4894474
1356678035532,0.90909696,0.075653076,3.164225
1356678035572,1.7928945,-0.46149254,2.021619
1356678035612,0.7401893,0.27089357,2.4622366
1356678035652,0.6942017,-0.1795969,2.654344
1356678035692,0.5338955,-1.1608782,0.9435446
1356678035732,-0.10131693,-2.0787659,-0.00508067
1356678035772,-1.1278245,-1.9226494,-0.7308232
1356678035815,-0.61878586,-3.8306217,-0.66355
1356678035853,-0.69004774,-3.3955688,0.51916105
1356678035893,-3.55897,0.96149445,-0.05113426
1356678035932,-3.5188437,-1.1712837,0.036483616
1356678035972,-2.1788583,-1.6459007,0.18925259
1356678036012,-0.8231182,0.18193245,-0.7083384
1356678036052,-0.6373744,4.2646255,-0.73846436
1356678036092,1.2448161,5.593227,-1.1437248
1356678036132,1.451647,6.0786295,-0.22896293
1356678036172,1.4877923,5.6300015,-1.4452218
1356678036212,1.8083332,4.820002,-3.476489
1356678036252,2.0168984,3.0327172,-5.8711185
1356678036292,2.4572294,-2.5006313,-8.690924
1356678036332,1.5521381,-3.146884,-9.064892
1356678036370,1.1536691,0.7754326,-4.983882
1356678036412,-1.0108552,-4.750731,3.613739
1356678036452,-2.7864568,0.85659266,2.0544558
1356678036492,0.55607486,-2.3043113,7.3501706
1356678036532,0.9466305,-2.4948654,5.318609
1356678036572,-0.8615954,-0.16732502,3.0727932
1356678036612,-0.46325874,0.48076677,3.985448
1356678036652,1.0106089,-0.781116,3.3913505
1356678036692,1.1634433,-0.6445875,2.8726385
1356678036732,0.7994406,-0.49207878,3.0187917
1356678036772,0.700305,-0.090699196,2.4634333
1356678036816,-0.5908954,-0.35563564,1.2856691
1356678036853,0.46994925,-2.0410852,1.0346341
1356678036893,-1.0640492,-1.4643059,0.058068044
1356678036933,-0.9075184,-1.9239883,-1.7732161
1356678036973,0.11587405,-4.295808,-0.9981247
1356678037014,-1.9296229,-1.3667727,0.012205422
1356678037052,-3.400732,-0.13037872,0.07085568
1356678037092,-2.2874093,-2.2471657,0.4420178
1356678037132,-1.9551535,-1.0127106,-0.65169203
1356678037172,-0.67366266,1.8401833,-0.4488749
1356678037212,0.9954479,4.413246,-0.83168715
1356678037252,1.517328,5.762138,-0.34512675
1356678037292,1.5533953,6.526127,-0.40057904
1356678037332,1.6745234,5.798027,-1.6174715
1356678037372,1.298523,3.7897725,-4.2846255
1356678037412,1.8131168,-1.585763,-9.819469
1356678037452,1.8174071,-3.1823587,-8.566128
1356678037492,0.8870206,-1.2758989,-5.6331444
1356678037532,-3.494138,-2.1520643,2.5170815
1356678037572,-1.9251986,1.5315294,2.1816676
1356678037612,2.659644,-4.152445,7.8272724
1356678037652,0.88705397,-1.5339293,4.2338943
1356678037692,-1.3456483,-0.10040188,2.9701684
1356678037732,-0.24362516,-0.35746956,3.2905562
1356678037772,0.7519345,0.12204504,3.623785
1356678037816,1.1772485,-0.61076975,2.601793
1356678037853,0.29384375,-0.029670715,2.3623796
1356678037894,1.0164104,-0.55253124,1.7641416
1356678037933,-0.15893865,-1.2008562,0.37701198
1356678037974,0.584672,-2.3886652,-0.8425765
1356678038012,-0.06427121,-2.7490969,-0.759569
1356678038052,-0.6074438,-4.63029,-0.39500988
1356678038092,-1.13989,-1.705657,-0.0654524
1356678038132,-4.3543406,0.96119833,-1.2637241
1356678038172,-3.3068724,-1.4408236,0.25444442
1356678038212,-1.0756779,-1.474886,0.73731005
1356678038252,0.2512765,0.2735672,-0.024729759
1356678038292,-0.06957269,4.619209,-0.7502321
1356678038332,0.7755327,5.9706774,-0.7561967
1356678038372,1.183131,6.322678,-0.2287465
1356678038412,1.4267435,5.721355,-1.2387115
1356678038452,1.5514846,5.2316113,-4.3412304
1356678038492,1.8103187,0.41388226,-7.9552684
1356678038532,1.2451112,-2.961896,-9.728412
1356678038572,0.61103606,0.61568403,-6.2166476
1356678038612,-0.3216219,-2.2655106,-3.4628367
1356678038652,-1.8853419,-3.312397,3.3819401
1356678038692,-2.3652298,3.2282429,2.242025
1356678038732,3.380305,-5.7847767,8.203335
1356678038772,0.40375662,-1.0180807,3.1262927
1356678038816,-0.84044075,-0.76888037,2.6499763
1356678038853,0.03945422,-0.5654106,3.7182922
1356678038895,0.5609453,0.5361109,3.4027736
1356678038933,1.4634757,-0.42296267,3.0188997
1356678038974,1.0767357,-0.44597912,3.0856662
1356678039012,0.5783701,-0.83566093,1.3323942
1356678039052,0.16958404,-0.86047554,0.82364124
1356678039110,-0.046785355,-2.2276163,-0.10315138
1356678039132,-0.7221439,-2.156681,-1.8030779
1356678039172,0.13768363,-4.116436,-1.2229024
1356678039210,-0.18935275,-2.3853998,-0.17102559
1356678039252,-4.172284,0.34517193,-0.4429339
1356678039292,-2.7833652,-2.3780794,0.81420434
1356678039332,-2.390061,-1.8896313,0.08741404
1356678039372,-1.1538117,1.4379749,-0.1314703
1356678039412,0.4551704,4.9703875,0.18320332
1356678039452,1.4499207,6.588689,-0.28824827
1356678039492,1.6436975,6.881667,-0.45423058
1356678039532,1.0666752,5.8166194,-2.1407943
1356678039572,1.7816093,3.6543002,-5.2690644
1356678039612,1.4353547,-0.3959074,-9.4831505
1356678039652,0.25680137,-2.3296194,-8.167126
1356678039692,0.16728687,1.1588693,-5.5307794
1356678039732,-2.593148,-3.126647,0.9739822
1356678039772,-2.0111833,-0.93761873,2.1745987
1356678039815,1.1686404,-2.9078736,5.6732855
1356678039853,2.0442207,-3.021223,6.078064
1356678039894,-0.2533121,-0.6261096,3.6859984
1356678039932,-0.65718555,-0.4087596,2.943329
1356678039972,1.1140797,-0.113236904,3.6161406
1356678040012,1.3795328,-0.329957,3.4178915
1356678040052,0.51003504,-0.014204502,2.8503795
1356678040092,1.3052576,-0.42805958,1.433416
1356678040134,0.166996,-0.076132774,1.5594933
1356678040172,0.32457685,-1.7313061,0.6673792
1356678040214,-0.2135458,-2.1283398,-0.15727952
1356678040252,-1.12904,-2.0774975,-1.9786601
1356678040293,0.1301918,-4.9619083,-1.0757791
1356678040333,-1.71871,-0.77631664,0.5755106
1356678040374,-2.6925755,-0.27863884,-0.2956077
1356678040414,-1.2902737,-3.255477,1.2479144
1356678040452,-1.2674999,-1.2258568,-0.108227625
1356678040492,-1.3765068,2.25569,0.21138094
1356678040532,0.17177558,4.956788,-0.9178822
1356678040573,1.0016706,5.6399574,0.09728599
1356678040612,1.345757,6.6182413,-0.1340968
1356678040652,1.1885831,6.6597266,-1.5176635
1356678040692,1.4878798,4.9406133,-4.4312334
1356678040732,1.5814683,-1.0639582,-9.524134
1356678040772,0.9169247,-3.9354124,-11.180886
1356678040817,1.4847696,-0.37895012,-5.9997497
1356678040854,-2.4246855,-4.3208065,2.7046237
1356678040894,-1.8126087,2.724926,1.4004667
1356678040934,0.90952134,-3.632217,6.783014
1356678040973,0.9062922,-2.2249217,4.4249573
1356678041012,-0.86971354,-0.09550381,3.722517
1356678041052,-0.040070534,-0.040961742,3.2442653
1356678041092,1.4647518,-0.241508,3.2635763
1356678041132,1.7018968,-0.73326683,2.3133628
1356678041172,0.83837414,0.007522583,2.5754228
1356678041212,0.12291074,-0.0010232925,2.9860668
1356678041252,0.36991572,-0.6422987,0.5919043
1356678041292,0.03969097,-1.790205,0.64103484
1356678041332,-0.68355846,-2.1252794,-0.47690004
1356678041372,-0.892354,-3.740137,-1.208945
1356678041412,-0.09068775,-3.5360222,-0.20320049
1356678041452,-2.8283114,0.71948767,-0.3279553
1356678041492,-2.9261358,-1.3104753,-0.7049743
1356678041532,-2.7568123,-2.2976313,0.843327
1356678041572,-1.3712981,0.2556877,-0.29076362
1356678041612,-1.2247396,3.4705544,-0.30777147
1356678041652,1.2289755,5.1430287,-1.3765165
1356678041692,1.6734049,6.133824,-0.025652718
1356678041732,1.4491856,6.184656,-0.9326108
1356678041772,1.644108,5.056248,-3.1052494
1356678041814,2.0290966,2.4038963,-6.1014514
1356678041853,2.4968426,-2.026966,-9.422205
1356678041893,0.62023306,-2.7575274,-8.035614
1356678041952,0.0070328712,1.266882,-4.9320803
1356678041972,-0.10357809,-3.7081127,2.182312
1356678042013,-3.4556081,0.7107916,2.3101783
1356678042050,0.9882021,-3.2204475,5.7295446
1356678042092,2.6575015,-4.345458,6.0477715
1356678042132,-1.3583269,0.016123295,3.052424
1356678042172,-1.1049788,0.93285275,3.67441
1356678042212,0.6674478,0.04035616,3.6447885
1356678042252,1.8184727,-0.62444353,2.912491
1356678042292,0.6027994,0.070697784,3.1723542
1356678042332,0.63917065,-0.01158905,2.8234909
1356678042372,-0.6422484,-0.23668957,1.9575715
1356678042412,0.44223619,-2.6262856,0.9698713
1356678042452,-0.327317,-2.9393034,-0.5396061
1356678042492,-0.5495,-4.564946,-1.2896756
1356678042532,-0.26411533,-3.1000004,-1.0926837
1356678042572,-3.2732515,1.1846166,-0.5309526
1356678042612,-2.794116,-1.524622,-0.05098182
1356678042652,-2.7587779,-1.5842409,0.007094443
1356678042692,-0.9194608,-0.1850586,-1.0048482
1356678042732,-0.31685948,4.0383663,-0.42143387
1356678042772,1.0912538,5.85766,-1.2316612
1356678042816,1.1644015,6.364605,-0.09169692
1356678042843,1.3780818,6.1498632,-0.533929
1356678042883,1.2417765,5.63528,-2.1817834
1356678042923,1.476306,3.4379683,-4.8488913
1356678042963,2.7357926,-2.2010765,-10.017554
1356678043003,1.5299358,-3.5059166,-8.136927
1356678043042,0.190907,-0.9258499,-5.745689
1356678043082,-1.8810711,-3.5452127,3.6576772
1356678043122,-2.8728378,4.76336,2.3988152
1356678043162,2.5348628,-4.9282107,7.2683034
1356678043202,1.403085,-1.895319,4.760904
1356678043242,-0.6127329,-0.6204691,2.5575056
1356678043282,-0.26182723,-0.27697515,3.689241
1356678043322,0.032978773,0.37459087,3.0678747
1356678043362,1.0483596,-0.6916008,2.722951
1356678043402,0.5282676,-0.10891962,3.5540555
1356678043442,0.75287604,-0.7171593,1.9663266
1356678043482,-0.012533188,-1.4853029,0.2661667
1356678043522,-0.06360388,-2.2824888,-0.5243533
1356678043562,0.29577398,-3.0373764,-1.1224695
1356678043602,0.19102693,-4.9410934,0.12505618
1356678043642,-3.309043,-0.68862724,0.75254685
1356678043682,-4.098662,-1.9112015,-0.17631914
1356678043722,-4.2578897,-2.0966368,-0.04295242
1356678043762,-0.79736614,-0.4997368,-0.28674066
1356678043814,-0.7320616,3.4970055,0.50614977
1356678043853,0.82362914,6.4032726,-1.005512
1356678043893,1.615176,7.2874026,-0.08530771
1356678043933,1.6994648,6.524584,-0.44615957
1356678043973,1.482749,5.710029,-2.5812993
1356678044012,1.0919838,0.3125553,-6.225946
1356678044052,1.2970681,-2.4659185,-10.891614
1356678044092,1.3434839,-0.6337061,-5.5890217
1356678044132,-0.110383034,-2.5032902,-3.390037
1356678044172,-2.3326936,-0.58098745,3.9513288
1356678044212,-0.105760336,0.28294373,2.5988371
1356678044252,3.5394235,-4.613316,7.383391
1356678044292,-0.32699633,-0.08812666,2.1443512
1356678044332,-0.78970623,-0.15602541,2.4508433
1356678044372,0.058645725,-0.33673668,3.2468224
1356678044412,1.2003636,-0.9021878,2.119392
1356678044452,0.9132347,-0.5418596,2.1768386
1356678044492,0.78110886,-0.020496368,2.864471
1356678044532,0.27710962,-0.9713459,1.8816442
1356678044572,0.32452512,-2.0744944,-0.10193008
1356678044612,0.016279697,-2.9252367,-1.2060944
1356678044652,-0.55512,-3.1642103,-2.0893235
1356678044692,0.44795942,-3.99617,-0.9344798
1356678044732,-1.9076195,0.33656406,-0.3236519
1356678044772,-2.925599,0.095357895,-0.28483278
1356678044854,-2.8345566,-2.3659,1.4085293
1356678044855,-1.8192768,-1.476366,-0.28818536
1356678044890,-1.3565626,2.1214638,-0.0101992935
1356678044932,-0.15934324,5.2182975,-0.34250307
1356678044972,0.8260784,6.387295,0.4675275
1356678045012,1.4236155,7.2219243,0.24697205
1356678045052,1.7115238,6.1339703,-1.0339558
1356678045092,1.1785171,2.4348235,-5.0333104
1356678045132,0.8582392,-2.302844,-10.854747
1356678045172,-0.33043718,-1.8433762,-7.8320527
1356678045212,0.5009079,0.9539585,-6.0044456
1356678045252,-1.5394912,-4.9865847,1.1233596
1356678045292,-2.7610252,4.5946712,2.3139808
1356678045332,2.0478163,-5.320192,6.3777294
1356678045372,2.1013503,-2.2015753,5.064784
1356678045412,-0.18040109,-0.16382122,3.0448222
1356678045452,-0.18846631,-0.21573353,3.190895
1356678045492,0.8249481,0.4005761,2.6718488
1356678045532,1.7457123,-0.7186351,1.8078933
1356678045572,1.2062447,-0.17391777,2.4689794
1356678045612,0.9860718,-0.22438478,2.9512599
1356678045652,0.60837483,-1.0953484,1.2777612
1356678045692,0.8982167,-2.6177502,0.64431864
1356678045732,-0.5419011,-2.8137426,-0.6759865
1356678045772,-0.071543455,-4.165765,-1.6517171
1356678045831,-0.31550574,-2.701499,-0.34187645
1356678045853,-3.505081,0.9567709,0.10524714
1356678045893,-3.6019979,-1.7415075,0.6399748
1356678045933,-3.86482,-1.8854265,-0.8669129
1356678045974,-1.5344436,0.03623104,-0.13079539
1356678046015,-0.7681925,3.954177,0.18381554
1356678046054,0.8195245,6.0834002,-0.29254943
1356678046095,1.5892007,6.96665,0.17840004
1356678046134,1.8882177,6.457082,-0.5135248
1356678046174,1.6687672,5.3863397,-3.0977514
1356678046214,1.4064012,0.87597847,-7.0212827
1356678046254,0.9383445,-4.8016253,-11.418389
1356678046295,0.5991409,0.5032921,-6.4850674
1356678046333,0.07955599,-0.58927727,-2.4341085
1356678046373,-1.0967765,-2.1248302,4.0398135
1356678046412,-1.9884923,1.3434396,2.2525332
1356678046452,2.2876296,-5.3842506,7.2324595
1356678046492,-0.20106053,-0.4725461,3.5513325
1356678046532,-0.43840408,0.12588692,3.491326
1356678046572,0.47444916,-0.10807133,3.8554986
1356678046612,1.6973138,-0.8300991,3.572499
1356678046652,1.5741053,-0.6360693,2.6708925
1356678046692,1.458847,-0.75575495,2.0732768
1356678046732,0.17902207,-1.2410913,1.7400091
1356678046772,0.49959016,-2.3072329,0.76778543
1356678046829,0.5829003,-3.1380873,-0.801981
1356678046854,-0.7475612,-3.606079,-1.0657011
1356678046893,0.085384846,-3.9930792,-0.69403493
1356678046933,-2.2791328,0.69358397,-0.8749652
1356678046973,-3.2598047,-2.2576141,0.22551605
1356678047012,-4.0066814,-1.8041105,0.44955546
1356678047053,-0.7894373,0.04611683,-0.39000726
1356678047093,-0.8654809,4.9917355,0.52452624
1356678047133,0.7870431,6.646612,-0.3006347
1356678047172,1.8836672,7.090432,0.2439858
1356678047214,1.8857148,6.9750986,-0.3490914
1356678047252,1.6383288,5.690942,-3.7947981
1356678047293,1.0413115,-0.118691444,-8.839598
1356678047332,-0.16122723,-3.6731787,-11.907411
1356678047372,0.52457833,-0.2962842,-5.840897
1356678047412,-1.2714,-4.342505,-2.2662413
1356678047453,-2.065455,3.042605,3.9226906
1356678047494,0.56639314,-3.1199207,5.1756573
1356678047533,1.7268771,-2.88305,5.4746633
1356678047572,-0.26126766,-0.46270657,2.9072948
1356678047612,-0.15629387,-0.35678387,2.7117305
1356678047652,0.69192076,-0.18352747,3.5101893
1356678047692,1.6916635,-0.7713227,3.1731663
1356678047730,0.68996453,-0.27672958,2.5579958
1356678047772,0.6319139,-0.36194944,3.1818728
1356678047829,0.40039325,-1.3636694,1.930858
1356678047854,1.07921,-1.8625813,-0.22425914
1356678047893,0.37905622,-2.3087645,0.11247778
1356678047934,-0.8026302,-4.031764,-0.5502798
1356678047974,-0.46243286,-3.6767492,0.23651168
1356678048013,-2.996103,0.65822935,-0.86978847
1356678048053,-3.7075496,-2.0223465,0.8160174
1356678048092,-2.7549932,-1.5632992,-0.13661137
1356678048134,-1.4531059,0.6402731,-0.42622036
1356678048172,-0.31576538,4.457668,0.053067103
1356678048213,1.5395176,6.198963,-0.5086046
1356678048252,1.579006,6.676871,-0.84909976
1356678048292,1.32301,7.1811466,-2.5434675
1356678048333,1.8267746,6.0577145,-5.164257
1356678048372,2.3135748,-0.42397404,-10.939933
1356678048414,0.0853982,-3.25,-9.8711
1356678048452,1.6356201,2.38128,-5.618828
1356678048493,-1.6128483,-2.9722795,1.7051756
1356678048532,-2.2247949,-2.0218406,1.3841047
1356678048572,0.0771606,-3.2005534,6.49846
1356678048612,1.4872315,-3.3880606,5.88908
1356678048654,-0.40977025,-0.6136465,4.006227
1356678048692,-0.32478738,-0.20449018,3.4305375
1356678048732,0.14209676,0.11662722,3.9564085
1356678048773,1.1464884,-0.8940592,3.6872692
1356678048828,0.6959505,-0.36430645,2.8785055
1356678048853,0.66913915,-0.47307014,2.1229415
1356678048893,0.0368917,-0.93453884,1.3930801
1356678048934,-0.09541726,-1.9489975,-0.3580736
1356678048973,-0.3546443,-2.3956585,-0.965926
1356678049012,-0.45123768,-3.4088287,-1.7978693
1356678049052,-0.015162945,-3.114523,0.22959217
1356678049092,-2.6445398,-0.21989727,0.5138936
1356678049132,-3.1388657,-2.8122215,0.40802458
1356678049172,-2.693826,-2.1381311,-0.069132246
1356678049212,-1.3345666,0.35925293,-0.6210479
1356678049252,-0.09444356,4.893809,0.14292498
1356678049292,1.7652571,6.946348,0.36146826
1356678049332,1.9512999,7.4512396,0.49760967
1356678049372,1.4181376,6.5247154,-1.297558
1356678049412,1.376962,4.670369,-4.140417
1356678049452,1.3078322,-0.41098976,-7.808396
1356678049492,0.59457755,-3.7339277,-11.7371235
1356678049532,0.8721473,0.60615396,-6.093755
1356678049572,-0.86015415,-4.1053166,-3.0211241
1356678049612,-2.288129,1.9156909,4.9876747
1356678049652,-0.9205427,-0.52674484,2.546069
1356678049692,2.1818094,-5.1872287,6.912617
1356678049732,-0.17098427,-0.5142536,2.732479
1356678049772,-0.09092355,0.06965351,3.2049413
1356678049823,1.0407286,-0.09152079,3.7562099
1356678049853,1.1547225,0.34034634,2.6325033
1356678049893,1.7160721,-0.8825054,1.8306649
1356678049934,1.2251034,0.087548256,2.722778
1356678049974,0.6434469,-0.6163964,2.4650292
1356678050013,0.7943661,-1.901598,0.74256635
1356678050053,-0.35065103,-2.7607365,0.20831177
1356678050094,-0.73996115,-2.8039227,-1.250006
1356678050132,0.075208664,-4.052062,-0.96838826
1356678050172,-1.2492471,-1.4806271,0.61823815
1356678050212,-3.9370284,-0.47443008,0.52960014
1356678050252,-4.213978,-2.0745125,1.0111822
1356678050292,-2.5368693,-1.1285219,-1.4746616
1356678050332,-1.1408775,2.4081001,0.33073568
1356678050373,1.3500092,5.0510736,0.10897656
1356678050412,1.7138112,6.300041,0.20027569
1356678050453,1.3015544,7.0359426,-0.23955359
1356678050504,1.2192802,5.535228,-2.0122535
1356678050543,1.6166265,2.0755024,-6.4850087
1356678050581,1.7303014,-2.8229837,-10.862996
1356678050623,0.8267572,-3.1517696,-6.7744327
1356678050663,-0.9161844,-3.0813503,-6.2027097
1356678050702,-1.2340083,-0.4038024,6.052694
1356678050743,-1.3641577,2.201755,2.0838068
1356678050782,2.5741112,-6.114889,7.670658
1356678050824,-0.16768503,-1.4374847,3.2266014
1356678050866,-1.1078458,-0.112494946,2.5966747
1356678050903,-0.16203499,-0.025568008,4.035291
1356678050944,0.91010666,0.41923857,3.400647
1356678050983,1.5220721,-0.53098726,2.6116936
1356678051023,0.5807743,-0.13906002,3.4148607
1356678051063,1.0388927,-1.0104179,0.82238996
1356678051102,0.34107232,-1.4126072,-0.066008985
1356678051142,0.1543448,-2.5266132,-0.984597
1356678051182,-0.1359446,-2.913413,-1.4377033
1356678051222,-0.048797607,-4.4155636,-0.27716178
1356678051262,-1.6771858,0.024618149,-0.25809878
1356678051302,-3.5992856,-0.2372551,-0.50804836
1356678051342,-3.5304818,-2.0657883,0.8934616
1356678051383,-1.9450758,-1.4498711,-0.5475711
1356678051423,-1.3459616,2.9321642,0.18219358
1356678051464,0.53438497,5.345911,-0.5051155
1356678051502,1.3642302,6.181046,-0.17556697
1356678051543,1.8143699,6.7338877,-0.29674616
1356678051582,1.9089603,5.9763117,-1.6593997
1356678051623,2.0547073,3.4359026,-4.9796324
1356678051662,1.580976,-3.1789427,-10.82349
1356678051702,-0.029237747,-3.1279821,-8.063848
1356678051742,-0.16656971,0.54607725,-4.856694
1356678051782,-1.0563293,-4.422411,1.471582
1356678051826,-2.0368743,2.604311,1.9264588
1356678051865,1.5289123,-3.443572,6.050762
1356678051903,2.0317726,-2.682827,5.315307
1356678051944,0.07912803,-0.3165903,3.069196
1356678051983,-0.48639107,-0.4071293,3.5064538
1356678052023,-0.0062520504,0.4708953,3.4625242
1356678052063,1.3449724,-0.58912563,2.4357164
1356678052104,1.0983329,-0.10384989,2.340418
1356678052144,1.1017296,0.29564047,2.874979
1356678052183,0.23426485,-0.8546791,1.8202162
1356678052222,0.02203989,-2.1209764,0.112226665
1356678052262,-0.353024,-2.5330353,-0.48096848
1356678052302,-0.41167903,-4.042104,-0.8727994
1356678052342,0.012668848,-4.375408,0.14144483
1356678052382,-2.527368,0.9778471,-0.3180244
1356678052422,-3.335476,-1.1672916,0.20675838
1356678052462,-3.0490038,-2.0310593,1.0048285
1356678052502,-0.9297123,-1.0861216,-0.5445682
1356678052542,-0.99414396,3.429471,0.12195572
1356678052582,0.8758962,5.7863746,-0.72739387
1356678052622,1.382801,6.7913213,-0.20506169
1356678052662,1.5124495,6.5206623,-0.5367851
1356678052702,1.2907364,5.585775,-2.4465916
1356678052742,1.4572268,2.729464,-6.05223
1356678052782,1.7236922,-3.5011244,-11.667795
1356678052823,0.4760549,-1.564704,-7.857806
1356678052863,0.014769554,0.0121097565,-6.262671
1356678052903,-0.99958086,-3.1899185,4.1717787
1356678052944,-2.18667,3.5176945,1.9721199
1356678052983,2.2782426,-6.0459604,7.849823
1356678053030,0.83818364,-2.2956104,4.453901
1356678053062,-1.252682,0.036586285,3.261693
1356678053102,-0.18056798,0.09103441,4.2777953
1356678053142,1.0686882,-0.1545229,4.511684
1356678053182,1.4477901,-0.7230501,3.1393456
1356678053222,0.65528226,-0.57168245,2.064517
1356678053262,0.44717693,-0.5401354,1.2325783
1356678053320,-0.5292232,-0.97300816,1.0522252
1356678053342,0.35010314,-2.0680304,-0.5036241
1356678053382,-0.2216742,-2.4227524,-1.1154096
1356678053420,-0.14446831,-5.3428955,-0.6917458
1356678053462,-1.6132674,-1.4503479,-0.70956385
1356678053502,-3.431891,-0.015767097,-0.5275727
1356678053542,-3.0217185,-1.9297581,0.58401763
1356678053582,-1.5474226,-0.92009735,-0.71145576
1356678053622,-0.90703726,1.9927235,-0.119160354
1356678053662,0.2194624,5.0650105,-0.74130833
1356678053703,1.5233438,6.2708354,-0.76155204
1356678053742,1.7707598,6.709563,-0.31304026
1356678053782,1.5549979,5.8283167,-1.4023303
1356678053835,1.3483899,3.6859097,-3.7874832
1356678053873,1.1529927,-2.148302,-9.86129
1356678053913,-0.09640694,-2.5241418,-8.3456545
1356678053954,0.24503493,1.6005325,-5.559352
1356678053993,0.58482313,-2.369215,-3.4994059
1356678054033,-1.3727593,-3.0379663,4.993565
1356678054063,-2.363005,0.9897499,1.4622052
1356678054103,2.4542313,-6.258741,8.157253
1356678054142,1.174772,-1.9918146,4.0051584
1356678054182,-1.0054133,-0.2405138,2.823837
1356678054222,-0.20537663,0.34989548,3.7982414
1356678054262,0.95741916,-0.08526945,3.8125017
1356678054302,1.5366518,-0.4196782,3.098722
1356678054342,0.7615247,-0.1402092,3.1517675
1356678054382,0.76187015,-0.9012928,1.7767266
1356678054422,-0.34406495,-1.0533171,1.5402563
1356678054462,-0.09577918,-2.1743574,0.04654628
1356678054502,-1.0772252,-1.7911615,-1.0023972
1356678054542,-0.5026829,-3.996214,-0.47393888
1356678054582,-1.350965,-1.5150957,0.28721303
1356678054622,-3.9088178,0.6529341,-0.5297682
1356678054662,-3.0823798,-1.9848185,0.35763544
1356678054702,-1.7174778,-1.8719959,-0.12128198
1356678054743,-0.6892204,0.9254122,0.14265749
1356678054782,0.11620402,4.7132025,-0.3349172
1356678054827,1.4269753,5.573562,-0.73364943
1356678054863,1.6915464,6.238907,-0.27673072
1356678054904,1.6073134,5.965882,-1.5175833
1356678054946,1.6036363,4.2434134,-3.4055784
1356678054984,1.4314601,-0.35523224,-7.786377
1356678055025,1.1538162,-2.5302448,-9.86374
1356678055062,0.5813122,-0.6324911,-5.7630434
1356678055105,1.0705287,-0.91339016,-3.9746642
1356678055144,-1.8415422,-4.874889,3.3229437
1356678055184,-2.3389232,3.206355,1.6527185
1356678055224,1.9249338,-5.0837297,7.8362093
1356678055263,0.95214105,-1.5347428,4.1830845
1356678055302,-0.5447619,-0.16898346,3.472814
1356678055342,0.10064435,0.17752075,4.3508425
1356678055382,0.67002845,0.32747793,3.546238
1356678055422,1.310312,-0.87794876,2.3383687
1356678055462,0.21121979,-0.083696365,2.29273
1356678055502,0.2536962,-0.12288666,2.1543772
1356678055542,-0.058284044,-0.9947853,1.1178112
1356678055582,0.6344483,-2.5399227,-0.65261483
1356678055622,-0.8149545,-1.6363983,-1.1729352
1356678055662,-0.4578302,-2.93781,-1.289748
1356678055702,-0.28521538,-2.482071,0.38671654
1356678055742,-3.7464516,0.43698788,0.2023105
1356678055782,-2.9150386,-1.8586674,0.068695545
1356678055836,-2.085997,-1.4020109,-0.4896779
1356678055875,-0.6295428,0.8241186,0.23052514
1356678055914,0.2797432,4.015743,-0.2770533
1356678055954,1.2458625,5.3228703,-0.48901427
1356678055994,1.2544842,6.211731,-0.16734043
1356678056034,1.4156287,5.9408746,-1.2612712
1356678056075,1.3682194,4.647349,-3.8217304
1356678056114,1.7800956,-0.95869064,-8.871713
1356678056174,1.8833284,-3.6911688,-9.416139
1356678056192,1.631696,0.67862797,-6.386335
1356678056233,0.031496048,-2.1762156,-0.4233793
1356678056269,-2.513557,-1.3973184,2.0331323
1356678056312,-0.09603381,-0.474782,4.8464375
1356678056352,1.9981083,-4.229705,6.589204
1356678056392,-0.8886235,0.4172759,2.5998228
1356678056432,-0.6228523,0.47849083,3.0910707
1356678056472,0.528986,-0.191576,3.278083
1356678056512,1.4450357,-0.35354853,2.4374635
1356678056552,0.8243308,0.06638813,2.8103387
1356678056591,0.72886086,-0.25103378,2.363533
1356678056632,-0.17649221,-0.8768368,1.5216241
1356678056672,-0.27018952,-1.8045197,0.8360702
1356678056712,-0.110658646,-2.40524,-0.46926492
1356678056752,-0.37364984,-4.019725,-1.1534024
1356678056792,-0.076201916,-3.969823,-0.40539598
1356678056834,-2.6802845,0.92058086,-0.28247356
1356678056874,-3.4359775,-0.47163582,-0.68171024
1356678056913,-3.0334442,-1.286006,0.23866737
1356678056953,-1.3577094,-0.62734985,-0.39601558
1356678056993,-1.0338664,2.664785,0.23366705
1356678057034,0.38425088,5.084829,-1.1746064
1356678057074,1.2199628,6.2935333,-0.36663085
1356678057113,1.6698916,6.1922197,-0.39137736
1356678057154,1.622854,5.6255455,-1.7993741
1356678057193,1.664648,3.3841162,-5.230917
1356678057232,1.4860017,-3.0778484,-9.999251
1356678057272,0.89952207,-2.3712354,-8.012606
1356678057312,0.4483292,-1.4229574,-5.656939
1356678057352,-1.0835009,-2.9447508,5.144985
1356678057392,-2.60504,4.232464,0.8976064
1356678057432,2.3257937,-6.229727,7.551843
1356678057472,0.62755466,-1.8268776,3.8440604
1356678057512,-0.5851774,-7.109642E-4,2.7074323
1356678057552,-0.15292645,0.17153978,3.5289228
1356678057592,0.9895954,0.04329872,3.005207
1356678057632,1.885487,-0.8816123,2.2913675
1356678057672,0.89605975,-0.15216923,3.018352
1356678057712,0.90620136,-1.0962181,1.6561792
1356678057752,0.49317646,-1.2756033,0.32141715
1356678057792,0.19519186,-2.2997274,-0.34602052
1356678057832,-0.28493285,-3.2794676,-0.82396615
1356678057872,-0.47683334,-4.644128,-0.1866596
1356678057912,-2.6061447,0.18764687,-0.479741
1356678057952,-3.965835,-0.6110945,-0.4277376
1356678057992,-3.2208169,-2.498971,1.0705687
1356678058033,-1.3227344,-1.2980633,-0.3477819
1356678058072,-0.804986,2.7181978,0.23766372
1356678058112,0.29205275,5.5321393,-0.5429631
1356678058152,1.5359323,6.385292,-0.1632629
1356678058192,1.7794201,6.7273474,-0.18561229
1356678058232,1.8299811,5.8277006,-1.8258104
1356678058272,1.7926717,3.1430902,-5.0258136
1356678058312,1.6872327,-1.6725969,-10.172224
1356678058352,0.5089469,-3.172227,-7.560732
1356678058392,0.55190873,-0.004374981,-6.0849147
1356678058432,-2.212616,-4.6535344,1.2325526
1356678058472,-1.8652487,3.4434767,2.3885388
1356678058512,1.8833408,-4.24565,6.2124724
1356678058552,1.7650687,-2.920557,4.99151
1356678058592,-0.5889642,-0.6288829,3.075752
1356678058632,0.01623869,-0.6059694,3.329638
1356678058672,0.84219646,0.4358654,3.2505796
1356678058712,1.6141546,-0.3701372,2.6510694
