1356678257733,0.0,0.0,0.0
1356678257772,-0.14971924,0.21777439,-0.6124908
1356678257812,-0.14894485,-0.19164896,-0.7998602
1356678257854,-0.11908722,0.024467468,-0.13477647
1356678257892,-0.14061737,0.1037941,-0.30154514
1356678257932,-0.10391617,0.1829133,-0.5367731
1356678257972,0.14047909,0.2882743,-0.63852245
1356678258010,0.27723408,0.36343288,-0.2422502
1356678258051,0.24828911,0.5417862,-0.60302603
1356678258092,0.32170963,0.33027935,-0.14360237
1356678258132,0.28981686,0.2584834,-1.1136762
1356678258172,0.15131092,0.06851435,-0.89823186
1356678258212,0.16618061,-0.058660507,-0.95125055
1356678258252,0.28314495,0.04628086,-1.2810651
1356678258292,0.36951923,0.17098522,-1.923142
1356678258332,0.5907116,0.14133215,-2.530419
1356678258372,0.86432743,0.14761543,-3.270515
1356678258412,0.86004734,0.67718506,-2.7423499
1356678258452,0.68202686,0.92104745,-2.5435233
1356678258492,0.31368065,0.70805097,-2.5918934
1356678258532,-0.80109215,0.43933582,-1.1407704
1356678258572,-1.6434803,0.42506886,-1.7513579
1356678258612,-1.5537343,0.5452249,-2.0773647
1356678258681,-1.8845973,0.3154087,-1.9736862
1356678258695,-1.5298657,0.6550219,-2.3201954
1356678258733,-0.9609828,1.4589608,-2.5681877
1356678258773,-1.0319433,1.7992795,-2.4212756
1356678258813,-0.6451888,2.1569474,-3.1051402
1356678258843,-0.3496232,2.672515,-3.4642353
1356678258883,-0.50189686,2.886509,-3.2842956
1356678258913,-0.76238775,2.770264,-2.7802467
1356678258953,1.9070711,1.7023898,-3.1207838
1356678258993,2.9583426,-3.3236413,-0.22316694
1356678259034,-3.3167691,-3.0751452,3.7330997
1356678259073,3.7524915,-0.69174385,7.3326893
1356678259103,1.9133453,-0.4611857,6.3132043
1356678259143,0.28282356,-2.589928,5.904989
1356678259183,0.4645548,-2.8043656,5.998782
1356678259213,0.6285639,-1.3119359,4.6598034
1356678259244,0.112112045,-0.47534037,4.161456
1356678259283,0.6233673,0.34807086,3.3338668
1356678259324,0.722353,0.5750077,2.780816
1356678259363,0.8405504,1.189389,2.4511087
1356678259393,0.2848835,0.28593373,2.0353842
1356678259424,-0.09096718,-0.6292145,2.259884
1356678259463,1.069355,0.2616167,1.9662918
1356678259504,2.4267073,0.22184539,0.16039822
1356678259543,3.777154,1.0794859,-1.9407439
1356678259583,4.7810135,2.6076941,-2.0096812
1356678259613,0.5257273,-1.9082348,-2.7001448
1356678259644,-0.42325592,-1.8732729,-0.004506707
1356678259683,2.213251,-2.6384144,1.6940113
1356678259721,0.6464758,-3.6246064,-0.73115206
1356678259762,-0.44916153,-1.5936842,-1.1296091
1356678259802,-3.7224007,-1.1047051,-0.05171171
1356678259842,-5.4183955,-0.4644215,-0.41231546
1356678259882,-6.050843,0.7154052,-0.55140424
1356678259922,-5.767098,1.5971403,-0.5328492
1356678259962,-4.0800166,2.5807903,-2.445015
1356678260002,-0.7583809,4.3169465,-5.792887
1356678260042,3.6730442,5.163785,-9.36783
1356678260082,2.3010902,2.4977186,-7.280676
1356678260122,2.051422,1.1688178,-6.061962
1356678260162,5.1644745,-1.5359349,0.6986786
1356678260202,-7.148595,-4.3179264,4.020165
1356678260242,4.3565984,1.2759267,7.923709
1356678260282,2.1566482,0.062181234,4.305249
1356678260322,-2.086843,-3.6864953,4.267573
1356678260362,-0.13878918,-2.056933,4.5652575
1356678260402,0.49174023,0.25530815,3.8849316
1356678260442,0.35756683,0.6556153,3.1765592
1356678260482,0.5196581,0.6354029,1.6402292
1356678260522,0.15625763,-0.6871004,2.6046934
1356678260562,0.6611624,-0.21295905,2.5811963
1356678260602,0.9652138,0.87715054,-0.7649852
1356678260642,2.984785,1.8262706,-0.5728757
1356678260726,4.057146,1.741255,-2.5911741
1356678260738,3.7611275,2.692955,-3.0373611
1356678260760,-0.033787727,-3.1331508,-2.4679048
1356678260802,3.4530354,-2.7815852,2.4502127
1356678260842,3.0000916,-3.7626126,-1.4152008
1356678260882,0.49628925,-1.5249741,-1.9381406
1356678260922,-4.0819383,-1.5601444,0.13860106
1356678260962,-6.3681393,-0.5552168,0.3071191
1356678261002,-7.417576,0.6144233,0.85385966
1356678261043,-7.52833,1.1889224,0.73214203
1356678261082,-4.6024294,2.2378297,-3.994874
1356678261122,1.641058,5.590742,-8.687458
1356678261162,1.7281246,3.4395266,-7.954801
1356678261202,0.49364376,0.9601767,-7.1953745
1356678261242,6.0935984,-1.4451146,-1.7343093
1356678261282,-4.9852195,-2.4259038,2.843877
1356678261322,1.5627975,0.17231369,7.6116114
1356678261362,3.9671159,1.2763362,3.672809
1356678261402,-1.8090076,-2.8645487,4.5201583
1356678261442,0.051991463,-1.9655542,4.4613285
1356678261482,0.7521229,0.6786072,4.055748
1356678261522,0.8119898,1.0683243,2.8619485
1356678261562,0.66035557,0.6490605,1.7553314
1356678261602,-0.31676674,-0.28440785,3.0424762
1356678261642,0.4858675,0.08860898,2.1096191
1356678261699,1.9802704,0.51848125,0.56631327
1356678261723,2.4059591,1.7863517,-0.07117128
1356678261763,3.5764284,0.56206393,-1.7898798
1356678261803,4.4666853,4.16264,-2.6463861
1356678261843,1.6444883,-0.24420404,-3.7094364
1356678261883,0.0713377,-4.0067806,1.4107884
1356678261924,4.0688314,-3.704702,0.5598199
1356678261963,2.51935,-2.4811919,-1.5739342
1356678262003,-2.7120357,-1.7124038,-0.398229
1356678262043,-5.5036793,-0.9144881,0.4943594
1356678262082,-5.879667,-0.4194491,-0.49502426
1356678262122,-6.8857303,0.2855394,0.7945394
1356678262162,-6.5686674,0.655462,-1.110086
1356678262202,-4.0632772,2.927709,-4.9548984
1356678262242,2.9624205,3.3145962,-10.550421
1356678262282,0.43206024,3.2297442,-7.486302
1356678262322,-1.8194804,4.778504,-5.265663
1356678262362,5.031808,-2.5783634,-0.99801123
1356678262402,-0.5870404,-4.405352,2.9125907
1356678262442,-1.8600297,0.34457588,8.927391
1356678262482,6.4957705,1.4877919,3.2533944
1356678262522,-1.1047959,-2.64638,4.0092545
1356678262562,-0.23560238,-1.8826821,4.0662036
1356678262602,1.0178938,1.1591544,4.212286
1356678262642,0.7395172,1.0970079,3.1797338
1356678262701,0.38910675,-0.31467056,1.7015337
1356678262723,0.15372181,-0.9119468,2.3255024
1356678262763,0.7393589,0.41299486,2.2437887
1356678262803,1.6593456,0.40216517,0.2152835
1356678262843,2.446045,1.9885597,-0.66768277
1356678262883,2.8693,0.4747374,-2.2577941
1356678262924,4.3427296,3.3762276,-2.3936136
1356678262963,0.94548416,-3.0771573,-2.5028915
1356678263003,1.546771,-4.230928,2.2299318
1356678263042,3.885026,-2.4131713,-0.9756744
1356678263082,0.86158943,-1.7235231,-0.9620185
1356678263122,-4.3093224,-1.0791643,0.8065684
1356678263162,-5.3178144,-0.40165854,0.21252221
1356678263202,-6.547783,-0.26923418,0.2485742
1356678263242,-7.3519254,0.41517305,0.8135557
1356678263282,-5.7565036,1.1027389,-1.587687
1356678263322,-2.026557,4.3025723,-6.062295
1356678263362,5.965535,6.6826477,-11.157109
1356678263402,0.35247135,3.560648,-6.954085
1356678263442,1.7591295,0.9321141,-4.549884
1356678263482,2.1199207,-5.1749454,1.943851
1356678263522,-4.517279,-1.184783,6.8672485
1356678263562,5.5196877,-0.18853164,5.906739
1356678263600,0.23466587,-1.8588243,3.7903142
1356678263642,-1.3819904,-3.6430826,4.027582
1356678263701,0.57292366,0.42972517,3.7532864
1356678263723,1.2120447,1.8029828,3.006236
1356678263763,0.9283962,1.6444551,1.3287251
1356678263803,0.009303093,-0.96155596,1.7535923
1356678263844,0.5408945,0.1966424,3.1798859
1356678263883,0.83516407,-0.44165516,1.2319615
1356678263923,2.6496649,2.0242534,-0.5875053
1356678263964,2.7512732,1.1822119,-1.4110976
1356678264003,4.112875,3.092317,-2.26783
1356678264043,1.8460283,-1.0422573,-4.4161263
1356678264083,0.3507738,-4.143112,0.81225455
1356678264124,3.3554916,-4.049829,0.6304213
1356678264163,2.7584915,-3.0061316,-2.757704
1356678264202,-2.31884,-0.1297605,0.20486856
1356678264242,-5.7414575,-0.99771714,0.7742325
1356678264282,-7.3302617,-0.2493639,-0.25890803
1356678264322,-7.605427,0.93228054,0.91484606
1356678264362,-6.8904204,0.7472184,-0.2743507
1356678264402,-3.5333557,2.6490257,-4.199316
1356678264442,4.529091,6.5609274,-10.429106
1356678264482,4.87537,4.5099416,-10.973096
1356678264522,-0.353014,2.450611,-5.9464045
1356678264562,4.133725,-3.5878298,0.649022
1356678264602,-6.559679,-4.4317207,4.1863265
1356678264642,3.3424344,-0.20725012,9.088636
1356678264701,4.6786757,1.531177,3.3553329
1356678264724,-2.0322623,-2.7025163,4.613088
1356678264764,-0.57885695,-3.029538,4.185555
1356678264803,0.529809,0.62225044,3.561171
1356678264844,0.7283611,1.6282969,2.953623
1356678264882,0.5760317,1.2406486,1.5425453
1356678264922,0.22944736,-1.3979247,2.8183284
1356678264962,1.8769169,0.2153678,1.7300547
1356678265002,3.097497,2.8738456,-1.3162084
1356678265042,3.8880606,2.033997,-1.1169319
1356678265083,3.9413614,2.6000514,-2.1774216
1356678265122,0.833025,-1.9371712,-4.0803742
1356678265162,1.1249924,-3.807353,1.9021478
1356678265202,3.8470335,-3.8589597,-0.121454656
1356678265242,1.4888391,-1.780288,-2.138483
1356678265282,-4.6257033,-1.0640383,0.4971352
1356678265322,-5.7090864,-0.8885224,0.55456513
1356678265362,-6.9240475,-0.29051185,0.14786407
1356678265402,-7.745304,0.2951069,1.1006051
1356678265442,-6.1300116,0.610914,-1.3033632
1356678265482,-1.974021,3.2411468,-5.5239987
1356678265522,4.449977,6.9761972,-10.847268
1356678265562,2.328411,3.019954,-7.926841
1356678265602,0.935359,2.7716846,-4.474448
1356678265642,4.8614674,-4.246627,0.30215806
1356678265702,-4.7992115,-3.3430386,3.2279902
1356678265724,1.328577,0.29025555,8.8844385
1356678265763,4.6169276,-0.28395247,3.2278914
1356678265803,-2.1704059,-3.8264174,4.979422
1356678265843,-0.27530193,-2.4946666,4.946454
1356678265883,0.86660194,1.1432588,4.408533
1356678265924,0.57831,1.4923211,3.2384238
1356678265962,0.52863026,1.0741004,1.2054275
1356678266002,0.2703905,-0.5134299,2.2176845
1356678266042,0.8060112,0.82968974,2.0207982
1356678266082,2.1700544,1.6884307,-0.7961266
1356678266121,2.8152761,1.4993608,-0.7948009
1356678266162,4.159258,1.6371384,-2.306674
1356678266202,2.7976465,2.8374345,-3.9521163
1356678266242,-0.29302406,-4.133962,-1.4680077
1356678266282,2.3355484,-3.0645938,1.1375985
1356678266322,3.778304,-2.7293468,-2.1505294
1356678266362,-0.36214066,-1.8208246,-0.6533835
1356678266409,-4.7803016,-1.4034066,0.5601042
1356678266440,-6.017305,-0.81813836,0.041784648
1356678266482,-7.3960133,-0.14286828,0.7108828
1356678266522,-7.442677,0.22771406,1.0500014
1356678266562,-5.482308,0.8022256,-2.206566
1356678266602,0.9637642,4.314399,-8.530819
1356678266642,3.8177843,5.2354136,-11.035614
1356678266702,-0.3300953,3.0375285,-5.507795
1356678266723,4.150262,0.4136839,-3.0186355
1356678266763,0.92491245,-4.0716105,1.7853396
1356678266803,-3.4618464,-0.25386643,8.26331
1356678266844,6.314003,0.8301455,5.6767216
1356678266883,-0.8266587,-2.0880938,4.7605085
1356678266923,-1.0298114,-3.4264853,4.3076544
1356678266963,0.31362915,-0.20178914,4.0221186
1356678267003,0.7341633,1.6049297,2.9477258
1356678267044,0.8604889,1.8308822,1.2615306
1356678267083,-0.47670174,-0.6220627,1.6883538
1356678267123,0.115662575,0.665246,3.2199874
1356678267162,0.7425823,-0.4047985,0.8272098
1356678267202,2.5312443,2.775616,-0.17983563
1356678267242,4.1220627,1.30958,-1.4586782
1356678267282,3.7640553,3.851618,-2.5192428
1356678267322,1.640584,-1.5421152,-4.435006
1356678267362,-0.31498623,-4.139985,1.1054317
1356678267402,3.9084024,-3.0691242,-0.4706442
1356678267442,2.9586535,-2.2988172,-2.3636644
1356678267482,-2.672532,-1.5351515,0.48697406
1356678267522,-5.3810773,-0.6712549,0.30672258
1356678267562,-7.071365,-0.5239775,-0.059509818
1356678267602,-8.087084,0.32918835,1.6697233
1356678267642,-7.25348,0.4995334,0.10395471
1356678267702,-4.018241,1.9566685,-4.058679
1356678267723,4.037882,5.7402015,-10.280707
1356678267763,5.914442,4.8564835,-10.434308
1356678267803,0.78090763,2.7759147,-5.1486144
1356678267844,6.935068,-4.156989,0.2183739
1356678267883,-7.3337812,-2.6461704,6.1252823
1356678267924,3.185318,-0.11898279,8.408891
1356678267962,3.7028637,-0.43100977,2.6015873
1356678268002,-2.1484385,-3.9563441,4.429891
1356678268042,1.1068192,-0.5545831,4.6880155
1356678268082,0.06342888,0.76536953,4.3524218
1356678268122,-0.19311142,0.2752812,2.4198744
1356678268162,0.007048607,-1.7542169,1.9712409
1356678268202,0.92979336,0.9498209,2.7106063
1356678268242,0.6494522,1.794855,-0.6448483
1356678268282,1.8763657,2.820261,-1.1697164
1356678268322,2.7012157,2.1026993,-2.0124426
1356678268362,2.8491764,3.8388405,-2.9864287
1356678268402,2.0230217,-3.302551,-2.0699003
1356678268442,3.4515934,-5.7243714,1.9466136
1356678268482,3.1990442,-3.8988757,-3.0201886
1356678268522,0.39048386,-1.4555776,-0.73749304
1356678268562,-4.7020774,-1.9477329,0.60099006
1356678268602,-6.0013742,-0.5266962,0.29359558
1356678268642,-7.6016235,0.49978685,1.0517212
1356678268703,-7.517487,0.31511068,0.44705075
1356678268715,-5.2383413,1.7196451,-1.8987588
1356678268753,-1.5499077,4.40318,-6.309186
1356678268793,5.2342186,5.977151,-10.5587845
1356678268833,0.06963253,3.3374484,-6.095308
1356678268873,0.684144,1.055362,-0.8812338
1356678268913,6.133478,-5.158627,-0.19423532
1356678268954,-5.9824834,-0.03871441,8.376353
1356678268992,5.8183413,0.19286656,5.4107885
1356678269032,-1.0382853,-3.6667247,3.6542277
1356678269072,-0.89851046,-2.5144897,3.9115732
1356678269112,1.1817913,1.4989595,4.099004
1356678269152,0.61024,1.355509,2.7377472
1356678269192,-0.2578373,0.0053908825,1.7349267
1356678269232,0.20122433,-0.4403422,2.116856
1356678269270,0.3710556,0.5867562,2.0513783
1356678269312,1.0677338,0.71452856,0.11230211
1356678269352,1.6029358,1.8530866,-0.3421483
1356678269392,2.8108892,0.12682104,-1.7902744
1356678269432,3.6297216,4.411177,-3.7072556
1356678269472,2.6847973,1.661854,-4.696906
1356678269512,1.3348312,-3.1475487,2.3544004
1356678269552,3.0966005,-1.8927331,2.0200763
1356678269592,4.1875706,-1.9234304,-1.4825196
1356678269632,-2.2629433,-3.174285,-0.11940399
1356678269703,-4.2698374,-0.8803108,0.87790823
1356678269724,-6.464759,-0.6694541,0.07032734
1356678269764,-8.217488,-0.93711185,1.5338567
1356678269804,-7.2428885,-0.98973584,-0.2775354
1356678269843,-3.1010928,1.2997974,-5.235796
1356678269883,4.618924,6.5889115,-10.84509
1356678269923,2.0227184,5.5660076,-7.3927445
1356678269964,-2.1070075,4.4089584,-3.2005541
1356678270002,6.7912674,-8.498538,-0.08731216
1356678270042,-4.977566,-0.53881836,6.64513
1356678270082,2.3578072,-0.656085,7.4375343
1356678270122,3.213994,-0.5455687,2.555556
1356678270162,-1.8661995,-4.5929384,3.4575377
1356678270202,-0.71636343,-0.445925,4.2685556
1356678270242,1.1729908,2.782359,3.0866032
1356678270282,0.61503696,0.85778105,0.6152201
1356678270322,1.0270281,-0.5664098,1.2240794
1356678270362,0.64049053,0.14028811,2.4506218
1356678270402,1.4770327,1.3995616,-0.074844114
1356678270442,1.6207952,3.3720162,-1.044314
1356678270482,3.937564,0.8701639,-2.2538915
1356678270522,3.2832508,4.0833726,-3.1512167
1356678270562,1.080698,-1.3244827,-3.3237097
1356678270602,3.9826307,-2.8962097,2.424818
1356678270642,4.5862703,-3.703286,-2.0081477
1356678270702,1.538928,-4.0603266,-0.983206
1356678270723,-4.486904,-2.6140003,0.3550005
1356678270764,-5.680858,-0.38570595,0.62453675
1356678270803,-7.583226,-0.04881072,1.3009357
1356678270843,-8.461702,0.12275958,1.7418637
1356678270883,-6.2536674,1.4733359,-2.225955
1356678270923,0.77418995,4.780118,-8.648434
1356678270962,4.675926,6.551229,-10.322352
1356678271002,0.54627514,1.8778095,-5.79557
1356678271042,5.6595316,-3.6753216,0.16062346
1356678271082,-6.148654,-3.2368279,5.0311
1356678271122,3.7390718,0.5855149,7.5832825
1356678271162,3.0531693,0.4837911,2.6512694
1356678271202,-1.7403383,-3.488512,3.594909
1356678271242,0.48026085,-0.84842205,3.407598
1356678271282,0.5004883,2.1364174,3.1767259
1356678271322,0.5762005,1.3954587,1.5527639
1356678271362,0.18732548,0.7116598,1.1872454
1356678271402,-0.4716463,-0.18684149,2.6342092
1356678271442,0.88034344,0.1704042,1.5240228
1356678271482,2.0087528,2.3417482,-0.6597513
1356678271522,2.9033432,1.1759386,-0.8900714
1356678271562,3.816574,2.6748683,-2.2086697
1356678271602,2.4925318,2.0202513,-3.9400182
1356678271642,0.09417534,-4.2541037,0.45808208
1356678271701,2.86312,-2.9099598,1.7674252
1356678271723,4.09626,-2.720448,-2.2314065
1356678271764,-0.5292196,-2.0097792,-0.22885744
1356678271802,-4.46178,-1.9795389,1.1156229
1356678271842,-6.377013,-1.203273,0.06461284
1356678271882,-7.1938043,-0.055989265,0.47328338
1356678271922,-6.941763,-0.23409772,0.05042776
1356678271962,-5.041212,1.057908,-2.596545
1356678272002,0.45163822,4.701075,-7.438511
1356678272042,3.892437,5.1498976,-9.867109
1356678272082,0.2752142,4.21448,-6.6915693
1356678272120,-2.598762,3.233623,-0.637682
1356678272162,6.4508896,-6.5274925,-0.04599452
1356678272202,-3.1749496,-0.7769439,5.4829273
1356678272242,2.0321007,-0.4540851,7.928455
1356678272282,3.2181654,-0.42768705,3.4978807
1356678272322,-0.88666296,-4.1317673,4.0636888
1356678272362,-0.31958294,-1.4748596,4.092481
1356678272402,0.71265507,1.5422245,3.6417656
1356678272442,-0.13801956,1.3470219,2.4993799
1356678272482,-0.08864975,-1.1977718,1.7033157
1356678272522,0.8619051,0.7016021,2.0518556
1356678272562,2.0200434,2.3685043,-1.2468009
1356678272602,2.3797112,1.5972052,-0.5587499
1356678272642,2.9556913,-0.048882246,-1.6716751
1356678272703,3.4823809,4.2206244,-2.6675436
1356678272723,2.287983,1.1820433,-4.694158
1356678272764,1.882124,-2.7893214,2.113621
1356678272803,4.636203,-2.9332952,1.3333621
1356678272843,3.1682386,-4.5365953,-1.6964328
1356678272883,-3.251216,-2.8925455,0.43692362
1356678272922,-4.32966,-0.7791195,0.7862343
1356678272962,-7.230135,-0.9204719,0.7641134
1356678273002,-8.498512,-0.46998334,1.6196502
1356678273042,-7.006083,0.67361796,-0.6597048
1356678273082,-2.5516663,3.6452947,-6.624912
1356678273122,4.1390333,6.9400425,-10.447015
1356678273162,-0.44922924,2.843653,-6.966609
1356678273202,1.8778296,0.2523718,-2.832193
1356678273242,1.3749876,-3.4209645,1.7980373
1356678273282,-2.9368057,-0.52808356,6.9552107
1356678273322,4.756157,0.61487687,3.9417663
1356678273362,0.18403149,-1.8891248,3.695928
1356678273402,-0.037971497,-3.1007175,3.300862
1356678273442,0.4773121,0.62427074,3.1474242
1356678273482,0.718215,1.6004608,2.3227856
1356678273522,0.47754574,0.6815177,1.3866447
1356678273562,0.2500677,-1.5627024,1.9694178
1356678273602,1.1960077,0.06999004,2.6811917
1356678273642,1.766839,1.6149461,-1.149199
1356678273701,2.1202908,2.6066074,-0.20294952
1356678273724,3.5376577,1.7041378,-1.4629626
1356678273764,2.9131527,3.923871,-2.5901809
1356678273803,1.5886745,-2.2736769,-2.18059
1356678273843,2.3764591,-2.599668,2.5506525
1356678273883,3.6399155,-2.9177992,-1.8280798
1356678273923,0.42529774,-3.0679905,0.15179524
1356678273965,-4.0975823,-2.722099,0.8344145
1356678274004,-5.7238736,-1.2880964,0.62425697
1356678274043,-6.8884587,-1.0262079,1.0283651
1356678274073,-7.5191283,-0.9219773,0.76169294
1356678274113,-5.810584,0.19979095,-1.3144419
1356678274152,-2.8978996,3.0796874,-5.364954
1356678274192,5.0346127,7.9396024,-11.389678
1356678274232,1.677741,3.8826585,-7.88643
1356678274272,-0.02143097,1.4488584,-2.3764126
1356678274312,4.9280777,-3.60254,0.5164579
1356678274352,-5.698823,-3.7520046,6.4895506
1356678274392,4.358403,1.1425695,6.7773247
1356678274432,1.981904,0.23251712,3.4693081
1356678274472,-1.0111284,-3.8613017,3.9006429
1356678274512,-0.12957191,-0.6241938,3.9714704
1356678274552,0.36701202,1.3136088,3.3386257
1356678274592,0.30824852,1.3653635,1.5967313
1356678274632,-0.12838268,-1.1931823,1.7879016
1356678274701,0.54648304,0.079140425,2.6372695
1356678274715,1.57623,1.5458162,-0.22048995
1356678274754,2.2980537,3.9654396,-0.5707197
1356678274793,3.1863155,1.5312146,-2.3642123
1356678274833,2.628087,3.0318584,-3.2516851
1356678274872,1.5248585,2.228937,-4.3323865
1356678274912,1.0829782,-3.5862172,0.94360244
1356678274950,3.7299452,-3.2561178,1.4627938
1356678274992,3.7375412,-2.7612367,-1.9300545
1356678275032,-2.7182884,-2.7830083,1.158006
1356678275072,-5.0729656,-1.688369,1.077096
1356678275112,-5.9259114,-1.4409784,0.4690426
1356678275152,-7.1991787,-1.4767668,1.2575303
1356678275192,-7.077613,-1.6015048,0.17959583
1356678275232,-3.4139438,1.2405111,-4.1591506
1356678275272,4.8309126,8.252605,-10.675111
1356678275312,2.9706793,3.9400978,-8.998693
1356678275352,0.9764948,0.4286344,-4.6658483
1356678275392,3.1533937,-1.1738474,2.0555034
1356678275432,-5.6299677,-4.755829,4.0450296
1356678275472,4.033924,1.0466369,6.8893766
1356678275512,1.4826574,0.123638034,2.885412
1356678275552,-0.957809,-3.0981538,3.8136601
1356678275592,0.10083771,-0.8313514,3.9103036
1356678275632,0.09631443,1.0396214,3.073113
1356678275701,-0.018378258,1.5720936,1.6510278
1356678275715,-0.016346931,-0.45595312,0.9526174
1356678275752,0.4777527,-0.013575196,2.5829077
1356678275792,1.0805626,1.2456112,0.014935248
1356678275832,2.2722378,2.2565732,-0.009068012
1356678275872,3.6412,1.331562,-1.2553617
1356678275912,3.3962708,4.611842,-2.5442405
1356678275952,1.2768698,-0.7896453,-4.389389
1356678275992,0.9790573,-3.2999046,1.395683
1356678276032,4.724763,-2.255126,0.08623284
1356678276072,3.045103,-2.661214,-1.4949135
1356678276112,-3.2506895,-2.1620212,0.98594725
1356678276152,-5.8219647,-1.5359136,0.7035163
1356678276192,-6.250208,-1.1724609,0.05381638
1356678276232,-7.7170277,-1.0231041,1.2154347
1356678276272,-6.2130814,-0.8054137,-0.768627
1356678276312,-3.2379646,1.9824399,-4.708465
1356678276352,4.3722305,7.0911527,-10.326669
1356678276392,2.3989782,4.5091257,-7.3406553
1356678276432,1.4240818,1.6593289,-4.827028
1356678276472,3.6448889,-3.2067647,2.2323852
1356678276512,-5.579284,-3.5964375,5.2385316
1356678276552,5.7300806,1.2180125,6.2528176
1356678276592,1.1994572,-0.5438484,3.2724698
1356678276632,-0.5426731,-3.2747133,3.8668444
1356678276701,0.19465542,-0.24406672,3.9641745
1356678276715,-0.10397339,1.1763757,3.157239
1356678276753,0.15578079,1.4815302,1.0237656
1356678276793,0.16999054,-0.6790787,0.5751975
1356678276833,0.6696634,0.21252358,3.069647
1356678276873,1.4869184,0.9269381,-0.4322011
1356678276914,1.8186893,3.7156014,-1.0209055
1356678276953,2.5332136,1.5065029,-1.9451122
1356678276993,3.1519842,4.6560593,-1.84711
1356678277032,1.9912195,-2.4198956,-2.1173182
1356678277072,3.059558,-3.1929083,2.6748486
1356678277112,5.010358,-2.526359,-2.599038
1356678277152,-0.10257149,-2.8959727,0.19605437
1356678277192,-4.6179767,-2.8419654,1.1047683
1356678277232,-6.012215,-1.5551294,0.53459346
1356678277272,-7.642391,-1.4572892,0.9317926
1356678277312,-7.8462667,-0.76368845,1.047519
1356678277352,-5.3477707,0.32129288,-2.5460067
1356678277392,0.6519575,4.397647,-9.072091
1356678277432,6.5066757,7.0719347,-11.65099
1356678277472,-0.88230515,1.5379746,-5.398343
1356678277512,5.088415,-0.7218621,0.004413873
1356678277552,-6.797041,-5.5279207,5.435978
1356678277592,3.7864313,0.051078796,8.452261
1356678277632,3.1554165,2.4492123,2.370222
1356678277700,-1.5534096,-2.5927048,4.0324273
1356678277723,0.5030794,-1.0027224,3.4253273
1356678277752,0.043504715,0.86323917,3.444849
1356678277790,0.06663895,1.435005,1.8748615
1356678277832,0.20328426,0.008072257,0.24591988
1356678277872,0.70729923,0.16372383,2.6975632
1356678277912,1.2992849,1.291094,-0.08488936
1356678277952,1.877245,2.3309226,-0.98060846
1356678277992,2.9170103,1.7389457,-1.8867565
1356678278032,2.3861055,4.3169017,-2.522528
1356678278072,1.6497412,-0.29148257,-3.5291214
1356678278112,2.6875277,-4.2312126,2.7755842
1356678278152,3.8965435,-3.2794504,-1.2128243
1356678278192,2.8609428,-2.5296104,-1.4650824
1356678278232,-3.7581162,-2.9276428,1.2602824
1356678278272,-5.5186357,-1.3551528,1.331407
1356678278312,-7.2505875,-1.3924956,0.9996807
1356678278352,-7.4029236,-1.3109761,1.5985572
1356678278392,-6.1590657,-1.5713481,-1.3402847
1356678278432,-0.8638029,2.070143,-6.242094
1356678278472,3.229375,6.9118814,-10.499883
1356678278512,0.87052727,4.5761642,-6.2267213
1356678278552,4.440262,0.7275313,-5.083601
1356678278592,1.9639626,-3.9555788,4.8130054
1356678278632,-4.4567747,-2.5550308,8.292289
1356678278701,6.0653925,1.3077335,4.3986087
1356678278715,-1.4978094,-2.4353137,3.927112
1356678278754,-0.9720268,-2.5040002,3.539217
1356678278794,0.55665207,1.0576664,3.331656
1356678278833,0.12919521,1.8137453,2.0418546
1356678278873,0.26462746,1.4652349,0.45485198
1356678278913,-0.11090183,-0.68270266,1.5473825
1356678278953,0.73341846,0.8523792,1.8300292
1356678278992,1.3475552,2.3770392,-1.5982807
1356678279032,2.5783854,2.9527292,-1.415533
1356678279072,3.483983,2.391149,-2.315112
1356678279112,2.5223227,4.765275,-4.02584
1356678279152,1.0618229,-3.0774698,-1.9229968
1356678279192,3.0654507,-3.4860733,2.5314376
1356678279232,5.795788,-2.3531084,-1.7637565
1356678279272,1.8143673,-1.7849623,-0.9469305
1356678279312,-5.2844563,-2.7955627,1.8417864
1356678279352,-6.005119,-2.092056,0.23983568
1356678279392,-7.437631,-1.0713596,0.9730073
1356678279432,-8.117556,-1.2306548,1.1220276
1356678279472,-6.105761,0.6478021,-2.8844547
1356678279512,1.9074697,5.9800377,-10.615928
1356678279552,2.4929,4.106675,-9.178282
1356678279592,-2.2404318,1.8708103,-5.1806374
1356678279632,7.0082054,-0.050659895,-1.3396229
1356678279701,-3.2070794,-4.674035,3.3297658
1356678279715,0.25159168,-0.7147758,9.04134
1356678279754,7.1936407,2.9803548,3.425943
1356678279794,-1.2400403,-2.6648016,4.6147604
1356678279834,-0.4035349,-2.589985,4.2108445
1356678279873,0.36310673,0.9764803,3.4543536
1356678279913,0.20108795,1.183608,2.0423765
1356678279953,0.19632149,1.4569992,0.7107911
1356678279995,-0.5962076,-0.22349727,2.191146
1356678280033,0.15023136,-1.1004908,2.8081806
1356678280073,1.3458738,1.105193,-0.04767006
1356678280113,2.2005157,3.5820537,-1.4694029
1356678280153,3.547758,2.1371427,-2.67694
1356678280194,2.035081,4.9432316,-3.020841
1356678280232,1.2406416,-0.9395734,-3.12041
1356678280272,3.1319618,-3.6696382,3.242122
1356678280312,4.827483,-3.0435195,-1.8326654
1356678280352,0.2655697,-3.019468,-0.124029696
1356678280392,-4.5263376,-2.7680635,1.107914
1356678280432,-6.0109143,-1.670577,0.9817394
1356678280472,-7.601705,-1.956376,1.3274233
1356678280512,-7.719086,-1.495991,1.2768271
1356678280552,-5.2207875,0.16251826,-2.364815
1356678280592,0.32384586,4.7053685,-8.625455
1356678280630,2.8610153,6.113637,-10.824836
1356678280697,-0.94861984,3.266367,-5.545117
1356678280714,5.527295,-3.0933058,-0.7237641
1356678280754,-0.17107105,-3.9169474,2.865024
1356678280792,-2.0723095,-1.6066147,8.985745
1356678280832,5.6407995,1.6158555,2.318039
1356678280872,-0.86368656,-4.022439,3.797885
1356678280912,0.05369377,-2.0296173,4.1429873
1356678280952,0.3077402,2.4267642,3.9892316
1356678280992,-0.22390652,2.6379914,2.1944995
1356678281032,-0.15571499,-0.27351213,1.050484
1356678281072,0.6367178,0.30201387,2.0706663
1356678281112,0.7594557,0.48938084,0.66957486
1356678281152,2.6019144,3.0228486,-0.5330751
1356678281192,2.9836578,3.3329751,-1.7218009
1356678281232,2.9405994,4.49831,-2.3487723
1356678281272,2.1389093,2.7799516,-4.395815
1356678281312,1.9090147,-3.6480978,1.2761228
1356678281352,4.520232,-3.3328698,2.0129547
1356678281392,5.0391283,-3.7621603,-2.2779064
1356678281432,-2.5858412,-3.5318325,0.6408458
1356678281472,-4.4344087,-2.4771228,1.1769332
1356678281512,-6.610604,-2.235518,0.5877841
1356678281552,-8.868168,-1.9650636,1.8320354
1356678281592,-8.211607,-1.3679336,0.16979554
1356678281632,-4.05132,2.3655975,-6.072051
1356678281698,3.771327,7.9457073,-10.660674
1356678281723,0.15251255,2.3118978,-7.598641
1356678281764,-0.76038456,4.423771,-2.1818142
1356678281804,7.980507,-4.7682676,-0.8660752
1356678281844,-7.320124,-3.13654,7.656398
1356678281883,6.386466,1.3657911,5.415435
1356678281923,1.4960995,-0.7671031,3.6288536
1356678281963,-0.32844734,-3.343464,3.5281258
1356678282005,0.2054615,0.38164786,4.056675
1356678282043,0.22027874,1.4373443,2.7050009
1356678282083,0.048737526,1.0089811,1.5336884
1356678282123,0.08803749,-0.16108811,1.339636
1356678282163,1.0269012,-0.25796235,3.321109
1356678282203,1.5735102,0.9661876,0.39520144
1356678282242,2.9270344,2.7570376,-0.9762617
1356678282282,3.6876984,2.5572271,-1.9061232
1356678282322,1.9500179,3.7227626,-2.8860383
1356678282362,0.7941761,-3.1072001,-1.8916547
1356678282402,2.1281013,-3.4479275,2.446649
1356678282442,4.717355,-2.8430624,-1.6561286
1356678282482,1.1855536,-2.7880282,-0.42737925
1356678282522,-4.174575,-2.5372777,1.2501566
1356678282562,-5.59259,-1.9396067,0.07517384
1356678282602,-7.437435,-1.2603033,0.8353625
1356678282642,-8.016136,-1.1958959,0.7985344
1356678282701,-6.08938,0.8577709,-2.386345
1356678282723,-0.28076172,5.184793,-8.7868395
1356678282764,5.598198,7.1460915,-11.091098
1356678282804,-2.521626,2.6424446,-4.3255806
1356678282844,0.9419613,-2.2650983,2.5941923
1356678282883,5.7136116,-1.4338441,-1.1219708
1356678282923,-5.26019,-1.548088,8.779596
1356678282962,4.384342,0.5496187,4.362526
1356678283002,0.104133606,-2.9626303,3.544204
1356678283042,-0.1262083,-2.3917117,3.9654279
1356678283082,0.22239685,1.2992847,4.0697956
1356678283122,0.43298817,1.5333629,1.7888649
1356678283162,0.72532845,-0.2723909,0.16686082
1356678283202,0.45412827,0.13836938,2.9007692
1356678283242,1.2868853,-0.42173553,0.9376347
1356678283282,3.1503515,3.6431267,-0.9290098
1356678283322,3.360217,1.7307678,-1.9921931
1356678283362,3.6797314,4.498327,-1.9114155
1356678283402,1.3956938,2.864039,-4.534031
1356678283442,0.29965305,-2.9279704,0.61216533
1356678283480,4.0490503,-2.835866,1.9667488
1356678283522,4.741643,-2.8848054,-2.2333994
1356678283562,-2.8464699,-3.228534,0.84648424
1356678283602,-5.1577835,-2.599267,0.8652291
1356678283642,-6.4012394,-1.9874622,0.48051253
1356678283698,-7.6649947,-1.928828,1.2065594
1356678283724,-7.047398,-1.5563207,-0.10041301
1356678283764,-3.6926074,1.2140682,-4.94757
1356678283804,3.1189146,6.1466675,-10.441857
1356678283844,1.7309847,4.9680614,-8.543107
1356678283883,-1.2419958,2.8239105,-3.8681672
1356678283923,6.877719,-0.59838307,0.04140842
1356678283962,-4.103389,-4.6191607,3.5693855
1356678284002,1.442955,0.16870594,8.604286
1356678284042,4.9495087,1.8452697,2.095705
1356678284082,-1.5879683,-3.6039402,4.074483
1356678284122,0.46422768,-1.5389601,4.0187693
1356678284162,0.08520985,1.4198735,3.145511
1356678284202,-0.08920574,1.2033658,1.485567
1356678284242,0.22990417,0.47461665,0.42739284
1356678284282,0.6018362,-0.8883524,3.111951
1356678284322,1.9976425,1.3578422,0.52871627
1356678284362,2.0079536,3.8761466,-1.2320613
1356678284402,2.8995485,1.9036615,-1.8239981
1356678284442,1.6282654,4.362112,-2.9107811
1356678284482,1.46908,-0.68692255,-2.3613167
1356678284522,4.1073475,-4.3470736,2.9223847
1356678284562,4.426592,-2.629219,-2.4290936
1356678284602,1.2852583,-2.7566183,-0.4205318
1356678284642,-4.5431733,-3.7242281,1.3967977
1356678284692,-5.251108,-2.1909997,0.72925544
1356678284723,-7.16906,-2.0471745,1.0801613
1356678284763,-7.6422496,-1.4354688,0.8150982
1356678284803,-6.259243,0.19066817,-2.269967
1356678284844,0.44711494,5.111664,-9.031232
1356678284883,3.2280798,6.0876966,-10.326376
1356678284924,-0.9142103,2.6456113,-5.7628307
1356678284963,5.7431116,-3.660287,0.9421341
1356678285003,-3.9299288,-1.645933,6.0744667
1356678285044,2.4898958,-0.40432084,7.9945
1356678285083,2.2257633,-0.11411548,3.2874756
1356678285124,-0.8218093,-3.4577441,3.8518095
1356678285162,0.5899515,-0.20371825,3.646645
1356678285202,0.27845287,2.1311626,3.4091985
1356678285242,0.4848709,1.6609416,0.902925
1356678285282,0.66500854,-0.10627437,0.93063337
1356678285322,0.22700691,0.72494125,2.8320608
1356678285362,1.4791307,0.47552413,0.15987526
1356678285402,1.925602,2.9812074,-0.8618634
1356678285442,2.9450254,1.1907681,-2.3685522
1356678285482,2.4796543,4.50481,-2.7172592
1356678285522,2.112996,0.7476753,-5.090065
1356678285562,2.2553244,-2.2021961,2.9749355
1356678285602,4.6394997,-1.5503099,0.84243184
1356678285642,3.904828,-3.577871,-1.454197
1356678285689,-3.0747108,-4.6307297,0.32342747
1356678285723,-4.447969,-2.0346386,0.7939036
1356678285763,-6.739536,-1.9689578,0.9612697
1356678285803,-8.4527645,-2.1088688,1.6927986
1356678285833,-7.388577,-1.2245998,0.552179
1356678285873,-5.2454896,0.4636942,-3.0834067
1356678285913,3.529129,7.284874,-9.606918
1356678285952,2.5505886,4.70603,-9.457518
1356678285992,-2.008613,0.9969452,-3.2985723
1356678286032,7.896352,-1.2946116,-0.35048634
1356678286072,-5.0080895,-3.1417787,4.8929577
1356678286112,0.7037296,-0.54150355,7.6007285
1356678286152,4.003374,1.4998417,1.8883449
1356678286192,-1.1003318,-3.476959,3.5662205
1356678286233,0.20408916,-0.6175145,3.4350762
1356678286272,0.053830147,2.0503385,3.1064632
1356678286310,-0.105895996,1.6197292,1.2508893
1356678286352,-0.101631165,-0.7883309,1.0440532
1356678286392,0.15367603,0.8518953,2.5115852
1356678286432,1.0468597,0.5908264,0.16176522
1356678286472,1.7676258,3.3529112,-0.40883842
1356678286512,3.1581545,1.372869,-1.5242071
1356678286552,3.1270437,4.6980476,-2.3990207
1356678286592,1.9147148,1.1872917,-4.8525734
1356678286632,1.0849829,-3.161632,1.1832879
1356678286689,3.9382963,-2.4318402,1.4760653
1356678286713,4.258361,-2.1439376,-1.6396489
1356678286753,-1.3975515,-3.0773418,0.38478827
1356678286794,-4.807545,-2.5349495,1.4227345
1356678286832,-6.0653253,-2.1135852,0.41476506
1356678286872,-7.554624,-1.893146,1.5845174
1356678286912,-6.646051,-1.7454534,0.16253494
1356678286952,-4.2735214,0.8175001,-3.8779533
1356678286992,4.2879725,7.7185984,-11.433957
1356678287032,2.643198,4.6424866,-8.609734
1356678287072,-0.21178341,1.7436852,-4.4530234
1356678287112,6.2363634,-1.7638168,1.0837275
1356678287152,-6.776864,-5.8554177,6.3951983
1356678287192,5.104373,1.2561889,7.2459397
1356678287232,2.6767178,1.4290278,2.9107964
1356678287272,-1.0334263,-4.022741,4.033808
1356678287312,-0.035297394,-0.35127553,3.7378695
1356678287352,-0.44748116,1.5467702,3.2512946
1356678287392,-0.098155975,1.9086217,0.77685493
1356678287432,0.25073338,-0.7764906,0.80445266
1356678287473,-0.29441643,0.8657535,2.8901324
1356678287512,0.9506731,0.39525318,0.31165498
1356678287552,1.660347,3.500725,-0.7377479
1356678287592,2.7838554,1.8330737,-2.506335
1356678287632,2.3112411,4.881602,-2.876813
1356678287690,1.6289139,1.4291389,-4.8658695
1356678287713,1.9907427,-3.2754617,2.0544846
1356678287753,4.5029583,-2.6195064,1.5304569
1356678287794,4.608547,-2.7342827,-1.8353932
1356678287833,-2.3954306,-3.6992493,0.64520425
1356678287874,-5.0908947,-2.7142203,1.2334363
1356678287913,-6.267115,-2.5271292,0.49391493
1356678287952,-7.968217,-2.3229065,1.9197029
1356678287992,-6.644268,-1.0964894,-0.09592268
1356678288032,-4.410268,1.859375,-4.5939536
1356678288072,5.2494164,8.191719,-11.769891
1356678288112,0.22836494,3.7212234,-7.3414083
1356678288152,1.4890223,0.6838982,-3.5733116
1356678288192,2.8887053,-3.763543,1.4779074
1356678288232,-5.9988284,-3.2284305,8.262737
1356678288272,6.9010334,1.8957987,4.5284653
1356678288312,0.3909645,-0.7670819,3.6655746
1356678288352,-0.32270145,-3.934712,3.8860347
1356678288392,0.54284,0.7934611,3.8847013
1356678288432,-0.34098244,2.3978338,3.194666
1356678288472,-0.20681667,1.5032785,1.242079
1356678288512,0.5230913,-0.49323946,0.41187203
1356678288552,0.23628235,1.4668412,1.5238715
1356678288592,1.1441517,0.4980916,-0.12872675
1356678288632,1.631815,3.5198712,-0.5670148
1356678288689,2.9474669,1.6268182,-1.8192286
1356678288714,2.417183,4.954467,-3.549778
1356678288753,1.3469629,1.7324328,-5.5458894
1356678288793,1.556633,-2.9516091,1.978867
1356678288834,4.6619606,-1.9564248,1.677257
1356678288874,5.0774508,-2.002674,-1.9616456
1356678288912,-2.1384459,-3.4919882,0.7331809
1356678288952,-4.64614,-2.9241624,1.3398261
1356678288992,-6.542543,-2.73781,0.76165944
1356678289032,-7.9790735,-2.4964902,1.8783454
1356678289072,-6.7924447,-2.1518137,0.19969332
1356678289112,-3.348692,0.6631005,-5.0578804
1356678289150,4.1831274,6.773945,-10.954081
1356678289192,1.06956,3.1131423,-7.4123187
1356678289232,-3.9607954,2.0663643,-2.1383328
1356678289272,6.938633,-2.345321,-0.4072187
1356678289312,-2.1079044,-3.5131035,3.2632215
1356678289352,-0.43204117,-0.6552064,8.2859
1356678289392,4.0925674,2.674859,2.8713133
1356678289432,-1.121705,-3.7485144,3.6662202
1356678289472,0.022746086,-1.0471851,3.6650572
1356678289512,0.34177876,2.0960233,2.9266415
1356678289552,0.38136196,1.4742007,1.3067884
1356678289592,-0.06594753,0.24350497,1.3658398
1356678289632,0.09555626,-0.08792007,2.8829393
1356678289689,1.016386,0.025431931,1.6242156
1356678289714,1.7119703,3.702899,-0.8846395
1356678289753,2.5776186,3.231158,-1.3089556
1356678289793,3.8023567,4.1164556,-2.3534162
1356678289833,2.2904806,2.215202,-5.2348933
1356678289874,0.77098083,-3.6072097,-0.35372448
1356678289913,3.9742107,-2.0080438,1.7522142
1356678289954,4.8976803,-1.3675601,-2.2199144
1356678289993,-1.7706623,-4.0957136,0.95165193
1356678290034,-4.893429,-3.1858263,0.5900106
1356678290074,-5.839963,-2.3267665,0.52564067
1356678290112,-7.655378,-2.6618092,1.4740003
1356678290152,-6.209476,-1.674713,-0.124899164
1356678290192,-3.0360975,1.7694631,-4.4883714
1356678290232,2.5937862,6.882962,-10.222451
1356678290272,1.2046022,4.0893536,-7.830378
1356678290312,-1.0180693,2.2418156,-4.3226976
1356678290352,7.4886303,-1.28596,-0.14757383
1356678290392,-7.8254666,-6.1591606,5.983368
1356678290432,4.4555454,1.4920669,8.266767
1356678290472,3.5233812,2.014751,2.5817373
1356678290512,-0.70908356,-3.8333235,4.4211106
1356678290552,0.61133003,-0.7984885,3.7425146
1356678290592,-0.42794228,1.1117527,2.997165
1356678290632,-0.56942654,1.1768224,1.9215294
1356678290690,-0.1326456,0.1553492,0.22379923
1356678290713,0.3689432,0.35747713,1.5750134
1356678290753,0.36183262,2.229714,0.12967022
1356678290793,1.4354048,2.1336489,-0.53796786
1356678290833,2.8252983,2.7984107,-0.71137905
1356678290863,3.863697,4.9626217,-3.24439
1356678290903,3.3103094,1.1348566,-5.47158
1356678290944,0.23840046,-3.7676287,-0.22252393
1356678290982,4.2327805,-1.4025855,0.90681964
1356678291022,4.5149946,-1.4423158,-1.2619208
1356678291062,-1.4175978,-3.605608,0.96178293
1356678291102,-4.2883315,-3.4148993,0.9580835
1356678291142,-5.5618396,-2.697545,-0.07121411
1356678291182,-7.697597,-2.2660937,1.4932554
1356678291222,-7.272473,-1.5399308,0.32846707
1356678291262,-4.423459,0.9312961,-4.363212
1356678291302,2.9965305,7.0336537,-10.85979
1356678291342,1.0795898,3.2861855,-7.9468174
1356678291382,4.9123144,0.98561054,-7.478086
1356678291422,-1.1916857,-0.5959916,5.224392
1356678291462,-6.1383924,-5.4683647,6.9269567
1356678291502,6.620331,3.6184433,5.097349
1356678291542,0.9221811,0.11513546,3.6477144
1356678291582,-0.47905445,-3.669488,4.623239
1356678291622,1.3895454,0.04440876,3.5112655
1356678291662,-0.21716881,1.1911005,3.0732322
1356678291704,0.29150772,1.0312127,1.335341
1356678291744,0.17390156,1.8667585,0.49598223
1356678291783,-0.06703949,-0.3536025,1.6176822
1356678291824,0.78242207,0.25142413,1.5704743
1356678291863,0.76588726,2.2601151,-0.3157203
1356678291902,2.7001429,1.0058765,-0.5767162
1356678291942,3.195774,3.998948,-3.1841912
1356678291980,2.0189629,4.100754,-4.548501
1356678292022,1.5690975,-3.5732079,-1.0960134
1356678292062,3.327897,-2.7439165,2.737982
1356678292102,4.3982267,-1.3058543,-1.6582371
1356678292142,0.825778,-2.5335011,-0.5988731
1356678292182,-4.390442,-3.3596017,0.81512207
1356678292222,-5.115014,-2.393248,0.45930347
1356678292262,-6.362301,-2.7600765,0.7187493
1356678292302,-6.5617366,-2.0321808,1.0328443
1356678292342,-4.838937,-0.6278377,-1.7907695
1356678292382,-0.7917204,4.1579447,-6.433059
1356678292423,3.1526728,6.3369813,-10.181752
1356678292462,0.16454029,2.0325313,-6.0856752
1356678292502,-2.4993186,1.8769956,-2.6319237
1356678292542,7.8616533,1.528943,-1.2415172
1356678292582,-3.9752831,-6.0047913,4.14104
1356678292622,0.83547497,-1.0731896,8.283874
1356678292662,5.0887766,3.7854087,3.5705543
1356678292702,-0.9435568,-4.142734,4.8400536
1356678292742,0.70498085,-2.291347,4.379373
1356678292782,-0.1565466,1.3464109,3.923963
1356678292822,-0.42585754,1.1336908,2.8784678
1356678292862,-0.11515236,0.41657025,0.7394238
1356678292902,0.16317081,9.927899E-4,1.0270655
1356678292942,-0.09615326,0.80439067,1.8803389
1356678292982,0.48229504,1.1103493,-0.10386504
1356678293026,1.0349121,2.6314487,0.1217469
1356678293062,2.5154562,0.9521836,-1.8628784
1356678293102,2.1331377,4.567831,-2.6056798
1356678293142,1.6202908,0.6778689,-5.0308456
1356678293182,0.28235435,-3.3955607,0.28457248
1356678293222,3.5174227,-1.7635881,0.7842248
1356678293262,4.7178345,-1.9300017,-1.5944071
1356678293302,-0.32086468,-2.6571927,0.1798712
1356678293342,-3.10467,-2.840835,0.80596316
1356678293382,-5.1497154,-2.2448456,-0.08362566
1356678293422,-6.751964,-2.2759244,1.189256
1356678293462,-6.685422,-1.8469243,1.1096864
1356678293502,-4.724654,-0.027851298,-2.7779443
1356678293542,0.65289783,5.464571,-8.0329
1356678293582,3.1256618,5.757047,-9.890486
