1356943030443,-2.4108016,-8.812365,-0.0
1356943030463,-2.3699405,-8.771504,0.23154591
1356943030481,-2.2609777,-8.921328,0.040861044
1356943030510,-2.2609777,-8.921328,-0.53119355
1356943030551,-2.2609777,-9.00305,-0.08172209
1356943030591,-2.2201166,-9.084772,-0.08172209
1356943030632,-2.2609777,-8.812365,-0.27240697
1356943030671,-2.2609777,-8.853226,0.10896278
1356943030711,-2.3018389,-8.921328,-0.14982383
1356943030752,-2.4925237,-8.62168,0.08172209
1356943030791,-2.5333846,-8.580819,0.42223078
1356943030831,-2.5333846,-8.730643,-0.50395286
1356943030872,-2.4925237,-8.921328,-0.5720546
1356943030911,-2.3018389,-8.771504,0.5720546
1356943030951,-2.4516625,-8.62168,-0.3405087
1356943030991,-2.5606253,-8.962189,-0.29964766
1356943031032,-2.4516625,-9.084772,0.3405087
1356943031071,-2.3699405,-9.00305,0.46309182
1356943031111,-2.3699405,-8.580819,0.27240697
1356943031151,-2.3699405,-8.662541,-0.23154591
1356943031191,-2.2201166,-8.921328,-0.29964766
1356943031231,-2.1111538,-8.962189,0.50395286
1356943031271,-2.1383946,-8.730643,0.5720546
1356943031311,-2.1111538,-8.880466,-0.08172209
1356943031351,-2.0294318,-9.152874,0.50395286
1356943031391,-2.1111538,-8.921328,0.6537767
1356943031431,-1.9477097,-8.962189,0.50395286
1356943031482,-1.920469,-8.962189,0.7218784
1356943031512,-2.070293,-8.921328,0.92618364
1356943031551,-2.1792557,-8.880466,1.0351465
1356943031591,-2.1792557,-8.771504,0.84446156
1356943031631,-2.2609777,-8.730643,1.2258313
1356943031671,-2.2201166,-9.084772,1.5390993
1356943031711,-2.1383946,-9.343558,1.7978859
1356943031751,-2.2201166,-9.112013,2.0294318
1356943031791,-2.3426998,-9.00305,2.4108016
1356943031831,-2.7240696,-8.880466,2.7240696
1356943031871,-2.5606253,-8.499097,3.0237172
1356943031911,-2.6014864,-8.117727,3.1054392
1356943031951,-2.8330324,-7.6273947,3.336985
1356943031991,-2.6832085,-7.273266,3.636633
1356943032031,-2.7240696,-6.973618,3.9499009
1356943032071,-2.982856,-6.66035,4.0588636
1356943032111,-3.173541,-6.932757,4.3312707
1356943032151,-3.445948,-7.5865335,4.944186
1356943032191,-3.5957718,-7.6546354,5.434519
1356943032231,-3.445948,-8.240311,5.6252036
1356943032271,-3.173541,-8.308413,5.366417
1356943032311,-3.255263,-9.697687,4.5219555
1356943032351,-1.3756552,-6.742072,3.7864566
1356943032391,-2.3426998,-7.9270425,1.5390993
1356943032431,-3.445948,-9.084772,0.23154591
1356943032482,-2.4516625,-8.117727,0.3405087
1356943032511,-3.405087,-7.8180795,0.6946377
1356943032551,-3.2961242,-9.043911,1.1849703
1356943032591,-3.173541,-9.043911,1.0351465
1356943032631,-3.173541,-8.308413,0.61291564
1356943032671,-2.7240696,-7.6954966,0.19068487
1356943032711,-2.3699405,-7.7772183,-0.0
1356943032751,-2.7513103,-8.430995,0.7627395
1356943032791,-3.0645783,-8.349273,0.27240697
1356943032832,-3.5957718,-9.425281,-0.27240697
1356943032870,-2.5606253,-10.18802,0.14982383
1356943032900,-2.982856,-10.337844,0.19068487
1356943032930,-3.214402,-10.7192135,0.23154591
1356943032960,-3.718355,-10.95076,-0.3405087
1356943033002,-3.636633,-10.528529,-0.10896278
1356943033041,-1.9885708,-10.147159,-0.0
1356943033081,-0.9942854,-10.18802,-0.42223078
1356943033121,-0.8036005,-10.337844,-0.50395286
1356943033161,-1.9885708,-10.528529,0.3405087
1356943033201,-3.0645783,-10.106298,1.334794
1356943033241,-2.1792557,-7.6273947,1.6889231
1356943033281,-1.920469,-6.0474343,1.4982382
1356943033321,-2.3426998,-4.7943625,1.6889231
1356943033361,-1.4982382,-3.8273177,2.3699405
1356943033401,-1.9477097,-5.5162406,3.3778462
1356943033441,-3.173541,-8.662541,5.5571017
1356943033484,-3.1463003,-8.580819,6.2108784
1356943033521,-4.1814466,-6.66035,6.3607025
1356943033561,-3.6774938,-8.158588,5.47538
1356943033601,-5.134871,-14.056199,5.2165933
1356943033641,-0.7218784,-9.193735,2.982856
1356943033681,1.879608,-4.4810944,0.23154591
1356943033721,-4.372132,-8.19945,-0.9125633
1356943033761,-4.099725,-11.032481,-0.10896278
1356943033801,-2.3699405,-7.3141265,0.95342433
1356943033841,-3.0237172,-7.9270425,0.42223078
1356943033881,-2.6423476,-8.308413,0.53119355
1356943033921,-1.9477097,-8.008764,0.46309182
1356943033961,-2.4925237,-8.008764,0.50395286
1356943034001,-2.3018389,-8.662541,0.7627395
1356943034041,-3.5957718,-8.62168,0.3405087
1356943034081,-3.0645783,-9.493382,0.10896278
1356943034121,-3.214402,-9.915613,-0.0
1356943034161,-3.255263,-10.7192135,0.27240697
1356943034201,-3.2961242,-11.141444,-0.08172209
1356943034241,-1.9477097,-10.800936,-0.0
1356943034281,-0.08172209,-10.800936,-0.6946377
1356943034321,-0.5720546,-10.691973,-0.42223078
1356943034361,-0.9942854,-10.800936,0.3405087
1356943034401,-2.7513103,-11.141444,0.84446156
1356943034441,-2.5333846,-8.689782,1.334794
1356943034482,-1.607201,-6.2108784,1.1168685
1356943034522,-2.1111538,-4.8216033,1.5390993
1356943034561,-1.334794,-3.5957718,2.3699405
1356943034601,-1.6480621,-4.903325,3.1463003
1356943034641,-2.7513103,-8.158588,4.671779
1356943034681,-4.2086873,-10.079058,5.706926
1356943034721,-5.134871,-8.390134,5.706926
1356943034761,-3.5957718,-6.701211,5.5162406
1356943034801,-3.636633,-7.8861814,5.5571017
1356943034841,-4.099725,-14.859799,3.0237172
1356943034881,0.23154591,-7.6546354,3.1054392
1356943034921,-1.0351465,-4.4810944,-0.53119355
1356943034961,-4.5900574,-8.962189,-0.5720546
1356943035001,-2.3426998,-10.419566,0.46309182
1356943035041,-1.56634,-7.504812,0.46309182
1356943035081,-1.9885708,-7.8180795,-0.19068487
1356943035121,-2.4925237,-8.580819,0.5720546
1356943035161,-2.3699405,-8.008764,0.9942854
1356943035201,-2.6832085,-8.076866,0.50395286
1356943035241,-2.2201166,-8.349273,0.8036005
1356943035281,-3.445948,-9.043911,0.313268
1356943035321,-3.214402,-9.00305,0.23154591
1356943035361,-2.9556155,-10.460427,-0.27240697
1356943035401,-2.4516625,-11.686258,-0.27240697
1356943035441,-3.0237172,-11.645397,-0.42223078
1356943035484,-1.3756552,-10.038197,-0.3405087
1356943035521,-0.23154591,-10.228881,-0.10896278
1356943035561,-0.10896278,-10.691973,-0.61291564
1356943035601,-1.8387469,-11.413852,0.95342433
1356943035641,-3.405087,-10.337844,1.6480621
1356943035681,-2.2201166,-7.4639506,1.3075534
1356943035721,-1.879608,-4.9850473,1.56634
1356943035761,-1.6889231,-3.336985,2.0294318
1356943035801,-0.8036005,-2.9556155,2.3426998
1356943035841,-1.6889231,-5.325556,3.1463003
1356943035881,-3.6774938,-10.691973,5.829509
1356943035921,-5.284695,-11.264028,6.6331096
1356943035961,-4.2904096,-6.5513873,6.1291566
1356943036001,-3.2961242,-6.3607025,5.7477865
1356943036041,-3.9771416,-13.525005,4.372132
1356943036081,-0.19068487,-10.800936,3.568531
1356943036121,1.334794,-3.9771416,0.61291564
1356943036161,-4.0588636,-8.499097,-1.2666923
1356943036201,-4.944186,-12.367276,0.5720546
1356943036241,-1.6889231,-7.5865335,0.8036005
1356943036281,-1.920469,-7.43671,0.42223078
1356943036321,-1.3756552,-7.7363577,-0.040861044
1356943036361,-1.1441092,-7.7772183,0.3405087
1356943036401,-2.3018389,-7.9679036,1.334794
1356943036441,-3.336985,-8.240311,-0.0
1356943036483,-2.6014864,-9.80665,0.46309182
1356943036521,-2.7513103,-10.651112,-0.14982383
1356943036561,-2.6014864,-10.882658,0.53119355
1356943036601,-2.7921712,-10.991621,-0.08172209
1356943036641,-0.88532263,-10.310603,-0.42223078
1356943036681,0.313268,-11.563675,-0.7218784
1356943036721,0.53119355,-11.372991,-1.0760075
1356943036761,-0.7218784,-11.223166,0.53119355
1356943036801,-2.4108016,-10.269742,1.0351465
1356943036841,-1.879608,-7.8180795,1.1168685
1356943036881,-1.3756552,-5.7477865,1.2666923
1356943036921,-1.8387469,-3.9090397,1.879608
1356943036961,-1.3756552,-3.2961242,2.7240696
1356943037001,-2.070293,-5.434519,3.486809
1356943037041,-3.8681788,-9.615966,5.407278
1356943037081,-4.3312707,-10.228881,5.9793324
1356943037121,-3.0237172,-7.3549876,5.243834
1356943037161,-2.8330324,-8.158588,5.47538
1356943037201,-4.2086873,-14.9006605,4.0588636
1356943037241,1.1849703,-7.8861814,2.5333846
1356943037281,-0.88532263,-4.7535014,-1.3756552
1356943037321,-5.6660647,-10.528529,-0.53119355
1356943037361,-2.6832085,-10.800936,1.1849703
1356943037401,-1.4982382,-7.5456724,0.7218784
1356943037441,-1.6889231,-7.082581,-0.10896278
1356943037483,-1.4573772,-8.008764,0.46309182
1356943037521,-1.2666923,-8.19945,0.95342433
1356943037561,-2.3426998,-8.471856,0.92618364
1356943037601,-2.982856,-8.349273,0.19068487
1356943037641,-3.173541,-9.615966,0.42223078
1356943037681,-2.9556155,-10.228881,0.23154591
1356943037721,-3.405087,-10.7192135,1.1849703
1356943037761,-2.9556155,-10.7192135,0.14982383
1356943037801,-0.27240697,-10.991621,-0.84446156
1356943037841,0.10896278,-11.917805,-1.7297841
1356943037881,-0.19068487,-12.176591,-0.42223078
1356943037921,-1.0760075,-11.836082,0.9942854
1356943037998,-2.3426998,-9.80665,1.0760075
1356943038003,-1.525479,-7.1234417,0.5720546
1356943038020,-1.2258313,-5.597963,0.61291564
1356943038062,-1.3756552,-4.0588636,1.1441092
1356943038101,-0.84446156,-3.3642259,1.6889231
1356943038141,-0.84446156,-4.944186,3.173541
1356943038181,-3.405087,-8.853226,6.0474343
1356943038221,-5.8158884,-11.876944,6.701211
1356943038261,-4.2904096,-9.234595,6.6331096
1356943038301,-0.95342433,-7.246025,5.2165933
1356943038341,-2.5333846,-12.721405,5.829509
1356943038381,-0.27240697,-11.686258,2.3018389
1356943038421,1.7297841,-4.399372,0.6537767
1356943038484,-2.982856,-6.932757,-1.56634
1356943038501,-4.2495484,-12.367276,-0.10896278
1356943038541,-0.88532263,-8.539958,0.3405087
1356943038581,-2.0294318,-8.008764,0.3405087
1356943038621,-1.9885708,-8.008764,0.10896278
1356943038661,-1.0760075,-7.8589406,0.50395286
1356943038701,-1.56634,-7.246025,0.7627395
1356943038741,-3.3642259,-8.076866,0.313268
1356943038781,-3.336985,-9.656827,0.9942854
1356943038821,-3.0645783,-10.310603,0.10896278
1356943038861,-2.5333846,-10.95076,0.7627395
1356943038901,-3.1054392,-11.727119,1.1849703
1356943038941,-2.4925237,-11.182305,-0.19068487
1356943038981,-0.46309182,-10.378705,-1.334794
1356943039021,-0.29964766,-11.182305,-1.607201
1356943039061,-0.53119355,-10.800936,-0.6946377
1356943039101,-2.1383946,-10.991621,-0.10896278
1356943039141,-0.9942854,-8.812365,0.42223078
1356943039181,-0.6537767,-6.782933,0.6946377
1356943039221,-1.7297841,-5.284695,1.2258313
1356943039261,-1.4982382,-4.2495484,1.5390993
1356943039301,-1.1168685,-4.9850473,2.4108016
1356943039341,-2.4925237,-7.6273947,5.597963
1356943039381,-4.862464,-10.378705,6.3198414
1356943039421,-4.4810944,-8.19945,5.407278
1356943039483,-2.4516625,-6.8237944,5.012288
1356943039501,-3.173541,-13.102775,5.366417
1356943039541,-1.4982382,-13.565866,2.2201166
1356943039581,1.7297841,-3.568531,1.2258313
1356943039621,-2.7240696,-7.164303,-1.879608
1356943039661,-2.6832085,-11.75436,0.08172209
1356943039701,-1.879608,-8.539958,1.0760075
1356943039741,-2.9147544,-7.6546354,0.7627395
1356943039781,-1.56634,-7.1234417,0.040861044
1356943039821,-1.0760075,-8.308413,0.46309182
1356943039861,-1.525479,-8.076866,0.6537767
1356943039901,-2.070293,-8.771504,0.9942854
1356943039941,-4.0588636,-9.234595,0.53119355
1356943039981,-3.445948,-10.310603,0.27240697
1356943040021,-2.7240696,-11.264028,0.08172209
1356943040061,-1.4165162,-12.4489975,-0.84446156
1356943040101,-0.0,-11.727119,-0.38136974
1356943040141,0.88532263,-11.563675,0.23154591
1356943040181,0.95342433,-11.114203,-1.3075534
1356943040221,-0.08172209,-11.114203,0.10896278
1356943040261,-1.6889231,-10.269742,1.3756552
1356943040301,-1.6480621,-7.3958488,0.42223078
1356943040341,-0.38136974,-4.903325,0.84446156
1356943040381,-0.88532263,-3.1463003,1.7570249
1356943040421,-0.9125633,-2.9556155,2.982856
1356943040483,-1.879608,-6.5922484,4.862464
1356943040501,-4.5900574,-11.686258,6.2789803
1356943040541,-3.1463003,-10.18802,6.5513873
1356943040581,-0.27240697,-7.8861814,4.903325
1356943040621,-1.525479,-16.04477,4.862464
1356943040661,1.3075534,-6.5513873,2.0294318
1356943040701,-0.50395286,-4.7943625,-1.7570249
1356943040741,-5.202973,-9.888372,-1.3756552
1356943040781,-2.5333846,-10.691973,0.53119355
1356943040821,-0.95342433,-7.9270425,1.6480621
1356943040861,-0.7218784,-7.3549876,0.19068487
1356943040901,-1.607201,-7.5456724,0.14982383
1356943040941,-1.9885708,-8.240311,0.6537767
1356943040981,-2.7921712,-7.8861814,0.7218784
1356943041021,-3.6774938,-7.9270425,0.5720546
1356943041061,-2.9556155,-9.956474,0.19068487
1356943041101,-1.2666923,-11.223166,0.19068487
1356943041142,-1.920469,-10.528529,1.2258313
1356943041180,-2.4516625,-11.454713,-0.0
1356943041224,-1.334794,-11.073342,-1.3756552
1356943041250,0.42223078,-12.489859,-0.84446156
1356943041291,0.46309182,-11.876944,-1.2666923
1356943041332,-1.0351465,-11.304889,0.53119355
1356943041371,-2.3018389,-9.656827,1.4573772
1356943041411,-1.879608,-6.851035,0.313268
1356943041485,-1.2666923,-5.134871,1.0351465
1356943041500,-0.9942854,-2.982856,1.6889231
1356943041531,-0.61291564,-2.982856,2.6423476
1356943041571,-1.7297841,-5.284695,3.9090397
1356943041611,-4.5219555,-11.727119,6.0474343
1356943041651,-4.944186,-10.61025,6.6331096
1356943041691,-2.8738933,-6.469665,5.6252036
1356943041731,-2.5606253,-7.9679036,5.284695
1356943041771,-3.0645783,-16.276316,3.255263
1356943041811,1.7570249,-6.3607025,2.1792557
1356943041851,0.5720546,-3.8681788,-1.607201
1356943041891,-4.7535014,-11.114203,-1.607201
1356943041931,-1.525479,-11.073342,1.0351465
1356943041971,-0.7627395,-7.273266,0.8036005
1356943042011,-1.2666923,-7.3549876,0.10896278
1356943042051,-1.3756552,-8.430995,0.14982383
1356943042091,-0.88532263,-8.308413,0.6946377
1356943042131,-2.6014864,-8.117727,0.88532263
1356943042171,-2.4516625,-9.112013,-0.14982383
1356943042211,-1.334794,-10.460427,0.23154591
1356943042251,-2.3699405,-10.18802,0.88532263
1356943042291,-2.8330324,-11.563675,0.50395286
1356943042331,-2.8738933,-11.75436,-0.29964766
1356943042371,-0.0,-11.3321295,-0.3405087
1356943042411,1.1168685,-12.258313,-1.1168685
1356943042484,0.50395286,-11.836082,-0.46309182
1356943042494,-1.2666923,-11.073342,0.42223078
1356943042520,-2.2201166,-8.689782,1.0760075
1356943042562,-1.8387469,-6.469665,0.50395286
1356943042601,-1.1168685,-3.8681788,0.84446156
1356943042641,-1.1168685,-2.4516625,1.4982382
1356943042681,-0.88532263,-3.173541,2.982856
1356943042721,-2.3018389,-8.580819,5.325556
1356943042761,-3.759216,-13.6748295,6.510526
1356943042801,-2.2609777,-9.466142,6.4424243
1356943042841,-1.8387469,-5.938472,5.012288
1356943042881,-2.0294318,-13.021052,5.284695
1356943042921,-0.23154591,-13.865514,2.152015
1356943042961,2.3426998,-3.1463003,-0.08172209
1356943043001,-2.3699405,-6.238119,-3.255263
1356943043041,-3.6774938,-13.824653,-0.29964766
1356943043081,-1.0760075,-8.853226,1.6889231
1356943043121,-1.4165162,-6.851035,0.61291564
1356943043161,-2.3426998,-7.8861814,0.19068487
1356943043201,-1.56634,-8.730643,0.95342433
1356943043241,-2.1383946,-8.049625,1.334794
1356943043281,-1.879608,-7.7363577,0.42223078
1356943043321,-2.1792557,-8.962189,0.23154591
1356943043361,-2.7240696,-9.956474,-0.10896278
1356943043401,-1.607201,-10.528529,0.5720546
1356943043441,-1.9477097,-11.604536,0.50395286
1356943043486,-2.4108016,-11.413852,-0.61291564
1356943043521,-0.0,-11.304889,-1.1168685
1356943043561,1.2258313,-12.408136,-1.2666923
1356943043601,0.8036005,-11.413852,-0.46309182
1356943043641,-1.525479,-11.454713,0.6946377
1356943043681,-1.879608,-8.880466,0.92618364
1356943043721,-1.6480621,-6.5513873,0.88532263
1356943043761,-1.525479,-4.2495484,1.3075534
1356943043801,-0.9942854,-2.1111538,1.7978859
1356943043841,-1.0351465,-2.4925237,2.9556155
1356943043881,-2.9147544,-8.539958,5.5162406
1356943043921,-3.8681788,-12.5579605,6.8237944
1356943043961,-3.2961242,-8.471856,6.701211
1356943044001,-1.8387469,-7.082581,5.47538
1356943044041,-2.5606253,-17.24336,4.399372
1356943044081,1.4982382,-7.6273947,3.568531
1356943044121,1.4573772,-2.6014864,-0.9125633
1356943044161,-4.7943625,-9.765789,-2.7240696
1356943044201,-3.1463003,-12.680544,0.95342433
1356943044241,-0.7218784,-7.5456724,0.7218784
1356943044281,-0.38136974,-6.891896,0.14982383
1356943044321,-1.2666923,-8.662541,0.42223078
1356943044361,-0.46309182,-7.5456724,0.46309182
1356943044401,-1.879608,-8.349273,0.9942854
1356943044441,-2.1792557,-8.730643,0.08172209
1356943044483,-2.9556155,-10.106298,0.95342433
1356943044521,-3.445948,-10.18802,0.3405087
1356943044561,-2.3426998,-11.032481,0.5720546
1356943044601,-2.2201166,-12.108489,-0.29964766
1356943044641,-1.2666923,-11.304889,-0.27240697
1356943044681,1.3756552,-11.604536,-0.5720546
1356943044721,1.0351465,-12.14935,-0.9942854
1356943044761,0.19068487,-11.563675,0.46309182
1356943044801,-2.3699405,-10.61025,1.3756552
1356943044841,-2.7240696,-7.5865335,1.3075534
1356943044881,-0.6946377,-4.8216033,0.8036005
1356943044921,-0.42223078,-2.9556155,1.2258313
1356943044961,-0.38136974,-1.8387469,2.0294318
1356943045001,-0.42223078,-4.4810944,3.3778462
1356943045041,-2.3699405,-12.408136,6.238119
1356943045081,-4.5628166,-13.021052,7.5456724
1356943045121,-3.1054392,-6.2789803,7.246025
1356943045161,-2.6832085,-12.830367,5.366417
1356943045201,-1.525479,-13.0619135,3.6774938
1356943045241,3.9499009,-1.7570249,2.1111538
1356943045281,0.040861044,-4.8216033,-2.6832085
1356943045321,-5.938472,-15.132206,-0.9942854
1356943045361,-1.1849703,-7.9270425,1.3756552
1356943045401,-1.2666923,-6.701211,-0.040861044
1356943045441,-1.6480621,-7.7363577,0.10896278
1356943045487,-0.5720546,-8.689782,0.6537767
1356943045521,-0.9942854,-8.008764,0.95342433
1356943045561,-1.8387469,-8.19945,0.38136974
1356943045601,-2.5333846,-9.493382,0.50395286
1356943045641,-1.9885708,-10.528529,-0.10896278
1356943045681,-1.920469,-10.923519,0.14982383
1356943045721,-1.9477097,-11.9450445,0.19068487
1356943045761,-1.56634,-11.75436,-0.50395286
1356943045801,0.61291564,-10.460427,-0.46309182
1356943045841,0.61291564,-10.61025,-0.6946377
1356943045881,0.6946377,-11.563675,-0.23154591
1356943045921,-0.23154591,-11.223166,0.7218784
1356943045961,-1.2666923,-9.575105,1.4982382
1356943046001,-1.6480621,-6.851035,1.56634
1356943046041,-1.3075534,-4.2495484,1.5390993
1356943046081,-1.1441092,-2.7921712,1.7570249
1356943046121,-0.7627395,-2.8738933,2.6014864
1356943046161,-1.4982382,-7.6546354,4.4810944
1356943046201,-3.8681788,-13.402422,7.0553403
1356943046241,-3.9771416,-9.80665,6.66035
1356943046290,-2.6832085,-5.47538,6.4015636
1356943046321,-2.8738933,-12.912089,5.325556
1356943046361,0.46309182,-11.686258,2.3018389
1356943046401,2.3426998,-4.1814466,0.08172209
1356943046441,-3.0237172,-8.62168,-2.3699405
1356943046486,-2.5606253,-11.454713,0.10896278
1356943046521,-0.7627395,-8.240311,1.0760075
1356943046561,-1.9885708,-7.6273947,0.46309182
1356943046601,-1.7978859,-8.19945,0.46309182
1356943046641,-0.19068487,-7.8589406,0.19068487
1356943046681,-1.607201,-8.049625,0.313268
1356943046721,-1.9885708,-8.921328,0.313268
1356943046761,-2.7921712,-9.425281,0.42223078
1356943046801,-2.4516625,-10.269742,0.040861044
1356943046841,-1.525479,-10.923519,0.6946377
1356943046881,-2.3018389,-11.917805,0.50395286
1356943046921,-2.0294318,-10.760075,-0.14982383
1356943046961,-0.040861044,-10.18802,-0.5720546
1356943047001,0.313268,-12.217452,-1.3756552
1356943047041,0.27240697,-11.495573,-0.3405087
1356943047081,-1.0760075,-11.836082,0.88532263
1356943047121,-1.6889231,-9.112013,1.1168685
1356943047161,-1.0760075,-6.4015636,1.1168685
1356943047201,-1.7297841,-4.2086873,1.3756552
1356943047241,-1.1849703,-2.6832085,1.607201
1356943047281,-0.50395286,-3.1054392,2.3699405
1356943047321,-1.920469,-7.6273947,5.284695
1356943047361,-4.7126403,-13.906375,6.5922484
1356943047401,-3.718355,-8.308413,6.701211
1356943047441,-2.5333846,-4.5900574,5.7886477
1356943047486,-2.1792557,-14.750836,3.990762
1356943047521,1.0760075,-12.258313,2.070293
1356943047561,1.4982382,-3.9499009,-0.19068487
1356943047601,-3.0237172,-8.880466,-1.7570249
1356943047641,-1.9477097,-12.026767,0.23154591
1356943047681,-1.2258313,-8.349273,0.95342433
1356943047721,-1.4982382,-7.205164,0.14982383
1356943047761,-1.3075534,-7.6546354,0.50395286
1356943047801,-0.14982383,-7.8589406,0.50395286
1356943047841,-1.1168685,-8.076866,0.8036005
1356943047881,-2.9556155,-8.390134,0.040861044
1356943047921,-2.2201166,-9.765789,0.7218784
1356943047961,-2.3699405,-10.991621,0.3405087
1356943048001,-1.8387469,-12.258313,0.313268
1356943048041,-2.0294318,-12.299174,-0.29964766
1356943048081,0.61291564,-11.114203,-0.42223078
1356943048121,0.88532263,-11.454713,-1.0351465
1356943048161,0.9942854,-10.147159,-0.10896278
1356943048201,-0.88532263,-11.686258,1.1849703
1356943048241,-2.4108016,-10.038197,1.7570249
1356943048281,-2.070293,-7.3141265,1.2666923
1356943048321,-1.607201,-4.1814466,1.2258313
1356943048361,-1.1168685,-2.982856,1.607201
1356943048401,-0.19068487,-3.214402,2.1111538
1356943048441,-1.6480621,-7.014479,4.3312707
1356943048486,-3.9499009,-12.721405,6.891896
1356943048521,-4.7126403,-9.425281,6.66035
1356943048561,-3.0237172,-5.8158884,5.6252036
1356943048601,-2.2201166,-13.143636,4.630918
1356943048641,0.3405087,-11.985906,2.9147544
1356943048681,1.7570249,-5.7886477,0.313268
1356943048721,-3.214402,-7.5865335,-2.3018389
1356943048761,-3.636633,-10.800936,0.38136974
1356943048801,-0.42223078,-8.267551,1.0760075
1356943048841,-0.88532263,-7.3549876,0.6946377
1356943048881,-0.88532263,-8.349273,0.10896278
1356943048921,-0.7627395,-8.076866,0.95342433
1356943048961,-1.334794,-8.008764,1.1168685
1356943049001,-1.7297841,-8.499097,0.3405087
1356943049041,-2.5333846,-9.302697,0.19068487
1356943049081,-2.3699405,-10.419566,-0.10896278
1356943049121,-1.3075534,-10.691973,0.50395286
1356943049161,-1.3075534,-12.067628,-0.040861044
1356943049201,-0.84446156,-12.176591,-0.95342433
1356943049241,1.8387469,-10.7192135,-0.29964766
1356943049281,2.070293,-11.645397,-0.53119355
1356943049321,1.1441092,-10.800936,-0.040861044
1356943049361,-1.6889231,-11.032481,1.1849703
1356943049411,-2.7240696,-9.234595,0.88532263
1356943049450,-0.5720546,-5.434519,1.334794
1356943049480,-0.8036005,-3.759216,1.56634
1356943049520,-0.88532263,-3.1054392,2.1111538
1356943049550,-0.7627395,-3.718355,2.7240696
1356943049580,-1.2666923,-5.938472,3.486809
1356943049622,-2.3699405,-10.106298,6.4424243
1356943049661,-5.6660647,-12.489859,6.701211
1356943049701,-2.7240696,-6.1700177,6.3198414
1356943049741,-1.7297841,-11.141444,4.399372
1356943049781,-0.9942854,-16.3989,2.9556155
1356943049821,3.568531,-2.9556155,1.6889231
1356943049861,-0.84446156,-6.701211,-2.5606253
1356943049901,-3.5276701,-12.14935,-0.46309182
1356943049941,-0.7627395,-8.880466,0.92618364
1356943049981,-1.525479,-7.9679036,0.88532263
1356943050021,-1.920469,-7.6273947,-0.0
1356943050061,-1.525479,-8.267551,0.92618364
1356943050101,-0.53119355,-7.6273947,0.46309182
1356943050141,-0.88532263,-8.349273,0.61291564
1356943050181,-2.2609777,-8.880466,0.08172209
1356943050221,-1.920469,-10.038197,0.7218784
1356943050261,-2.070293,-10.760075,0.5720546
1356943050301,-1.8387469,-11.563675,0.50395286
1356943050341,-2.1111538,-11.876944,-0.38136974
1356943050381,-0.38136974,-11.032481,-0.88532263
1356943050421,0.95342433,-11.073342,-1.0760075
1356943050488,0.88532263,-11.114203,-0.61291564
1356943050501,0.10896278,-11.223166,1.4573772
1356943050541,-1.7978859,-10.7192135,1.334794
1356943050581,-1.4982382,-7.504812,0.95342433
1356943050621,-1.0351465,-5.053149,1.4165162
1356943050661,-1.3756552,-3.5957718,1.7297841
1356943050701,-0.50395286,-3.3642259,2.3699405
1356943050741,-0.7627395,-5.7477865,3.636633
1356943050781,-2.982856,-10.651112,6.4424243
1356943050821,-4.7126403,-10.61025,6.742072
1356943050861,-3.173541,-5.5571017,6.0201936
1356943050901,-2.1111538,-10.923519,4.862464
1356943050941,-0.9942854,-16.698545,2.3699405
1356943050981,3.1054392,-2.9556155,2.3426998
1356943051021,-0.29964766,-5.7477865,-2.4516625
1356943051061,-3.9499009,-12.9529505,-0.7218784
1356943051101,-0.6537767,-9.193735,1.1849703
1356943051141,-1.334794,-7.6954966,0.6537767
1356943051181,-1.4165162,-7.3958488,-0.10896278
1356943051221,-0.46309182,-8.076866,0.95342433
1356943051261,-0.38136974,-7.9270425,0.50395286
1356943051301,-2.070293,-8.308413,0.7218784
1356943051341,-3.445948,-9.656827,0.38136974
1356943051381,-1.9885708,-10.337844,0.313268
1356943051421,-1.4165162,-10.800936,0.61291564
1356943051489,-1.334794,-11.141444,1.1441092
1356943051503,-1.1168685,-11.495573,-0.38136974
1356943051541,0.50395286,-11.182305,-1.2258313
1356943051581,1.2258313,-12.5579605,-1.7570249
1356943051621,1.4982382,-11.304889,-0.19068487
1356943051661,-0.8036005,-11.073342,0.7627395
1356943051701,-1.7297841,-8.880466,0.88532263
1356943051741,-0.50395286,-6.5922484,0.7627395
1356943051781,-0.6537767,-4.399372,1.334794
1356943051821,-0.88532263,-2.7240696,2.2201166
1356943051861,-0.9942854,-4.140586,2.4925237
1356943051901,-1.6889231,-8.471856,4.944186
1356943051941,-4.099725,-11.686258,7.205164
1356943051981,-4.0588636,-8.117727,5.8976107
1356943052021,-2.8330324,-6.782933,5.243834
1356943052061,-2.6014864,-14.601013,5.2165933
1356943052101,0.53119355,-11.686258,2.3018389
1356943052141,3.445948,-2.982856,1.0351465
1356943052181,-2.0294318,-7.6954966,-2.6014864
1356943052221,-2.6423476,-12.598822,0.46309182
1356943052261,-0.61291564,-8.049625,0.7218784
1356943052301,-1.607201,-7.6546354,0.23154591
1356943052341,-1.6480621,-8.049625,0.61291564
1356943052381,0.08172209,-7.8180795,0.3405087
1356943052421,-0.53119355,-8.19945,0.7218784
1356943052489,-2.1383946,-8.921328,0.5720546
1356943052502,-2.7921712,-9.765789,0.7627395
1356943052541,-1.7570249,-10.419566,0.19068487
1356943052581,-1.0760075,-11.3321295,-0.10896278
1356943052621,-0.9942854,-12.489859,-0.8036005
1356943052661,-0.08172209,-11.372991,-0.9125633
1356943052701,1.3075534,-10.991621,-0.19068487
1356943052741,0.84446156,-10.228881,-0.8036005
1356943052781,0.50395286,-10.991621,0.6946377
1356943052821,-1.4982382,-10.991621,1.3075534
1356943052861,-1.6480621,-8.267551,0.95342433
1356943052901,-0.27240697,-5.8976107,1.334794
1356943052941,-0.6946377,-4.0180025,2.0294318
1356943052981,-0.38136974,-2.982856,2.9147544
1356943053021,-0.95342433,-4.140586,3.7864566
1356943053061,-2.1383946,-9.343558,5.8567495
1356943053101,-3.636633,-13.102775,6.0882955
1356943053141,-2.3018389,-8.499097,5.7477865
1356943053181,-1.6889231,-8.076866,6.2789803
1356943053221,-0.9942854,-17.161638,3.759216
1356943053261,3.1054392,-5.407278,2.2201166
1356943053301,0.50395286,-4.944186,-0.6537767
1356943053341,-3.173541,-10.651112,-1.607201
1356943053381,-0.53119355,-10.147159,0.3405087
1356943053421,-1.4982382,-8.580819,1.3075534
1356943053490,-1.879608,-7.9270425,0.46309182
1356943053503,-1.0760075,-8.049625,0.27240697
1356943053541,-0.29964766,-7.8180795,0.53119355
1356943053581,-1.607201,-8.580819,1.1441092
1356943053621,-2.1383946,-8.580819,0.46309182
1356943053661,-2.2201166,-9.915613,0.38136974
1356943053701,-1.6480621,-10.528529,0.10896278
1356943053741,-0.61291564,-11.114203,0.8036005
1356943053781,-1.3756552,-11.876944,-0.0
1356943053821,-1.1441092,-11.114203,-1.2666923
1356943053861,0.84446156,-11.264028,-0.61291564
1356943053901,0.7218784,-10.95076,-1.3756552
1356943053941,0.42223078,-11.073342,0.38136974
1356943053981,-1.1441092,-11.032481,1.3075534
1356943054021,-0.7627395,-8.580819,0.6537767
1356943054061,-0.42223078,-6.1700177,1.1441092
1356943054101,-1.1849703,-3.759216,2.070293
1356943054141,-0.6537767,-3.8681788,2.4108016
1356943054181,-0.50395286,-5.47538,2.6423476
1356943054221,-1.7570249,-8.430995,5.134871
1356943054261,-3.6774938,-12.176591,6.4424243
1356943054301,-3.486809,-8.240311,6.1700177
1356943054341,-2.4516625,-7.082581,5.938472
1356943054381,-2.6832085,-15.363752,4.1814466
1356943054421,0.95342433,-10.269742,2.1111538
1356943054489,2.3018389,-3.3642259,0.5720546
1356943054502,-2.2609777,-8.390134,-2.7921712
1356943054541,-1.3075534,-12.258313,0.6537767
1356943054612,-0.42223078,-8.689782,0.7218784
1356943054616,-1.9885708,-8.158588,0.6537767
1356943054650,-1.4165162,-7.6273947,0.53119355
1356943054692,-0.46309182,-7.8589406,0.5720546
1356943054731,-1.1849703,-8.19945,1.0351465
1356943054771,-1.4165162,-8.19945,0.42223078
1356943054811,-2.6014864,-9.193735,0.61291564
1356943054851,-1.879608,-9.888372,0.040861044
1356943054891,-1.0351465,-10.691973,0.27240697
1356943054931,-0.84446156,-12.4489975,0.46309182
1356943054971,-1.4165162,-12.340035,-1.3075534
1356943055011,0.7218784,-10.760075,-0.84446156
1356943055051,1.7570249,-11.141444,-0.61291564
1356943055102,1.7978859,-10.501288,-0.7627395
1356943055130,-0.53119355,-11.264028,1.1168685
1356943055170,-1.920469,-10.419566,1.4982382
1356943055211,-1.3075534,-7.4639506,0.92618364
1356943055251,-0.7218784,-4.8216033,1.3756552
1356943055291,-0.61291564,-3.0645783,1.920469
1356943055331,-0.08172209,-2.9147544,2.7649305
1356943055371,-0.95342433,-6.891896,4.2904096
1356943055411,-2.7240696,-12.639683,6.701211
1356943055451,-3.7864566,-11.073342,6.8237944
1356943055493,-2.3699405,-6.3607025,6.3198414
1356943055535,-2.1792557,-8.962189,6.3607025
1356943055571,-1.7978859,-16.358038,2.982856
1356943055611,2.7240696,-4.3312707,1.9885708
1356943055651,-0.42223078,-5.5571017,-1.9885708
1356943055691,-3.214402,-11.985906,-1.0351465
1356943055731,-0.14982383,-9.724928,0.5720546
1356943055771,-0.9942854,-8.158588,0.8036005
1356943055811,-0.46309182,-7.273266,0.14982383
1356943055857,-0.27240697,-8.117727,0.61291564
1356943055891,0.27240697,-7.9679036,0.42223078
1356943055931,-2.070293,-8.730643,0.7218784
1356943055971,-2.7921712,-9.493382,0.6946377
1356943056011,-1.920469,-10.106298,0.5720546
1356943056051,-1.334794,-10.61025,0.23154591
1356943056091,-0.84446156,-11.686258,0.10896278
1356943056131,-0.6537767,-11.9450445,-1.1849703
1356943056171,0.6537767,-10.841797,-0.7627395
1356943056211,1.4165162,-12.721405,-1.1849703
1356943056251,1.7978859,-11.836082,-0.040861044
1356943056291,-0.14982383,-11.536434,0.95342433
1356943056331,-1.4982382,-8.921328,0.8036005
1356943056371,-0.6537767,-6.238119,0.5720546
1356943056411,-0.6537767,-3.9771416,0.95342433
1356943056451,-0.61291564,-2.6832085,1.6889231
1356943056491,-0.6946377,-3.5957718,2.7649305
1356943056531,-0.95342433,-8.771504,4.671779
1356943056571,-2.6014864,-13.1708765,6.5922484
1356943056611,-3.3642259,-8.349273,6.2789803
1356943056651,-1.7978859,-6.0201936,5.434519
1356943056691,-1.3756552,-14.7916975,5.053149
1356943056731,1.5390993,-11.563675,2.070293
1356943056771,3.1463003,-2.9147544,0.5720546
1356943056811,-2.4516625,-8.19945,-2.982856
1356943056851,-2.4108016,-11.727119,0.7627395
1356943056891,-0.8036005,-7.5456724,0.95342433
1356943056931,-1.920469,-7.8589406,0.6537767
1356943056971,-1.7570249,-7.9270425,0.6946377
1356943057011,-0.27240697,-7.8861814,0.50395286
1356943057051,-0.29964766,-8.008764,1.1441092
1356943057091,-1.7570249,-8.921328,0.27240697
1356943057131,-2.4108016,-10.337844,0.23154591
1356943057171,-1.3075534,-10.56939,0.23154591
1356943057211,-1.56634,-10.95076,0.5720546
1356943057251,-1.1441092,-11.686258,0.14982383
1356943057291,-0.29964766,-11.141444,-0.9125633
1356943057331,1.2258313,-11.495573,-0.6537767
1356943057371,1.7978859,-11.727119,-1.3075534
1356943057411,0.92618364,-11.413852,-0.29964766
1356943057451,-1.6480621,-10.760075,1.3075534
1356943057492,-1.7978859,-8.158588,0.9942854
1356943057531,-0.61291564,-5.8158884,0.7218784
1356943057571,-0.7218784,-3.9771416,1.2258313
1356943057611,-0.19068487,-3.3642259,1.920469
1356943057651,-0.23154591,-5.202973,2.7649305
1356943057691,-1.4165162,-10.038197,6.0201936
1356943057732,-4.3312707,-10.310603,6.4424243
1356943057770,-3.9771416,-7.6546354,5.829509
1356943057800,-2.5606253,-7.7772183,5.434519
1356943057840,-1.2666923,-15.322891,4.2086873
1356943057881,1.3075534,-9.915613,2.3699405
1356943057921,1.2258313,-3.8273177,-0.7218784
1356943057961,-2.9556155,-9.575105,-2.0294318
1356943058001,-0.95342433,-10.882658,1.2258313
1356943058041,-0.46309182,-8.008764,1.1849703
1356943058081,-1.2258313,-7.43671,-0.08172209
1356943058121,-1.525479,-8.240311,0.9942854
1356943058161,-0.3405087,-7.6546354,1.1168685
1356943058201,-1.4165162,-8.008764,0.88532263
1356943058241,-1.4573772,-9.493382,-0.27240697
1356943058281,-0.9125633,-10.691973,0.88532263
1356943058321,-1.0760075,-11.073342,0.61291564
1356943058361,-2.0294318,-11.604536,0.95342433
1356943058401,-1.334794,-11.75436,-0.38136974
1356943058441,0.42223078,-10.419566,-0.53119355
1356943058481,1.6889231,-11.727119,-0.27240697
1356943058521,1.7297841,-10.923519,-0.95342433
1356943058561,0.040861044,-11.9450445,1.1441092
1356943058601,-1.6889231,-10.460427,1.4165162
1356943058641,-0.61291564,-7.164303,0.61291564
1356943058681,-0.61291564,-4.630918,1.0351465
1356943058721,-1.0351465,-2.8738933,1.3075534
1356943058761,-0.19068487,-3.255263,1.6889231
1356943058801,0.08172209,-7.3958488,3.9499009
1356943058841,-1.6480621,-12.340035,6.510526
1356943058881,-5.202973,-10.269742,6.8237944
1356943058921,-3.5957718,-5.5162406,5.706926
1356943058961,-1.8387469,-11.795221,5.6660647
1356943059001,-0.95342433,-15.173067,3.568531
1356943059041,3.5276701,-3.6774938,2.1111538
1356943059081,-0.08172209,-5.5571017,-1.9477097
1356943059121,-3.8681788,-13.0619135,-0.14982383
1356943059161,-1.56634,-9.425281,0.95342433
1356943059201,-1.1441092,-6.742072,0.50395286
1356943059241,-0.53119355,-7.246025,0.14982383
1356943059281,0.38136974,-8.499097,0.6537767
1356943059321,0.08172209,-8.076866,0.5720546
1356943059361,-1.4165162,-8.730643,0.9942854
1356943059401,-2.3426998,-9.656827,0.50395286
1356943059441,-2.1383946,-11.223166,0.27240697
1356943059481,-1.56634,-11.413852,0.14982383
1356943059521,-1.334794,-12.217452,-0.50395286
1356943059561,0.3405087,-11.141444,0.46309182
1356943059601,1.879608,-10.460427,0.27240697
1356943059641,1.9885708,-11.876944,-1.3756552
1356943059681,0.6946377,-11.413852,-0.53119355
1356943059721,-1.1441092,-10.991621,1.2666923
1356943059761,-1.0760075,-8.62168,1.1849703
1356943059801,-0.9942854,-6.0474343,0.92618364
1356943059841,-0.7627395,-3.336985,0.8036005
1356943059881,0.040861044,-2.6014864,2.070293
1356943059921,-1.56634,-6.6331096,3.2961242
1356943059961,-1.7570249,-10.147159,6.5922484
1356943060001,-3.9499009,-9.00305,6.742072
1356943060041,-3.2961242,-6.851035,5.6252036
1356943060081,-2.1792557,-5.5571017,5.7477865
1356943060121,0.23154591,-14.982383,3.8273177
1356943060162,0.27240697,-12.639683,3.3778462
1356943060200,0.84446156,-3.718355,0.27240697
1356943060242,-2.1383946,-7.43671,-1.4982382
1356943060281,-2.1383946,-12.9529505,0.14982383
1356943060321,0.040861044,-8.240311,0.46309182
1356943060361,-1.2258313,-8.008764,0.14982383
1356943060401,-0.6537767,-8.308413,-0.040861044
1356943060441,-0.19068487,-8.240311,0.95342433
1356943060481,-0.84446156,-7.8180795,0.84446156
1356943060521,-1.3756552,-8.076866,0.14982383
1356943060561,-2.0294318,-9.152874,0.3405087
1356943060601,-1.3075534,-10.337844,0.6946377
1356943060641,-1.1168685,-11.182305,0.6946377
1356943060681,-1.334794,-12.598822,-0.38136974
1356943060721,0.6946377,-11.836082,-0.50395286
1356943060761,2.152015,-11.9450445,-0.53119355
1356943060801,1.8387469,-12.108489,-0.95342433
1356943060841,1.2666923,-11.536434,0.313268
1356943060881,-1.2258313,-10.269742,0.88532263
1356943060921,-0.88532263,-8.349273,0.53119355
1356943060961,-0.46309182,-5.6252036,0.7218784
1356943061001,-1.1168685,-3.568531,1.1441092
1356943061041,-0.6537767,-3.214402,2.1111538
1356943061081,-0.50395286,-4.7126403,3.405087
1356943061121,-1.6889231,-10.106298,6.1291566
1356943061161,-3.3642259,-11.75436,6.238119
1356943061201,-2.2201166,-8.390134,6.1700177
1356943061241,-1.2258313,-12.14935,6.66035
1356943061281,-0.53119355,-15.241169,3.336985
1356943061321,4.099725,-0.6537767,1.2666923
1356943061361,0.53119355,-5.938472,-2.8330324
1356943061401,-2.1383946,-13.252599,-1.0760075
1356943061441,-0.0,-9.00305,1.1849703
1356943061481,-1.2666923,-8.267551,1.2258313
1356943061521,-1.920469,-8.049625,0.3405087
1356943061561,-0.19068487,-7.9679036,0.50395286
1356943061601,0.040861044,-8.008764,0.6946377
1356943061641,-1.4165162,-8.390134,0.6537767
1356943061681,-2.1111538,-9.043911,0.23154591
1356943061721,-1.56634,-10.269742,0.50395286
1356943061761,-0.6537767,-10.269742,-0.08172209
1356943061801,-0.6537767,-11.454713,0.53119355
1356943061841,-0.9942854,-12.721405,-0.42223078
1356943061881,0.10896278,-11.114203,-0.5720546
1356943061921,1.3075534,-10.7192135,-0.19068487
1356943061961,1.1849703,-10.923519,-1.334794
1356943062001,0.88532263,-10.106298,0.19068487
1356943062041,-1.2666923,-10.882658,1.6889231
1356943062081,-0.9942854,-9.275456,1.334794
1356943062121,-0.46309182,-6.510526,0.6537767
1356943062161,-0.7218784,-4.2904096,1.607201
1356943062201,-0.29964766,-3.759216,2.3018389
1356943062241,-0.040861044,-5.7477865,3.0237172
1356943062281,-1.3756552,-9.043911,5.6660647
1356943062321,-4.5900574,-11.563675,6.0474343
1356943062361,-3.759216,-7.9679036,5.9793324
1356943062401,-0.46309182,-8.349273,4.8216033
1356943062441,0.27240697,-14.47843,4.944186
1356943062481,0.8036005,-7.7772183,3.8273177
1356943062511,1.7978859,-4.440233,0.3405087
1356943062551,-1.9477097,-8.390134,-2.0294318
1356943062591,-2.070293,-11.3321295,0.42223078
1356943062631,-0.7218784,-8.240311,1.0351465
1356943062671,-1.0760075,-8.308413,1.0351465
1356943062711,-0.84446156,-8.662541,0.46309182
1356943062751,-0.29964766,-8.008764,0.6537767
1356943062791,-0.6946377,-7.7363577,0.6537767
1356943062831,-0.84446156,-8.390134,0.88532263
1356943062880,-2.1792557,-9.152874,0.53119355
1356943062911,-1.4982382,-10.079058,0.10896278
1356943062951,-1.1441092,-10.501288,0.38136974
1356943062991,-1.1849703,-11.563675,0.7627395
1356943063031,-0.88532263,-12.299174,-0.42223078
1356943063071,0.23154591,-11.032481,-0.88532263
1356943063111,1.5390993,-10.760075,-0.6537767
1356943063151,1.8387469,-11.032481,-1.0351465
1356943063191,1.1168685,-10.56939,0.10896278
1356943063231,-0.84446156,-11.141444,0.9942854
1356943063271,-0.6537767,-8.921328,0.7627395
1356943063311,-0.29964766,-6.3198414,1.334794
1356943063351,-0.84446156,-4.399372,1.7570249
1356943063391,-0.46309182,-3.1463003,2.1792557
1356943063431,-0.53119355,-3.9771416,3.3778462
1356943063480,-1.879608,-8.853226,4.944186
1356943063512,-2.4516625,-12.871228,6.2789803
1356943063551,-2.7240696,-9.575105,6.6331096
1356943063591,-1.2258313,-6.5513873,5.6660647
1356943063631,-0.95342433,-12.4489975,4.9850473
1356943063671,0.92618364,-11.563675,3.1463003
1356943063711,1.607201,-5.053149,0.6537767
1356943063751,-2.3018389,-7.6954966,-1.7297841
1356943063791,-1.7297841,-11.264028,0.14982383
1356943063831,-0.19068487,-9.00305,0.84446156
1356943063871,-1.1849703,-8.19945,0.7218784
1356943063911,-0.88532263,-8.049625,0.38136974
1356943063951,0.23154591,-7.8589406,0.3405087
1356943063991,-0.8036005,-8.117727,0.7218784
1356943064031,-1.7570249,-8.580819,0.19068487
1356943064071,-2.4925237,-10.18802,0.38136974
1356943064111,-0.84446156,-10.528529,0.313268
1356943064151,-0.46309182,-11.114203,0.95342433
1356943064191,-1.2258313,-11.727119,0.5720546
1356943064231,-0.9125633,-11.073342,0.040861044
1356943064271,0.7627395,-9.724928,-0.61291564
1356943064311,0.95342433,-11.141444,-1.607201
1356943064351,0.6946377,-11.372991,-0.14982383
1356943064391,-0.6946377,-11.917805,1.1441092
1356943064431,-0.9125633,-9.575105,0.92618364
1356943064479,-0.38136974,-7.273266,0.7218784
1356943064511,-0.9942854,-5.284695,0.92618364
1356943064551,-1.2258313,-4.2904096,1.8387469
1356943064591,-0.29964766,-4.7126403,2.6423476
1356943064631,-0.88532263,-7.014479,3.7864566
1356943064671,-1.9477097,-9.615966,5.9793324
1356943064711,-4.3312707,-10.61025,6.4424243
1356943064751,-3.718355,-7.205164,5.366417
1356943064791,-1.9477097,-8.662541,5.938472
1356943064831,-1.8387469,-16.358038,3.568531
1356943064871,2.7240696,-6.428804,3.173541
1356943064911,1.2666923,-5.8567495,-1.2258313
1356943064951,-3.1054392,-10.61025,-1.1168685
1356943064991,-0.08172209,-10.228881,1.0351465
1356943065031,-0.38136974,-8.921328,0.88532263
1356943065071,-1.3756552,-7.8589406,0.46309182
1356943065111,-0.7627395,-8.349273,0.6946377
1356943065151,-0.10896278,-7.6546354,0.10896278
1356943065191,-0.95342433,-8.117727,0.50395286
1356943065231,-1.334794,-8.771504,0.50395286
1356943065271,-2.4925237,-9.847511,0.14982383
1356943065311,-0.8036005,-10.56939,0.3405087
1356943065351,-0.7627395,-10.800936,0.7627395
1356943065391,-0.84446156,-12.026767,0.313268
1356943065431,-0.50395286,-11.604536,-0.46309182
1356943065471,1.1849703,-10.528529,-0.46309182
1356943065511,1.56634,-11.223166,-0.53119355
1356943065551,1.4573772,-10.95076,-0.19068487
1356943065591,-0.8036005,-11.372991,1.1168685
1356943065631,-1.2666923,-9.466142,1.334794
1356943065671,-0.29964766,-6.4015636,1.0760075
1356943065711,-0.61291564,-4.372132,1.4165162
1356943065751,-0.7218784,-3.2961242,1.9885708
1356943065791,-0.42223078,-3.636633,2.7921712
1356943065831,-1.0351465,-7.8589406,4.9850473
1356943065871,-2.8330324,-12.789507,6.782933
1356943065911,-3.214402,-10.378705,6.782933
1356943065951,-1.8387469,-7.273266,5.8567495
1356943065991,-1.7570249,-13.906375,5.243834
1356943066032,1.4165162,-9.302697,3.0645783
1356943066070,2.6832085,-4.2495484,0.6537767
1356943066100,-1.56634,-8.158588,-1.9477097
1356943066130,-2.8330324,-11.727119,0.040861044
1356943066170,-0.50395286,-9.888372,1.0351465
1356943066212,-1.2258313,-8.471856,1.1168685
1356943066251,-1.6480621,-8.008764,0.10896278
1356943066291,-0.42223078,-8.19945,0.6537767
1356943066331,0.5720546,-7.246025,-0.10896278
1356943066371,-0.5720546,-8.539958,0.61291564
