1356942877933,0.0,0.0,0.0
1356942877954,0.040825605,-0.10886669,0.1496931
1356942877981,-2.18153E-4,0.041418076,-0.041634426
1356942878016,-0.041449785,-0.06660938,-0.3560785
1356942878054,-0.042058945,0.1258707,-0.1529857
1356942878094,-0.042470932,0.16881657,0.6104189
1356942878137,0.039597273,-0.10259342,-0.19054583
1356942878195,0.04089713,-0.10374737,0.11134499
1356942878214,0.083345175,-0.06533718,0.42408264
1356942878255,0.0025844574,0.12307072,0.33692455
1356942878291,0.083795786,-0.25917625,0.093069226
1356942878321,0.041396856,0.040759087,0.49944115
1356942878351,0.038662672,0.12412262,0.43815672
1356942878381,-0.006021738,0.12684727,0.45389423
1356942878425,0.0699203,-0.18273354,0.41666242
1356942878464,-0.018242598,0.09266949,0.452962
1356942878504,-0.06534004,0.1760006,-0.17091268
1356942878544,-0.029535055,-0.055737495,-0.6867836
1356942878583,-0.032557726,-0.24863243,-0.20144
1356942878624,-0.22361493,0.047883987,-0.34005618
1356942878664,-0.2615652,0.23634338,-0.116536506
1356942878705,-0.13173676,0.044722557,-0.56628895
1356942878745,-0.051190615,-0.21489143,-0.11316225
1356942878785,-0.07508516,0.0016393661,0.31038216
1356942878825,-0.014687061,0.19094372,-0.025256734
1356942878867,0.15452695,-0.1504612,0.056293733
1356942878905,0.061947823,-0.02842617,0.15376627
1356942878974,0.07284045,0.039544106,0.101213545
1356942878988,0.15839982,-7.638931E-4,0.29349577
1356942879025,0.18297696,-0.02697277,0.3251267
1356942879066,0.06499028,-0.066521645,0.4148735
1356942879105,-0.1804645,-0.41871643,0.6182866
1356942879145,-0.19628072,-0.14219761,0.3908083
1356942879187,-0.060009956,-0.13360596,0.3860808
1356942879225,0.09570694,-0.5414076,0.7553183
1356942879266,0.16276693,-0.5609236,1.0359318
1356942879305,-0.17415357,-0.4902439,1.4986402
1356942879346,-0.29122162,-0.13755989,2.0702095
1356942879386,-0.5021503,-0.08947754,1.8153315
1356942879425,-0.6136956,0.80657864,1.787735
1356942879465,-0.5125201,1.0427356,1.9286098
1356942879505,-0.29034114,1.4500318,1.954158
1356942879546,-0.24616647,1.7824869,2.019939
1356942879585,-0.34227896,1.8103757,2.1469119
1356942879625,-0.47474957,1.6231422,2.1105218
1356942879666,-0.38880444,1.5899472,2.2968795
1356942879705,-0.7807474,1.1616869,2.4362636
1356942879745,-0.6553314,0.77594995,2.488171
1356942879786,-0.4048674,0.71026516,2.1518369
1356942879826,-0.38112736,0.7234411,2.1200771
1356942879865,-0.4220128,0.17727613,1.853704
1356942879905,-1.68613,-2.893518,0.6615777
1356942879973,1.0296953,-0.5758815,-0.47785616
1356942879987,1.0634692,0.6753621,-3.6822095
1356942880025,-0.24783301,-1.336164,-4.678585
1356942880066,0.51582646,-1.5673652,-4.606606
1356942880105,0.37890148,-0.3614626,-3.6862164
1356942880144,0.09203696,-0.85006285,-3.6063495
1356942880185,-0.09317994,-1.0146446,-3.2130122
1356942880226,0.24170017,-0.034411907,-2.8626752
1356942880265,0.49340963,-0.069708824,-2.6485493
1356942880305,0.57188416,-0.2568636,-1.979789
1356942880346,0.21815014,-0.207201,-1.3312553
1356942880386,-0.16152167,-0.33102322,-1.1797677
1356942880425,-0.07700205,-1.0874777,-1.0909963
1356942880466,-0.6552832,-1.3228292,-0.5236173
1356942880506,-0.25608182,-1.3496761,0.10544497
1356942880544,-0.91645765,-1.6431694,-0.2709364
1356942880586,0.6767409,-1.783104,-1.3014686
1356942880626,2.2719648,-1.5727339,-1.1180868
1356942880666,2.1491108,-2.2920475,-0.83022565
1356942880706,2.2546685,-1.9282494,0.3440869
1356942880746,0.73809695,-1.4410343,0.9820836
1356942880786,-0.5697558,0.34508514,1.5385401
1356942880826,-0.35759807,2.660771,1.5167379
1356942880866,0.4560566,5.0875654,1.8210438
1356942880906,0.8685521,6.114913,2.1904943
1356942880972,0.67791533,5.317118,2.536223
1356942880987,-0.14425802,2.9487429,3.2362194
1356942881026,-1.8514194,1.0126486,5.215355
1356942881066,-4.6320496,0.9869685,4.8665533
1356942881106,-3.1545386,1.5943098,3.6816573
1356942881146,-2.673869,0.20506334,3.9880338
1356942881185,-4.4233766,-7.3272223,1.0194228
1356942881225,3.6744838,-2.1132188,0.13447022
1356942881266,4.5270915,3.545599,-3.3412366
1356942881305,-1.8874555,-3.2428856,-4.30254
1356942881346,-0.31945992,-3.7066903,-3.3913581
1356942881386,1.2903192,0.08247709,-3.5032933
1356942881425,0.9163172,-0.38938951,-3.98064
1356942881465,1.9217836,-0.37368536,-3.0753095
1356942881505,2.0148892,0.11125183,-2.5122137
1356942881545,0.66653895,0.0359869,-1.4516951
1356942881586,0.28794503,1.0124083,-1.4412448
1356942881625,-1.2001643,0.27600002,-0.89873695
1356942881665,-0.9936104,-0.4765587,-1.3579483
1356942881705,-0.7815325,-1.7732363,-0.45001876
1356942881745,-0.5727253,-2.4686232,-0.4333461
1356942881785,-0.60938215,-1.7235174,-0.28751373
1356942881825,2.3639076,-2.3396082,-0.71791685
1356942881865,2.746007,-2.2570019,-1.1338624
1356942881905,2.5358286,-1.9235497,-0.08572992
1356942881971,0.8183243,-2.3314009,0.8753283
1356942881985,0.1607678,-0.3543434,1.4662015
1356942882025,0.45142913,2.8625565,1.2673311
1356942882065,0.22522211,4.8509917,1.949918
1356942882105,0.2821734,6.638571,2.448946
1356942882145,0.52826595,6.8905926,3.107084
1356942882185,-1.1323562,3.9762902,3.8209443
1356942882225,-2.8259053,-0.48969078,4.8700805
1356942882265,-3.6966286,-1.9688339,5.8524566
1356942882305,-2.1193655,1.8945107,4.7446966
1356942882345,-0.9008639,2.0975885,3.7922769
1356942882385,-2.0514581,-3.663353,1.8260763
1356942882425,2.0548291,-4.4106717,-0.31362724
1356942882465,2.3005636,1.3798442,-3.4376087
1356942882505,-1.8164585,-0.77696276,-4.610245
1356942882545,0.39947557,-2.799471,-4.900134
1356942882585,1.1248193,-0.7754426,-3.7220356
1356942882625,0.08937836,-0.37177563,-3.7182803
1356942882665,0.7735441,0.1501441,-3.46244
1356942882705,1.4937985,0.3274846,-3.0690157
1356942882745,0.7793269,0.1943779,-1.9425126
1356942882785,-0.49019337,0.49019575,-1.9073175
1356942882826,-1.4332314,-0.6898346,-1.3425289
1356942882865,-0.42525268,-1.1933222,-0.8971647
1356942882905,-0.8248143,-1.6630554,-0.27513105
1356942882974,-0.72729564,-2.4086246,-0.092282906
1356942882987,-0.37592173,-2.2539463,-0.5877457
1356942883025,1.4519308,-1.9058657,-0.95276994
1356942883065,2.0003178,-2.4267492,-0.9216707
1356942883105,2.4894674,-1.5618706,-0.4951558
1356942883145,0.9647715,-1.6305904,0.66175866
1356942883185,-0.7675631,0.040528297,1.3177239
1356942883225,-0.396837,2.018888,1.382951
1356942883265,0.18860173,4.6062737,1.6292877
1356942883305,0.2626369,6.0501757,1.7660943
1356942883345,1.3466353,6.5956984,2.4081416
1356942883408,0.29814816,4.275809,3.6035562
1356942883435,-2.1313226,-0.82153606,5.294194
1356942883475,-3.1244795,-0.62712765,5.296859
1356942883516,-1.7114096,1.4995546,4.8862844
1356942883555,-2.4325886,-1.3664598,4.2908077
1356942883595,-0.72496533,-5.6265554,0.6305685
1356942883635,3.796132,-0.09352541,-2.1868994
1356942883675,1.5153408,0.9877238,-4.8660116
1356942883715,-0.528656,-3.118266,-4.046588
1356942883755,0.79483867,-1.6127372,-3.1751146
1356942883795,-0.5012603,-0.18923998,-3.1118512
1356942883835,-0.51471305,-0.074872494,-3.1488934
1356942883875,0.43341756,0.17969179,-2.5222523
1356942883914,0.49405766,0.696743,-1.7914431
1356942883973,-0.46439934,0.26151276,-1.1085438
1356942883995,-0.9637699,0.24669266,-1.1747644
1356942884035,-1.0269742,-0.6594353,-1.3505375
1356942884076,-1.2483518,-1.577198,-0.742782
1356942884115,-1.3918176,-2.2719383,-0.5492318
1356942884155,-0.4217739,-2.8580923,-0.74344623
1356942884195,1.2187911,-2.853568,-0.6537417
1356942884235,3.2227898,-2.155035,-0.029919937
1356942884275,3.7818613,-2.3923016,-0.9538063
1356942884315,2.999956,-1.0466805,0.22224244
1356942884355,0.6519575,-0.9105425,1.6097729
1356942884395,0.14115381,1.6155739,1.6095858
1356942884435,1.0103334,4.008867,1.4726131
1356942884475,1.3631557,6.0534315,1.6316597
1356942884515,1.1183825,6.8876433,2.1175528
1356942884555,0.067938805,4.829265,3.514402
1356942884595,-1.0839803,-0.123542786,5.3023496
1356942884635,-3.187148,-1.8943014,5.755074
1356942884675,-2.9029436,1.6845031,5.5222917
1356942884715,-2.4319072,1.4040642,3.7997446
1356942884755,-2.6476498,-9.385656,0.75738955
1356942884795,3.2369227,1.4562473,-0.7320403
1356942884835,1.3704193,2.872912,-5.4447613
1356942884875,-3.0782235,-3.4038076,-4.92591
1356942884915,-0.30909443,-2.3050594,-3.5141735
1356942884973,0.18714976,0.16103745,-3.2007895
1356942884996,0.6558125,0.6212659,-3.826177
1356942885035,1.2315317,0.39223433,-2.912129
1356942885075,1.5777327,0.1825409,-1.7663963
1356942885115,0.29070687,0.8615179,-1.9883184
1356942885155,-1.4004607,0.057824135,-1.2342055
1356942885195,-0.94622517,-1.3047619,-1.2404974
1356942885235,-0.4573896,-2.0717382,-0.6838955
1356942885275,-1.5014668,-3.3378658,-0.60500103
1356942885316,-0.35893393,-3.1824207,-1.294613
1356942885355,2.4111567,-2.8641615,-0.84056795
1356942885395,2.5925725,-1.7250719,-0.9891739
1356942885435,2.3508475,-1.5178671,-0.09670928
1356942885475,-0.098924875,-1.0728483,1.2102545
1356942885515,-0.6754198,1.1621332,1.5139513
1356942885554,0.07951641,4.0206065,1.5893145
1356942885594,0.64823544,6.629554,1.4852049
1356942885634,1.1578463,7.4815965,2.5497336
1356942885674,0.4654795,5.524367,3.4684682
1356942885714,-1.8493834,0.013702393,5.611962
1356942885755,-3.3312619,-2.0248938,5.468044
1356942885795,-2.355843,1.2548671,5.9085574
1356942885835,-2.1137586,2.412465,4.2395177
1356942885875,-2.509323,-5.8495846,2.1030366
1356942885915,1.9942262,-4.6734605,-0.21956372
1356942885973,3.3959627,3.205432,-3.8757372
1356942885996,-1.4950571,-0.60735655,-5.2627316
1356942886035,0.28844452,-3.4843836,-3.895696
1356942886075,1.2196623,-0.24823284,-3.0212123
1356942886115,0.31239963,0.40159988,-3.543082
1356942886155,0.6366179,0.4595189,-3.3880005
1356942886195,1.6419426,0.5770087,-2.4733753
1356942886235,0.29572558,0.32629585,-1.8670282
1356942886275,-0.596164,0.23457623,-1.8674401
1356942886315,-1.3727381,-0.34141922,-1.1098015
1356942886355,-1.3460121,-1.3388186,-1.4376792
1356942886395,-0.74052525,-2.5096111,-0.084860146
1356942886435,-1.1515112,-3.1916142,-0.61821985
1356942886475,0.67320836,-2.2737513,-1.066208
1356942886515,2.5077527,-2.075552,-0.63547194
1356942886555,2.9134235,-1.9933462,-1.0480214
1356942886594,2.4016993,-1.8267994,0.37267202
1356942886631,0.010407448,-1.0619822,1.4314052
1356942886665,-0.52788186,1.2362394,1.4850962
1356942886691,-0.16214085,3.0301948,1.5231997
1356942886732,0.22949672,5.329707,1.6086478
1356942886774,0.78676486,7.56695,1.8658733
1356942886814,0.9890228,7.7540274,2.9539876
1356942886854,-1.0281013,3.1169715,4.799057
1356942886894,-2.6458464,-2.269909,5.9477396
1356942886934,-3.56961,-1.2522297,6.585411
1356942886974,-1.5007576,3.0905185,4.807727
1356942887013,-1.1544397,-2.5274115,3.8520207
1356942887054,-0.65939,-8.55238,0.4560821
1356942887094,4.2286325,2.8152857,-2.3951192
1356942887134,-0.2861278,1.3723884,-6.0032673
1356942887175,-1.7943029,-4.1968536,-4.299917
1356942887215,0.94657576,-1.206439,-3.6278274
1356942887255,0.50893235,0.5866413,-3.4313946
1356942887295,0.3747158,0.9362459,-3.6534152
1356942887335,0.39980268,0.51567984,-2.9123235
1356942887375,0.7493385,0.061463356,-2.1043139
1356942887415,0.085835695,-0.12056732,-1.1977098
1356942887455,-1.4735267,-0.53545,-0.9654917
1356942887495,-1.5743961,-0.8024063,-1.0463549
1356942887535,-0.90830755,-1.6117144,-0.020718694
1356942887575,-0.7003064,-3.4766035,0.06460804
1356942887615,-0.33507395,-2.2671108,-1.0116004
1356942887655,1.8365495,-0.37168503,-1.5253624
1356942887695,2.5182562,-2.758707,-1.5947945
1356942887735,2.4068813,-2.3747473,-0.55816877
1356942887776,-0.113749504,-2.0592651,0.91525614
1356942887815,-1.6649578,-0.004965782,1.4129459
1356942887855,0.2806313,2.5120454,0.8766115
1356942887895,0.71065235,5.5753155,1.09181
1356942887935,1.0475736,7.6006126,1.9291892
1356942887974,1.2475908,6.9409347,1.9567518
1356942888013,0.024550676,3.1517787,3.9191775
1356942888054,-3.3790073,-1.5857553,6.617045
1356942888094,-4.2280874,0.76645756,6.0838385
1356942888134,-1.7298946,2.4086404,4.5705843
1356942888174,-1.9545362,-5.5689325,3.1969528
1356942888215,0.6354729,-5.1886406,0.68982744
1356942888255,3.8330395,2.9526014,-3.0031204
1356942888295,0.17070103,0.68319225,-5.5751095
1356942888335,-0.7842808,-4.010175,-3.984074
1356942888377,0.96197414,-1.0130224,-2.2352605
1356942888415,0.42767525,0.4789343,-3.1609366
1356942888455,0.7535448,0.0049877167,-3.0443523
1356942888495,1.1199113,0.16144943,-2.115142
1356942888535,0.23966908,0.626163,-1.1167772
1356942888575,-0.15584207,0.4912758,-2.0526273
1356942888615,-0.14817786,-0.6616163,-1.5995562
1356942888655,-1.5487587,-1.8216181,-1.2724961
1356942888695,-1.1433315,-2.318699,-0.18062592
1356942888735,-0.922456,-2.1423473,-0.22711113
1356942888775,0.18026137,-1.9127216,-1.0362868
1356942888815,2.7122643,-1.8839636,-1.4513136
1356942888855,3.006068,-2.8456535,-1.2751849
1356942888895,2.827624,-1.9080133,-0.09011863
1356942888935,1.3856535,-1.6616058,1.3828588
1356942888976,-0.74707866,-0.15725517,1.765909
1356942889013,-0.39740396,2.7085924,1.5264691
1356942889056,0.21904099,5.7729683,1.6892248
1356942889095,0.6454332,7.4117265,1.9118559
1356942889135,0.82995224,7.0538664,2.6667774
1356942889175,-0.7861769,3.3287668,4.405722
1356942889215,-3.3476644,-1.1893463,6.1463375
1356942889255,-4.0844917,-0.45249557,5.860833
1356942889295,-1.9971833,2.643261,4.8258944
1356942889335,-1.9308304,-5.480855,2.763355
1356942889375,0.52359784,-4.871971,1.2060099
1356942889415,3.4931092,2.4939098,-2.6813555
1356942889455,-1.1991808,-0.728251,-5.6718326
1356942889495,-0.9143765,-3.0616207,-3.8463178
1356942889536,1.4074019,-0.2426486,-3.4030275
1356942889575,0.42202735,0.12814665,-3.5297387
1356942889615,0.17619061,0.064798355,-3.40836
1356942889655,0.7303469,0.44360495,-2.7716386
1356942889695,0.75530505,0.60277987,-2.0745778
1356942889735,0.2795763,0.07342434,-1.8377625
1356942889775,-1.6116855,0.08943081,-1.561469
1356942889815,-1.036447,-1.3590603,-1.2307533
1356942889855,-0.5924754,-2.254797,-0.52392983
1356942889895,-0.44420743,-3.2157326,-0.41110665
1356942889935,0.18412948,-2.801692,-0.7355164
1356942889974,2.0580523,-2.5411072,-0.58578
1356942890013,2.622486,-2.349677,-0.974505
1356942890054,2.1713514,-1.1199284,0.15948367
1356942890094,-0.4965477,-1.1281872,0.82879597
1356942890134,-0.5939295,0.8281555,1.105266
1356942890174,0.866778,3.4774594,1.5940425
1356942890215,0.55683887,5.950838,1.7776827
1356942890255,0.9408567,7.386574,2.0654051
1356942890295,0.9260254,7.020532,3.1564317
1356942890335,-1.3541667,2.872242,5.0844665
1356942890375,-4.031698,-2.0575857,6.1081285
1356942890415,-3.7919183,0.15861416,5.773126
1356942890455,-1.9510126,2.8158455,4.1447372
1356942890495,-1.8091283,-5.490979,2.5609453
1356942890536,0.6914258,-5.5140424,1.2376118
1356942890576,3.3921247,1.9567323,-2.9122322
1356942890616,-0.53359175,-0.74708366,-4.9817367
1356942890655,-0.01772809,-3.1162457,-3.754138
1356942890695,1.3680322,-0.91970015,-3.341527
1356942890735,-0.14690876,0.2909794,-3.9086823
1356942890775,0.22534657,0.22223711,-3.5973656
1356942890815,1.0969454,0.25174713,-2.815782
1356942890855,0.75105,0.6272578,-2.0817592
1356942890895,-0.05969429,0.6193733,-1.1913333
1356942890935,-1.5009131,0.13976955,-1.4857397
1356942890974,-0.3589375,-0.8117666,-1.3140953
1356942891013,-0.29824996,-2.074932,-0.2313661
1356942891054,-0.26246428,-2.5840826,0.5492968
1356942891094,-0.61115885,-2.111187,-0.5051228
1356942891134,1.326302,-1.1042252,-1.352664
1356942891174,2.4523582,-2.87753,-1.3575457
1356942891214,2.3442667,-2.2097635,-0.7475781
1356942891255,0.5365648,-2.2627144,0.47742134
1356942891295,-0.15302444,-0.73880863,0.91267335
1356942891335,0.74842596,1.6838665,0.48295695
1356942891375,0.35352802,4.654192,1.1047875
1356942891415,0.29787135,6.809067,1.6165582
1356942891454,0.61492515,6.7186966,2.3311262
1356942891495,-0.99998415,3.9323225,4.0947475
1356942891535,-2.9870706,0.9953823,5.598456
1356942891575,-3.5212238,-0.22194386,5.3233905
1356942891615,-0.94692147,2.3343372,4.5162153
1356942891655,-0.90438175,-0.7136383,4.0170326
1356942891735,-1.2399495,-7.9245114,2.2771044
1356942891736,3.556203,1.0268149,-1.7704489
1356942891773,0.5275724,0.3266263,-4.470321
1356942891814,-2.1024017,-3.1343846,-4.007924
1356942891854,1.5269282,-0.6721773,-2.62886
1356942891894,1.2587513,-0.6177869,-2.6683726
1356942891935,0.34887218,0.5838671,-3.0286412
1356942891974,0.008761406,0.2734599,-2.4315016
1356942892014,0.33735132,0.66453266,-1.952957
1356942892054,0.087414265,0.89607525,-1.5943578
1356942892095,-0.92983246,0.25774956,-2.3055816
1356942892135,-0.7941818,-1.2240028,-1.6032523
1356942892175,-0.76115394,-1.8329067,-1.0428567
1356942892215,-0.44299102,-2.8101816,0.14910865
1356942892255,-0.8624985,-3.4861145,-0.6822262
1356942892295,0.31461787,-2.2032776,-1.2592306
1356942892335,2.3237987,-0.82344437,-1.62634
1356942892375,2.864687,-2.950966,-1.4101112
1356942892415,2.7059863,-1.6127386,-0.4657231
1356942892455,-0.25336194,-1.5110865,0.7171254
1356942892495,-0.42090225,0.8929424,1.2504988
1356942892535,0.8933984,3.7149878,1.1574003
1356942892575,0.5697664,6.243492,1.3678236
1356942892615,0.35662544,7.331032,1.7953537
1356942892655,0.6253474,5.7757835,2.390339
1356942892695,-0.2947111,1.01688,5.369072
1356942892734,-3.7512808,-0.10732365,5.8202415
1356942892775,-4.0134134,2.4163613,4.6381764
1356942892815,-2.8135023,-0.21444607,4.3833394
1356942892855,-3.2183785,-9.59669,2.690389
1356942892895,3.382702,-1.8137293,0.23049545
1356942892935,6.094754,5.921159,-2.435083
1356942892974,0.14054322,-0.5141082,-5.806679
1356942893013,-2.174674,-7.178714,-3.1683176
1356942893054,1.4979067,1.0937276,-2.7883472
1356942893094,0.57551885,0.690248,-3.7501159
1356942893134,0.893963,-0.29532528,-3.2358656
1356942893174,1.7573686,0.22033691,-2.5424337
1356942893214,-0.29583883,0.0930109,-1.6007011
1356942893254,-1.1367874,0.4487543,-1.5513275
1356942893295,-1.8524234,-0.24443436,-0.7877986
1356942893335,-1.1558976,-1.3722095,-0.8048981
1356942893375,-1.1420112,-2.2843857,-0.20518064
1356942893415,-1.0444267,-2.9766674,-0.82966185
1356942893455,1.0998553,-2.407651,-0.21573517
1356942893513,2.4708455,-3.2076406,-0.49619636
1356942893534,2.5355587,-2.2880888,-0.6684569
1356942893574,1.3835311,-1.7792759,0.29519394
1356942893611,-0.20971084,-0.37327003,1.0185399
1356942893646,0.6918334,1.9986882,0.9595866
1356942893671,1.0026727,3.9347553,1.0148857
1356942893712,0.65942705,6.013963,1.8528839
1356942893754,0.53753257,7.2488966,2.2644944
1356942893794,-0.08064628,6.248981,2.768104
1356942893834,-0.6282872,1.6555262,4.8756766
1356942893874,-4.465386,-1.794816,6.433026
1356942893914,-3.057185,1.2966604,5.783824
1356942893974,-0.7917206,0.9665351,4.201632
1356942893996,-2.4410539,-7.2607517,3.8941727
1356942894035,0.85801214,-2.3385305,-0.06779122
1356942894075,3.8871279,4.1019535,-3.129394
1356942894115,-0.82279587,0.4700613,-5.286464
1356942894155,-1.3685958,-5.0657506,-3.6895676
1356942894195,0.7309679,-0.06305504,-2.9764018
1356942894235,-0.09348178,0.35814667,-3.219243
1356942894275,0.17667723,0.6138077,-3.3189087
1356942894315,1.6610087,0.44917822,-2.9569888
1356942894355,0.85941625,0.5268321,-1.851518
1356942894395,-0.6987314,0.118569374,-1.9759582
1356942894435,-1.5107968,-0.7543955,-1.5315316
1356942894475,-0.41900587,-1.6769781,-1.3696371
1356942894515,0.07440281,-2.1823893,-0.34901983
1356942894555,-0.5395787,-2.9573984,0.2197389
1356942894595,-0.779861,-2.3365211,-1.2530327
1356942894635,1.5773993,-1.0638485,-1.3647629
1356942894675,2.7555969,-2.887165,-1.1564777
1356942894715,2.4812355,-1.54531,-0.38399875
1356942894755,0.16426611,-1.4751587,0.7949731
1356942894795,-0.7234888,0.25398827,1.3349719
1356942894835,0.4045254,3.0399919,0.8282436
1356942894875,-0.027633667,5.1125846,1.6254969
1356942894915,0.015136123,6.5825963,2.3077574
1356942894974,0.40342414,6.263709,2.6865427
1356942894996,-0.4766258,3.9849162,4.048495
1356942895035,-3.4284582,-0.26398277,5.676174
1356942895075,-4.413726,-0.7288008,5.3104506
1356942895115,-1.5734247,1.4778552,4.558948
1356942895155,-2.0264597,-4.4901423,3.3400893
1356942895195,-0.53190374,-5.5843554,1.0761917
1356942895235,4.1728487,3.547519,-1.5176932
1356942895275,1.1625434,1.0911765,-5.4602804
1356942895315,-1.7253566,-4.8485184,-3.7470891
1356942895355,1.4533864,-0.521101,-2.9897137
1356942895395,0.6646807,0.41469336,-3.5199506
1356942895435,0.45531106,-0.2907877,-3.3372529
1356942895475,1.5737288,0.11310387,-2.5585632
1356942895516,1.0864395,0.7349596,-1.8631784
1356942895554,0.6838907,0.25972748,-1.2828178
1356942895594,-1.1499586,-0.084409714,-1.6519003
1356942895634,-1.2413933,-1.0203915,-0.8871464
1356942895674,-0.8779316,-2.239396,-0.72475743
1356942895715,-0.7083533,-2.7965565,-0.24170113
1356942895755,-0.5758705,-2.3979292,-0.85996884
1356942895795,1.976763,-2.472602,-0.37173945
1356942895835,2.4833345,-2.6414633,-0.97783923
1356942895875,2.4290576,-2.3919897,-0.45187545
1356942895915,1.5273577,-1.809308,0.74527943
1356942895975,-0.69470644,0.22558498,0.98503274
1356942895995,0.007730961,2.2864938,1.1460272
1356942896035,0.67067397,4.761843,1.2690108
1356942896075,0.76021516,6.6797566,1.5998573
1356942896115,1.131595,7.6919436,2.674684
1356942896155,0.04859984,4.999092,4.010171
1356942896195,-1.6594901,-1.0942011,5.4730587
1356942896235,-3.0357845,-2.2233639,6.3097873
1356942896275,-0.9871545,1.4126005,4.9465227
1356942896315,-1.6395473,-1.7494278,3.8512886
1356942896355,-1.4879482,-4.97543,2.315716
1356942896395,2.274115,2.1843042,-0.77495587
1356942896435,0.43565547,1.7212915,-4.6152096
1356942896475,-2.711292,-3.5406709,-4.077116
1356942896515,0.44879985,-1.5214396,-3.378225
1356942896555,0.16232371,0.14363098,-3.161591
1356942896595,-0.23870325,0.22838068,-3.752897
1356942896635,0.79183877,-0.07735157,-2.86444
1356942896675,0.84705174,0.63787985,-2.1281247
1356942896715,-0.113093615,0.5795779,-1.8861083
1356942896755,-0.45247555,0.53599644,-2.0391393
1356942896795,-1.3749874,-0.6586075,-1.5027014
1356942896835,-0.7122674,-1.8169527,-0.6573639
1356942896875,-0.7212789,-2.1222715,0.25560123
1356942896915,-0.69657445,-2.5215883,-0.63128316
1356942896975,0.54716027,-2.221117,-1.4057541
1356942896988,2.3846374,-2.9418964,-1.0202022
1356942897025,2.6069503,-3.1042519,-0.74848783
1356942897065,2.6470375,-1.8896694,-0.034303144
1356942897105,0.77995586,-1.4037094,0.716637
1356942897145,-0.93773055,0.7885561,1.4514921
1356942897185,0.53622544,2.5748067,0.91923577
1356942897225,0.7867285,5.087544,1.2692004
1356942897265,0.8711034,7.0006676,1.5088549
1356942897305,0.63070405,6.7439156,2.3547614
1356942897345,-0.9109051,1.9112282,4.7848516
1356942897385,-3.0979471,-1.805912,5.969276
1356942897425,-2.8811874,0.8441868,5.7364454
1356942897465,-1.3160291,2.2767715,4.063196
1356942897505,-2.13389,-4.9176846,3.2178736
1356942897545,0.66621995,-3.1863737,1.180871
1356942897586,3.158589,3.014275,-2.8782125
1356942897626,-1.448468,-0.42872524,-5.16141
1356942897665,-1.2291014,-4.1083875,-3.561548
1356942897705,1.4824349,-0.0590477,-3.2460306
1356942897745,0.0054490566,0.27880192,-3.3675404
1356942897785,0.0063581467,0.26547384,-3.3062532
1356942897825,1.0091858,0.29238224,-2.4642456
1356942897865,0.30310583,0.78550816,-2.1376631
1356942897905,0.008794785,0.39919853,-1.4410075
1356942897975,-1.3633344,-1.0412397,-1.1940672
1356942897984,-1.0628552,-1.2180033,-0.9995921
1356942898023,-0.5583439,-1.6807652,-0.60705173
1356942898064,-0.62846375,-2.5460787,-0.060275197
1356942898104,-0.11494875,-2.626464,-1.2031088
1356942898144,1.801816,-2.6494436,-0.8180125
1356942898184,2.768528,-2.5789843,-0.80241734
1356942898224,3.0494785,-1.9029274,-0.5473135
1356942898265,1.7228605,-1.4424591,0.61729056
1356942898305,-0.7542641,0.27245045,1.33293
1356942898345,-0.1336987,2.060164,1.2351598
1356942898385,0.5997839,5.059541,1.1097587
1356942898425,0.61840594,7.0221853,1.4727356
1356942898465,0.6724829,7.67078,2.3576972
1356942898505,-0.6042663,4.1110225,3.4620159
1356942898546,-2.2308874,-2.1212406,5.3933816
1356942898585,-2.9907868,-1.7548437,6.2440515
1356942898625,-1.2100313,1.8974905,4.83562
1356942898708,-1.5369054,-1.0443802,3.2659287
1356942898709,-2.2569442,-6.8007092,2.0596151
1356942898731,2.4048283,1.7394242,-0.46671367
1356942898772,1.7104365,2.9559917,-4.09942
1356942898814,-2.1017222,-2.5262208,-4.2637935
1356942898855,0.46207464,-2.5832505,-3.1115775
1356942898894,0.19685817,0.06047964,-2.8141756
1356942898934,-0.06860709,0.082154274,-3.5523381
1356942898980,0.919973,-0.0123233795,-3.3576207
1356942899015,1.4595863,0.41800928,-2.5083818
1356942899055,0.031015396,0.20727444,-1.7875974
1356942899095,-0.88253665,0.13051796,-1.2972789
1356942899135,-1.3791482,-0.96397495,-1.7269899
1356942899175,-0.3222444,-1.8215752,-0.91718876
1356942899215,-0.34935498,-2.4860067,-0.38019437
1356942899255,-0.2277813,-3.1586199,-1.1781365
1356942899295,0.6622292,-2.5717478,-1.2982533
1356942899335,2.3304753,-2.790576,-0.6536911
1356942899375,2.6924362,-2.274454,-1.0884844
1356942899415,2.0419211,-1.7046814,0.0030555502
1356942899455,-0.5580082,-0.93036747,0.8314186
1356942899495,-0.76169777,1.07687,1.4061013
1356942899535,0.3572476,3.6213307,0.85422707
1356942899575,0.41451788,6.54294,1.4200187
1356942899615,0.50168836,7.98361,2.1119502
1356942899655,0.057113886,6.945238,3.101978
1356942899695,-1.1934601,1.0792704,5.7182655
1356942899735,-3.8371181,-2.2044897,6.6360407
1356942899775,-2.3206744,0.31126213,5.9677715
1356942899815,-1.1209633,0.4175744,3.5961566
1356942899855,-1.6196905,-9.183868,2.3052635
1356942899895,1.998337,-0.7118168,-0.25994635
1356942899935,3.185287,5.302849,-3.781273
1356942899977,-0.67178774,-0.36013937,-5.3764486
1356942900021,-0.05091405,-5.5374126,-3.4353933
1356942900057,0.4095099,0.57135916,-2.9187875
1356942900096,-0.27754664,0.564044,-3.6881533
1356942900135,0.9473189,0.5184474,-3.650921
1356942900175,1.7975585,0.16274452,-2.3408947
1356942900215,-0.039911747,0.26626205,-1.2141291
1356942900255,-0.8267019,0.26089954,-1.5563247
1356942900295,-1.8066609,-1.0250587,-0.6475116
1356942900335,-1.640544,-1.6095276,-0.7444126
1356942900375,-0.7711134,-2.2143269,0.04581195
1356942900415,-0.99898076,-2.7006683,-0.46610206
1356942900455,0.095187664,-2.3349342,-0.7524241
1356942900495,2.068355,-3.1045122,-0.7071344
1356942900541,2.8224468,-2.6284895,-1.3271894
1356942900574,2.302835,-1.9932871,0.077461176
1356942900614,-0.14605212,-0.70409393,1.0722222
1356942900654,-0.42729497,1.4916382,1.2051096
1356942900694,0.64126027,3.812152,1.248801
1356942900734,0.9219034,6.483966,1.3041397
1356942900774,1.2379961,7.9564514,2.036143
1356942900814,0.4736818,6.61566,3.0949342
1356942900854,-1.0687761,0.05032444,5.3722606
1356942900894,-3.2355423,-3.23238,6.2933755
1356942900934,-2.8639693,1.7495852,6.1220913
1356942900977,-2.376588,1.8107581,4.1462965
1356942901015,-1.7371035,-6.892073,2.7104526
1356942901055,1.6472942,-1.5898876,1.2689025
1356942901095,2.8507464,2.9200425,-3.109457
1356942901135,-1.0732703,-1.1878114,-5.7354894
1356942901175,-0.97160935,-4.4968157,-3.680829
1356942901215,-0.06474161,0.21872234,-3.2715313
1356942901255,-0.2188704,0.6214633,-3.5964026
1356942901295,0.7296196,0.24979782,-3.6891406
1356942901336,1.4659271,0.38095856,-2.9983907
1356942901375,0.93533576,0.62591505,-2.017986
1356942901415,0.117002964,0.39249134,-1.6346506
1356942901455,-1.7238584,-0.3393879,-1.6080643
1356942901495,-0.7203939,-1.6054201,-1.2704718
1356942901535,-0.31115627,-1.8100424,-0.30091536
1356942901575,-0.4115634,-2.4161406,-0.14695522
1356942901615,0.03072071,-2.5876522,-1.1154897
1356942901655,1.5775952,-1.8812494,-0.71286887
1356942901695,2.4365952,-3.056179,-0.87834966
1356942901735,2.998392,-2.469204,-0.38956386
1356942901794,1.3638332,-1.7023268,0.499081
1356942901814,-0.91863704,0.43340492,1.0582306
1356942901854,0.13828838,2.351677,0.83186144
1356942901891,0.7858006,4.969208,1.4001089
1356942901926,0.41891015,7.092222,1.591376
1356942901960,0.6118191,7.8768396,2.3260877
1356942901981,0.4131782,7.177877,2.960519
1356942902024,-0.8158698,3.2337508,4.3132725
1356942902064,-3.5929961,-2.837698,5.9081254
1356942902104,-3.793096,0.1596508,6.160964
1356942902144,-1.4332138,2.0776443,4.155035
1356942902184,-1.7935765,-9.029083,2.339456
1356942902224,2.8001199,-0.10985184,0.6460948
1356942902265,2.8269184,3.6216354,-3.9972434
1356942902305,-1.5716434,-1.0715489,-5.388376
1356942902345,-1.2653868,-4.6747584,-2.6291583
1356942902385,0.30426478,0.3415618,-2.2574735
1356942902425,0.23180866,0.820168,-3.3209822
1356942902465,0.6291028,0.35476112,-2.9982424
1356942902505,1.58191,0.38785553,-2.2367945
1356942902546,0.45361733,0.7775531,-1.5950085
1356942902585,-0.83563185,0.9334378,-2.005142
1356942902625,-2.4704823,-0.7986479,-1.3887298
1356942902665,-0.8765638,-1.512145,-0.9849567
1356942902705,-0.4290812,-1.543458,-0.5730071
1356942902745,-0.515893,-3.1982784,-0.35685694
1356942902785,0.36818528,-3.118682,-1.4735568
1356942902825,2.4337153,-2.8307285,-1.0216591
1356942902865,2.990922,-2.3237524,-1.1468136
1356942902905,3.2244897,-1.3614597,-1.2017778
1356942902946,2.4033654,-0.8982363,0.19045079
1356942902984,0.34548128,0.30802917,1.8756694
1356942903024,0.14545953,2.2097144,1.4693633
1356942903065,0.008733511,5.9573345,1.8060005
1356942903105,-0.12551093,7.126378,2.5333354
1356942903145,0.16647649,6.995926,3.4981909
1356942903185,-0.6440877,4.396783,4.0783863
1356942903225,-2.3458927,-1.6467848,6.6637874
1356942903265,-4.283154,-0.7833271,6.545092
1356942903305,-2.2266834,3.4517517,4.9235206
1356942903345,-1.6856163,-3.5844717,3.270184
1356942903385,-0.5568726,-7.5842924,1.6933479
1356942903425,3.8368144,3.5427508,-2.4057617
1356942903465,-0.2872424,0.9074693,-6.084141
1356942903505,-2.0076995,-5.1694684,-4.3817787
1356942903545,0.8958999,-0.9863653,-3.451282
1356942903585,0.21917772,0.7763362,-3.745724
1356942903625,-0.05158639,0.25578642,-3.8144279
1356942903665,0.50082004,0.014725685,-2.6573312
1356942903705,0.8313761,0.58214617,-1.7399232
1356942903745,-0.15188074,0.69256353,-2.0151882
1356942903786,-1.0801523,-0.49556732,-1.3970641
1356942903825,-0.024354935,-1.4396553,-0.285497
1356942903865,-0.96499443,-2.545846,0.23410404
1356942903905,-0.8570895,-2.7664595,-0.5541868
1356942903945,0.43796158,-2.0623703,-1.4448183
1356942903988,2.0967402,-3.0625343,-1.4478172
1356942904024,2.5316978,-2.9542103,-1.1948593
1356942904065,1.2886266,-2.220086,-0.106431164
1356942904105,-0.39230514,-0.8250723,0.57149327
1356942904145,0.31760287,1.9210582,0.60830545
1356942904185,0.6052064,4.5923524,1.2965163
1356942904225,0.3076781,6.8086624,1.7295312
1356942904265,0.9042891,7.5148773,2.1592417
1356942904305,0.009202957,4.8520646,3.821784
1356942904345,-2.4541812,-0.42117214,5.884217
1356942904385,-3.7378354,-1.240305,6.4198675
1356942904425,-1.4364026,1.5228333,5.5423717
1356942904465,-1.2493877,-2.9473257,3.4579458
1356942904505,-0.6692953,-4.6806793,2.1304798
1356942904545,3.942726,2.4832802,-1.7003751
1356942904585,1.095736,0.38446474,-5.6774054
1356942904625,-2.3737779,-4.8223557,-4.0876136
1356942904665,0.328717,-0.44965267,-2.6405754
1356942904705,0.26365805,0.40619612,-3.5782864
1356942904745,-0.22711992,-0.09975624,-3.1113667
1356942904785,1.5637516,0.2418251,-2.767524
1356942904825,1.0181489,0.50330067,-2.0324907
1356942904865,0.30330503,0.46642494,-1.5935578
1356942904905,-1.4130406,0.15838432,-1.1046734
1356942904945,-1.4127755,-0.99453545,-1.2100025
1356942904987,-0.23593926,-1.9630203,-0.76032907
1356942905026,0.29429674,-2.8740063,-0.15746573
1356942905064,0.00501132,-3.064146,-0.7554359
1356942905104,1.3615487,-1.657443,-0.0057139993
1356942905144,2.1752653,-1.9212103,-0.42397332
1356942905184,2.5537195,-1.7668009,-0.29019326
1356942905224,0.7128018,-1.6677752,0.8181797
1356942905265,-1.4521539,-0.12878513,1.5592945
1356942905305,-0.58792007,2.1771684,0.8670696
1356942905345,0.9720719,4.992481,1.1561215
1356942905385,0.76932144,6.984603,1.7105979
1356942905425,1.0096383,7.208824,1.4924219
1356942905465,0.32494843,4.2281604,2.8984256
1356942905505,-2.684666,-1.1730528,6.251907
1356942905545,-3.9036393,-2.0732794,6.509399
1356942905584,-2.3558176,3.5869484,5.233892
1356942905624,-1.6349671,-2.4688892,3.612111
1356942905664,-0.8162179,-8.601239,0.53132534
1356942905704,5.120223,2.5103483,-1.6462363
1356942905744,1.4935772,2.2543936,-5.536047
1356942905785,-2.8009105,-4.765621,-4.4842834
1356942905825,-0.0643692,-2.2626858,-3.167777
1356942905865,-0.052025557,0.74452686,-3.3666916
1356942905905,0.6754998,1.099638,-4.018164
1356942905945,1.3975173,0.01932621,-2.5608687
1356942905986,0.53267205,0.8213506,-2.1666965
1356942906025,-0.5267,0.97002935,-1.8991846
1356942906065,-0.48472476,0.19240284,-1.3387326
1356942906105,-0.6531954,-1.0059252,-0.8845179
1356942906145,-0.31161475,-1.507102,-0.5067156
1356942906184,-0.3643148,-2.0357819,0.1407215
1356942906225,-0.91881204,-2.8934746,-0.80393624
1356942906266,1.4930772,-2.3598022,-1.119612
1356942906305,2.1589017,-2.582715,-1.3132026
1356942906345,2.156972,-1.6960297,-0.68775046
1356942906385,1.4302123,-1.8411102,-0.08976909
1356942906425,0.13634956,-0.6763716,0.7376022
1356942906465,0.2393359,1.9124775,1.1492778
1356942906505,-0.28035462,4.35606,1.8629265
1356942906545,-0.6001196,6.503994,2.1877835
1356942906585,0.33196604,7.354083,2.5786989
1356942906625,0.08269024,5.31491,3.510612
1356942906665,-1.5484192,0.110604286,5.6679616
1356942906705,-3.3917582,-2.4396152,5.880409
1356942906745,-3.0719292,1.8952112,5.6615314
1356942906785,-2.4268079,-0.22557354,3.900456
1356942906825,-0.8481599,-7.133794,1.4287127
1356942906865,3.4213328,1.2864985,0.4418161
1356942906905,1.7294885,1.8572841,-4.629628
1356942906945,-2.2521374,-3.7648835,-4.356172
1356942907004,-0.080121994,-1.6972232,-3.129714
1356942907023,0.67982376,0.2728057,-3.3947377
1356942907064,0.60126686,0.33552933,-3.6411054
1356942907104,1.2596657,0.22504425,-2.9657984
1356942907143,1.155017,0.78524876,-2.6803505
1356942907184,0.26652098,0.35179806,-1.8338766
1356942907224,-1.1404283,-0.36835384,-1.1992441
1356942907264,-0.92691755,-1.225235,-1.3040662
1356942907304,-0.24347472,-2.0686302,-0.9963747
1356942907344,-0.81600857,-2.3994532,-0.34385848
1356942907384,-0.47254324,-3.3797026,-1.400424
1356942907424,2.673674,-2.8417664,-1.0322244
1356942907464,2.6887832,-2.6224241,-0.8238056
1356942907506,2.4495394,-2.1658354,-0.3840063
1356942907544,1.386126,-2.1714563,0.20802078
1356942907585,-0.9823389,0.18998241,0.90233344
1356942907625,-0.1879363,2.8218884,1.0112363
1356942907665,0.8385943,5.698323,1.1616471
1356942907705,0.52944446,7.5406685,1.8580273
1356942907745,0.69084543,7.665289,2.8037539
1356942907785,-0.79699636,4.7026453,4.3033276
1356942907825,-3.1035652,-1.1725035,6.111264
1356942907865,-4.190408,-0.9158335,6.3001714
1356942907905,-2.4959006,2.365797,5.447083
1356942907945,-2.9695005,-8.199094,3.0268931
1356942907985,2.889841,-0.041457176,1.1025295
1356942908025,3.9856868,2.2824378,-2.9645941
1356942908065,-1.9034278,-2.7459016,-5.463235
1356942908105,-1.3447728,-3.6366453,-2.9537947
1356942908145,1.1320192,0.1739502,-2.6964355
1356942908185,0.43665862,0.19024229,-3.384124
1356942908225,0.55830276,0.20765305,-3.2184
1356942908265,1.2993942,0.68758345,-2.558389
1356942908305,0.3718388,0.67421675,-1.8689586
1356942908345,0.23629618,-0.34775543,-1.5986807
1356942908385,-1.5085595,-1.0898304,-1.6395316
1356942908425,-0.97957397,-1.8795052,-0.88437605
1356942908465,-0.33757615,-2.0649796,0.13071036
1356942908505,-1.1496615,-2.5325022,-0.28871524
1356942908545,0.8756001,-1.3993711,-1.6349537
1356942908585,2.8909101,-2.1942005,-1.5086993
1356942908625,2.5492718,-2.1845903,-1.2171947
1356942908665,2.0291965,-1.8902674,0.34438765
1356942908705,-0.09048128,-1.3307285,0.8082652
1356942908746,-0.97959733,1.4459763,0.7837209
1356942908785,0.34311426,4.4462204,1.0032848
1356942908825,0.6102736,6.761343,1.6526178
1356942908865,0.453637,7.127086,2.2131696
1356942908905,-0.004308343,4.7070565,2.729279
1356942908945,-1.4574738,0.32337952,4.9631877
1356942908985,-3.6731052,-2.00694,6.2738013
1356942909025,-3.3564756,2.5143166,4.355369
1356942909065,-1.006022,1.4003172,4.1004524
1356942909105,-2.2908545,-7.586831,2.9274945
1356942909145,3.0857406,-1.731916,1.0320156
1356942909185,3.8156564,2.747828,-3.668241
1356942909225,-0.98311114,-1.6090841,-5.280504
1356942909265,-0.38616562,-3.798293,-3.023203
1356942909305,0.25552845,0.19186163,-2.7266698
1356942909345,0.122784376,0.77068186,-3.650461
1356942909385,0.42374313,-0.013358116,-2.8684509
1356942909425,1.1213567,0.42198753,-2.5239892
1356942909465,-0.6263058,0.66709805,-2.0573916
1356942909505,-0.83253264,-0.34419155,-1.3411665
1356942909545,-0.51050735,-0.7214241,-0.8887037
1356942909585,-0.8368188,-0.945014,-0.91256726
1356942909625,-0.29567003,-1.7881994,-0.50488913
1356942909665,-0.21138382,-3.2607985,-1.5465808
1356942909705,1.965196,-3.1406527,-0.7145432
1356942909745,2.6025896,-3.2968788,-0.32945305
1356942909785,2.4454155,-1.7823372,-1.0779595
1356942909825,0.9996158,-1.9549799,-0.0021932945
1356942909865,-1.0668223,-0.108924866,0.99910706
1356942909905,-0.22264314,2.8953075,0.6841516
1356942909945,0.818985,5.8967037,1.4931599
1356942909986,0.0659188,7.3931093,1.8860486
1356942910025,0.126611,6.9157467,2.4623013
1356942910065,-0.6007019,3.3520179,4.7757745
1356942910105,-3.260007,-0.05079651,5.6382647
1356942910144,-3.8669164,0.38445282,5.559672
1356942910184,-2.566459,-1.1378632,4.494675
1356942910221,-2.598823,-8.740784,1.2785453
1356942910257,4.8023424,5.015895,1.7031606
1356942910281,4.306149,3.9353454,-2.74893
1356942910322,-0.61370254,-2.9688783,-7.3751254
1356942910364,-2.0215816,-4.5789394,-1.5664872
1356942910404,1.2552103,1.2333403,-3.2433102
1356942910444,0.08636427,-0.042315006,-3.3593395
1356942910484,0.80554605,-1.1864634,-2.709474
1356942910524,1.6939498,0.17216873,-2.3982134
1356942910564,0.20651436,-0.40838718,-1.555306
1356942910604,-0.3240025,-0.4670658,-1.503247
1356942910644,-0.85378885,-1.49753,-1.4398242
1356942910684,-0.01858282,-2.2054129,-1.0206305
1356942910725,-0.038335323,-2.2278366,0.2423541
1356942910765,-1.0303751,-2.792613,0.07199669
1356942910805,0.4758377,-2.3808117,-1.0230242
1356942910845,2.4274485,-1.296175,-1.190675
1356942910885,1.7660751,-2.2004042,-0.74807996
1356942910925,1.8125218,-1.5970287,0.5621133
1356942910973,0.11763084,-1.1824722,1.5564721
1356942911005,-1.1291682,0.8730717,1.7548257
1356942911045,-0.3542993,3.9030848,1.4529716
1356942911085,0.120102525,6.5874524,1.4623439
1356942911125,0.514086,7.1812487,2.221746
1356942911165,0.28058076,5.0286865,2.46302
1356942911206,-1.0066593,1.5192127,4.407794
1356942911245,-3.5034451,-1.9138613,5.3832574
1356942911285,-2.7499843,0.15829086,4.574337
1356942911325,-1.9292347,0.79405165,3.9844027
1356942911365,-2.6608007,-6.572951,2.347672
1356942911405,2.1220253,-0.78440714,1.1712527
1356942911445,3.10111,2.630453,-3.4077346
1356942911485,-1.3298819,-1.229929,-5.5453205
1356942911525,-0.35217905,-3.7687058,-3.171298
1356942911565,1.3436774,0.060239315,-3.4234786
1356942911605,-0.63134885,-0.3365202,-3.4592462
1356942911645,1.2081599,0.12352276,-3.6981285
1356942911685,2.0883918,0.88717175,-2.9944248
1356942911725,0.38699293,0.48002434,-1.8060522
1356942911765,0.04521084,0.36456776,-1.3131335
1356942911805,-1.4894664,-0.491827,-1.2841343
1356942911845,-0.943279,-0.79331017,-0.7797971
1356942911885,0.01744163,-1.5357714,-0.10862535
1356942911925,-0.43199885,-1.91292,0.62779725
1356942911972,-0.60314333,-2.0192366,-0.5280097
1356942912005,1.2483242,-2.230013,-1.2740843
1356942912045,2.731439,-2.9853554,-1.1633893
1356942912085,2.8614078,-1.751091,-0.531753
1356942912125,2.0104678,-1.7656736,0.56658125
1356942912165,-0.06432867,-0.85479355,0.75343823
1356942912205,-0.009408951,1.9877238,0.8389632
1356942912245,-0.17767477,4.569299,1.4867618
1356942912285,-0.26745617,6.6436105,1.724446
1356942912325,0.08508122,7.3011217,2.6119206
1356942912365,-1.1142577,4.566289,3.8500223
1356942912405,-2.127549,-0.2554474,5.52068
1356942912446,-3.0736773,-1.736022,5.9994497
1356942912485,-2.6938612,2.815652,4.9819865
1356942912525,-0.5759555,1.8086147,4.0406127
1356942912565,-1.5094478,-6.9327555,2.4674592
1356942912605,1.2483133,-2.4714565,0.6032598
1356942912645,3.1613526,2.2958775,-2.9052672
1356942912685,-1.7972283,-1.6804624,-5.3780813
1356942912725,-0.05475211,-3.538568,-4.075991
1356942912765,1.11242,-0.37951946,-3.5382724
1356942912805,-0.3597927,-0.14582491,-3.527504
1356942912845,0.27914643,0.4246068,-3.5118032
1356942912885,1.5394019,0.97143793,-3.1982532
1356942912925,0.5064149,0.4465599,-1.7868884
1356942912965,-0.45894623,0.26690388,-1.4975228
1356942913005,-1.1075437,-0.47644424,-1.6379524
1356942913045,-0.25758433,-1.000782,-0.81775546
1356942913085,-0.5115545,-1.669486,-0.3097351
1356942913125,0.057434916,-2.5562773,0.27771562
1356942913165,-0.65102315,-2.633463,-0.7518812
1356942913205,1.5480096,-1.5634394,-1.1637189
1356942913245,2.891521,-2.0615082,-1.0972646
1356942913285,2.5755413,-1.0603342,-0.7546258
1356942913325,1.1274903,-2.369234,1.0594285
1356942913365,-0.7332208,-1.4239359,0.92044646
1356942913405,-0.052988768,1.9302235,1.1204023
1356942913445,0.32961762,4.1505637,1.7215723
1356942913485,-0.39199865,5.7508492,1.9831296
1356942913525,0.014651418,6.796631,2.3000507
1356942913565,-0.1962086,6.5802364,3.290147
1356942913605,-2.3724813,2.4070988,4.894375
1356942913647,-3.8170114,-2.6891356,5.620358
1356942913685,-2.7085423,-0.22103691,5.373592
1356942913724,-1.3361442,-1.1133232,4.472624
1356942913764,-2.6121557,-7.545167,2.2809696
1356942913804,4.0683475,2.664988,0.0940001
1356942913844,2.3690336,0.48679066,-4.233467
1356942913884,-1.4917102,-2.8810358,-4.9126506
