1356624110234,0.0,0.0,0.0
1356624110254,-0.0272336,0.0,-0.23148458
1356624110273,-0.027179718,0.108931065,0.259167
1356624110303,0.0819397,-0.19085169,0.3414898
1356624110348,4.963875E-4,-0.381433,0.38188952
1356624110386,5.0735474E-4,-0.29712248,-0.19525862
1356624110426,-0.19055653,-0.030697823,-0.20593354
1356624110468,-0.19060755,-0.12478304,0.58251023
1356624110506,-0.2156167,-0.10326719,0.21097615
1356624110546,-0.20941496,-0.20176172,0.08348355
1356624110588,-0.23821831,-0.054336548,-0.046207212
1356624110627,-0.069766045,-0.03033781,0.46239802
1356624110665,-0.047020912,-0.13169098,0.017675217
1356624110705,0.018985748,0.008838177,0.6076706
1356624110744,0.08395767,-0.09924507,0.5419626
1356624110786,0.062936306,0.14357853,-0.67216486
1356624110826,0.0352993,-0.038936615,-0.70364964
1356624110867,0.08188915,-0.18360853,-0.22655122
1356624110906,-0.10974836,-0.0988307,-1.1239009
1356624110946,-0.07424259,-0.06874752,-0.11947812
1356624110986,-0.08098841,0.058146954,-0.044093546
1356624111027,-0.24940538,-0.20797634,-1.3378229
1356624111069,-0.24962473,0.2630515,-0.7223759
1356624111108,-0.2438674,0.3387456,-0.41287708
1356624111150,-0.8414049,0.08438301,-1.0990418
1356624111188,-1.4981017,0.04236889,-1.5371934
1356624111230,-0.54477835,-0.6194954,-2.2789416
1356624111280,0.55141926,-0.50763464,-2.8393035
1356624111309,0.5873561,-0.44502115,-2.0064435
1356624111348,0.62382984,-1.0498929,-1.6214726
1356624111388,0.5734563,-1.3221741,-1.8105623
1356624111429,0.6811795,-1.3915882,-2.1585648
1356624111469,1.0097213,-1.1857653,-1.8356063
1356624111509,0.72737217,-1.3409534,-1.6941458
1356624111549,0.30825233,-1.2813716,-1.302602
1356624111589,-0.17210102,-1.2683573,-1.2632892
1356624111628,-0.6985221,-0.90101004,-1.228348
1356624111669,-0.59881115,-0.719697,-1.2295318
1356624111709,-0.1967454,-0.41803885,-1.4013152
1356624111747,0.037445545,-0.14680815,-0.83255816
1356624111789,0.3631525,-0.08821583,-0.6590111
1356624111827,-0.14903831,0.103888035,-1.1142466
1356624111869,-2.1366854,2.590743,-0.24730468
1356624111908,-3.9264555,2.0930858,-0.76895285
1356624111949,2.3945675,0.614182,3.215005
1356624111987,1.1037617,1.0348964,5.491374
1356624112027,-0.39070463,-0.29957342,5.5324383
1356624112067,0.32086372,0.4615245,4.1744213
1356624112107,1.1889095,1.397582,2.882595
1356624112147,-0.12298012,0.60686445,3.3247592
1356624112187,-1.1742711,-0.13428593,4.0388937
1356624112227,-1.023654,-0.28067446,2.882704
1356624112273,0.16201448,0.01950264,1.6578027
1356624112307,0.26418018,0.114451885,1.248265
1356624112347,0.14606142,-0.21516705,1.6325872
1356624112387,0.086416245,-0.22474813,1.2102857
1356624112427,0.23683119,0.27079964,0.7090152
1356624112467,0.49141502,0.97867393,-0.27170625
1356624112507,-0.042450428,0.79927826,-0.41927218
1356624112547,-1.1896968,0.6058688,-0.6254711
1356624112587,-0.8870144,1.3013477,-1.8749366
1356624112627,-2.3878994,0.75639343,-1.2276645
1356624112668,-2.2942934,0.44258022,-0.374732
1356624112707,0.8144021,1.1009507,-0.50911874
1356624112747,-0.033294678,3.0108962,-1.5380703
1356624112787,-1.9539123,1.3784442,1.1373017
1356624112828,-1.3311796,0.39091396,0.5807248
1356624112869,0.5929413,-2.014934,-1.2943081
1356624112908,1.4564757,-2.565804,-1.4731354
1356624112948,4.020896,-1.7270246,-0.5473708
1356624112989,4.4518814,-3.1881595,-1.3718721
1356624113028,2.6525536,-3.6398787,-2.2005215
1356624113070,1.929492,-3.420546,-2.53495
1356624113107,1.039845,-3.2715597,-3.8681974
1356624113149,-1.8764501,-2.1290073,-5.753085
1356624113188,-4.083534,-1.5095377,-6.207833
1356624113228,-2.81855,-0.37943172,-4.8029714
1356624113281,-8.031411,5.1780953,-0.7236873
1356624113307,5.9834785,-0.42050552,2.9471152
1356624113347,2.315807,2.0908713,5.0441303
1356624113387,-3.176875,1.1160789,5.895583
1356624113429,4.0885086,1.6145263,1.7213904
1356624113469,-0.3653636,1.434381,3.7895155
1356624113508,-1.3256769,0.20861816,5.520138
1356624113550,1.5138083,0.45292187,3.676752
1356624113588,0.88619804,0.85493994,2.889526
1356624113627,0.24445868,0.04106474,2.191692
1356624113667,-0.019760609,0.2817173,1.8132365
1356624113707,-0.010421753,-0.057929516,1.2633791
1356624113747,-0.5290961,0.59586334,0.5661423
1356624113787,-1.9856138,1.5915112,-0.6395594
1356624113827,-3.3044567,1.9031568,-1.3920507
1356624113867,-5.4194956,1.6711631,-0.2603029
1356624113908,-0.54260397,1.1061988,-0.8610674
1356624113947,0.8210664,2.4448166,-1.9176877
1356624113988,-0.11497164,2.893434,1.1504247
1356624114028,0.16372967,0.5748167,-1.2169749
1356624114068,0.7713475,-1.203804,-1.7595816
1356624114109,2.0385604,-2.5966802,-1.2395382
1356624114148,4.587162,-3.4965277,-1.1063603
1356624114189,5.7052646,-4.558074,-1.119151
1356624114227,5.6352396,-5.489545,-1.3615928
1356624114276,2.8765678,-4.644985,-3.5151467
1356624114308,-2.9340734,-2.3807654,-6.030196
1356624114349,-6.173579,-1.5076876,-7.149213
1356624114387,-1.7467351,-2.082922,-5.548281
1356624114428,-5.2822137,3.1588955,-0.44885302
1356624114468,1.8263378,1.9693346,1.6297728
1356624114507,0.49004936,-0.117474556,5.6948233
1356624114549,-3.0251899,0.91830873,5.2361574
1356624114588,3.7877457,2.9617872,0.20674491
1356624114630,0.38311338,1.8511019,4.090026
1356624114667,-1.1837006,0.48167753,5.117131
1356624114707,0.9267492,0.78054667,2.6510673
1356624114747,0.75921726,0.4728365,2.8544292
1356624114787,0.13896275,0.26258993,2.0193906
1356624114827,0.49745083,1.0050764,1.4475939
1356624114867,0.4700384,1.2650518,0.88926226
1356624114907,-1.583818,0.40934277,0.88572323
1356624114947,-2.1314187,1.7049942,-1.1863475
1356624114987,-3.928595,1.5386095,-0.7167977
1356624115027,-2.140604,0.83348274,-0.9744636
1356624115067,0.16046047,2.5185657,-1.5287411
1356624115107,-1.3527174,2.4603467,-0.7601531
1356624115147,-1.452796,2.327054,0.6310674
1356624115188,0.46457386,0.72363806,-1.3302286
1356624115229,1.8963065,-2.2267418,-2.3020267
1356624115280,3.5880985,-2.848671,-0.63329005
1356624115328,5.229788,-3.393158,-0.32938492
1356624115346,6.451008,-4.47194,-0.54459727
1356624115387,5.111722,-5.0667834,-2.0873597
1356624115423,-1.1893106,-3.121366,-4.574557
1356624115453,-6.9699273,-1.3356485,-7.1193366
1356624115497,-6.524861,-2.1340132,-5.903826
1356624115536,-2.1302462,-1.2436471,-4.238277
1356624115576,-6.0107136,4.860456,2.9157536
1356624115616,7.4219084,0.5319147,1.0052309
1356624115657,-1.9900503,0.39388704,5.8073654
1356624115696,0.11567783,0.7506943,1.8397286
1356624115737,2.9280896,2.1039863,0.9800019
1356624115777,-0.83544254,0.045505047,5.070057
1356624115818,0.6584096,-0.02246046,3.1291018
1356624115857,1.6668277,0.5263748,2.3578503
1356624115897,0.74703884,0.102081776,3.379202
1356624115937,0.9462395,0.26278687,1.8933349
1356624115977,0.24223185,-0.0062479973,1.5885913
1356624116017,-1.0793805,-0.13641596,1.6533656
1356624116057,-1.7787709,1.292552,-0.44690186
1356624116097,-4.8631477,1.9631081,-0.7033261
1356624116137,-6.1442733,1.8794761,-0.9943142
1356624116177,-0.81755733,2.8951364,-2.5215824
1356624116217,-1.4540224,3.2983313,0.53377604
1356624116275,-1.3244653,2.0927844,1.064292
1356624116297,0.92809343,1.2383642,-1.7507927
1356624116337,2.635634,-1.31844,-1.5446663
1356624116378,3.6368494,-1.9292884,-0.14982882
1356624116418,6.229642,-3.4641595,0.12290119
1356624116459,6.7613587,-5.0049376,-0.75750095
1356624116498,4.3990107,-5.3003263,-2.8791332
1356624116538,-0.69437027,-3.72534,-5.576949
1356624116577,-5.6202517,-0.78858805,-7.3319073
1356624116619,-2.6584687,-3.108818,-7.1615677
1356624116658,-3.3675032,-0.24196863,-3.2162712
1356624116698,-2.5532837,3.623088,3.0720568
1356624116738,7.34891,-1.0614853,1.8794779
1356624116777,-6.7335424,-0.1717658,6.7103767
1356624116818,0.65813684,1.1509395,0.7484875
1356624116857,3.1302743,3.0311718,1.7427634
1356624116897,-0.85028553,-0.17397213,5.543309
1356624116937,0.07899284,0.006301403,3.9256115
1356624116977,1.3549528,1.0857592,2.6341782
1356624117017,-0.03584242,0.14329004,3.3465543
1356624117057,0.21796942,0.6762953,1.6257627
1356624117097,0.4659319,1.4967928,0.536511
1356624117137,-1.474752,1.2398844,0.17778257
1356624117177,-3.3989515,1.2279787,-1.152675
1356624117217,-4.7311597,1.2001915,-0.992218
1356624117276,-2.396862,0.6689482,-0.3653861
1356624117297,-0.89331055,3.4978256,-0.46543673
1356624117337,-1.057065,3.8101225,-0.81263065
1356624117377,-1.1534743,1.8913736,0.9982985
1356624117418,0.18547487,-0.6902127,-1.4001477
1356624117457,2.9095979,-2.6104112,-1.6619614
1356624117497,4.183056,-3.0229797,0.0120485015
1356624117537,6.220603,-3.446241,-0.39466152
1356624117577,7.272512,-3.960465,-1.2171354
1356624117618,5.3789835,-4.4165764,-2.6293495
1356624117657,-1.3881979,-3.4037843,-6.060439
1356624117697,-8.175966,0.02153778,-9.704269
1356624117737,-1.5496254,-1.1516767,-6.896645
1356624117777,-8.527757,4.0092025,0.56362665
1356624117817,3.5976493,-0.46857023,3.2652967
1356624117857,3.501814,0.21290398,3.9342632
1356624117897,-6.590022,0.8671107,5.070594
1356624117937,3.8346488,2.0708876,0.24126315
1356624117977,-0.07395077,0.9547758,4.993299
1356624118017,-1.2129645,-0.12147951,4.75253
1356624118057,1.489316,0.4288926,3.375173
1356624118097,0.7706504,0.07854557,2.918436
1356624118137,0.58259106,-0.42280483,2.1451163
1356624118177,0.22368383,0.030395985,1.1229256
1356624118217,0.2746234,0.5713992,0.056788206
1356624118277,-2.0987163,0.4309926,-0.27124682
1356624118299,-3.5696683,1.4178462,-1.0552484
1356624118337,-3.8018818,1.0322361,-0.17068966
1356624118377,-0.920311,2.9571872,-1.0140111
1356624118417,-0.930212,4.1200337,-1.2766857
1356624118457,-0.14446354,3.1217918,-0.5222181
1356624118497,-0.20032692,0.5314326,-0.39924854
1356624118537,0.90899515,-2.036611,-1.1246274
1356624118577,2.8671536,-2.891234,-0.21345785
1356624118617,5.64962,-3.2708383,-0.076917306
1356624118657,7.500863,-3.596263,-0.91382444
1356624118697,6.8127766,-4.365059,-1.8539082
1356624118737,1.9378777,-3.5456347,-4.4117393
1356624118777,-6.7900796,-0.30835629,-8.025546
1356624118817,-5.599037,-1.645791,-8.269857
1356624118858,-4.142197,1.6350784,-2.4010782
1356624118897,-1.924377,2.6087494,4.2413373
1356624118937,6.9520965,-1.4487324,1.2886598
1356624118977,-5.811197,0.4050069,6.751646
1356624119017,1.3774133,1.3082848,0.34890938
1356624119057,1.6154261,2.093851,3.7621672
1356624119097,-0.3705616,-0.3955722,4.791209
1356624119137,0.6611271,0.19048643,3.807725
1356624119177,0.32686234,0.24642181,2.812414
1356624119217,-0.09531927,0.13832378,2.1976883
1356624119278,0.225451,0.37362385,0.9668042
1356624119297,0.4487958,0.7798395,0.533131
1356624119337,-2.6263418,0.23421812,0.04884228
1356624119378,-4.232896,1.1900668,-0.6426378
1356624119417,-4.471523,0.41960096,-0.81775206
1356624119457,-0.8531623,2.6363888,-1.2672926
1356624119497,-1.3033376,4.5564127,-0.64249253
1356624119537,-0.6267791,3.48703,-0.43671033
1356624119577,-0.28575802,0.88704157,-1.5077155
1356624119617,1.7742567,-1.4054499,-1.0237182
1356624119657,4.373777,-3.4684198,-0.2828067
1356624119697,6.373149,-3.7225533,0.08821698
1356624119737,7.25818,-4.3522463,-0.49500743
1356624119777,6.292885,-4.794256,-2.299556
1356624119817,-1.6009026,-3.1694517,-4.842348
1356624119857,-8.144802,0.5363083,-10.541779
1356624119897,0.16293716,-1.795013,-8.205098
1356624119937,-6.734592,3.4447188,-0.3043102
1356624119977,1.6186895,-1.0776315,4.090175
1356624120024,3.2632132,-0.13021326,3.5934763
1356624120057,-3.1788845,0.61511374,3.6444497
1356624120098,2.0553775,1.2364812,0.77747035
1356624120137,0.39921665,1.5049644,4.1321216
1356624120177,-0.4466715,-0.16389322,4.570465
1356624120217,0.83466053,0.37197256,2.6306968
1356624120278,0.4663458,0.25559855,3.2020664
1356624120297,0.15185595,0.61554956,3.0232038
1356624120337,0.15748644,1.1784954,1.2090051
1356624120377,-1.3442636,0.6636367,1.0209502
1356624120418,-4.405873,-0.51523495,0.59033567
1356624120483,-4.984291,0.8354721,-0.8718339
1356624120497,-2.816482,0.6266556,-0.27157915
1356624120537,-0.14637518,3.1711187,-0.17884253
1356624120577,-0.31991482,4.830147,-1.4460193
1356624120617,-0.19816113,3.3673277,-1.2969505
1356624120657,-0.4845028,0.7679453,-0.8115662
1356624120697,2.7590227,-2.333199,-0.8509488
1356624120737,4.507824,-3.4454834,-0.7928599
1356624120777,6.61899,-3.5720592,-0.30054235
1356624120834,7.025738,-3.8881133,-1.2954862
1356624120856,5.520978,-4.3935595,-3.1444628
1356624120896,-2.6080723,-3.7474773,-6.0010605
1356624120933,-8.533371,-0.569715,-9.736082
1356624120963,-0.16761446,-1.3263621,-6.7994623
1356624121005,-5.452012,4.8182454,1.459271
1356624121046,1.8921089,-3.1478574,4.7326465
1356624121086,0.42751694,1.8254495,5.479191
1356624121126,-0.92601967,2.127069,2.9233093
1356624121166,1.945045,2.4488726,2.450086
1356624121206,-1.3401942,0.760345,6.4092646
1356624121281,-1.3615446,-0.04536295,4.127921
1356624121287,0.7506833,0.35916567,2.060798
1356624121314,0.30619812,-0.52292633,2.162682
1356624121356,-0.33404636,-0.5015621,1.4404156
1356624121396,0.15657806,0.91993046,0.41211727
1356624121436,-1.0509677,0.7730489,-0.61289823
1356624121486,-3.7585125,0.10878801,-1.0313649
1356624121528,-5.4756217,0.50163555,-0.9494326
1356624121567,-1.5851598,0.43690348,-0.93573993
1356624121607,-0.08389139,3.7429342,-1.2035255
1356624121647,-1.5673614,3.7960248,-1.1625547
1356624121687,-1.9511871,2.0819683,0.95660055
1356624121727,1.142508,-0.8468175,-1.9142107
1356624121767,2.4840336,-2.2829113,-1.1574082
1356624121809,5.8990765,-2.7547736,0.08085186
1356624121846,7.0377674,-3.1843557,-0.3558613
1356624121888,7.0111127,-4.296898,-1.2383738
1356624121926,4.3162556,-4.2389913,-3.720121
1356624121966,-5.48283,-1.9213152,-6.7974787
1356624122006,-5.8874006,-0.7176323,-10.449525
1356624122046,-4.370664,3.4816456,-2.2840705
1356624122086,-2.8196707,-1.2138858,2.0769472
1356624122126,9.4843,-2.2668855,3.132508
1356624122166,-6.673997,1.0500484,4.821046
1356624122206,2.3226266,0.733304,0.8282025
1356624122281,2.0833778,1.3183293,1.8560342
1356624122287,-2.0145736,-0.22474623,5.4869947
1356624122313,0.55810595,0.2707734,3.3016841
1356624122356,1.5049787,0.8416519,2.9301274
1356624122396,-0.34875727,0.6299958,4.1564517
1356624122436,0.4684,1.0952077,1.6353211
1356624122476,-0.21258068,1.2634044,0.88943416
1356624122516,-2.7197027,-0.37752724,0.7043324
1356624122556,-4.244629,0.48962975,-0.5110389
1356624122598,-5.198733,1.0351005,-0.58826554
1356624122636,-1.7974129,1.533102,-0.5896949
1356624122676,-0.8863549,4.345917,-1.2522748
1356624122716,-0.9332533,3.853973,-1.3367196
1356624122756,-1.1589537,1.8934264,0.18443039
1356624122796,1.9060354,-1.6346898,-1.3182288
1356624122836,2.6519308,-2.6794477,-0.62804437
1356624122877,6.544898,-2.6853895,0.055495087
1356624122916,7.453703,-3.3897967,-0.37688866
1356624122957,6.783082,-4.408918,-2.055553
1356624122996,2.5798073,-3.5916433,-4.4457483
1356624123036,-7.932356,-1.6065831,-9.19444
1356624123076,-3.2913246,-2.379434,-9.091815
1356624123116,-3.3190608,2.028041,-1.3709952
1356624123156,-2.308649,1.6412001,3.7523437
1356624123196,5.7481194,-1.7986767,2.071407
1356624123236,-5.1665792,0.9230337,6.8707304
1356624123280,0.7484999,0.91714096,0.7182417
1356624123317,2.386086,2.3690171,2.8403485
1356624123357,-0.5794678,0.12330246,5.113361
1356624123397,0.30310392,0.1282754,3.582796
1356624123437,0.20787477,0.043139458,3.100482
1356624123477,-0.010732174,0.1987195,2.556153
1356624123517,-0.35436535,0.6335592,0.93771195
1356624123557,-0.0030341148,0.75981283,0.48420468
1356624123600,-3.3692365,-0.3906479,0.40787378
1356624123638,-3.6393938,0.8233056,-2.078313
1356624123679,-3.4163885,0.09031534,-1.1116924
1356624123717,-1.3491359,0.94390345,0.13110009
1356624123757,-2.8830695,4.245075,-0.6861446
1356624123799,-1.7715111,3.4493036,-1.7689629
1356624123839,-1.3032951,0.62583685,0.6202097
1356624123877,3.166851,-0.9712324,-0.8362847
1356624123918,5.145301,-2.5071182,-0.79681814
1356624123958,5.533416,-2.2287483,0.6273695
1356624123998,7.2605047,-2.3225565,-0.33112794
1356624124038,6.7898254,-2.6479435,-2.2573216
1356624124078,1.5500741,-2.9829142,-4.8399096
1356624124117,-7.504178,-2.5961757,-9.050299
1356624124157,-3.9653254,-1.9172568,-8.0404625
1356624124197,0.31954193,-1.9364705,-3.3510456
1356624124237,-6.509425,4.0740967,3.574253
1356624124279,5.281843,1.258945,0.7233938
1356624124317,-1.1490736,0.49140692,7.364064
1356624124357,-1.9623337,0.8213358,1.8740203
1356624124397,3.2872858,2.6701665,2.365258
1356624124437,-0.92137814,-0.06883049,6.229495
1356624124477,-0.41535854,-0.32244396,3.840715
1356624124517,0.5157018,0.16965151,2.8173509
1356624124557,0.27762556,0.0034823418,2.7961082
1356624124597,0.31172228,0.5837555,1.5608615
1356624124637,-0.2836442,-0.17599201,0.91001433
1356624124678,-1.8942566,-0.1540823,-0.51766646
1356624124718,-4.316922,-0.40883064,-0.76125747
1356624124758,-4.9698653,0.31633425,-0.90092355
1356624124798,-0.23193502,1.7922611,-1.2302077
1356624124838,-0.83524704,3.9590187,-1.8844081
1356624124879,-1.0831995,3.514328,-1.8411047
1356624124917,-0.7993822,2.0375776,1.3231337
1356624124960,1.1297965,-0.8622904,-1.3964041
1356624124997,3.0169773,-2.484585,-0.90031064
1356624125046,6.1172123,-2.2959728,0.13985196
1356624125097,7.4418926,-2.5858173,-0.6898393
1356624125146,6.3594704,-3.9396322,-3.124325
1356624125186,-4.1401014,-2.6868248,-5.659657
1356624125225,-7.769306,-1.6404977,-9.897907
1356624125283,0.4524579,-2.7036445,-5.1064744
1356624125307,-5.6848574,1.8024654,1.0190628
1356624125347,0.029362202,3.354823,1.4992576
1356624125387,4.111907,-0.42914057,5.147488
1356624125427,-6.640728,-0.28417778,6.320727
1356624125467,3.7355587,2.6777353,-0.4696176
1356624125507,-0.047664642,1.6093526,5.5333056
1356624125547,-1.4638386,-0.31264973,5.632443
1356624125587,1.0717373,0.5407405,2.226252
1356624125627,0.21181488,0.06711912,3.2610939
1356624125667,-0.09524393,0.23432493,2.1579506
1356624125707,0.26594162,1.4586263,0.8405281
1356624125750,-1.5444694,-0.06905985,0.21642342
1356624125788,-4.279136,-0.80219936,-0.030806705
1356624125829,-5.435448,0.4519596,-0.7257221
1356624125868,-2.5760446,0.8415313,-0.6530975
1356624125910,0.14220572,3.2726603,-2.1672518
1356624125987,-0.45698547,3.7691574,-1.0378823
1356624125987,-0.80964947,2.7708917,1.1107525
1356624126025,-0.109724045,0.20916939,-2.6189973
1356624126066,3.0208778,-1.5791645,-0.698839
1356624126106,5.3009944,-2.454567,-0.10718277
1356624126147,6.909973,-2.7985504,-0.47912404
1356624126187,7.3785677,-3.2564166,-1.0717824
1356624126227,5.2472086,-3.7798395,-3.2116356
1356624126281,-2.7457256,-3.2187269,-5.910222
1356624126317,-7.6542454,-2.0571933,-9.223463
1356624126375,0.4279933,-2.9554594,-4.5049114
1356624126396,-4.795056,2.7201085,3.0834591
1356624126439,2.2891626,1.7922072,-0.048686266
1356624126473,-1.8445234,-0.7074442,7.7895775
1356624126503,-4.558647,-0.44028473,3.4315379
1356624126546,2.2376914,2.5108232,0.94850445
1356624126586,-0.10184717,2.026805,5.416341
1356624126626,-0.6319294,0.5224428,4.1955194
1356624126677,0.5378165,0.93052197,2.7238185
1356624126716,0.018138885,0.44574738,3.0956962
1356624126756,0.16312599,0.70430374,1.3686143
1356624126797,0.21430779,0.63255405,0.7522663
1356624126837,-1.6162958,-0.36170578,0.18438864
1356624126876,-3.6124945,-0.054323196,-0.70782644
1356624126918,-4.6016846,0.4794917,-0.85401493
1356624126957,-1.6395512,0.6210823,-0.51025724
1356624127006,-1.2065725,4.5798893,-1.1238282
1356624127048,-1.1614094,2.7338314,-0.78436434
1356624127086,-1.1749811,1.5553575,0.24094024
1356624127128,2.8331227,-1.4496422,-1.3598061
1356624127169,4.009703,-3.0323029,-0.83723474
1356624127208,5.877658,-2.0995088,0.22040536
1356624127250,8.054125,-2.189476,-0.8862158
1356624127288,7.3799496,-2.8795521,-1.8604356
1356624127327,3.2221313,-3.3797898,-3.4837368
1356624127366,-6.5456,-2.944159,-8.280183
1356624127410,-4.402912,-2.8916821,-7.7276354
1356624127447,-0.2677765,-1.7423131,-4.1101866
1356624127487,-6.9518356,3.6235666,3.7341976
1356624127529,6.1909547,1.0012064,-0.67080545
1356624127569,-4.0770316,0.47435188,8.938705
1356624127608,-2.1866398,-0.532845,1.790484
1356624127648,3.225381,3.9843788,0.6254122
1356624127688,-1.2725453,0.5980215,5.4848447
1356624127728,-0.19868183,0.080993176,4.22283
1356624127769,0.74854136,0.64679956,2.6509542
1356624127808,0.42633963,0.13854027,2.2639146
1356624127847,-0.12138653,-0.09543705,1.61979
1356624127888,-0.42410564,-0.14189959,1.9090726
1356624127929,-0.63231087,0.93549633,0.22292116
1356624127968,-3.2496815,0.06913948,-0.5335974
1356624128010,-5.3144054,0.16133356,-1.0102779
1356624128047,-3.491253,-0.46415043,-0.6268226
1356624128088,-0.60619164,1.5192971,-1.4142458
1356624128129,-1.5516415,3.4304142,-0.79363394
1356624128168,-1.8183136,2.240779,1.2296423
1356624128208,0.19232178,0.021999836,-1.483536
1356624128247,2.048112,-1.3401608,-1.962833
1356624128290,4.7232003,-1.9387624,0.009869952
1356624128326,6.9951286,-1.9451342,-0.2071539
1356624128369,7.919774,-1.9175205,-1.1270366
1356624128408,6.894532,-2.6569564,-2.205628
1356624128448,2.10844,-3.4037845,-4.4831457
1356624128488,-8.117712,-2.1290038,-8.788446
1356624128528,-2.0903463,-4.258316,-6.7795644
1356624128569,-1.84584,-1.5719938,-1.058906
1356624128607,-4.5412674,6.440314,2.8673563
1356624128647,6.887431,-0.8163271,1.3652651
1356624128687,-5.166349,1.1202741,6.3629336
1356624128727,-0.09670019,1.4447522,0.28311825
1356624128768,1.9036055,2.8468065,3.8485022
1356624128807,-0.5797477,0.07192707,4.838165
1356624128847,0.28036356,0.5863304,3.5089319
1356624128887,0.5131235,0.27636576,3.2429004
1356624128927,-0.5859318,0.1523614,2.802103
1356624128967,-0.5997877,0.6835942,1.0744369
1356624129007,-0.5350008,0.56612444,0.4051454
1356624129048,-3.4926834,-1.0015359,1.0898626
1356624129089,-4.914714,0.38936567,-0.35202053
1356624129127,-2.7815666,0.58795834,-0.9066019
1356624129171,-0.18369007,2.9083624,-2.2379808
1356624129207,-0.4181919,3.5906544,-1.660593
1356624129249,-0.628705,2.9945908,0.16580015
1356624129288,-0.9080601,0.35268593,-2.0218587
1356624129327,1.676269,-1.381237,-0.92971045
1356624129366,4.5437436,-1.5415063,-0.50509626
1356624129407,7.346434,-1.9223933,-0.26920205
1356624129449,7.6126604,-2.6991272,-0.8621999
1356624129488,6.0410023,-3.796847,-2.6141927
1356624129529,-0.42940998,-4.0719166,-4.5885205
1356624129567,-7.710102,-3.065738,-9.8085375
1356624129607,-2.0441108,-1.9344573,-7.8591657
1356624129647,-6.684425,3.2728076,1.0358665
1356624129687,2.0564337,-0.24301577,2.890095
1356624129729,1.4153767,0.91311073,4.8917
1356624129768,-2.3724422,0.44709826,1.6661192
1356624129809,2.4539766,2.3833156,2.030642
1356624129848,0.048824787,0.7896452,5.5032444
1356624129888,-0.8074703,-0.1026988,4.4120393
1356624129928,0.16291904,-0.10973692,3.262885
1356624129967,0.047078133,-0.09991121,3.5216165
1356624130008,0.09226608,0.50960684,2.0710754
1356624130048,0.24506378,0.870605,1.2817416
1356624130089,-1.8821964,-0.16973448,0.39951587
1356624130128,-3.2231627,0.30659914,-0.71137786
1356624130170,-4.26138,0.1660428,-0.7155072
1356624130207,-2.9696646,-0.61596155,-0.08805811
1356624130248,-2.8805609,3.0753088,-0.59728014
1356624130293,-1.9855156,4.0613155,-1.5812788
1356624130328,-1.6686077,2.2347713,0.9279394
1356624130369,1.9950261,-0.64152527,-1.8776071
1356624130408,4.1504006,-1.7095311,-1.057835
1356624130450,5.4850907,-1.3604164,0.53197163
1356624130487,7.158429,-1.6208987,-0.42191643
1356624130529,7.654807,-2.5152931,-1.5804126
1356624130567,5.5311923,-3.4023807,-3.4742582
1356624130608,-2.993266,-3.9980412,-6.628848
1356624130648,-7.8730726,-2.4440093,-9.157546
1356624130688,-0.17710447,-2.3475738,-5.8306875
1356624130729,-7.0611067,3.290885,3.7590637
1356624130767,4.7444544,1.0043521,1.3689303
1356624130809,-0.37266874,0.5826497,6.3611684
1356624130847,-1.8470592,1.1546774,1.2345264
1356624130888,2.4056025,3.2160394,2.6763868
1356624130928,-0.67253923,0.5713301,5.87234
1356624130968,-0.4795475,-0.24356484,4.424639
1356624131009,0.8191514,0.31004715,2.7216978
1356624131047,-0.27884483,-0.03486252,2.789195
1356624131089,-0.3974142,0.30661106,1.6720668
1356624131127,0.09178543,0.76368284,0.15994644
1356624131170,-3.0240145,-1.3000469,0.52833587
1356624131207,-3.735013,-0.23714495,-0.71746844
1356624131249,-4.5524693,-0.24916172,-0.8019664
1356624131288,-1.6786089,0.07321262,-0.71263194
1356624131313,-1.3831844,3.7827482,-1.7786167
1356624131345,-1.04146,3.9778624,-1.567269
1356624131387,-1.467308,3.7477398,0.81773984
1356624131427,0.25139523,-0.15520239,-2.9783616
1356624131466,2.7578745,-1.1573575,-0.8118899
1356624131533,5.3367696,-1.6176059,-0.07885584
1356624131547,7.5792503,-1.5513544,-0.021529555
1356624131590,8.511908,-2.1802397,-0.9220078
1356624131627,6.143105,-3.2735121,-3.0914342
1356624131669,-3.5290155,-4.037479,-4.583668
1356624131707,-7.512248,-2.0308914,-9.733771
1356624131748,1.8509722,-1.163897,-6.998473
1356624131788,-4.8368707,3.5563722,1.4834217
1356624131827,-0.44480944,1.2383351,0.8000319
1356624131866,1.4541945,-1.1705666,7.019116
1356624131924,-4.339631,0.056503773,3.490427
1356624131946,2.6717257,1.7829399,-0.22771382
1356624131986,0.45029974,1.9854169,4.7869763
1356624132023,-0.6844845,-0.2373054,5.360934
1356624132053,0.29128647,0.07790136,3.2120786
1356624132094,0.83172894,0.1643734,2.6841564
1356624132136,0.22394466,-0.6804948,2.1888852
1356624132176,-0.50229454,-0.19422913,1.7225147
1356624132216,-0.6117134,1.0269756,0.5171156
1356624132287,-3.0209312,-1.202209,0.894308
1356624132298,-4.608775,-0.3304901,-0.5367949
1356624132336,-5.1512356,-0.65866566,-0.62158203
1356624132376,-1.2253971,1.2116547,-1.1238934
1356624132417,-1.2239943,3.9603815,-0.6811775
1356624132458,-1.8332691,4.1400995,0.44304025
1356624132498,-0.6955824,1.9418311,-1.4693241
1356624132539,2.0331626,-1.0772996,-0.4751717
1356624132578,4.478104,-2.097534,-0.1699925
1356624132619,6.9115124,-1.8487527,0.051305525
1356624132658,8.755729,-1.6811655,-1.3768762
1356624132699,7.6966343,-2.6452415,-2.9421816
1356624132738,-0.45091534,-3.3653195,-4.5067344
1356624132779,-7.290407,-3.277979,-9.643441
1356624132818,-2.1535225,-2.9620717,-6.8929224
1356624132857,-3.1960354,-1.1219811,-2.5474887
1356624132899,-2.7342157,3.6130233,2.4532127
1356624132938,5.343303,0.23986244,3.0354886
1356624132979,-5.7190924,-0.50761986,7.1715693
1356624133018,2.0096226,2.105755,-0.18810296
1356624133059,1.2893953,3.2212229,3.937873
1356624133098,-0.64095306,0.12028694,5.919449
1356624133138,0.5656333,0.5198641,3.806406
1356624133178,0.76268053,0.59513354,2.6958456
1356624133218,0.2027626,0.061009884,2.393876
1356624133294,-0.1846466,0.082019806,1.1074306
1356624133296,-0.1849947,0.48361254,0.36151594
1356624133336,-3.0813303,-1.3931925,0.52588004
1356624133376,-4.81913,-0.2766857,-0.2972637
1356624133417,-3.5855017,-0.17259741,-0.952669
1356624133459,-1.093667,1.8397746,-1.8224945
1356624133498,-2.010994,4.206907,-0.4095666
1356624133539,-1.1905546,2.7640662,-1.2017343
1356624133578,-0.12967587,1.5313067,-2.6277645
1356624133619,2.7963405,-1.4446161,-0.31259263
1356624133658,4.5946403,-2.031071,-0.78057456
1356624133700,7.4493523,-1.7556334,-0.007798657
1356624133738,8.554396,-2.3960152,-0.586027
1356624133779,6.9431887,-2.8553572,-2.6875887
1356624133818,-1.547349,-3.6548347,-4.729158
1356624133858,-8.152999,-3.0614743,-10.791963
1356624133898,0.53159046,-1.2515054,-7.3543854
1356624133938,-6.8007007,2.135005,2.0547657
1356624133977,0.69992733,0.30104733,2.3866043
1356624134017,2.1279764,-0.39393616,4.585932
1356624134057,-3.9242334,0.4672687,4.656147
1356624134097,2.227026,2.2279365,0.41715693
1356624134137,0.036655426,2.1836028,4.4351935
1356624134177,-0.8544235,-0.024950266,4.791359
1356624134217,0.46372986,0.3475058,3.3122516
1356624134258,0.66954565,0.593034,3.25078
1356624134299,0.20999241,0.70744276,2.5367818
1356624134337,0.15053844,1.000174,0.9380044
1356624134378,-1.3232594,-0.17869043,0.41811612
1356624134418,-3.9492464,-1.3953547,0.81905514
1356624134458,-5.4399996,-0.4117036,-0.21579002
1356624134498,-3.3217907,0.13587332,-0.7561966
1356624134538,0.020691872,2.397509,-2.5884387
1356624134578,-0.9221363,2.797246,-0.88612473
1356624134619,-1.359024,3.2456346,0.61416435
1356624134658,0.66046524,-0.17267704,-2.0718935
1356624134700,1.7742119,-1.3842447,-0.7324233
1356624134738,5.539411,-1.7498419,-0.69093287
1356624134779,7.9605374,-1.3546472,-0.71704227
1356624134818,8.089324,-1.5504272,-1.1349132
1356624134858,6.0067587,-2.5619252,-3.0644805
1356624134899,-2.2244148,-3.5368938,-5.8641396
1356624134939,-6.1519327,-2.7325323,-10.104923
1356624134980,0.24885798,-2.2820919,-4.7962155
1356624135017,-6.27039,1.4097505,1.8437009
1356624135059,1.6580911,3.0913262,-0.06394935
1356624135097,2.8884754,-0.37852526,5.588849
1356624135138,-4.8023686,-0.95243835,5.3978066
1356624135178,2.7523851,3.0757387,-0.30234432
1356624135218,-0.8458843,1.8919652,5.655458
1356624135258,-1.5578709,-0.28166223,6.1194897
1356624135297,-0.23114872,0.4187367,3.797924
1356624135337,0.31331253,0.6603012,2.8631835
1356624135376,-0.2661085,0.2740345,2.117883
1356624135416,-0.10469818,0.045211792,1.2721362
1356624135456,-1.395731,-0.50313973,0.27175507
1356624135497,-2.9503984,-1.4314973,0.040785246
1356624135536,-4.062792,-0.6255386,-1.4255989
1356624135579,-3.1731405,-0.80542064,-1.537622
1356624135618,-1.8615799,1.318984,-1.2768934
1356624135658,-2.3281126,3.2354293,-0.84933835
1356624135698,-2.5813894,3.7903042,-0.08862379
1356624135738,0.048776627,1.5351043,-1.6958293
1356624135778,3.064736,-0.2684636,-0.771836
1356624135818,5.037136,-2.3622894,-0.12162065
1356624135859,6.6319933,-1.3964987,0.11767121
1356624135898,8.568136,-1.1251063,-1.2670634
1356624135939,7.659828,-2.0829961,-3.1860359
1356624135977,0.7589016,-3.3254876,-4.6965427
1356624136017,-9.064142,-3.272048,-9.40687
1356624136057,-0.42490578,-2.8803554,-6.809296
1356624136097,-2.990168,-0.66701555,0.36069477
1356624136139,-3.5522575,3.6752963,3.255322
1356624136177,4.742549,-0.114132166,3.907206
1356624136218,-4.813675,0.24001312,4.707794
1356624136259,1.0425339,2.0655499,0.72746706
1356624136296,0.20306444,2.1232164,4.511512
1356624136337,-0.5541649,0.010935307,4.7903333
1356624136377,0.67979,0.9859381,3.5523944
1356624136417,0.6013489,0.5635786,3.1914215
1356624136466,0.18887424,0.56034565,1.6892786
1356624136508,0.13683414,0.6249213,0.67334855
1356624136558,-2.767005,-1.8488555,0.8663768
1356624136598,-5.388772,-1.4609151,0.23682633
1356624136637,-5.4724894,-2.0142784,-0.6072221
1356624136678,-1.793561,0.27123594,-1.7683413
1356624136718,-0.3647375,3.9533405,-1.4377394
1356624136759,-0.5401001,3.7666497,-0.0066598654
1356624136797,-1.0048771,1.8786588,-0.76678306
1356624136838,0.6907921,-0.55853176,-1.0077789
1356624136886,3.5635715,-1.8220494,-0.7888703
1356624136928,6.9228377,-0.6384399,-0.20164278
1356624136967,8.481029,-0.47237968,-1.2811477
1356624137008,7.696959,-1.3913925,-2.6541684
1356624137076,3.2426066,-2.4594038,-3.610594
1356624137085,-7.319371,-3.6376529,-7.720385
1356624137126,-4.0296717,-3.649639,-7.970781
1356624137166,-1.1823969,-1.4014556,-2.1706636
1356624137206,-4.008884,2.6107764,2.396564
1356624137245,5.5031304,0.9498694,2.3890588
1356624137289,-2.342249,0.93496776,6.0494995
1356624137327,-0.15040398,1.2700763,0.34357142
1356624137367,0.8363056,2.4723017,4.0396237
1356624137407,-1.2334471,0.12499452,6.3105946
1356624137447,-0.02257061,0.6480403,2.8714113
1356624137493,0.20985031,0.7784836,2.668221
1356624137533,-0.14431572,-0.004302025,2.3959863
1356624137563,-0.9989424,0.2982297,1.4628764
1356624137593,-0.5753288,-0.24374366,0.47489643
1356624137635,-1.2371693,-1.0509598,0.5727997
1356624137676,-2.880971,-1.643467,0.18441501
1356624137717,-4.7608843,-1.0378878,-1.055049
1356624137758,-3.1972713,-0.22770119,-0.9632558
1356624137798,-0.78284836,2.274014,-2.9228785
1356624137838,-1.0297308,3.4560928,-0.34704232
1356624137878,-1.7669382,2.495452,-1.2050135
1356624137919,-0.33123016,1.0726886,-2.0768962
1356624137958,2.2155757,-1.5546257,-0.8891559
1356624138000,4.316894,-1.1897097,0.09015236
1356624138038,8.190082,-0.96171546,-0.84672666
1356624138079,8.095066,-1.5451536,-1.3541728
1356624138117,6.910844,-2.1783998,-2.7598355
1356624138158,0.3554411,-3.3177547,-4.49363
1356624138197,-8.814409,-4.123609,-8.388279
1356624138237,-1.0984583,-2.6877918,-6.423325
1356624138281,-7.6779757,3.279461,0.7163347
1356624138318,5.725414,0.18327951,2.1094356
1356624138359,-0.16146469,0.20438623,6.4484177
1356624138398,-1.638104,0.20562768,2.130972
1356624138440,2.3326616,3.7666118,0.21516609
1356624138477,-1.6508427,1.235971,5.92022
1356624138519,-1.0505209,0.027544737,4.9379134
1356624138558,0.6378169,1.2102437,3.6999555
1356624138598,0.06898022,0.053960085,3.2699962
1356624138638,-0.16858292,0.17931652,2.1990588
1356624138678,0.022625923,-0.042639494,1.0660934
1356624138719,-1.0312662,-0.5089314,0.77984554
1356624138758,-3.4184713,-1.5220125,-0.1458452
1356624138797,-5.7093678,-1.4131374,-0.45878327
1356624138839,-3.5958643,-0.5043125,-0.8774537
1356624138878,-0.5022211,3.012545,-3.0970073
1356624138920,-1.570405,2.7991395,0.013092756
1356624138958,-1.752368,2.641135,0.2419452
1356624138999,0.0951519,1.3068264,-2.4528184
1356624139038,2.300974,-0.6656265,-0.6699246
1356624139079,4.8979363,-1.3264487,-0.03385868
1356624139120,6.628669,-1.3163526,-0.5325885
1356624139158,8.3576765,-1.4112289,-1.3289909
1356624139198,7.3203344,-1.5973985,-3.199235
1356624139238,-1.3852816,-2.9852157,-6.018322
1356624139286,-6.675722,-3.1941319,-9.767841
1356624139317,-1.6686821,-2.8215241,-5.6056824
1356624139357,-5.592702,0.08734417,-1.4116211
1356624139399,2.022852,1.0895412,2.0636537
1356624139440,2.2948413,0.78307414,4.7893763
1356624139478,-1.6071987,0.28398418,3.576551
1356624139518,1.0341964,1.8593593,0.45890594
1356624139558,-0.7051201,1.5867825,3.3849797
1356624139599,-0.41206264,0.2935319,4.1137395
1356624139638,0.15668201,0.58651376,3.3732965
1356624139678,0.19317436,0.49193525,3.4242277
1356624139717,0.56077385,0.017495155,2.9697433
1356624139759,-0.2145195,0.04310298,3.3279858
1356624139798,-0.14192867,1.1329751,1.461971
1356624139839,-2.1328602,-0.1932075,1.8290523
1356624139878,-3.4275017,-0.49282718,0.18844892
1356624139918,-4.4865103,-0.9560478,-0.53685176
1356624139959,-3.312913,-0.7793441,-0.60442317
1356624139997,-0.19766426,1.2637799,-1.1610136
1356624140038,-0.51554394,2.8358762,-1.6044096
1356624140078,-0.5878687,2.2776508,-1.6935879
1356624140118,-0.43076992,1.1217599,0.1510207
1356624140158,0.5939617,-0.87398005,-1.0871396
1356624140198,3.6261225,-2.1043267,-0.76937586
1356624140239,5.123331,-0.83634114,-0.12872386
1356624140284,6.959114,0.1480689,-1.8866955
1356624140321,6.761484,-0.52089643,-2.1202877
1356624140357,3.4639487,-1.7495162,-2.8314037
1356624140399,-3.232561,-4.2536745,-6.974384
1356624140437,-6.105774,-4.096754,-5.9323387
1356624140477,-1.1143847,-4.669148,-3.5289984
1356624140517,-5.407129,-1.4452825,0.43844736
1356624140557,2.610506,5.804464,0.59588933
1356624140598,2.015223,1.0942612,5.3598933
1356624140638,-4.5643077,0.087246895,4.758366
1356624140678,2.7277951,4.1997895,0.42854738
1356624140718,-1.4689407,0.61250925,5.896318
1356624140758,-0.24294472,0.055291653,3.7217011
1356624140799,1.141479,1.1394477,2.3430908
1356624140838,0.0050172806,0.08441186,3.2280574
1356624140879,0.110551834,0.29064918,2.6589398
1356624140917,0.05045128,0.7255671,1.1293671
1356624140958,0.12571526,0.8310275,0.536151
1356624140998,-1.7006245,-1.0142388,0.38343066
1356624141038,-4.003751,-1.7387153,0.29906797
1356624141078,-5.2267656,-0.96218204,-0.0366655
1356624141119,-1.571702,1.2491033,-1.6104772
1356624141160,0.61018276,3.5906277,-2.4033372
1356624141197,-0.6312809,2.3515477,-1.6316175
1356624141238,-1.0014868,2.0082226,0.24929142
1356624141286,-0.34750843,-0.27958393,-1.4451792
1356624141309,1.7896395,-1.2311397,-1.5932312
1356624141348,4.046454,-1.3276825,-0.9507308
1356624141388,6.4374986,-0.7524767,-0.73804474
1356624141427,7.682384,-0.81667733,-1.8087356
1356624141468,6.4200163,-1.8152363,-2.4379034
1356624141509,1.0495548,-3.1337154,-3.760428
1356624141547,-6.5492964,-4.8342752,-7.518137
1356624141587,-3.4507046,-4.112331,-6.69417
1356624141627,-0.78464794,-1.0601304,-1.3963742
1356624141667,-5.4732213,3.3251712,1.56397
1356624141707,3.805224,1.4989219,1.7185867
1356624141747,-1.9331222,0.5358143,7.4325104
1356624141787,-0.21449089,0.958982,0.7687483
1356624141826,1.0505967,3.4376464,2.4608192
1356624141866,-0.5417967,0.6358278,5.6934805
1356624141906,0.47866154,0.9922159,3.7776966
1356624141946,0.26729488,0.38872957,2.9698727
1356624141986,0.16462517,0.013908625,2.9009404
1356624142025,-0.16425514,0.23651218,1.8993628
1356624142066,-0.2991495,0.45983338,1.0955743
1356624142106,-1.4253912,-0.6777606,0.4945103
1356624142146,-3.4341307,-1.607877,-0.006954428
1356624142188,-4.342984,-1.0613005,-0.9883627
1356624142227,-2.5100183,-0.6965244,-0.82503337
1356624142288,-0.29685116,2.4153576,-2.0323505
1356624142307,0.053601265,3.2725284,-2.201047
1356624142350,-1.8778038,1.5060189,-0.14693013
1356624142387,-2.0235586,-0.17154527,-0.9644853
1356624142429,2.863522,-1.1552982,-1.1126044
1356624142467,4.3411236,-1.3654253,-0.56676304
1356624142508,6.391786,0.29285812,-0.588797
1356624142548,6.7141933,-0.007908583,-1.9937637
1356624142623,5.7121034,-0.98142433,-2.455152
1356624142628,2.7024121,-2.3306417,-3.4905438
1356624142665,-4.366544,-4.699416,-6.6948414
1356624142706,-3.9062004,-3.638169,-6.405342
1356624142746,-1.692873,-2.1823602,-2.1755543
1356624142786,-5.40635,3.565287,2.5480783
1356624142825,3.2585397,2.7391326,0.10985851
1356624142866,-0.38697386,0.68833876,8.522444
1356624142906,-1.6233735,0.123199224,2.2109594
1356624142946,1.2271342,3.531938,1.6450585
1356624143004,-1.2821617,0.4171505,6.550934
1356624143026,-0.8611736,0.036165237,4.187343
1356624143066,0.10462761,0.5465083,2.7297668
1356624143103,0.5459957,0.29230714,2.037065
1356624143133,0.22778797,0.43640447,2.2895994
1356624143174,-0.24231148,0.1928811,1.648741
1356624143216,-0.033283234,0.19659138,0.45820233
1356624143256,-1.3085938,-1.2969978,-0.3127893
1356624143297,-3.3550901,-2.137454,-0.094931245
1356624143339,-4.415762,-1.4894767,-1.165382
1356624143379,-2.492897,0.15042067,-0.84200746
1356624143418,0.16779232,2.893056,-3.2013597
1356624143459,-0.60362816,2.4666193,-2.1006882
1356624143498,-1.3792505,1.4076061,0.25499046
1356624143539,-0.7356186,-0.22808504,-1.087403
1356624143577,1.5370178,-1.6027821,-1.0924625
1356624143619,4.811757,-0.8365829,-0.40365958
1356624143658,6.302561,-0.008609533,-1.1120824
1356624143699,6.6581955,-0.48321438,-1.8642181
1356624143738,6.21695,-0.6349511,-2.5597067
1356624143778,1.9411888,-1.8110232,-3.0988965
1356624143819,-5.8114386,-4.5135694,-6.078336
1356624143857,-4.0331707,-4.8211193,-5.9427366
1356624143897,-0.21799564,-2.9399214,-2.866074
1356624143937,-5.5275397,3.2778726,3.0662282
1356624143977,2.9293995,2.4721065,-0.21103716
1356624144017,1.416388,1.1794012,7.9897447
1356624144057,-2.7642803,0.12915397,2.793573
1356624144097,1.6126013,4.223014,0.7917042
1356624144137,-1.0765743,0.90890145,5.38927
1356624144177,-0.20341492,0.620651,4.039612
1356624144217,0.5307131,1.2784624,2.8899517
1356624144257,-0.21411228,-0.25662088,2.9382563
1356624144297,0.4105463,0.43217254,2.0740743
1356624144337,-0.3310995,0.013092756,0.9416385
1356624144377,-0.51497555,0.031980515,0.2274015
1356624144417,-2.3851519,-1.725768,0.4547619
1356624144457,-3.3600817,-0.6568022,-0.7821086
1356624144497,-3.7394905,-0.75577927,-0.6988228
1356624144537,-1.2752485,0.67953706,-0.9203579
1356624144577,0.07424259,2.7552795,-2.441208
1356624144617,-0.7982311,2.0745668,-2.112353
1356624144657,-1.4964266,0.38290668,0.6940717
1356624144697,-0.22101784,-0.21865082,-1.5174809
1356624144737,2.1975918,-0.8140466,-1.3496261
1356624144777,4.374609,-0.6652663,-0.32305515
1356624144817,5.9380383,0.52349615,-1.012132
1356624144857,6.343614,0.1226027,-1.9247471
1356624144897,6.032848,-1.2190745,-3.0437267
1356624144937,0.90800285,-3.3785682,-4.542104
1356624144977,-5.8879147,-4.563768,-6.047934
1356624145017,-2.7324543,-4.5211387,-6.132024
1356624145058,-3.9422083,-0.9496813,-1.3938129
1356624145097,-1.1926861,2.522174,1.8254718
1356624145137,6.2779846,2.3011274,3.4655719
1356624145177,-4.364563,-0.31183696,6.4662094
1356624145217,1.0552998,1.9978056,0.029495
1356624145257,-0.08598423,2.5609417,3.9698238
1356624145297,-0.9623661,0.4096098,5.3177032
1356624145337,0.40652466,1.4275775,2.938664
1356624145377,0.06990242,0.61397886,3.2503335
1356624145417,0.03839588,-0.4960413,3.0431218
1356624145457,-0.31332493,0.3751948,2.3560176
1356624145497,-0.67091084,0.30219316,0.8785853
1356624145537,-1.1808357,-0.26247716,0.0938997
1356624145576,-2.99605,-1.8060268,-0.3752455
1356624145616,-4.023875,-1.0741796,-0.9697248
1356624145656,-2.740223,-0.75121474,-0.82104605
1356624145697,-0.84217834,2.0026503,-1.906448
1356624145737,-0.88077927,3.3230093,-2.9021146
1356624145777,-1.1420193,2.5955672,-1.3421823
1356624145817,-0.82194424,0.23789811,-0.32103112
1356624145857,1.5688124,-0.72110724,-1.1304746
1356624145897,3.9966383,-0.7833319,-0.99643207
1356624145937,5.8125772,-0.04248619,-0.1510968
1356624145977,7.081526,-0.11571193,-1.527005
1356624146017,6.140852,-0.98761606,-2.1195788
1356624146057,3.6064353,-2.0051765,-3.4303074
1356624146097,-3.839777,-4.4028945,-5.61037
1356624146137,-4.486992,-3.8101301,-7.7183785
1356624146177,-0.19128895,-2.4054565,-3.7538433
