1356624765583,-1.7570249,10.079058,0.92618364
1356624765634,-1.6889231,9.765789,-0.08172209
1356624765676,-1.7978859,10.18802,0.7627395
1356624765723,-1.607201,9.888372,0.27240697
1356624765765,-1.6480621,10.038197,0.38136974
1356624765805,-1.6889231,10.038197,0.42223078
1356624765843,-1.7570249,10.147159,0.42223078
1356624765885,-1.6480621,9.915613,0.23154591
1356624765923,-1.6480621,10.038197,0.6946377
1356624765964,-1.6889231,10.18802,0.61291564
1356624766003,-1.7297841,10.337844,0.5720546
1356624766047,-1.7570249,10.337844,0.84446156
1356624766084,-1.6480621,10.269742,0.7218784
1356624766125,-1.6889231,10.228881,1.1849703
1356624766166,-1.6480621,10.038197,1.4982382
1356624766203,-1.7978859,10.18802,1.7570249
1356624766243,-1.6480621,9.847511,1.2258313
1356624766283,-1.7570249,9.724928,1.56634
1356624766324,-1.9885708,9.997335,1.4573772
1356624766362,-2.0294318,10.119919,2.5333846
1356624766404,-2.2201166,11.073342,2.9147544
1356624766444,-1.6480621,10.61025,3.173541
1356624766512,-2.070293,9.152874,3.636633
1356624766525,-3.1054392,8.962189,3.568531
1356624766564,-2.6423476,8.580819,3.336985
1356624766604,-2.0294318,8.730643,4.0180025
1356624766646,-1.9885708,8.281172,4.099725
1356624766683,-1.8387469,7.8180795,4.372132
1356624766723,-1.56634,7.668256,4.8216033
1356624766764,-1.525479,7.7363577,5.243834
1356624766805,-1.525479,7.9270425,5.597963
1356624766844,-1.8387469,8.281172,5.938472
1356624766883,-1.879608,8.117727,6.0882955
1356624766925,-2.4108016,8.471856,6.3198414
1356624766964,-3.445948,8.471856,5.434519
1356624767006,-3.214402,10.501288,4.903325
1356624767044,-0.040861044,12.026767,5.8976107
1356624767086,-0.46309182,7.6954966,0.61291564
1356624767123,-0.29964766,10.038197,-0.29964766
1356624767163,-0.10896278,9.384419,0.27240697
1356624767203,-1.2666923,9.888372,0.46309182
1356624767244,-1.3075534,10.119919,1.7570249
1356624767283,0.14982383,10.228881,0.9942854
1356624767323,0.19068487,9.724928,0.6537767
1356624767364,-0.0,9.656827,0.7627395
1356624767404,0.08172209,9.847511,0.53119355
1356624767446,-0.38136974,9.888372,0.38136974
1356624767509,-0.53119355,9.724928,-0.0
1356624767526,0.10896278,9.507003,-0.5720546
1356624767563,-0.14982383,10.61025,-0.95342433
1356624767603,-0.95342433,11.182305,-0.3405087
1356624767643,-1.1849703,12.258313,0.5720546
1356624767683,0.10896278,13.715691,1.9885708
1356624767723,1.2666923,14.137921,1.334794
1356624767764,-1.0760075,10.841797,0.8036005
1356624767804,-3.1054392,9.697687,0.92618364
1356624767843,-1.4165162,11.563675,0.42223078
1356624767886,-0.88532263,12.340035,-0.42223078
1356624767923,0.313268,12.217452,1.334794
1356624767966,0.46309182,9.507003,3.1054392
1356624768004,0.14982383,8.349273,0.3405087
1356624768046,-2.2609777,7.246025,0.6537767
1356624768083,-3.445948,5.7477865,1.5390993
1356624768123,-1.607201,5.325556,1.5390993
1356624768163,-0.88532263,5.829509,3.405087
1356624768204,-0.8036005,8.349273,6.0201936
1356624768243,-1.1441092,13.211738,11.454713
1356624768283,-2.8330324,10.991621,9.193735
1356624768324,-1.6889231,10.269742,3.759216
1356624768364,-1.607201,15.595298,-1.3756552
1356624768406,-1.2258313,3.568531,-0.53119355
1356624768444,3.568531,12.299174,-1.9885708
1356624768512,-1.1849703,10.337844,1.7978859
1356624768525,-2.982856,8.962189,1.2258313
1356624768563,1.8387469,9.724928,-0.95342433
1356624768603,0.14982383,9.425281,0.6946377
1356624768643,0.95342433,9.234595,-0.23154591
1356624768683,1.1168685,9.466142,0.10896278
1356624768724,-0.08172209,9.575105,0.23154591
1356624768764,0.27240697,10.760075,0.5720546
1356624768804,-1.1441092,11.264028,0.38136974
1356624768845,-0.23154591,12.9529505,1.5390993
1356624768883,1.6889231,14.818938,1.2666923
1356624768925,0.42223078,13.525005,0.38136974
1356624768964,-3.3642259,11.645397,0.8036005
1356624769003,-1.4982382,13.443283,-0.040861044
1356624769044,-0.6946377,12.871228,-0.84446156
1356624769083,-1.4165162,10.18802,2.1792557
1356624769123,-0.08172209,7.43671,2.3699405
1356624769164,-0.19068487,7.43671,0.7627395
1356624769204,-1.7297841,5.829509,-0.08172209
1356624769242,-2.1792557,4.7535014,0.46309182
1356624769285,-1.2666923,4.9850473,1.9477097
1356624769323,-0.38136974,9.275456,8.008764
1356624769365,-1.334794,13.593107,10.760075
1356624769406,-0.0,10.732834,10.18802
1356624769446,-0.19068487,13.443283,3.1463003
1356624769507,-2.5333846,12.14935,-4.372132
1356624769523,-2.3426998,3.405087,1.920469
1356624769563,6.1700177,14.47843,-3.759216
1356624769603,-4.372132,8.730643,3.5957718
1356624769644,-1.0760075,9.275456,-0.08172209
1356624769683,2.070293,9.575105,-0.6946377
1356624769725,-0.8036005,8.921328,0.53119355
1356624769764,1.1168685,9.466142,-0.29964766
1356624769806,0.3405087,9.956474,0.23154591
1356624769853,0.313268,10.310603,1.879608
1356624769894,0.50395286,11.563675,1.334794
1356624769933,0.7627395,13.211738,1.879608
1356624769973,1.4573772,14.750836,1.920469
1356624770013,-0.6946377,12.340035,1.3075534
1356624770053,-2.7240696,12.9529505,-0.29964766
1356624770096,-1.4573772,13.715691,-0.5720546
1356624770133,-1.2666923,13.988097,1.2258313
1356624770176,-1.8387469,9.193735,1.4165162
1356624770223,0.10896278,6.3607025,1.2258313
1356624770263,-1.0760075,5.938472,-0.9942854
1356624770303,-0.95342433,4.140586,-1.0760075
1356624770343,-1.0351465,3.9090397,2.0294318
1356624770384,-0.040861044,8.158588,7.5865335
1356624770423,-2.7240696,16.126492,11.495573
1356624770465,-2.8738933,11.264028,10.337844
1356624770509,0.95342433,17.815414,0.53119355
1356624770543,-1.3075534,2.9556155,-6.0882955
1356624770583,2.6014864,7.9679036,-0.61291564
1356624770626,1.1849703,12.14935,1.1441092
1356624770664,-3.9090397,8.158588,1.6889231
1356624770703,1.920469,9.534244,-0.27240697
1356624770743,1.3075534,9.80665,0.313268
1356624770784,-0.040861044,8.771504,0.27240697
1356624770824,-0.19068487,9.343558,-0.84446156
1356624770863,0.92618364,10.419566,0.14982383
1356624770906,-1.525479,10.501288,1.334794
1356624770943,1.8387469,11.985906,1.2666923
1356624770986,1.4573772,13.565866,2.7649305
1356624771023,1.7978859,14.369467,2.4516625
1356624771066,-1.0351465,11.985906,0.6946377
1356624771103,-2.5606253,14.669114,-0.29964766
1356624771143,-1.7570249,14.437569,-0.38136974
1356624771183,-2.8330324,13.6748295,0.7218784
1356624771223,-0.9125633,8.471856,0.7627395
1356624771263,-0.23154591,5.8567495,1.1441092
1356624771303,-1.6480621,5.09401,-0.29964766
1356624771345,-1.4165162,4.0588636,-1.3756552
1356624771383,-1.0760075,4.099725,1.4165162
1356624771426,-1.1849703,7.9679036,6.932757
1356624771463,-3.718355,16.276316,12.571581
1356624771515,-1.920469,10.691973,9.507003
1356624771543,-1.4573772,9.697687,7.4639506
1356624771583,0.5720546,16.739407,-4.372132
1356624771623,-5.325556,1.7978859,-0.46309182
1356624771663,8.894087,13.0619135,-2.1111538
1356624771703,-0.27240697,11.495573,2.8738933
1356624771745,-5.202973,7.6273947,1.4165162
1356624771783,2.7649305,9.043911,-0.53119355
1356624771825,1.7297841,10.079058,1.1849703
1356624771865,0.38136974,8.471856,-0.10896278
1356624771903,0.50395286,9.847511,-0.29964766
1356624771946,0.46309182,10.61025,1.1441092
1356624771984,-0.88532263,10.310603,1.0351465
1356624772034,2.070293,12.871228,1.4573772
1356624772074,0.9942854,14.818938,1.9885708
1356624772112,0.61291564,13.906375,1.6889231
1356624772154,-2.6832085,12.176591,0.50395286
1356624772194,-0.19068487,13.593107,-0.3405087
1356624772236,-1.1849703,13.6748295,-0.14982383
1356624772274,-1.4982382,11.223166,1.2666923
1356624772313,0.38136974,6.782933,1.334794
1356624772353,-0.53119355,6.5922484,0.42223078
1356624772394,-1.4165162,5.366417,-0.95342433
1356624772433,-1.7297841,3.8273177,-0.14982383
1356624772473,-1.7297841,5.7886477,4.2904096
1356624772518,-2.4108016,11.141444,8.580819
1356624772553,-0.7218784,14.628253,11.985906
1356624772595,-0.6537767,11.34575,8.308413
1356624772634,0.7218784,16.821129,-1.4982382
1356624772676,-6.3607025,5.243834,-3.0645783
1356624772714,4.2086873,9.043911,-1.0760075
1356624772756,4.372132,13.143636,0.7218784
1356624772793,-3.1463003,8.430995,1.6889231
1356624772833,2.6832085,8.812365,-0.23154591
1356624772873,0.8036005,9.343558,0.9942854
1356624772913,0.8036005,9.00305,0.38136974
1356624772953,0.9942854,9.80665,-0.6537767
1356624772993,-0.19068487,10.501288,0.6946377
1356624773034,-0.9125633,9.956474,1.5390993
1356624773074,1.879608,11.454713,1.3756552
1356624773115,1.4982382,13.184497,2.5606253
1356624773153,1.9885708,14.560152,2.4516625
1356624773196,-1.1849703,12.258313,0.95342433
1356624773234,-2.5606253,14.056199,-0.8036005
1356624773274,-2.6832085,14.2877445,0.53119355
1356624773314,-1.6480621,13.565866,1.2666923
1356624773353,-0.6946377,7.7772183,1.4982382
1356624773393,0.10896278,5.597963,0.8036005
1356624773433,-1.1441092,5.6660647,-0.88532263
1356624773474,-1.3075534,4.2086873,-0.9125633
1356624773518,-1.6480621,4.140586,1.5390993
1356624773554,-0.95342433,8.158588,7.43671
1356624773593,-2.1111538,16.467001,12.789507
1356624773635,-3.5276701,10.228881,9.466142
1356624773673,-0.53119355,15.6634,0.92618364
1356624773713,-1.0760075,7.3958488,-4.2495484
1356624773753,2.070293,5.7477865,1.5390993
1356624773793,4.5628166,14.09706,0.23154591
1356624773835,-4.372132,8.62168,2.4925237
1356624773873,0.53119355,7.43671,-1.1168685
1356624773914,1.2666923,10.079058,0.42223078
1356624773954,-0.6946377,8.430995,0.19068487
1356624773993,1.1849703,9.466142,-0.84446156
1356624774034,1.334794,10.501288,-0.19068487
1356624774075,-1.920469,10.528529,1.920469
1356624774114,2.070293,12.367276,1.1849703
1356624774155,2.1111538,14.328606,2.4925237
1356624774194,2.3699405,14.7916975,2.070293
1356624774233,-1.4165162,11.454713,0.14982383
1356624774274,-3.1463003,13.102775,-0.38136974
1356624774313,-2.0294318,14.015338,0.38136974
1356624774353,-1.1441092,13.6748295,0.9942854
1356624774393,-0.7627395,7.9270425,1.4165162
1356624774434,0.313268,5.7477865,1.4573772
1356624774473,-0.53119355,5.7477865,-0.84446156
1356624774526,-1.3075534,4.4810944,-1.2258313
1356624774554,-1.7297841,4.140586,0.84446156
1356624774596,-0.9942854,7.273266,6.6331096
1356624774634,-1.879608,16.126492,12.4489975
1356624774673,-1.607201,12.067628,9.697687
1356624774713,-2.070293,9.302697,6.4015636
1356624774753,0.95342433,16.739407,-4.1814466
1356624774793,-2.6832085,2.8330324,-0.9942854
1356624774833,5.053149,11.727119,-1.4573772
1356624774884,-0.95342433,9.888372,3.9090397
1356624774922,-1.1441092,7.8589406,-0.9942854
1356624774964,2.152015,9.615966,-0.5720546
1356624775004,-0.29964766,9.234595,0.27240697
1356624775043,0.7627395,9.384419,-0.19068487
1356624775083,0.7218784,9.888372,0.50395286
1356624775124,-0.23154591,10.528529,1.56634
1356624775163,-0.0,11.032481,1.607201
1356624775203,2.3018389,13.484144,2.152015
1356624775244,2.2609777,15.173067,2.3426998
1356624775283,0.53119355,12.871228,1.1441092
1356624775326,-2.8330324,12.789507,-0.5720546
1356624775363,-1.334794,14.328606,0.3405087
1356624775406,-1.4573772,13.375181,1.1441092
1356624775443,-0.95342433,10.079058,1.607201
1356624775484,0.46309182,6.3198414,1.3756552
1356624775528,-0.50395286,5.6252036,-0.38136974
1356624775563,-1.334794,4.5219555,-1.2666923
1356624775603,-1.4982382,3.7864566,-0.27240697
1356624775644,-1.4573772,5.829509,4.5219555
1356624775684,-1.9477097,16.017529,11.182305
1356624775724,-3.1054392,11.75436,11.073342
1356624775765,-2.070293,15.554437,3.1054392
1356624775804,0.7218784,8.539958,-2.5606253
1356624775846,-1.525479,5.47538,-0.29964766
1356624775884,5.2165933,13.0619135,-1.7570249
1356624775923,-2.9556155,8.662541,2.8738933
1356624775963,-1.1849703,8.62168,0.88532263
1356624776004,2.5333846,9.534244,-0.27240697
1356624776043,0.14982383,9.343558,0.95342433
1356624776083,0.84446156,9.275456,-0.6537767
1356624776123,1.0760075,9.656827,0.27240697
1356624776164,0.3405087,10.079058,1.1441092
1356624776205,-0.0,10.61025,1.9477097
1356624776244,2.3426998,13.402422,2.1792557
1356624776285,2.4925237,15.745122,1.7570249
1356624776323,-0.53119355,12.789507,1.0760075
1356624776366,-3.9090397,13.484144,-0.3405087
1356624776403,-1.4982382,14.246883,-0.46309182
1356624776443,-0.9942854,12.367276,1.2258313
1356624776484,-1.9477097,9.084772,1.920469
1356624776528,-0.19068487,5.7477865,0.8036005
1356624776563,-0.42223078,6.0201936,-0.3405087
1356624776603,-1.1849703,5.5571017,-1.334794
1356624776644,-1.0760075,4.4810944,0.6537767
1356624776683,-0.9125633,6.891896,6.0882955
1356624776725,-2.4516625,15.322891,14.246883
1356624776763,-3.9771416,9.234595,9.724928
1356624776806,-0.23154591,11.413852,5.09401
1356624776843,2.0294318,16.507862,-3.636633
1356624776884,-3.9499009,0.38136974,0.42223078
1356624776923,6.742072,13.021052,-2.7513103
1356624776963,-0.8036005,10.079058,3.255263
1356624777003,-3.7864566,8.499097,1.2258313
1356624777044,0.08172209,8.049625,-1.1441092
1356624777084,1.56634,10.18802,0.50395286
1356624777124,0.38136974,8.689782,-0.10896278
1356624777165,0.6946377,9.997335,-0.95342433
1356624777204,-1.1849703,10.56939,2.3426998
1356624777245,-0.040861044,11.223166,1.7570249
1356624777284,3.9090397,13.797412,2.0294318
1356624777327,2.1111538,15.173067,2.6423476
1356624777364,-1.3756552,12.026767,1.334794
1356624777403,-1.3075534,13.293459,-1.2258313
1356624777443,-1.0351465,13.102775,-0.0
1356624777484,-1.1849703,12.721405,0.92618364
1356624777528,-1.1441092,9.656827,1.4982382
1356624777563,0.23154591,6.469665,1.334794
1356624777605,-0.14982383,6.3198414,-0.50395286
1356624777643,-1.2258313,4.5628166,-0.84446156
1356624777686,-1.9477097,4.2086873,1.4573772
1356624777723,-0.88532263,8.689782,7.246025
1356624777764,-0.23154591,16.04477,12.489859
1356624777802,-0.61291564,11.114203,10.337844
1356624777843,0.50395286,14.369467,2.5333846
1356624777883,-2.2609777,8.812365,-5.6660647
1356624777924,-1.1168685,3.8681788,-0.61291564
1356624777963,4.2086873,14.137921,-1.56634
1356624778005,-2.2201166,9.00305,2.1111538
1356624778044,2.6014864,8.853226,-2.1792557
1356624778086,1.4165162,10.228881,0.14982383
1356624778124,-0.23154591,9.152874,0.27240697
1356624778167,1.1168685,9.193735,0.27240697
1356624778213,0.040861044,10.269742,0.84446156
1356624778253,-0.88532263,10.147159,1.3075534
1356624778297,0.84446156,11.686258,1.2258313
1356624778333,-0.19068487,13.252599,2.4108016
1356624778375,2.3018389,14.1787815,2.982856
1356624778414,-0.9942854,12.721405,0.23154591
1356624778456,2.8330324,14.859799,-1.3756552
1356624778534,-0.7627395,14.206022,0.23154591
1356624778540,-2.8330324,11.836082,0.9942854
1356624778573,-1.879608,7.668256,0.92618364
1356624778613,-0.23154591,6.742072,0.95342433
1356624778653,-0.29964766,6.3198414,-0.29964766
1356624778693,-0.61291564,5.175732,-0.29964766
1356624778734,-1.6889231,4.1814466,2.0294318
1356624778773,-1.0760075,9.152874,7.5456724
1356624778815,-1.334794,14.669114,12.680544
1356624778854,0.61291564,10.691973,8.008764
1356624778895,0.8036005,9.615966,4.6036777
1356624778944,-3.405087,14.369467,-2.7513103
1356624778983,1.0760075,4.903325,-0.5720546
1356624779023,5.8976107,14.519291,-2.5606253
1356624779063,-2.3426998,9.697687,3.214402
1356624779105,-1.879608,7.7363577,-0.61291564
1356624779143,2.1792557,9.888372,0.27240697
1356624779185,0.50395286,9.084772,0.61291564
1356624779223,0.313268,9.193735,-0.5720546
1356624779265,0.27240697,10.119919,0.88532263
1356624779303,-0.42223078,10.419566,2.4108016
1356624779343,1.7978859,11.304889,1.0760075
1356624779383,1.334794,13.375181,2.7240696
1356624779423,1.7978859,15.050485,2.2201166
1356624779463,-0.46309182,12.912089,1.2666923
1356624779534,-1.3756552,14.015338,-0.23154591
1356624779545,-0.95342433,13.947236,-0.5720546
1356624779583,-1.4573772,12.489859,1.879608
1356624779624,-1.6889231,8.349273,1.6480621
1356624779664,-0.10896278,5.8976107,1.3756552
1356624779706,-1.2258313,5.7886477,-0.6537767
1356624779744,-0.9125633,5.243834,-0.9125633
1356624779786,-1.4982382,4.2495484,1.2258313
1356624779823,-0.6537767,7.4639506,6.5513873
1356624779863,-2.7921712,16.08563,12.176591
1356624779905,-2.4516625,10.419566,11.495573
1356624779943,0.313268,15.595298,0.95342433
1356624779983,2.1111538,12.789507,-2.1383946
1356624780039,-1.2666923,3.486809,-1.7297841
1356624780077,2.6423476,12.53072,0.8036005
1356624780113,-3.445948,8.812365,2.4108016
1356624780153,0.6946377,8.158588,-0.6537767
1356624780193,1.7570249,9.888372,-0.040861044
1356624780233,0.08172209,8.894087,1.2666923
1356624780273,0.9942854,9.234595,-0.040861044
1356624780314,1.2666923,9.915613,0.61291564
1356624780354,-0.88532263,10.079058,1.2258313
1356624780394,2.4108016,11.114203,0.88532263
1356624780435,0.50395286,12.912089,1.9477097
1356624780473,1.0760075,14.519291,2.6423476
1356624780537,0.7218784,12.489859,1.6889231
1356624780553,-1.3075534,13.756551,0.08172209
1356624780593,-0.84446156,14.560152,-0.7218784
1356624780634,-1.0351465,13.593107,0.92618364
1356624780672,-2.6014864,9.765789,1.879608
1356624780713,-0.040861044,6.0474343,1.6480621
1356624780754,-1.1849703,5.6660647,-0.23154591
1356624780795,-1.1441092,4.9850473,-1.4573772
1356624780834,-1.4573772,3.8273177,-0.08172209
1356624780876,-1.3075534,5.6252036,3.636633
1356624780914,-0.95342433,14.628253,10.038197
1356624780956,-2.4108016,15.28203,13.906375
1356624781004,-2.8330324,10.18802,5.434519
1356624781044,3.1463003,15.554437,-3.8681788
1356624781083,-3.9090397,3.2961242,0.040861044
1356624781124,4.5628166,12.299174,-3.1054392
1356624781165,0.84446156,11.304889,1.9885708
1356624781204,-2.9147544,9.152874,1.334794
1356624781246,3.173541,9.384419,-1.1168685
1356624781284,0.27240697,9.343558,0.27240697
1356624781326,0.3405087,8.894087,-0.53119355
1356624781363,0.88532263,9.656827,-0.29964766
1356624781403,0.61291564,9.847511,1.2666923
1356624781444,0.19068487,10.147159,1.4982382
1356624781483,1.7297841,12.367276,1.5390993
1356624781538,0.8036005,13.633968,2.6832085
1356624781563,2.3699405,14.47843,2.4925237
1356624781605,-0.29964766,12.026767,0.19068487
1356624781643,-1.2258313,14.2877445,-0.9942854
1356624781685,0.42223078,15.173067,0.6537767
1356624781723,-2.4516625,11.917805,1.7978859
1356624781766,-0.9942854,6.3607025,1.3756552
1356624781803,-0.38136974,6.1700177,0.38136974
1356624781843,-0.3405087,6.2789803,-1.3075534
1356624781893,-1.1441092,3.718355,-0.95342433
1356624781933,-0.8036005,5.706926,4.2086873
1356624781975,0.46309182,12.53072,9.724928
1356624782013,-2.6832085,11.958665,12.067628
1356624782055,-4.0180025,9.997335,6.238119
1356624782093,2.3018389,17.62473,-1.1168685
1356624782136,-1.334794,3.1054392,-1.525479
1356624782183,4.903325,11.727119,-1.879608
1356624782223,-1.1849703,10.079058,2.9147544
1356624782263,-3.6774938,7.6954966,0.53119355
1356624782303,2.6423476,9.507003,-0.9125633
1356624782344,0.50395286,9.724928,0.14982383
1356624782384,-0.0,9.275456,-0.42223078
1356624782425,0.6946377,9.697687,-0.040861044
1356624782473,0.27240697,10.378705,2.1792557
1356624782538,0.88532263,11.032481,1.7297841
1356624782555,2.3426998,12.489859,1.8387469
1356624782593,2.4925237,15.132206,2.1792557
1356624782635,-0.29964766,12.980191,1.334794
1356624782674,-2.6423476,13.484144,-0.9942854
1356624782715,-0.040861044,13.988097,-0.10896278
1356624782754,-2.4516625,14.2877445,1.4165162
1356624782796,-0.88532263,7.9679036,1.0351465
1356624782834,-0.08172209,6.238119,1.6480621
1356624782876,-0.95342433,6.2108784,-0.3405087
1356624782913,-0.9942854,4.5628166,-1.0351465
1356624782953,-1.0760075,3.759216,0.8036005
1356624782994,-0.95342433,7.43671,5.407278
1356624783033,-0.8036005,15.472715,11.958665
1356624783073,-2.6014864,12.721405,10.61025
1356624783113,-2.9147544,11.495573,5.5571017
1356624783155,1.879608,14.369467,-3.636633
1356624783194,-3.9090397,3.9499009,-0.23154591
1356624783236,6.0201936,12.026767,-2.2609777
1356624783273,-0.10896278,9.765789,1.9477097
1356624783316,-3.0645783,9.343558,1.56634
1356624783353,1.5390993,8.771504,-0.61291564
1356624783393,0.38136974,9.043911,0.61291564
1356624783433,0.08172209,9.043911,0.42223078
1356624783473,1.1441092,9.615966,-0.08172209
1356624783534,0.313268,10.079058,0.88532263
1356624783552,-0.84446156,10.337844,1.2666923
1356624783596,1.1849703,11.372991,0.5720546
1356624783634,0.9942854,13.33432,1.9477097
1356624783676,2.7921712,14.941522,2.3018389
1356624783713,-0.19068487,12.571581,1.334794
1356624783756,-2.8738933,13.0619135,-0.10896278
1356624783794,-1.56634,13.565866,0.10896278
1356624783833,-0.42223078,13.947236,1.2666923
1356624783875,-1.334794,9.956474,1.3756552
1356624783913,0.42223078,6.3198414,1.607201
1356624783953,-0.29964766,5.7477865,0.08172209
1356624783993,-0.95342433,4.7943625,-0.88532263
1356624784035,-1.6889231,3.990762,0.040861044
1356624784074,-1.879608,5.6252036,4.7126403
1356624784116,-2.070293,13.375181,9.507003
1356624784163,-1.2258313,11.727119,11.372991
1356624784203,-0.42223078,13.293459,4.399372
1356624784244,1.2666923,17.2025,-5.284695
1356624784283,-4.5900574,0.3405087,0.84446156
1356624784323,6.701211,12.912089,-4.2086873
1356624784364,-0.14982383,10.310603,3.718355
1356624784405,-3.5957718,8.19945,1.4982382
1356624784443,2.7921712,9.80665,-0.5720546
1356624784485,0.38136974,9.534244,1.4982382
1356624784538,0.42223078,8.539958,-0.23154591
1356624784566,0.6946377,10.18802,-0.84446156
1356624784603,-1.1168685,10.841797,1.6480621
1356624784643,0.92618364,10.923519,1.0351465
1356624784683,3.990762,13.443283,1.879608
1356624784723,2.2201166,14.7916975,2.3018389
1356624784763,-0.53119355,12.721405,1.4982382
1356624784812,-4.440233,12.871228,-0.46309182
1356624784847,-2.4108016,13.865514,0.27240697
1356624784883,-1.6480621,13.375181,1.2666923
1356624784925,-0.95342433,10.460427,1.4165162
1356624784964,0.53119355,6.0201936,1.3075534
1356624785006,-0.84446156,6.3607025,0.6537767
1356624785045,-1.2666923,4.862464,-0.95342433
1356624785084,-1.4573772,3.759216,-0.08172209
1356624785123,-1.1168685,6.6331096,5.243834
1356624785164,-0.6537767,16.017529,13.252599
1356624785203,-2.5333846,13.0619135,12.912089
1356624785243,-2.8330324,14.560152,0.9942854
1356624785283,2.2201166,14.369467,-3.1054392
1356624785324,-0.95342433,2.1792557,-0.50395286
1356624785365,4.8216033,13.797412,-3.3642259
1356624785403,-1.2666923,8.962189,2.8738933
1356624785445,-1.7297841,9.343558,1.0760075
1356624785483,2.3426998,9.466142,-0.42223078
1356624785543,0.27240697,9.084772,0.61291564
1356624785563,0.3405087,8.962189,-0.0
1356624785603,0.6946377,9.847511,-0.3405087
1356624785643,0.42223078,10.228881,1.7297841
1356624785684,0.14982383,10.841797,0.9942854
1356624785723,2.152015,12.980191,1.920469
1356624785763,1.1168685,14.246883,2.3699405
1356624785804,0.53119355,13.293459,2.070293
1356624785844,-1.920469,12.598822,-0.08172209
1356624785885,-0.38136974,14.369467,-0.040861044
1356624785923,0.313268,14.47843,0.46309182
1356624785966,-1.920469,11.114203,1.56634
1356624786003,-0.23154591,5.7886477,1.4982382
1356624786043,-0.14982383,5.5571017,0.10896278
1356624786083,-0.7627395,5.6660647,-1.3756552
1356624786124,-1.7297841,3.990762,-0.14982383
1356624786163,-2.3018389,5.012288,3.405087
1356624786203,-0.7218784,12.299174,9.425281
1356624786244,-0.88532263,16.017529,13.947236
1356624786283,-2.8738933,8.962189,7.8589406
1356624786325,1.1849703,16.548723,-2.6832085
1356624786364,-2.4108016,6.1291566,-1.334794
1356624786405,2.8738933,8.689782,-2.3426998
1356624786444,2.3018389,13.252599,0.84446156
1356624786483,-2.6014864,9.084772,2.1111538
1356624786534,0.84446156,8.62168,-1.1441092
1356624786574,0.14982383,9.765789,0.8036005
1356624786615,0.61291564,9.00305,0.08172209
1356624786653,0.7627395,9.847511,-0.27240697
1356624786695,0.84446156,10.378705,1.3756552
1356624786733,-0.8036005,10.18802,1.5390993
1356624786776,3.1054392,12.14935,1.5390993
1356624786824,1.6480621,14.015338,2.1111538
1356624786857,0.9942854,13.865514,1.56634
1356624786893,-2.7240696,12.067628,0.3405087
1356624786933,-2.4516625,13.0619135,-0.84446156
1356624786973,-2.070293,13.797412,0.08172209
1356624787013,-1.7297841,12.980191,1.9885708
1356624787054,0.27240697,7.082581,1.4573772
1356624787093,0.08172209,6.5922484,1.3075534
1356624787135,-1.2666923,6.1291566,-0.6946377
1356624787173,-1.7570249,4.7943625,-0.08172209
1356624787216,-1.6889231,4.5219555,2.3018389
1356624787254,-1.2258313,9.343558,8.730643
1356624787296,-2.6832085,14.818938,12.871228
1356624787334,-3.486809,10.119919,8.430995
1356624787373,0.7218784,18.04696,1.607201
1356624787413,-1.334794,6.5922484,-2.5333846
1356624787453,1.5390993,6.742072,-0.19068487
1356624787493,6.66035,14.941522,-1.56634
1356624787538,-4.5628166,7.8589406,2.4516625
1356624787576,-1.1168685,8.962189,0.6946377
1356624787614,2.0294318,10.310603,0.27240697
1356624787656,0.3405087,8.812365,0.84446156
1356624787693,-0.040861044,9.084772,-0.61291564
1356624787736,0.50395286,10.079058,0.10896278
1356624787773,-0.42223078,10.691973,1.1849703
1356624787813,0.84446156,10.95076,1.1849703
1356624787854,2.7240696,12.9529505,1.7978859
1356624787893,0.7218784,13.715691,2.4108016
1356624787933,-0.19068487,12.067628,2.1111538
1356624787973,-1.56634,12.830367,-0.0
1356624788014,-0.6537767,14.09706,-0.19068487
1356624788054,-1.3075534,14.328606,0.61291564
1356624788096,-1.334794,11.876944,2.152015
1356624788133,-0.19068487,4.8216033,1.1849703
1356624788176,-0.5720546,5.5571017,0.5720546
1356624788224,-1.525479,5.284695,-0.95342433
1356624788263,-1.879608,4.7535014,1.0760075
1356624788303,-1.4165162,6.3607025,4.7126403
1356624788343,-0.29964766,14.560152,10.841797
1356624788386,-2.6832085,13.593107,12.14935
1356624788423,-2.4108016,12.912089,2.7649305
1356624788466,2.1792557,16.589584,-2.3018389
1356624788505,-2.4925237,2.3699405,-1.2666923
1356624788548,4.5219555,11.536434,-2.0294318
1356624788583,0.61291564,10.61025,2.4925237
1356624788623,-2.7240696,8.499097,0.95342433
1356624788664,1.4982382,9.043911,-0.53119355
1356624788703,0.23154591,9.724928,1.3756552
1356624788743,0.53119355,8.853226,0.84446156
1356624788783,0.95342433,9.384419,-0.84446156
1356624788825,0.14982383,10.337844,0.040861044
1356624788864,-0.84446156,10.310603,1.1441092
1356624788906,2.6832085,12.299174,1.1849703
1356624788943,1.3756552,14.246883,2.070293
1356624788986,1.7570249,14.246883,1.7978859
1356624789023,-1.7978859,11.645397,0.42223078
1356624789063,-3.636633,12.721405,-0.53119355
1356624789103,-2.3018389,12.9529505,0.27240697
1356624789144,-0.6946377,13.715691,1.2258313
1356624789183,-0.7627395,8.62168,1.7297841
1356624789223,-0.10896278,6.2789803,0.9942854
1356624789263,-0.9125633,5.8567495,-0.3405087
1356624789305,-1.1168685,4.2904096,-0.50395286
1356624789342,-1.56634,4.440233,1.5390993
1356624789383,-0.9942854,8.281172,6.742072
1356624789423,-1.607201,15.854085,13.102775
1356624789466,-1.9885708,10.841797,9.084772
1356624789504,-1.3756552,14.601013,1.7570249
1356624789548,0.7218784,13.484144,-3.0645783
1356624789583,-2.982856,0.6537767,-0.8036005
1356624789623,4.944186,14.410328,-2.0294318
1356624789663,-1.2666923,9.084772,2.7649305
1356624789704,-0.29964766,9.193735,0.50395286
1356624789744,2.982856,10.269742,-0.19068487
1356624789783,-0.10896278,9.152874,0.92618364
1356624789825,0.14982383,8.894087,-0.5720546
1356624789864,0.61291564,9.997335,-0.29964766
1356624789906,0.23154591,10.651112,1.1441092
1356624789944,-0.10896278,10.419566,1.7570249
1356624789986,2.4516625,12.489859,1.5390993
1356624790024,1.2258313,13.906375,2.152015
1356624790063,0.46309182,12.912089,1.3756552
1356624790103,-2.1111538,12.258313,0.23154591
1356624790143,-1.3756552,13.797412,0.14982383
1356624790185,-2.1792557,13.947236,0.42223078
1356624790223,-1.3756552,11.264028,1.3756552
1356624790265,-0.040861044,7.43671,1.6889231
1356624790303,-0.88532263,6.5922484,0.7218784
1356624790345,-1.0760075,5.7886477,-0.50395286
1356624790384,-0.95342433,4.2086873,-0.8036005
1356624790426,-1.6889231,4.372132,1.7570249
1356624790464,-1.2666923,10.732834,8.19945
1356624790503,-1.4982382,14.859799,14.206022
1356624790547,-2.7513103,10.56939,8.62168
1356624790574,-1.0351465,16.017529,0.6946377
1356624790612,0.14982383,12.980191,-2.4108016
1356624790655,-0.6946377,2.7921712,-0.27240697
1356624790693,5.325556,14.601013,-3.255263
1356624790737,-3.336985,8.662541,2.982856
1356624790773,-0.23154591,9.00305,-0.7218784
1356624790813,2.9147544,10.61025,-0.84446156
1356624790854,0.040861044,9.275456,0.3405087
1356624790894,-0.040861044,9.112013,-0.08172209
1356624790936,0.42223078,9.697687,0.42223078
1356624790974,-0.10896278,10.18802,0.95342433
1356624791016,0.040861044,10.800936,1.3075534
1356624791053,1.5390993,12.4489975,1.7570249
1356624791093,2.3426998,14.7916975,1.7978859
1356624791133,-0.10896278,13.211738,1.3756552
1356624791173,-2.3699405,12.258313,0.92618364
1356624791213,-0.29964766,14.328606,-0.38136974
1356624791254,0.08172209,13.988097,0.38136974
1356624791294,-2.0294318,10.61025,1.6889231
1356624791334,-0.38136974,6.742072,1.9477097
1356624791376,-0.14982383,6.3607025,0.6946377
1356624791413,-0.6946377,5.7886477,-1.0760075
1356624791456,-1.3756552,4.2495484,-0.29964766
1356624791494,-1.7978859,4.862464,3.1463003
1356624791547,-0.9942854,11.454713,9.384419
1356624791573,-2.8330324,15.745122,12.871228
1356624791613,-2.5606253,7.9270425,6.851035
1356624791653,1.607201,15.636159,0.23154591
1356624791693,-1.920469,9.275456,-1.0351465
1356624791733,-0.84446156,3.636633,-0.7218784
1356624791774,4.6036777,13.565866,-1.7978859
1356624791821,-1.9477097,9.112013,2.9147544
1356624791863,0.53119355,8.730643,-0.5720546
1356624791903,0.7627395,10.079058,0.6537767
1356624791944,-0.27240697,8.812365,-0.14982383
1356624791983,0.8036005,10.079058,-0.9125633
1356624792023,0.040861044,10.419566,0.9942854
1356624792063,-0.84446156,9.956474,2.1111538
1356624792116,2.9147544,12.258313,1.4982382
1356624792152,1.0760075,14.328606,1.56634
1356624792193,0.88532263,13.565866,2.0294318
1356624792233,-2.7240696,13.143636,0.46309182
1356624792273,-1.607201,13.484144,-0.08172209
1356624792314,-0.3405087,13.906375,0.50395286
1356624792353,-2.1383946,10.760075,2.0294318
1356624792393,-0.08172209,7.0553403,1.4165162
1356624792433,-0.29964766,7.0553403,-0.14982383
1356624792475,-0.95342433,5.6660647,-1.3075534
1356624792542,-1.4573772,3.5276701,0.19068487
1356624792557,-1.4165162,4.2904096,3.759216
1356624792593,0.040861044,13.252599,10.528529
1356624792636,-1.7570249,14.982383,13.797412
1356624792673,-4.099725,11.182305,5.407278
1356624792713,1.56634,16.739407,-2.8330324
1356624792753,-1.0351465,5.053149,-1.1849703
1356624792794,3.718355,10.419566,-3.0645783
1356624792833,0.46309182,11.836082,1.3756552
1356624792873,-2.7513103,9.152874,1.607201
1356624792914,1.2258313,9.615966,-0.42223078
1356624792954,0.50395286,9.384419,0.8036005
1356624792995,-0.0,8.962189,0.7627395
1356624793033,0.8036005,9.575105,-0.53119355
1356624793075,0.3405087,10.18802,0.38136974
1356624793113,-0.95342433,9.847511,1.3075534
1356624793156,1.5390993,11.264028,1.1849703
1356624793193,0.92618364,13.33432,2.9147544
1356624793233,1.1849703,14.1787815,2.5606253
1356624793273,-0.27240697,11.727119,1.4982382
1356624793313,-1.3756552,14.369467,-0.10896278
1356624793353,-1.9477097,14.09706,-0.040861044
1356624793393,0.27240697,14.669114,1.3075534
1356624793436,-2.4925237,10.079058,1.1849703
1356624793483,-0.10896278,5.243834,1.334794
1356624793541,-0.9125633,6.2789803,-0.53119355
1356624793563,-1.334794,4.903325,-0.9942854
1356624793603,-1.8387469,4.5219555,1.334794
1356624793643,-1.1168685,6.782933,5.366417
1356624793683,-1.8387469,16.86199,11.917805
1356624793724,-2.7240696,11.454713,12.639683
1356624793763,-1.0351465,11.454713,3.5957718
1356624793805,2.5606253,16.167353,-3.6774938
1356624793844,-3.173541,2.6832085,-0.27240697
1356624793886,4.1814466,11.372991,-3.6774938
1356624793924,-0.6946377,10.310603,2.6014864
1356624793966,-2.9556155,8.689782,1.2258313
1356624794004,2.152015,9.724928,-0.53119355
1356624794043,0.10896278,9.575105,1.1849703
1356624794083,0.42223078,8.962189,0.7218784
1356624794123,1.0760075,9.466142,-0.42223078
1356624794163,0.53119355,10.378705,0.19068487
1356624794203,-1.4982382,10.228881,0.9942854
1356624794245,1.3756552,11.372991,0.84446156
1356624794283,1.6480621,13.375181,1.7978859
1356624794326,1.9477097,14.859799,2.0294318
1356624794364,-0.23154591,12.367276,0.8036005
1356624794406,-3.336985,11.686258,0.27240697
1356624794443,-1.9477097,12.721405,0.42223078
1356624794483,-0.88532263,12.598822,0.5720546
1356624794541,-0.14982383,11.604536,1.9885708
1356624794563,0.10896278,7.3549876,1.8387469
1356624794603,-0.53119355,7.246025,0.19068487
1356624794643,-1.4165162,5.6660647,-0.6537767
1356624794685,-2.1383946,4.440233,-0.0
1356624794733,-2.1792557,5.053149,3.173541
1356624794776,-1.3075534,12.871228,9.697687
1356624794813,-0.6946377,15.6634,13.252599
1356624794853,-1.6889231,8.580819,5.9793324
1356624794893,1.8387469,16.589584,-0.8036005
1356624794933,-4.440233,5.434519,-1.6480621
1356624794973,2.070293,7.0553403,-0.50395286
1356624795013,2.4925237,12.9529505,0.313268
1356624795054,-3.5957718,8.580819,2.3426998
1356624795092,2.3018389,9.847511,-0.88532263
1356624795133,0.84446156,9.888372,0.6946377
1356624795174,-1.0351465,8.771504,0.3405087
1356624795216,0.6946377,9.425281,-0.50395286
1356624795264,1.0760075,10.310603,-0.42223078
1356624795304,-0.6537767,10.119919,1.4573772
1356624795343,1.6889231,11.563675,0.95342433
1356624795384,1.920469,13.402422,1.879608
1356624795424,1.4573772,14.47843,2.152015
1356624795464,-0.6946377,11.645397,0.50395286
1356624795506,-3.405087,11.604536,0.27240697
1356624795543,-1.9477097,12.217452,0.19068487
1356624795586,-0.53119355,13.293459,0.27240697
1356624795623,-0.53119355,11.073342,1.920469
1356624795663,0.6946377,6.469665,1.6480621
1356624795703,-0.61291564,6.932757,0.50395286
1356624795743,-1.879608,5.7477865,-0.29964766
1356624795783,-2.6014864,4.140586,0.7218784
1356624795824,-1.9885708,5.5571017,3.173541
1356624795864,-0.42223078,11.34575,8.390134
1356624795903,-1.7297841,15.173067,12.830367
1356624795945,-3.636633,10.337844,7.0553403
1356624795993,2.9556155,16.276316,-0.8036005
1356624796034,-2.7921712,1.4573772,-3.6774938
1356624796073,1.607201,10.991621,-1.3075534
1356624796113,0.14982383,9.997335,1.6480621
1356624796153,-2.3018389,8.771504,1.1168685
1356624796194,1.879608,10.079058,-0.29964766
1356624796235,0.50395286,9.724928,0.27240697
1356624796273,0.61291564,9.152874,0.040861044
1356624796316,0.9942854,9.888372,-0.7218784
1356624796354,0.46309182,10.18802,0.19068487
1356624796396,-0.61291564,10.269742,1.0760075
1356624796433,0.84446156,11.114203,1.1441092
1356624796473,1.5390993,13.0619135,1.4573772
1356624796513,1.334794,13.824653,1.7297841
1356624796553,-0.88532263,11.836082,1.1168685
1356624796593,-1.607201,13.33432,-0.040861044
1356624796633,-1.4573772,12.830367,-0.3405087
1356624796674,-2.2201166,13.525005,0.46309182
1356624796713,-1.1168685,8.921328,1.1168685
1356624796755,0.3405087,7.8861814,2.5333846
1356624796793,-1.1849703,7.273266,0.23154591
1356624796837,-1.0351465,5.053149,-0.6946377
1356624796876,-1.3756552,4.7535014,0.3405087
1356624796924,-1.3075534,7.082581,5.434519
1356624796964,-0.88532263,14.410328,10.841797
1356624797006,-2.6014864,11.34575,10.882658
1356624797043,-0.38136974,14.437569,3.9090397
1356624797085,0.38136974,14.9006605,-1.1441092
1356624797124,-2.4108016,2.2609777,-3.0237172
1356624797166,4.7126403,13.525005,-2.5333846
1356624797204,-0.88532263,9.765789,2.3018389
1356624797246,-3.214402,8.240311,1.6480621
1356624797284,3.5957718,11.032481,-0.46309182
1356624797323,0.9942854,9.302697,0.27240697
1356624797363,-0.38136974,8.962189,0.040861044
1356624797404,0.6537767,9.534244,0.38136974
1356624797443,0.46309182,9.466142,0.08172209
1356624797483,0.6537767,10.079058,0.3405087
1356624797525,0.53119355,10.419566,0.92618364
1356624797564,1.3075534,12.408136,1.7978859
1356624797604,1.9885708,14.437569,2.3018389
1356624797643,0.6537767,13.6748295,1.0760075
1356624797686,-2.5333846,12.14935,0.42223078
1356624797723,-1.7978859,12.53072,0.5720546
1356624797763,-0.3405087,12.176591,-0.08172209
1356624797804,-0.53119355,12.571581,0.38136974
1356624797843,-0.23154591,8.117727,1.7978859
1356624797894,-0.38136974,7.5865335,0.92618364
1356624797932,-0.95342433,6.6331096,-0.42223078
1356624797973,-2.070293,4.7126403,-0.08172209
1356624798013,-2.1111538,5.012288,2.0294318
1356624798055,-0.53119355,10.079058,6.3198414
1356624798104,-0.46309182,15.173067,12.639683
1356624798143,-1.4982382,10.147159,6.973618
1356624798184,0.10896278,13.184497,1.6480621
1356624798223,-1.4573772,10.841797,-1.9885708
1356624798265,-0.9125633,4.8216033,-1.7978859
1356624798304,4.099725,12.680544,-2.1111538
1356624798346,-2.0294318,9.425281,1.7297841
1356624798383,-1.3756552,9.234595,0.3405087
1356624798428,1.6889231,10.337844,-0.3405087
1356624798473,0.88532263,9.765789,0.23154591
1356624798513,0.5720546,9.507003,0.27240697
1356624798554,-0.08172209,9.697687,-0.10896278
1356624798593,-0.19068487,10.337844,0.23154591
1356624798636,0.040861044,10.18802,0.10896278
1356624798674,1.4165162,11.264028,0.7218784
1356624798716,1.3756552,12.598822,0.92618364
1356624798764,0.9942854,13.988097,0.95342433
1356624798803,-1.0760075,11.182305,0.42223078
1356624798843,-3.9499009,10.337844,0.84446156
1356624798883,-0.6537767,11.454713,0.50395286
1356624798924,0.92618364,12.176591,-0.23154591
1356624798964,0.53119355,12.598822,2.152015
1356624799006,0.92618364,9.043911,2.9556155
1356624799043,-1.1849703,7.6273947,0.8036005
1356624799086,-2.3426998,6.932757,0.5720546
1356624799123,-1.7978859,5.175732,1.2258313
1356624799163,-1.4165162,5.938472,2.0294318
1356624799203,0.08172209,9.615966,4.7943625
1356624799244,-0.27240697,14.206022,9.765789
1356624799283,-3.0237172,10.61025,9.384419
1356624799323,-0.0,11.413852,1.6889231
1356624799364,-1.1168685,11.727119,-0.19068487
1356624799403,0.08172209,8.580819,-1.0351465
1356624799446,1.6889231,8.308413,-3.0237172
1356624799484,0.84446156,10.528529,-0.27240697
1356624799526,-1.2666923,10.460427,1.9477097
1356624799565,-0.9125633,10.501288,0.6537767
1356624799603,0.27240697,10.228881,0.10896278
1356624799643,-0.3405087,9.384419,0.7218784
1356624799684,-0.08172209,9.656827,0.7627395
1356624799723,0.040861044,10.119919,-0.50395286
1356624799763,0.9942854,10.18802,-0.42223078
1356624799803,0.19068487,10.501288,-0.38136974
1356624799844,-0.10896278,11.141444,0.313268
1356624799884,0.08172209,11.645397,0.42223078
1356624799924,0.10896278,11.372991,0.84446156
1356624799966,0.7218784,12.217452,0.38136974
1356624800004,0.3405087,11.795221,-0.8036005
1356624800046,-1.7297841,9.534244,0.38136974
1356624800083,-1.525479,10.310603,1.4982382
1356624800123,2.5606253,12.367276,0.08172209
1356624800163,0.46309182,12.53072,0.313268
1356624800203,1.0351465,12.217452,1.6889231
1356624800243,0.313268,9.888372,0.8036005
1356624800283,-0.040861044,8.539958,-0.08172209
1356624800324,-0.7627395,8.281172,-0.46309182
1356624800364,-1.9477097,8.390134,-0.23154591
1356624800406,-2.4516625,9.043911,2.1111538
1356624800444,-1.607201,9.765789,4.862464
1356624800486,0.3405087,9.615966,6.2108784
1356624800523,2.5606253,11.114203,5.6660647
1356624800563,0.88532263,9.507003,3.568531
1356624800603,-1.1168685,7.9270425,0.50395286
1356624800643,-5.134871,13.402422,-1.4982382
1356624800683,-2.1111538,10.419566,3.173541
1356624800723,3.1463003,8.539958,-3.8273177
1356624800776,2.4925237,11.645397,-1.0351465
1356624800812,-0.8036005,11.727119,0.6946377
1356624800854,-3.0237172,9.466142,0.19068487
1356624800893,-0.7627395,9.534244,1.7978859
1356624800933,0.92618364,9.847511,-0.14982383
1356624800974,0.7218784,10.079058,-1.3075534
1356624801013,-0.23154591,9.915613,-0.3405087
1356624801053,-1.3075534,10.079058,-0.61291564
1356624801093,-0.23154591,10.501288,-0.8036005
1356624801135,-0.10896278,10.61025,-1.2666923
1356624801174,-0.46309182,11.372991,-0.6537767
1356624801216,-0.040861044,11.454713,0.50395286
1356624801253,1.3756552,12.762266,1.3756552
1356624801296,0.84446156,12.571581,1.1849703
1356624801333,-0.7627395,10.732834,0.10896278
1356624801373,-4.0588636,8.471856,0.23154591
1356624801413,-1.4982382,10.269742,1.5390993
