1356272068922,6.2789803,-7.164303,-0.38136974
1356272068963,6.2789803,-7.246025,-0.42223078
1356272069002,6.238119,-7.273266,-0.29964766
1356272069042,6.238119,-7.205164,-0.040861044
1356272069082,6.3198414,-7.273266,-0.23154591
1356272069122,6.1700177,-7.082581,-0.08172209
1356272069162,6.2108784,-7.04172,-0.29964766
1356272069203,6.0882955,-7.082581,0.46309182
1356272069242,6.3198414,-7.3141265,-0.38136974
1356272069282,6.3198414,-6.932757,-0.38136974
1356272069322,6.4424243,-6.932757,-0.46309182
1356272069362,6.3198414,-7.014479,0.5720546
1356272069402,6.701211,-7.1234417,-0.53119355
1356272069442,6.4424243,-7.164303,0.7218784
1356272069483,6.238119,-7.1234417,0.53119355
1356272069522,6.510526,-7.164303,0.42223078
1356272069562,6.510526,-7.082581,-0.23154591
1356272069602,6.2789803,-7.164303,-0.42223078
1356272069642,6.4424243,-7.205164,-0.5720546
1356272069681,6.4424243,-7.164303,0.23154591
1356272069722,6.469665,-7.082581,-0.46309182
1356272069763,6.469665,-7.014479,-0.14982383
1356272069802,6.0882955,-7.3958488,-0.84446156
1356272069843,6.238119,-7.273266,-0.8036005
1356272069882,6.3607025,-7.082581,-1.0351465
1356272069922,6.742072,-6.5513873,-1.1441092
1356272069952,7.246025,-6.3198414,-1.9477097
1356272069992,7.8861814,-6.2789803,-1.9885708
1356272070022,7.3141265,-6.701211,-2.5606253
1356272070052,6.701211,-7.164303,-2.3699405
1356272070092,6.973618,-7.014479,-2.2609777
1356272070132,7.164303,-6.238119,-1.607201
1356272070162,6.973618,-5.434519,-2.070293
1356272070192,7.0553403,-4.944186,-2.8330324
1356272070222,7.205164,-4.630918,-3.336985
1356272070252,7.082581,-4.372132,-3.5276701
1356272070292,6.66035,-4.1814466,-3.636633
1356272070322,6.701211,-4.372132,-3.8681788
1356272070352,7.273266,-4.372132,-4.4810944
1356272070382,7.8180795,-4.2904096,-4.944186
1356272070422,7.8861814,-4.5219555,-4.862464
1356272070452,7.8180795,-4.372132,-6.510526
1356272070492,8.812365,-5.434519,-7.1234417
1356272070522,7.8180795,-8.430995,-3.2961242
1356272070552,1.6889231,-5.434519,0.9942854
1356272070582,3.3778462,-3.9090397,4.671779
1356272070612,11.073342,-9.084772,0.53119355
1356272070642,12.299174,-8.771504,-2.3699405
1356272070682,7.8589406,-6.3198414,-0.88532263
1356272070712,4.1814466,-7.504812,1.0760075
1356272070752,4.7535014,-6.8237944,1.2258313
1356272070782,6.6331096,-4.399372,0.040861044
1356272070843,6.510526,-4.7535014,-0.08172209
1356272070852,6.5513873,-6.3198414,-0.23154591
1356272070892,6.8237944,-6.932757,-1.2258313
1356272070932,8.076866,-7.504812,-1.1168685
1356272070962,8.471856,-4.7535014,-1.9477097
1356272070992,10.18802,-4.903325,-0.9125633
1356272071022,9.697687,-6.3198414,-0.23154591
1356272071062,9.234595,-7.3141265,-0.50395286
1356272071092,6.891896,-8.008764,-2.070293
1356272071132,3.214402,-10.378705,-0.50395286
1356272071162,9.112013,-14.7916975,2.5606253
1356272071202,11.223166,-12.299174,-0.6537767
1356272071232,7.504812,-5.6660647,-2.7921712
1356272071262,6.0474343,-4.5900574,-1.7570249
1356272071292,4.8216033,-3.255263,-0.29964766
1356272071322,4.1814466,-2.6832085,0.3405087
1356272071352,3.568531,-4.0588636,0.53119355
1356272071392,2.3699405,-4.7126403,-0.6946377
1356272071422,4.0588636,-3.8273177,-3.1054392
1356272071452,6.782933,-3.214402,-4.2086873
1356272071482,9.234595,-4.671779,-6.932757
1356272071522,12.571581,-6.5513873,-8.499097
1356272071562,9.615966,-3.0645783,-5.284695
1356272071592,8.730643,-9.888372,0.10896278
1356272071622,6.1700177,-12.5579605,1.607201
1356272071652,3.445948,-4.0588636,3.405087
1356272071682,6.932757,-7.9679036,4.1814466
1356272071712,10.732834,-10.7192135,-0.14982383
1356272071742,8.730643,-6.2789803,-0.46309182
1356272071782,3.6774938,-4.4810944,0.23154591
1356272071845,3.214402,-6.5922484,1.920469
1356272071862,5.7886477,-5.938472,-0.8036005
1356272071902,7.3958488,-2.982856,-2.9556155
1356272071942,8.689782,-5.5162406,-0.19068487
1356272071972,8.076866,-7.7772183,-2.3699405
1356272072012,12.217452,-6.3198414,-0.040861044
1356272072042,10.691973,-4.440233,-2.2201166
1356272072082,9.112013,-5.202973,-2.3018389
1356272072112,7.1234417,-7.04172,-2.2201166
1356272072160,7.0553403,-11.114203,-0.46309182
1356272072182,11.645397,-15.826844,3.0237172
1356272072222,9.302697,-12.408136,-3.1054392
1356272072261,5.47538,-5.6252036,-1.4982382
1356272072302,4.8216033,-1.4573772,0.10896278
1356272072342,3.214402,-1.7978859,-0.08172209
1356272072382,1.6480621,-4.372132,0.84446156
1356272072422,1.56634,-4.1814466,-1.7978859
1356272072462,6.5513873,-3.1463003,-5.597963
1356272072502,14.369467,-5.434519,-7.3958488
1356272072542,11.876944,-5.243834,-6.0474343
1356272072582,9.425281,-7.246025,-1.3075534
1356272072622,5.09401,-13.715691,-0.53119355
1356272072662,3.214402,-2.982856,6.469665
1356272072702,11.223166,-9.152874,-0.10896278
1356272072742,9.384419,-5.407278,-1.525479
1356272072782,1.0760075,-4.2086873,1.607201
1356272072841,3.9090397,-7.8180795,2.070293
1356272072862,7.5865335,-6.0474343,-2.070293
1356272072902,7.9270425,-3.759216,-2.6832085
1356272072942,8.689782,-5.5162406,-0.9125633
1356272072982,10.95076,-5.134871,-2.1383946
1356272073022,11.141444,-4.0180025,-1.334794
1356272073062,8.390134,-5.053149,-2.2201166
1356272073102,7.5456724,-9.275456,-1.7570249
1356272073142,10.337844,-16.167353,2.6014864
1356272073182,10.119919,-16.208214,-0.95342433
1356272073222,6.1700177,-7.014479,-3.9090397
1356272073262,5.5571017,0.10896278,0.19068487
1356272073302,3.5276701,-0.6537767,0.10896278
1356272073342,0.84446156,-4.372132,1.7978859
1356272073382,0.6537767,-4.7943625,-1.2666923
1356272073422,5.6660647,-3.445948,-6.0201936
1356272073462,15.894946,-4.1814466,-8.921328
1356272073502,10.882658,-6.5922484,-7.3549876
1356272073542,11.536434,-13.443283,-0.7218784
1356272073582,1.8387469,-6.851035,1.2666923
1356272073622,4.372132,-4.8216033,7.164303
1356272073662,13.443283,-13.783792,-1.334794
1356272073702,6.5922484,-3.3642259,-0.84446156
1356272073742,1.6480621,-3.9771416,1.1441092
1356272073782,4.3312707,-6.782933,0.8036005
1356272073844,6.4424243,-3.486809,-2.6423476
1356272073862,8.008764,-2.982856,0.23154591
1356272073902,6.2789803,-7.9679036,-2.1383946
1356272073942,11.836082,-7.04172,-0.6537767
1356272073982,11.75436,-3.2961242,-1.920469
1356272074022,9.384419,-4.671779,-2.3699405
1356272074062,7.8589406,-7.504812,-0.14982383
1356272074102,10.528529,-13.1708765,-0.5720546
1356272074142,10.95076,-16.317177,0.88532263
1356272074187,5.7477865,-9.575105,-3.2961242
1356272074222,5.366417,-0.95342433,-0.19068487
1356272074262,4.0180025,0.23154591,0.27240697
1356272074302,1.4573772,-4.0180025,1.4573772
1356272074342,1.5390993,-5.366417,-1.2666923
1356272074382,4.2904096,-3.759216,-3.5957718
1356272074422,9.615966,-3.8273177,-7.164303
1356272074462,15.431854,-5.706926,-7.1234417
1356272074502,9.656827,-2.5606253,-4.2904096
1356272074542,8.471856,-15.322891,-0.27240697
1356272074582,2.152015,-8.076866,2.9147544
1356272074622,6.973618,-3.5276701,6.469665
1356272074662,12.340035,-9.997335,-2.6832085
1356272074702,5.8976107,-4.0588636,-0.88532263
1356272074742,1.607201,-4.3312707,1.1849703
1356272074782,5.47538,-6.742072,-0.7627395
1356272074845,6.973618,-4.944186,-2.2609777
1356272074862,7.8861814,-5.243834,-0.6537767
1356272074902,7.273266,-5.202973,-1.7570249
1356272074942,12.340035,-4.862464,-0.10896278
1356272074982,11.073342,-4.099725,-0.50395286
1356272075022,10.800936,-7.504812,-2.3699405
1356272075062,4.9850473,-12.9529505,-1.879608
1356272075102,10.732834,-17.052675,1.7570249
1356272075142,9.466142,-11.495573,-2.6423476
1356272075182,4.9850473,-4.5628166,-0.14982383
1356272075221,3.636633,0.92618364,0.10896278
1356272075263,3.336985,-1.607201,0.88532263
1356272075302,-0.46309182,-4.7943625,-0.42223078
1356272075342,2.3426998,-3.173541,-3.336985
1356272075382,12.408136,-3.636633,-9.466142
1356272075422,13.593107,-7.014479,-7.1234417
1356272075462,7.3141265,-9.00305,-2.3699405
1356272075502,7.4639506,-13.988097,0.84446156
1356272075542,4.3312707,-2.6423476,7.082581
1356272075582,10.882658,-11.604536,0.95342433
1356272075622,7.9679036,-5.597963,-0.6537767
1356272075662,1.3756552,-4.5900574,0.7627395
1356272075702,4.0180025,-7.082581,1.5390993
1356272075742,7.3958488,-3.9771416,-1.9885708
1356272075782,8.390134,-2.8330324,-0.88532263
1356272075846,6.891896,-6.3198414,-1.8387469
1356272075862,10.119919,-6.782933,-1.607201
1356272075902,12.639683,-3.445948,-1.4982382
1356272075942,9.275456,-4.671779,-2.5333846
1356272075982,9.425281,-7.082581,-1.9885708
1356272076022,10.310603,-11.75436,1.1849703
1356272076062,11.304889,-17.774553,1.607201
1356272076102,6.0201936,-12.14935,-2.6014864
1356272076142,5.5571017,-2.9147544,-0.6946377
1356272076182,5.134871,1.0760075,-0.08172209
1356272076222,1.9885708,-2.982856,1.3075534
1356272076262,-1.0351465,-5.243834,1.1168685
1356272076302,3.8681788,-4.099725,-3.255263
1356272076342,10.119919,-4.140586,-7.3958488
1356272076382,15.976667,-5.6660647,-8.117727
1356272076422,8.471856,-3.445948,-5.8567495
1356272076462,7.8180795,-12.14935,2.070293
1356272076502,6.3607025,-11.686258,1.2258313
1356272076542,5.407278,-4.2904096,5.175732
1356272076582,9.084772,-8.430995,0.23154591
1356272076622,6.4424243,-4.7943625,-0.61291564
1356272076662,2.6423476,-6.1700177,1.5390993
1356272076702,5.8567495,-6.4015636,-1.2258313
1356272076742,8.730643,-2.4516625,-2.070293
1356272076782,7.8589406,-4.903325,-0.7218784
1356272076847,7.4639506,-6.6331096,-2.5333846
1356272076862,12.912089,-4.671779,-0.6537767
1356272076902,10.310603,-3.759216,-1.7978859
1356272076942,10.923519,-7.3958488,-2.2609777
1356272076982,8.049625,-11.223166,-0.53119355
1356272077022,10.882658,-16.3989,2.5606253
1356272077062,8.281172,-11.454713,-3.568531
1356272077102,5.325556,-4.140586,-0.7627395
1356272077142,4.372132,-0.040861044,-0.040861044
1356272077182,2.7921712,-3.2961242,1.3075534
1356272077222,0.5720546,-6.4015636,0.27240697
1356272077262,2.2201166,-5.012288,-2.8330324
1356272077302,7.9679036,-3.214402,-6.742072
1356272077342,15.091345,-4.3312707,-7.8589406
1356272077382,12.176591,-4.372132,-6.0201936
1356272077422,9.956474,-12.408136,-1.4573772
1356272077462,0.5720546,-10.310603,2.0294318
1356272077502,5.053149,-4.2904096,6.3607025
1356272077542,11.604536,-10.310603,-0.14982383
1356272077582,7.1234417,-3.3642259,-0.9125633
1356272077622,3.336985,-4.099725,0.50395286
1356272077662,5.2165933,-7.04172,1.1168685
1356272077702,7.082581,-5.8976107,-2.1111538
1356272077742,7.9270425,-5.407278,-1.6889231
1356272077782,8.471856,-6.3607025,-0.7627395
1356272077848,11.223166,-4.903325,-0.7627395
1356272077862,11.114203,-3.486809,-0.6537767
1356272077902,8.853226,-4.9850473,-3.405087
1356272077942,7.43671,-6.238119,-1.8387469
1356272077982,10.528529,-10.460427,-0.5720546
1356272078022,12.762266,-17.311462,2.4516625
1356272078062,5.5162406,-11.495573,-3.7864566
1356272078102,5.6660647,-3.0645783,-1.1441092
1356272078142,5.134871,0.38136974,0.040861044
1356272078181,2.6423476,-2.9147544,1.8387469
1356272078222,-0.08172209,-5.134871,1.3075534
1356272078262,2.5333846,-4.399372,-3.255263
1356272078302,9.534244,-4.2495484,-8.117727
1356272078342,16.630445,-4.630918,-8.117727
1356272078382,8.853226,-3.718355,-6.2789803
1356272078422,7.9270425,-10.61025,1.0351465
1356272078462,4.7126403,-12.639683,1.2258313
1356272078502,6.469665,-3.636633,5.09401
1356272078542,9.724928,-7.9270425,-0.38136974
1356272078582,6.891896,-4.4810944,0.19068487
1356272078622,1.8387469,-4.944186,0.7218784
1356272078662,5.325556,-7.8589406,0.10896278
1356272078702,8.499097,-4.9850473,-2.2201166
1356272078742,8.894087,-4.399372,-0.7627395
1356272078782,7.8180795,-5.7886477,-2.3426998
1356272078849,11.795221,-4.671779,0.27240697
1356272078872,9.765789,-3.5957718,-2.9147544
1356272078902,8.049625,-6.0474343,-1.56634
1356272078942,8.19945,-8.730643,-2.7921712
1356272078982,12.217452,-15.132206,3.445948
1356272079022,9.765789,-15.091345,-2.1111538
1356272079062,5.325556,-6.238119,-3.2961242
1356272079102,5.325556,-0.10896278,0.27240697
1356272079142,4.140586,-1.6889231,-0.0
1356272079184,0.3405087,-5.407278,1.7570249
1356272079232,1.56634,-3.9771416,-1.8387469
1356272079272,9.00305,-2.8738933,-5.47538
1356272079312,16.358038,-4.9850473,-7.7772183
1356272079352,9.956474,-5.175732,-5.5162406
1356272079392,10.501288,-16.548723,-0.8036005
1356272079432,1.4982382,-5.8976107,1.607201
1356272079472,6.782933,-4.903325,6.0474343
1356272079512,12.680544,-10.460427,-1.920469
1356272079552,4.3312707,-3.0645783,0.313268
1356272079592,1.607201,-5.706926,1.0760075
1356272079632,6.932757,-6.469665,0.27240697
1356272079672,7.7363577,-2.8330324,-2.9556155
1356272079712,8.308413,-5.8158884,-0.040861044
1356272079752,6.4424243,-6.428804,-2.7921712
1356272079792,11.686258,-4.5900574,-0.14982383
1356272079849,10.760075,-4.3312707,-1.2258313
1356272079872,8.730643,-5.6252036,-2.6014864
1356272079912,8.390134,-5.597963,-1.879608
1356272079952,10.800936,-10.147159,-0.29964766
1356272079992,13.402422,-17.120777,2.3699405
1356272080032,5.5571017,-11.75436,-3.255263
1356272080072,4.1814466,-2.4108016,-0.14982383
1356272080112,3.336985,1.0351465,0.7627395
1356272080152,1.8387469,-3.5276701,1.1441092
1356272080192,-0.46309182,-6.0201936,-0.3405087
1356272080232,5.5571017,-4.4810944,-5.053149
1356272080272,15.241169,-3.214402,-7.8861814
1356272080312,11.836082,-5.325556,-6.742072
1356272080352,9.997335,-8.430995,-2.9147544
1356272080392,5.9793324,-12.762266,1.4982382
1356272080432,2.6423476,-1.879608,5.8976107
1356272080472,11.304889,-10.61025,0.61291564
1356272080512,7.6273947,-5.47538,-0.6946377
1356272080552,1.879608,-4.630918,0.7627395
1356272080592,4.5628166,-7.3141265,1.7978859
1356272080632,7.9270425,-4.944186,-1.6480621
1356272080672,8.19945,-4.0180025,-1.9477097
1356272080712,7.1234417,-6.0474343,-1.1441092
1356272080752,10.841797,-5.284695,-1.1168685
1356272080792,12.367276,-2.7921712,-0.61291564
1356272080849,10.56939,-4.3312707,-1.7570249
1356272080872,9.384419,-7.8589406,-2.3699405
1356272080912,5.9793324,-12.721405,-1.525479
1356272080952,11.141444,-16.317177,3.568531
1356272080992,9.193735,-8.962189,-3.5276701
1356272081032,5.6660647,-3.486809,-0.3405087
1356272081079,2.7240696,-0.38136974,-0.0
1356272081112,3.718355,-2.8330324,0.7218784
1356272081151,1.7297841,-5.5162406,0.313268
1356272081192,2.9556155,-4.671779,-2.5606253
1356272081232,9.043911,-4.7126403,-6.973618
1356272081272,14.750836,-4.7943625,-6.932757
1356272081312,9.915613,-4.0588636,-3.8273177
1356272081352,10.760075,-15.213928,-0.0
1356272081392,1.56634,-5.202973,1.9885708
1356272081432,5.938472,-5.597963,6.2108784
1356272081472,11.75436,-9.997335,-2.7240696
1356272081512,5.2165933,-3.1463003,-0.7218784
1356272081552,3.214402,-4.399372,1.8387469
1356272081592,6.5922484,-6.5922484,-0.38136974
1356272081632,6.8237944,-4.5628166,-3.5276701
1356272081672,8.049625,-6.6331096,0.27240697
1356272081712,8.19945,-5.053149,-2.3426998
1356272081752,13.865514,-2.6014864,0.19068487
1356272081792,10.528529,-3.7864566,-2.2201166
1356272081851,8.689782,-7.7363577,-1.4982382
1356272081872,6.3607025,-10.841797,-2.3426998
1356272081912,10.882658,-16.821129,3.445948
1356272081952,9.302697,-12.408136,-2.7240696
1356272081992,6.0474343,-3.568531,-1.56634
1356272082032,4.2495484,-0.42223078,0.46309182
1356272082072,3.1463003,-2.7921712,0.92618364
1356272082112,0.9942854,-5.407278,-0.29964766
1356272082152,3.759216,-4.0180025,-2.6423476
1356272082192,8.349273,-3.568531,-6.1291566
1356272082232,13.402422,-5.284695,-7.5456724
1356272082272,11.75436,-3.5276701,-5.6252036
1356272082312,6.5922484,-5.8567495,-0.14982383
1356272082352,6.891896,-16.167353,1.2666923
1356272082392,7.205164,-2.0294318,3.5957718
1356272082432,8.580819,-6.8237944,0.313268
1356272082472,8.771504,-5.8976107,0.8036005
1356272082512,3.336985,-3.336985,0.10896278
1356272082552,3.486809,-6.973618,-0.27240697
1356272082592,6.0474343,-7.6954966,-0.8036005
1356272082632,8.499097,-5.407278,-1.4165162
1356272082672,9.112013,-4.2495484,-1.0351465
1356272082712,10.800936,-4.2904096,-0.6537767
1356272082752,10.800936,-4.4810944,-1.1849703
1356272082792,9.275456,-4.5219555,-1.9885708
1356272082849,8.894087,-7.5865335,-3.255263
1356272082872,8.390134,-12.489859,-0.0
1356272082912,12.217452,-16.3989,2.3699405
1356272082952,7.9270425,-9.043911,-4.2086873
1356272082992,6.238119,-1.7297841,-0.95342433
1356272083032,3.718355,-1.2258313,0.3405087
1356272083072,1.4982382,-3.486809,1.6889231
1356272083112,0.5720546,-4.5900574,-1.1849703
1356272083152,4.099725,-3.405087,-3.2961242
1356272083192,10.18802,-3.173541,-6.3607025
1356272083232,15.091345,-4.099725,-6.4015636
1356272083272,11.795221,-5.284695,-5.202973
1356272083312,10.56939,-15.826844,0.08172209
1356272083352,-0.27240697,-5.407278,3.568531
1356272083392,8.19945,-8.730643,5.5162406
1356272083432,11.836082,-8.308413,-2.4108016
1356272083472,3.636633,-2.4516625,0.19068487
1356272083512,3.568531,-6.891896,1.1168685
1356272083552,7.1234417,-5.47538,-0.61291564
1356272083592,7.668256,-1.9885708,-2.070293
1356272083632,8.349273,-5.9793324,-0.23154591
1356272083672,7.9679036,-6.6331096,-3.1054392
1356272083712,13.0619135,-3.255263,-0.61291564
1356272083752,10.147159,-3.5957718,-3.7864566
1356272083792,9.112013,-6.2789803,-1.56634
1356272083853,9.656827,-11.645397,1.2258313
1356272083872,11.182305,-17.352324,1.334794
1356272083912,6.851035,-12.9529505,-1.9477097
1356272083952,5.597963,-4.944186,-1.7978859
1356272083992,5.012288,0.14982383,0.3405087
1356272084051,2.7649305,-2.1111538,1.4165162
1356272084072,-0.84446156,-5.325556,0.6537767
1356272084112,3.6774938,-3.486809,-2.7513103
1356272084152,8.158588,-3.0237172,-6.2789803
1356272084192,15.213928,-5.202973,-6.6331096
1356272084232,10.228881,-3.9771416,-5.202973
1356272084272,10.147159,-13.525005,2.0294318
1356272084312,4.140586,-10.760075,0.5720546
1356272084352,4.099725,-4.372132,6.2108784
1356272084392,11.604536,-9.534244,-0.7218784
1356272084432,8.281172,-3.1463003,-1.1441092
1356272084472,2.0294318,-3.0237172,0.50395286
1356272084512,5.5162406,-7.43671,0.08172209
1356272084552,6.891896,-5.7886477,-2.7513103
1356272084592,8.19945,-6.2108784,-0.84446156
1356272084632,9.384419,-3.9771416,-2.1792557
1356272084672,13.211738,-2.0294318,-1.1849703
1356272084712,10.923519,-1.8387469,-2.1383946
1356272084752,8.076866,-8.539958,-1.7978859
1356272084792,7.014479,-14.709975,0.46309182
1356272084852,10.56939,-18.428331,0.9942854
1356272084872,6.851035,-9.493382,-2.3018389
1356272084912,7.014479,-1.1168685,-1.7297841
1356272084952,5.243834,-0.10896278,-0.61291564
1356272084992,1.7297841,-3.718355,1.1441092
1356272085032,0.88532263,-4.7126403,-0.7627395
1356272085072,6.2789803,-3.0645783,-3.2961242
1356272085112,9.956474,-3.5276701,-6.469665
1356272085152,14.410328,-6.3198414,-7.246025
1356272085192,9.697687,-8.539958,-5.597963
1356272085232,6.891896,-13.211738,2.2201166
1356272085272,1.920469,-1.8387469,4.140586
1356272085312,10.310603,-9.193735,3.0237172
1356272085352,10.337844,-5.6252036,-2.3699405
1356272085392,3.5276701,-3.9090397,0.46309182
1356272085432,3.8681788,-7.246025,1.3075534
1356272085472,6.8237944,-6.742072,-0.040861044
1356272085512,7.6273947,-4.944186,-2.3426998
1356272085552,6.742072,-5.8976107,-1.3075534
1356272085592,9.234595,-3.9499009,-1.7570249
1356272085632,13.293459,-2.1792557,-0.84446156
1356272085672,10.691973,-2.2201166,-2.4108016
1356272085712,8.812365,-9.112013,-1.8387469
1356272085752,7.43671,-16.276316,-0.84446156
1356272085792,11.372991,-17.270601,0.92618364
1356272085853,7.8589406,-6.238119,-3.0645783
1356272085872,6.8237944,-0.8036005,-1.4982382
1356272085912,3.214402,-2.1111538,-0.27240697
1356272085952,1.9885708,-4.5900574,1.1168685
1356272085992,1.56634,-4.9850473,-0.9125633
1356272086032,5.597963,-3.568531,-3.255263
1356272086072,8.349273,-3.6774938,-4.5900574
1356272086112,12.53072,-5.366417,-6.973618
1356272086152,13.865514,-2.6832085,-6.2789803
1356272086192,6.4424243,-5.9793324,-0.9942854
1356272086232,4.7943625,-16.3989,0.42223078
1356272086272,7.3549876,-2.9556155,4.5219555
1356272086312,10.61025,-5.9793324,0.19068487
1356272086352,7.5865335,-5.7886477,-0.08172209
1356272086392,2.3699405,-4.9850473,1.3075534
1356272086432,3.759216,-7.7363577,1.0351465
1356272086472,6.5922484,-6.701211,-0.9125633
1356272086512,9.043911,-4.2904096,-1.3075534
1356272086552,8.730643,-5.5571017,-0.50395286
1356272086592,7.7363577,-5.434519,-2.3426998
1356272086632,11.536434,-3.9771416,0.38136974
1356272086672,9.043911,-5.012288,-2.6014864
1356272086712,8.689782,-6.469665,-1.4982382
1356272086752,8.689782,-7.5865335,-3.5276701
1356272086792,11.876944,-13.102775,2.8738933
1356272086854,10.882658,-14.859799,-0.88532263
1356272086872,6.238119,-7.8589406,-3.486809
1356272086912,4.944186,-1.56634,0.27240697
1356272086952,4.630918,-1.0760075,-0.42223078
1356272086992,2.4516625,-4.2086873,0.61291564
1356272087032,0.7218784,-5.597963,-0.84446156
1356272087072,4.862464,-3.636633,-3.0645783
1356272087112,9.956474,-3.0237172,-6.2108784
1356272087151,14.437569,-4.2904096,-6.510526
1356272087192,11.917805,-4.7126403,-5.284695
1356272087232,7.246025,-16.930092,1.2258313
1356272087272,-0.23154591,-2.9147544,5.829509
1356272087312,9.847511,-9.152874,3.5957718
1356272087352,11.223166,-6.1291566,-1.7297841
1356272087392,3.759216,-2.6014864,-0.27240697
1356272087432,3.8273177,-5.7477865,0.6946377
1356272087472,8.076866,-6.2108784,-1.1168685
1356272087512,7.8180795,-4.4810944,-3.0645783
1356272087552,7.0553403,-6.1291566,0.040861044
1356272087592,8.19945,-5.434519,-1.7978859
1356272087632,12.721405,-3.173541,-0.38136974
1356272087672,9.997335,-3.214402,-2.4925237
1356272087712,8.853226,-7.8589406,-2.1383946
1356272087752,7.9679036,-11.917805,-0.88532263
1356272087792,11.114203,-16.970953,2.6014864
1356272087855,8.076866,-11.645397,-3.173541
1356272087872,6.1291566,-3.9771416,-2.3699405
1356272087912,4.903325,-0.3405087,0.040861044
1356272087952,2.9147544,-2.982856,1.334794
1356272087992,-0.3405087,-5.175732,0.46309182
1356272088032,4.372132,-3.486809,-3.718355
1356272088072,10.882658,-2.7513103,-6.2108784
1356272088112,12.367276,-5.8158884,-6.5922484
1356272088152,9.302697,-3.0645783,-5.202973
1356272088192,10.732834,-11.073342,0.50395286
1356272088232,5.325556,-11.073342,0.10896278
1356272088272,3.0645783,-3.336985,6.2789803
1356272088312,11.264028,-9.534244,0.27240697
1356272088352,8.390134,-3.405087,-1.4982382
1356272088392,1.920469,-5.012288,0.61291564
1356272088432,4.862464,-7.6546354,1.0351465
1356272088472,7.8589406,-4.7535014,-1.9477097
1356272088512,8.158588,-4.7943625,-0.7218784
1356272088552,6.932757,-6.3198414,-1.334794
1356272088592,11.182305,-4.671779,-0.46309182
1356272088632,11.536434,-3.0645783,-2.2201166
1356272088672,9.466142,-4.3312707,-4.0588636
1356272088712,7.5865335,-6.469665,-2.1111538
1356272088752,9.466142,-11.413852,1.0760075
1356272088792,12.762266,-16.84837,2.9556155
1356272088854,7.1234417,-11.372991,-4.2495484
1356272088882,5.47538,-3.5276701,-1.4573772
1356272088922,4.1814466,-0.08172209,0.19068487
1356272088962,2.4516625,-3.759216,1.334794
1356272089002,1.1849703,-5.47538,-0.38136974
1356272089042,5.407278,-3.1054392,-3.405087
1356272089082,9.80665,-2.4516625,-6.701211
1356272089122,14.601013,-4.1814466,-6.932757
1356272089162,11.454713,-6.2108784,-4.2086873
1356272089202,8.812365,-17.270601,0.10896278
1356272089242,-0.9125633,-0.3405087,4.7943625
1356272089282,10.18802,-8.853226,3.3778462
1356272089322,12.340035,-8.008764,-1.879608
1356272089362,3.214402,-2.3426998,0.46309182
1356272089402,3.1463003,-6.3198414,0.7627395
1356272089442,7.014479,-6.851035,0.38136974
1356272089482,6.8237944,-4.5900574,-2.1792557
1356272089522,7.4639506,-6.2789803,-1.3756552
1356272089562,8.662541,-5.284695,-1.7297841
1356272089602,12.176591,-3.718355,-1.1441092
1356272089642,12.067628,-3.5276701,-0.10896278
1356272089682,10.460427,-7.6954966,-4.8216033
1356272089722,4.1814466,-14.47843,1.334794
1356272089762,9.043911,-15.431854,0.7627395
1356272089802,10.18802,-9.193735,-2.070293
1356272089856,6.1291566,-4.7126403,-0.3405087
1356272089882,3.486809,-1.525479,-0.95342433
1356272089922,4.7535014,-2.4925237,0.3405087
1356272089962,2.8738933,-4.372132,-0.7218784
1356272090002,2.0294318,-3.9090397,-2.2201166
1356272090042,5.8567495,-3.1054392,-5.284695
1356272090082,12.4489975,-3.2961242,-7.504812
1356272090121,12.639683,-5.175732,-5.407278
1356272090162,10.800936,-12.680544,-2.4108016
1356272090202,3.173541,-10.310603,1.607201
1356272090242,3.718355,-2.8330324,5.8976107
1356272090282,10.800936,-10.923519,-0.3405087
1356272090322,8.158588,-3.6774938,-0.9125633
1356272090362,3.5276701,-3.8273177,0.08172209
1356272090402,5.012288,-6.469665,0.9942854
1356272090442,7.3549876,-5.706926,-1.4573772
1356272090482,8.390134,-5.434519,-1.7570249
1356272090522,8.390134,-5.8158884,-1.0760075
1356272090562,11.032481,-3.7864566,-1.607201
1356272090602,11.182305,-4.1814466,-0.9942854
1356272090642,9.00305,-5.202973,-2.1792557
1356272090682,8.730643,-6.2789803,-2.5333846
1356272090722,7.5865335,-10.61025,1.1441092
1356272090762,11.836082,-16.43976,1.56634
1356272090802,8.049625,-10.147159,-3.9090397
1356272090857,5.7886477,-4.630918,-1.56634
1356272090882,4.2904096,-1.607201,0.14982383
1356272090922,2.9556155,-2.1792557,0.3405087
1356272090962,0.3405087,-5.053149,0.19068487
1356272091002,3.405087,-4.372132,-3.0237172
1356272091042,9.275456,-2.8330324,-5.9793324
1356272091082,15.431854,-3.8273177,-7.6546354
1356272091122,9.656827,-4.0180025,-4.5219555
1356272091162,8.853226,-13.402422,0.08172209
1356272091202,5.134871,-10.079058,0.9942854
1356272091242,4.630918,-2.4516625,5.407278
1356272091282,10.732834,-9.466142,-0.46309182
1356272091322,7.082581,-4.944186,-0.5720546
1356272091362,2.3018389,-5.012288,0.7627395
1356272091402,5.5162406,-6.742072,0.9942854
1356272091442,7.8180795,-4.7535014,-1.9477097
1356272091482,8.158588,-5.5571017,-1.3075534
1356272091522,7.273266,-5.47538,-1.9885708
1356272091562,11.876944,-3.8273177,-1.7978859
1356272091602,11.686258,-2.7921712,-1.8387469
1356272091642,9.302697,-4.5628166,-2.6014864
1356272091682,7.0553403,-9.493382,-2.1383946
1356272091722,10.56939,-16.970953,3.8681788
1356272091762,10.378705,-13.593107,-1.920469
1356272091802,7.1234417,-5.175732,-4.7943625
1356272091855,5.7886477,-1.7978859,-0.50395286
1356272091882,3.0645783,-2.1111538,0.88532263
1356272091922,0.5720546,-4.7126403,1.6889231
1356272091962,1.4165162,-4.5900574,-1.1168685
1356272092002,5.053149,-3.255263,-3.8273177
1356272092042,12.217452,-2.7240696,-6.973618
1356272092082,15.595298,-5.202973,-6.851035
1356272092122,9.534244,-10.501288,-4.5219555
1356272092162,5.9793324,-14.2877445,2.3018389
1356272092202,1.3756552,-1.3075534,4.6036777
1356272092242,10.501288,-9.302697,1.7297841
1356272092282,12.408136,-6.2789803,-1.879608
1356272092322,3.486809,-3.336985,0.23154591
1356272092362,2.6423476,-6.851035,1.1441092
1356272092402,6.701211,-6.6331096,-0.3405087
1356272092442,8.049625,-3.9499009,-2.3699405
1356272092482,8.308413,-5.8158884,-1.0351465
1356272092522,9.507003,-5.202973,-2.6014864
1356272092562,12.176591,-4.2904096,-0.5720546
1356272092602,9.888372,-4.630918,-2.2201166
1356272092642,9.112013,-6.1700177,-2.6014864
1356272092682,5.8976107,-10.95076,-0.0
1356272092722,11.304889,-17.352324,3.445948
1356272092762,9.534244,-9.384419,-4.7126403
1356272092802,6.891896,-2.5606253,-2.4516625
1356272092857,4.0588636,-1.1441092,-0.14982383
1356272092882,2.3018389,-3.214402,1.2666923
1356272092922,1.6480621,-5.434519,0.3405087
1356272092962,3.759216,-5.012288,-2.7240696
1356272093002,7.9270425,-2.6423476,-5.5571017
1356272093043,14.560152,-2.3018389,-6.851035
1356272093081,11.645397,-5.012288,-5.8976107
1356272093122,6.1291566,-4.440233,-1.334794
1356272093162,7.5865335,-17.24336,1.0351465
1356272093202,5.47538,-3.7864566,1.4982382
1356272093242,6.891896,-5.012288,2.5333846
1356272093282,10.61025,-6.851035,-0.6946377
1356272093322,5.134871,-3.9771416,-0.08172209
1356272093362,2.9556155,-6.932757,0.61291564
1356272093402,5.938472,-7.014479,-0.040861044
1356272093442,8.19945,-3.9499009,-1.525479
1356272093482,8.499097,-5.243834,-1.8387469
1356272093522,8.771504,-4.5628166,-2.3426998
1356272093562,11.836082,-4.7943625,-1.0760075
1356272093602,9.80665,-4.944186,-2.3426998
1356272093642,9.997335,-5.434519,-2.4925237
1356272093682,7.014479,-10.7192135,-0.7627395
1356272093722,12.108489,-18.074202,4.8216033
1356272093762,8.962189,-9.493382,-4.8216033
1356272093802,5.5162406,-3.568531,-2.1111538
1356272093861,3.636633,-1.2258313,-0.27240697
1356272093882,3.255263,-2.8330324,0.6537767
1356272093922,2.0294318,-5.284695,0.14982383
1356272093962,3.2961242,-4.5900574,-2.7921712
1356272094002,6.973618,-2.982856,-5.7886477
1356272094042,13.375181,-2.8330324,-7.5865335
1356272094082,12.258313,-3.9090397,-6.0882955
1356272094122,7.164303,-5.175732,-1.7297841
1356272094162,7.246025,-16.821129,1.334794
1356272094202,6.1700177,-1.9885708,4.6036777
1356272094242,8.62168,-7.6546354,1.0351465
1356272094282,9.152874,-7.504812,-0.0
1356272094322,3.405087,-4.372132,0.313268
1356272094362,3.7864566,-6.0474343,0.5720546
1356272094402,7.6273947,-4.630918,-0.84446156
1356272094442,8.158588,-3.6774938,-1.607201
1356272094482,7.164303,-6.428804,-0.61291564
1356272094522,9.234595,-5.8567495,-2.8330324
1356272094562,12.026767,-4.4810944,-0.46309182
1356272094602,9.915613,-4.7535014,-2.4516625
1356272094642,9.888372,-5.47538,-2.3699405
1356272094682,6.973618,-8.430995,-1.607201
1356272094722,10.651112,-15.431854,4.3312707
1356272094762,9.343558,-12.912089,-2.6832085
1356272094802,6.891896,-6.66035,-3.214402
1356272094858,5.5571017,-1.2258313,0.08172209
1356272094882,4.9850473,-1.3756552,-0.42223078
1356272094922,2.6014864,-5.012288,1.5390993
1356272094962,-0.27240697,-5.134871,-0.53119355
1356272095002,3.7864566,-3.0645783,-3.636633
1356272095042,11.958665,-3.1054392,-7.014479
1356272095082,16.04477,-4.7535014,-6.428804
1356272095122,9.656827,-5.09401,-4.399372
1356272095162,8.730643,-16.821129,0.88532263
1356272095202,0.95342433,-4.7535014,3.3778462
1356272095242,7.1234417,-8.349273,4.1814466
1356272095282,12.217452,-7.5456724,-1.4573772
1356272095322,5.053149,-2.4108016,-0.6946377
1356272095362,3.486809,-5.8567495,1.3075534
1356272095402,7.014479,-6.66035,-0.53119355
1356272095442,7.6954966,-4.7126403,-2.3699405
1356272095482,8.689782,-5.8567495,-0.9125633
1356272095522,8.539958,-5.243834,-3.214402
1356272095562,12.067628,-4.0588636,-0.7627395
1356272095602,9.997335,-3.5957718,-1.9477097
1356272095642,9.80665,-6.3198414,-2.0294318
1356272095682,7.4639506,-11.3321295,-0.88532263
1356272095722,9.956474,-17.461287,3.445948
1356272095762,8.499097,-9.575105,-4.862464
1356272095802,7.273266,-3.486809,-1.0760075
1356272095856,4.399372,-1.3075534,0.08172209
1356272095882,2.3018389,-2.6423476,1.0351465
1356272095922,1.920469,-5.053149,-0.14982383
1356272095962,3.1054392,-4.7535014,-2.7921712
1356272096002,7.7363577,-2.7513103,-5.8567495
1356272096041,13.021052,-3.718355,-7.9679036
1356272096082,11.917805,-4.7943625,-5.5162406
1356272096122,10.501288,-13.593107,0.42223078
1356272096162,3.255263,-8.812365,0.88532263
1356272096202,5.325556,-3.8681788,4.7535014
1356272096242,10.800936,-10.528529,-0.7627395
1356272096282,7.1234417,-4.2904096,0.6537767
1356272096322,3.0645783,-4.7943625,0.14982383
1356272096362,5.9793324,-6.782933,0.7218784
1356272096402,7.9679036,-4.1814466,-1.920469
1356272096442,8.390134,-4.5219555,-0.95342433
1356272096482,6.5513873,-6.510526,-1.7978859
1356272096522,10.56939,-4.944186,-1.8387469
1356272096562,11.645397,-3.636633,-1.7297841
1356272096602,10.079058,-4.630918,-2.1792557
1356272096642,8.689782,-7.43671,-2.5606253
1356272096682,8.076866,-14.519291,3.214402
1356272096722,10.760075,-16.235455,0.61291564
1356272096762,8.771504,-6.4015636,-4.399372
1356272096802,6.742072,-1.3075534,-0.84446156
1356272096856,3.0237172,-1.525479,0.6537767
1356272096882,1.4982382,-4.140586,1.1849703
1356272096922,1.3075534,-5.8158884,-0.6537767
1356272096962,5.325556,-3.445948,-4.2495484
1356272097002,10.079058,-2.1792557,-5.8976107
1356272097042,13.797412,-4.440233,-6.782933
1356272097082,10.732834,-4.2904096,-5.175732
1356272097122,10.882658,-12.912089,1.334794
1356272097162,1.56634,-8.390134,0.040861044
1356272097202,5.325556,-5.434519,5.829509
1356272097242,12.912089,-8.962189,-1.607201
1356272097282,7.082581,-3.0237172,-0.50395286
1356272097322,2.1792557,-6.428804,1.1849703
1356272097362,5.706926,-7.6546354,0.88532263
1356272097402,8.19945,-4.3312707,-1.525479
1356272097442,7.9679036,-4.3312707,-1.0351465
1356272097482,7.3141265,-6.1291566,-1.9885708
1356272097522,10.800936,-4.440233,-1.4573772
1356272097562,11.182305,-4.0180025,-1.56634
1356272097602,8.539958,-5.47538,-2.4108016
1356272097642,8.349273,-7.164303,-2.7513103
1356272097682,9.00305,-10.501288,0.61291564
1356272097722,12.571581,-16.235455,3.336985
1356272097762,7.3549876,-9.915613,-4.630918
1356272097802,5.7886477,-4.140586,-1.3075534
1356272097854,4.7126403,-0.46309182,0.5720546
1356272097882,4.140586,-2.6832085,0.95342433
1356272097922,1.1168685,-4.7943625,0.313268
1356272097962,3.0645783,-3.8681788,-1.9885708
1356272098002,6.973618,-4.5628166,-5.9793324
1356272098042,13.252599,-5.7886477,-7.9270425
1356272098082,10.841797,-3.718355,-5.243834
1356272098122,11.958665,-10.269742,-0.19068487
1356272098162,4.630918,-9.765789,-0.040861044
1356272098202,3.486809,-4.671779,6.5513873
1356272098242,10.760075,-10.528529,-0.50395286
1356272098282,7.5865335,-4.5219555,-0.8036005
1356272098322,2.982856,-4.862464,1.0351465
1356272098362,5.938472,-6.851035,0.92618364
1356272098402,8.158588,-4.7535014,-2.1792557
1356272098442,8.499097,-4.372132,-1.334794
1356272098482,7.5865335,-5.8158884,-1.3075534
1356272098522,9.152874,-4.7943625,-1.56634
1356272098562,10.841797,-3.759216,-0.8036005
1356272098602,9.997335,-4.630918,-1.4165162
1356272098642,10.228881,-6.932757,-2.7921712
1356272098682,5.938472,-12.639683,0.23154591
1356272098722,9.915613,-17.815414,3.1054392
1356272098762,9.466142,-8.19945,-4.2495484
1356272098802,7.6273947,-1.879608,-1.6889231
1356272098855,4.7126403,-1.8387469,-0.19068487
1356272098882,3.486809,-3.2961242,1.1168685
1356272098922,1.1168685,-5.09401,0.92618364
1356272098962,3.255263,-4.0180025,-2.6832085
1356272099001,7.43671,-2.4108016,-4.671779
1356272099042,11.454713,-2.6423476,-6.5513873
1356272099082,13.484144,-5.706926,-6.851035
1356272099122,12.598822,-11.563675,-1.6480621
1356272099162,3.759216,-10.528529,0.3405087
1356272099202,0.14982383,-2.3018389,6.851035
1356272099242,12.639683,-12.026767,0.313268
1356272099282,8.689782,-3.568531,-1.607201
1356272099322,3.1463003,-4.099725,0.5720546
1356272099362,5.706926,-6.851035,1.56634
1356272099402,8.049625,-5.134871,-1.2258313
1356272099442,7.8589406,-4.4810944,-1.9477097
1356272099482,7.7363577,-6.1700177,-0.50395286
1356272099522,8.853226,-5.243834,-2.5333846
1356272099562,11.032481,-4.0180025,-0.6946377
1356272099602,9.275456,-4.5219555,-2.1383946
1356272099642,9.765789,-6.0201936,-2.4108016
1356272099682,6.8237944,-9.656827,-1.3756552
1356272099722,10.147159,-17.24336,4.8216033
1356272099762,9.656827,-11.182305,-4.7535014
1356272099802,8.076866,-4.8216033,-2.7240696
1356272099856,5.6252036,-1.56634,-0.040861044
1356272099882,3.8273177,-2.6014864,0.42223078
1356272099922,1.3075534,-4.399372,1.4573772
1356272099962,1.9477097,-4.5219555,-1.3756552
1356272100017,5.9793324,-2.7921712,-3.9771416
1356272100052,12.912089,-3.9499009,-7.164303
1356272100092,12.762266,-4.140586,-5.8567495
1356272100132,8.689782,-6.891896,-1.7978859
1356272100172,8.049625,-16.017529,0.23154591
1356272100212,2.4925237,-1.879608,4.399372
1356272100252,8.812365,-8.076866,2.2609777
1356272100292,10.419566,-6.782933,-0.88532263
1356272100332,3.405087,-4.2904096,0.23154591
1356272100372,4.0588636,-6.782933,1.0351465
1356272100412,7.668256,-5.938472,-0.42223078
1356272100452,8.076866,-3.8681788,-1.9885708
1356272100492,7.9270425,-6.0882955,-0.08172209
1356272100532,7.9679036,-6.0201936,-2.4516625
1356272100572,11.223166,-4.4810944,0.5720546
1356272100612,10.228881,-4.399372,-1.9885708
1356272100652,10.147159,-5.597963,-2.4925237
1356272100692,7.273266,-7.4639506,-4.1814466
1356272100732,8.894087,-12.108489,3.990762
1356272100772,11.604536,-14.246883,-0.84446156
1356272100812,7.4639506,-8.771504,-2.982856
1356272100854,5.434519,-2.7921712,-1.1168685
1356272100892,4.862464,-0.9942854,-0.08172209
1356272100932,3.214402,-3.718355,1.2258313
1356272100972,0.14982383,-5.325556,-0.38136974
1356272101012,3.990762,-3.6774938,-2.6423476
1356272101052,9.80665,-4.0180025,-7.504812
1356272101092,15.132206,-5.243834,-7.3141265
1356272101132,7.7363577,-6.3198414,-4.3312707
1356272101172,8.19945,-14.750836,0.6946377
1356272101212,3.7864566,-2.3018389,3.1463003
1356272101252,9.466142,-8.008764,2.5606253
1356272101292,9.956474,-7.7363577,-0.19068487
1356272101332,3.759216,-5.134871,0.50395286
1356272101372,4.0588636,-7.6273947,1.0351465
1356272101412,7.3549876,-5.8976107,-0.10896278
1356272101452,7.8180795,-2.982856,-2.5333846
1356272101492,8.049625,-5.6252036,-0.50395286
1356272101532,7.1234417,-5.9793324,-2.7240696
1356272101572,11.413852,-4.0180025,-0.38136974
1356272101612,10.310603,-3.759216,-2.1792557
1356272101652,8.962189,-5.6252036,-2.4516625
1356272101692,7.9270425,-8.62168,-3.214402
1356272101732,10.56939,-14.328606,4.099725
1356272101772,11.114203,-14.2877445,-1.2258313
1356272101812,7.4639506,-6.932757,-4.440233
1356272101855,4.7943625,-1.920469,0.313268
1356272101892,3.486809,-2.4516625,0.7218784
1356272101932,2.5333846,-4.7535014,1.2666923
1356272101971,1.334794,-5.325556,-0.8036005
1356272102012,5.2165933,-3.5276701,-3.336985
1356272102052,9.302697,-3.718355,-7.04172
1356272102092,14.669114,-5.325556,-6.742072
1356272102132,8.662541,-4.099725,-5.053149
1356272102172,8.076866,-13.988097,0.50395286
1356272102212,6.3607025,-6.469665,3.336985
1356272102253,6.1700177,-3.5957718,2.3426998
1356272102292,9.575105,-9.193735,-0.23154591
1356272102332,6.510526,-5.6660647,0.5720546
1356272102372,3.405087,-5.7886477,0.92618364
1356272102412,5.7477865,-6.973618,-0.14982383
1356272102452,7.4639506,-4.903325,-1.3075534
1356272102492,7.668256,-5.09401,-0.8036005
1356272102532,7.504812,-6.0882955,-0.6946377
1356272102572,10.228881,-4.7126403,-0.7627395
1356272102612,10.378705,-4.5219555,-0.53119355
1356272102652,8.853226,-5.134871,-2.6832085
1356272102692,8.499097,-5.7886477,-2.2609777
1356272102732,8.19945,-8.662541,-2.2609777
1356272102772,11.304889,-15.431854,3.445948
1356272102812,9.084772,-13.252599,-2.5333846
1356272102855,6.701211,-4.944186,-3.718355
1356272102892,6.3198414,-1.2666923,0.38136974
1356272102932,4.671779,-1.9477097,0.23154591
1356272102972,1.2258313,-4.903325,1.8387469
1356272103012,1.4573772,-5.175732,-1.334794
1356272103052,5.47538,-3.5957718,-4.2495484
1356272103092,10.800936,-4.0588636,-6.782933
1356272103132,14.628253,-4.8216033,-6.3198414
1356272103172,12.258313,-6.891896,-2.7513103
1356272103212,7.1234417,-15.132206,0.10896278
1356272103252,-1.6480621,-1.9477097,4.671779
1356272103292,9.915613,-9.80665,3.636633
1356272103332,11.686258,-7.6273947,-1.9885708
1356272103372,2.8330324,-3.173541,-0.0
1356272103412,4.2904096,-7.9679036,1.920469
1356272103452,7.8861814,-5.6252036,-2.2609777
1356272103492,8.008764,-3.9771416,-0.9942854
1356272103532,6.469665,-6.510526,-0.5720546
1356272103572,8.580819,-5.7477865,-2.2201166
1356272103612,11.495573,-3.405087,-0.29964766
1356272103652,10.18802,-3.7864566,-1.56634
1356272103692,10.18802,-6.3607025,-1.9477097
1356272103732,7.205164,-9.343558,-3.0645783
1356272103772,8.62168,-15.745122,3.336985
1356272103812,10.460427,-13.6748295,-1.56634
1356272103852,8.008764,-5.434519,-3.336985
1356272103892,5.706926,-1.2666923,-0.6946377
1356272103932,3.6774938,-2.1111538,0.9942854
1356272103972,1.1168685,-5.243834,1.9477097
1356272104012,1.879608,-5.243834,-0.9125633
1356272104052,5.366417,-4.2495484,-4.2495484
1356272104092,9.956474,-4.140586,-7.6546354
1356272104132,13.988097,-4.7126403,-7.4639506
1356272104172,12.14935,-3.8681788,-5.5162406
1356272104212,7.9270425,-8.962189,0.7218784
1356272104252,3.486809,-15.826844,-1.2666923
1356272104292,5.9793324,-1.0760075,6.851035
1356272104332,8.19945,-4.2495484,-0.88532263
1356272104372,6.932757,-6.3607025,-3.173541
1356272104412,5.6252036,-5.7886477,1.0760075
1356272104452,6.66035,-6.3607025,-0.38136974
1356272104492,6.973618,-6.782933,-0.9125633
1356272104532,7.5456724,-6.3198414,0.88532263
1356272104572,7.43671,-5.175732,-3.0645783
1356272104612,9.765789,-4.7126403,-0.6537767
1356272104652,10.147159,-3.255263,-0.38136974
1356272104692,10.038197,-5.6252036,-1.6480621
1356272104732,9.425281,-7.5456724,-3.173541
1356272104772,6.0882955,-11.876944,-1.4573772
