1356272068926,0.0,0.0,0.0
1356272068965,0.0,-0.08166027,-0.040830076
1356272069004,-0.040828705,-0.10844135,0.081876874
1356272069044,-0.04060936,-0.03878212,0.34053466
1356272069084,0.04178524,-0.10348368,0.14799978
1356272069124,-0.1067543,0.09264803,0.29195666
1356272069164,-0.06389284,0.1402793,0.062288254
1356272069205,-0.1833477,0.10565519,0.8065206
1356272069244,0.05302143,-0.122357845,-0.06314513
1356272069285,0.059793472,0.25872135,-0.09500685
1356272069324,0.18999672,0.25452423,-0.21200457
1356272069365,0.07360077,0.16439295,0.78989327
1356272069404,0.4570923,0.042256355,-0.34111887
1356272069444,0.19391966,-0.01595831,0.88923216
1356272069486,-0.022889614,0.005534172,0.67732644
1356272069524,0.22940397,-0.053746223,0.54271215
1356272069583,0.20420837,0.013088226,-0.14678511
1356272069605,-0.05462408,-0.078502655,-0.38343975
1356272069645,0.082000256,-0.12381029,-0.5822889
1356272069682,0.058101177,-0.082274914,0.18082732
1356272069725,0.0658679,0.0047245026,-0.5367051
1356272069765,0.051124096,0.08128357,-0.22596318
1356272069804,-0.34063768,-0.2902112,-0.90336275
1356272069847,-0.19649982,-0.1575265,-0.82652676
1356272069886,-0.07380009,0.04345894,-1.005629
1356272069926,0.31426716,0.5852661,-1.0440576
1356272069956,0.82697964,0.8253255,-1.7720345
1356272069996,1.4747367,0.86704683,-1.7114531
1356272070026,0.9023166,0.43673134,-2.1753168
1356272070056,0.27446842,-0.047094345,-1.8641231
1356272070096,0.5004201,0.058383465,-1.5915451
1356272070136,0.6198406,0.7770457,-0.74061835
1356272070166,0.35508966,1.525404,-1.0108021
1356272070196,0.36223984,1.9624343,-1.5861275
1356272070226,0.43943024,2.2198768,-1.9106045
1356272070256,0.2482357,2.412715,-1.9302839
1356272070296,-0.24195814,2.4970603,-1.8557665
1356272070326,-0.25898504,2.1808667,-1.9132802
1356272070356,0.2667265,2.028648,-2.3550115
1356272070386,0.77734566,1.9297657,-2.6444306
1356272070426,0.8228655,1.4538369,-2.3537357
1356272070456,0.73580456,1.358355,-3.7909784
1356272070496,1.7031541,0.025416374,-4.1457987
1356272070526,0.6737294,-3.2150865,-0.05496049
1356272070556,-5.5024986,-0.42581177,4.509182
1356272070586,-3.8659792,0.9408462,8.457319
1356272070616,3.789132,-4.338167,4.550396
1356272070646,5.000779,-4.0694666,1.8025229
1356272070686,0.575047,-1.5644073,3.2760644
1356272070716,-3.0977287,-2.6409307,5.1249185
1356272070756,-2.5579185,-1.7410593,4.9784613
1356272070786,-0.71725225,0.9294796,3.4375763
1356272070846,-0.8678603,0.8364706,2.9053345
1356272070858,-0.8185158,-0.44272804,2.2247715
1356272070896,-0.49492884,-0.79978466,0.6553961
1356272070936,0.8447957,-1.1790833,0.2129252
1356272070966,1.329874,1.7091136,-1.0773214
1356272070996,3.1297345,1.6467853,-0.4019537
1356272071026,2.7026744,0.27411985,0.020225778
1356272071066,2.2487235,-0.7355485,-0.38754764
1356272071096,-0.13065672,-1.4678602,-2.018423
1356272071136,-3.9328601,-3.8951855,-0.4267541
1356272071166,1.8218904,-8.346563,2.697492
1356272071206,3.7735634,-5.811825,-0.41633734
1356272071236,-0.08389282,0.93951654,-2.4618309
1356272071266,-1.6606674,2.2300549,-1.351903
1356272071296,-2.98694,3.8594215,0.16292122
1356272071326,-3.702157,4.7621207,0.8490454
1356272071356,-4.3515425,3.6963773,1.0777513
1356272071396,-5.495468,3.2688823,-0.12049395
1356272071426,-3.6883044,4.266072,-2.5157914
1356272071456,-0.76712894,4.8544893,-3.6134717
1356272071486,1.9553065,3.2381945,-6.329479
1356272071526,5.6794486,0.9756541,-7.8376575
1356272071566,3.1025262,3.947677,-4.455397
1356272071596,2.4910598,-3.3749652,1.1843636
1356272071626,0.06531525,-6.5017543,3.0186882
1356272071656,-2.6646154,1.6131473,5.214989
1356272071686,0.7003417,-2.5781975,6.3987393
1356272071716,4.3045597,-5.495037,2.419484
1356272071746,2.0695872,-1.1007137,2.348752
1356272071786,-3.2659695,0.82971,3.0875278
1356272071847,-4.0033627,-1.0277133,4.6255417
1356272071866,-1.6331077,-0.07202816,1.5906739
1356272071906,-0.10803223,3.1681712,-0.98242116
1356272071946,1.2369881,0.8506694,1.3175265
1356272071976,0.73048115,-1.2727804,-1.2722163
1356272072016,5.0413766,0.20737505,0.71043086
1356272072046,3.664752,2.057876,-1.7289487
1356272072086,2.158482,1.1998191,-1.9580522
1356272072115,0.16665983,-0.7479768,-1.9469247
1356272072163,0.008801937,-4.9347405,-0.18748522
1356272072184,4.37271,-9.750226,3.4037406
1356272072225,1.7260108,-6.3421497,-2.5721946
1356272072262,-2.4338078,0.60273266,-0.8161575
1356272072305,-3.4065232,5.129822,0.90891504
1356272072344,-5.2602034,5.2585754,0.80000424
1356272072384,-6.936189,3.1257367,1.7696111
1356272072424,-6.935039,3.5952497,-0.8717593
1356272072464,-1.6459012,4.672915,-4.707318
1356272072504,6.671868,2.184681,-6.543391
1356272072544,4.7721577,1.9770641,-5.1723204
1356272072585,2.8523326,-0.54756117,-0.28303015
1356272072625,-1.1442065,-7.5609484,0.78705627
1356272072665,-2.9321826,2.7136238,8.17624
1356272072705,4.9702263,-3.7459416,1.9746299
1356272072744,2.9107285,-0.094779015,0.8095087
1356272072784,-5.671168,1.1822257,4.0009146
1356272072844,-3.1077049,-2.2346454,4.3261952
1356272072866,0.3707199,-0.22534084,-0.11376166
1356272072906,0.63076735,2.2947223,-1.1322901
1356272072946,1.432034,0.72500086,0.19814837
1356272072986,3.7998657,1.219996,-1.4201112
1356272073026,4.0952616,2.362154,-0.90418696
1356272073066,1.376895,1.2647581,-1.946165
1356272073106,0.45098066,-3.0926204,-1.5080136
1356272073146,3.0485144,-10.149766,2.9359095
1356272073186,2.555129,-10.299912,-0.4669677
1356272073225,-1.718317,-1.045569,-3.2533247
1356272073265,-2.6582608,6.368839,0.99691206
1356272073305,-4.9629,6.0756793,1.0371563
1356272073344,-7.8033104,2.850552,2.813751
1356272073385,-7.9672294,2.7824244,-0.21137989
1356272073425,-2.6980767,4.2490387,-4.9803414
1356272073465,8.00584,3.382019,-7.923256
1356272073505,3.599031,0.62169266,-6.352619
1356272073545,4.8189416,-6.710384,0.41354966
1356272073585,-4.500348,-0.6150818,2.6973262
1356272073625,-1.8311944,1.0195885,8.997258
1356272073664,7.1791124,-8.163218,0.8815253
1356272073705,0.14046812,2.2334676,1.6099645
1356272073744,-5.054261,1.7680767,3.6298199
1356272073784,-2.6284251,-0.77883625,3.1161985
1356272073846,-0.7093644,2.8013494,-0.6622684
1356272073866,0.7826295,3.5351832,1.7893659
1356272073906,-0.8977084,-1.3291659,-1.0212032
1356272073946,4.789963,-0.407876,0.07313377
1356272073986,4.8543153,3.2299035,-1.4895052
1356272074026,2.5679936,1.6837363,-2.1182706
1356272074064,1.0040584,-1.349997,0.041481838
1356272074105,3.4899225,-7.218866,-0.33256426
1356272074145,3.6104808,-10.5094,1.2455032
1356272074190,-2.00283,-3.738131,-2.7739367
1356272074225,-2.7876587,5.086011,0.47747517
1356272074264,-4.499007,6.6860185,1.0615958
1356272074305,-7.3042574,2.9364543,2.3331227
1356272074345,-7.2749887,1.9954734,-0.35127842
1356272074385,-4.33378,3.800203,-2.6931427
1356272074425,1.4246368,3.6848927,-6.3053203
1356272074464,7.839082,1.5425959,-6.2825556
1356272074505,2.6921902,4.261942,-3.3670554
1356272074545,1.9978456,-9.007345,0.88124263
1356272074585,-4.070941,-2.2486267,4.432726
1356272074625,0.76275873,1.9394186,8.399158
1356272074665,5.976063,-4.699848,-0.4235928
1356272074705,-0.7071781,1.2608895,1.5188825
1356272074744,-5.271644,1.1560864,3.5195856
1356272074784,-1.655159,-1.0127702,1.3260398
1356272074847,-0.3241415,1.0325861,-0.5366088
1356272074866,0.54231834,0.9323449,0.66325444
1356272074906,-0.0033226013,1.0955496,-0.8224983
1356272074946,5.1952715,1.4718885,0.520689
1356272074986,4.0566063,2.1878366,-0.07805765
1356272075026,3.8341498,-1.3334451,-2.0482774
1356272075066,-2.0623064,-6.9375124,-1.5760295
1356272075105,3.4715457,-11.168085,2.1129172
1356272075144,1.8999038,-5.6175356,-2.1866581
1356272075185,-2.9277878,1.524961,0.42679942
1356272075222,-4.605693,7.4389324,0.8029592
1356272075265,-5.149751,5.442249,1.6747711
1356272075305,-9.036792,2.7221713,0.4229622
1356272075345,-6.098916,4.597009,-2.4855275
1356272075384,4.332697,4.116671,-8.639998
1356272075425,6.075708,0.45325518,-6.296364
1356272075465,0.39865208,-2.0074987,-1.4351676
1356272075505,1.0389428,-7.5344667,2.0416708
1356272075545,-1.8064566,3.336119,8.663363
1356272075585,4.821921,-5.928148,2.9269724
1356272075625,1.815445,-0.009758949,1.5881848
1356272075665,-4.9844675,1.1054344,3.0653908
1356272075704,-2.59733,-1.147367,3.6892524
1356272075745,0.5574775,2.2539742,-0.16937113
1356272075784,1.423584,3.6676247,0.50119513
1356272075848,-0.09626198,0.36112213,-0.9113107
1356272075866,3.1815367,-0.047014236,-1.0873392
1356272075906,5.76665,3.2200172,-1.2785664
1356272075947,2.4171348,1.8298993,-2.4778924
1356272075986,2.4755802,-0.8071103,-1.9569039
1356272076026,3.1430893,-5.727771,1.3161552
1356272076066,3.8067598,-11.954252,1.922524
1356272076106,-1.887744,-6.393815,-2.0750494
1356272076146,-2.788073,3.0072494,0.017315328
1356272076185,-3.6029048,7.399315,0.7646118
1356272076224,-7.0175633,3.8575675,2.2322826
1356272076264,-10.113447,2.060113,2.0607367
1356272076305,-5.0266013,3.4737206,-2.3552206
1356272076345,1.6720839,3.4538083,-6.5842533
1356272076385,8.174875,1.7145348,-7.3831615
1356272076425,1.3630266,3.5441291,-5.101551
1356272076465,1.2751532,-5.6470704,3.0130394
1356272076505,0.14505959,-5.6702986,2.5204291
1356272076545,-0.73434305,1.3493204,6.899424
1356272076585,2.8213563,-2.978499,2.328734
1356272076625,-0.05650568,0.6728935,1.6876184
1356272076665,-4.1298723,-0.5301652,3.822504
1356272076705,-1.1582737,-0.5018978,0.8363936
1356272076745,1.5597658,3.7223964,-0.37415552
1356272076784,0.63911104,1.4957314,0.5461546
1356272076849,0.2814517,-0.10616684,-1.6776855
1356272076866,5.8035245,1.8676815,-0.12916207
1356272076906,3.2530022,2.6872199,-1.4858966
1356272076946,3.833661,-1.1198516,-2.0347936
1356272076986,0.8051076,-5.158153,-0.27533016
1356272077026,3.3603559,-10.521772,2.9337363
1356272077066,0.39075184,-5.6474886,-3.0348816
1356272077106,-2.9713163,1.800767,-0.06987733
1356272077145,-4.303517,6.2488394,0.7851998
1356272077185,-6.1567125,3.4587986,2.230973
1356272077225,-8.469094,0.7830601,1.2466102
1356272077264,-6.6761007,2.4438915,-1.8643188
1356272077305,-0.52558947,4.303917,-5.8246403
1356272077345,7.208887,3.0467038,-6.989805
1356272077384,4.9820485,2.698649,-5.118637
1356272077425,3.351657,-5.755967,-0.374043
1356272077465,-5.6784506,-4.101506,3.4547489
1356272077505,-1.1069136,1.5565867,8.219185
1356272077545,5.3423595,-4.6653414,2.1042783
1356272077585,0.6603427,2.2610583,1.5733647
1356272077625,-3.362042,1.6541657,2.996625
1356272077665,-1.7066536,-1.0789475,3.403391
1356272077705,-0.0050587654,0.27985334,-0.18864524
1356272077745,0.766099,0.93998814,-0.2141918
1356272077784,1.3229012,0.08993149,0.26157254
1356272077850,4.135604,1.5802183,-0.12595856
1356272077866,4.079289,2.964792,-0.30039555
1356272077906,1.8015413,1.375577,-3.2181754
1356272077946,0.26131153,-0.022932053,-1.70328
1356272077986,3.1251512,-4.427382,-0.3813429
1356272078026,5.0556684,-11.447411,2.7820876
1356272078065,-2.5391765,-5.6989007,-3.2738557
1356272078104,-2.7502275,2.8531282,-0.45117837
1356272078145,-3.6033854,6.628248,0.88953197
1356272078182,-6.309269,3.7684875,2.8082876
1356272078225,-9.070494,1.9406257,2.3477404
1356272078264,-6.2730656,2.8998137,-2.2113228
1356272078305,1.1583767,3.0490193,-7.133849
1356272078345,8.871847,2.461371,-7.201061
1356272078385,1.7605634,3.0117118,-5.344512
1356272078425,1.3791194,-4.3307614,2.149528
1356272078465,-1.5242167,-6.813921,2.688662
1356272078505,0.2973752,1.8330913,6.992597
1356272078545,3.4316235,-2.637879,1.9076856
1356272078585,0.3697915,0.8182726,2.7063375
1356272078625,-4.953162,0.5129814,3.2433515
1356272078665,-1.7131548,-2.1661754,2.4243884
1356272078705,1.2982035,0.95518494,-0.26959836
1356272078745,1.6445637,1.7549658,0.73900515
1356272078784,0.61067724,0.5172391,-1.2899325
1356272078851,4.683589,1.6880579,0.92500544
1356272078876,2.7058172,2.7331963,-2.5382202
1356272078906,0.98101664,0.209064,-1.3630271
1356272078946,0.99300814,-2.6225677,-2.6181948
1356272078986,4.7716494,-9.197818,3.7063437
1356272079026,2.0132918,-9.270592,-1.6911998
1356272079066,-2.7712421,-0.36892986,-2.6951747
1356272079105,-3.1139488,6.023474,1.0409157
1356272079145,-4.5794516,4.8679028,0.91022927
1356272079186,-8.522365,1.5992203,2.7728307
1356272079235,-7.1674294,3.33759,-0.7823117
1356272079274,0.61639977,4.5312614,-4.435317
1356272079315,8.5232525,2.275084,-6.783942
1356272079355,2.7591715,1.740056,-4.532072
1356272079395,3.8546371,-10.098558,0.2821296
1356272079435,-4.8169293,0.083969116,2.930501
1356272079475,0.54977036,0.7302613,7.694412
1356272079514,6.3405113,-4.985734,0.027841091
1356272079555,-2.2330937,2.4454248,2.43599
1356272079595,-5.2309527,-0.017391682,3.196136
1356272079634,-0.15955591,-0.529027,2.2212203
1356272079675,0.47645283,3.3599713,-1.3130283
1356272079715,0.99664974,0.5702877,1.2265153
1356272079755,-0.8248739,0.054885387,-1.8981441
1356272079795,4.513621,1.8878937,0.43303084
1356272079852,3.676293,2.054984,-0.8558317
1356272079876,1.6729507,0.6060066,-2.3355796
1356272079916,1.2539015,0.43668604,-1.6138549
1356272079956,3.4780912,-4.3194237,0.054003745
1356272079995,5.8030105,-11.461195,2.8735633
1356272080035,-2.388218,-6.144587,-2.5809674
1356272080075,-4.147857,3.3474925,0.6749621
1356272080115,-5.3496203,7.147476,1.6955023
1356272080155,-7.086685,3.040394,2.133038
1356272080195,-9.420846,0.9491606,0.6444055
1356272080235,-3.1701894,2.7160797,-4.131487
1356272080274,7.001152,3.9961898,-7.0559464
1356272080315,4.2441034,1.6991625,-5.962177
1356272080355,3.0415854,-1.7411933,-2.0623856
1356272080395,-0.51442766,-6.4764056,2.5883946
1356272080434,-3.6364844,4.036133,7.3514237
1356272080475,5.011732,-4.947361,2.4537745
1356272080515,1.1723938,0.08684349,1.4239097
1356272080555,-4.8119445,0.97433233,2.9683213
1356272080595,-2.372149,-1.5617957,3.8882537
1356272080635,0.811141,1.0045443,0.1587621
1356272080674,1.0080538,2.1237717,-0.5312195
1356272080715,-0.04062748,0.24277782,-0.15511072
1356272080755,3.7636514,1.0807381,-0.5142013
1356272080794,5.374063,3.5666,-0.3018461
1356272080853,3.5949407,1.9387479,-1.6197779
1356272080876,2.3091745,-1.7504554,-2.2905157
1356272080916,-1.3361859,-6.8200846,-1.3980873
1356272080957,3.482401,-10.595297,3.8254514
1356272080996,1.1455994,-3.2878685,-3.0977058
1356272081036,-2.7629743,2.353668,0.2618991
1356272081083,-6.028163,5.829651,0.7455108
1356272081115,-5.24057,3.8416197,1.5687468
1356272081152,-7.258765,1.5620666,1.2111919
1356272081195,-5.8355126,2.6330237,-1.6682656
1356272081235,0.6749134,2.6004462,-6.128097
1356272081274,6.9713078,2.327519,-6.1274176
1356272081315,2.7664285,2.7242064,-2.9830134
1356272081355,4.126183,-8.846785,1.0176404
1356272081395,-4.778502,0.76128244,3.3092794
1356272081435,-0.36014748,0.0692997,7.8897057
1356272081475,5.326397,-4.4683275,-0.747859
1356272081515,-1.4324021,2.4037914,1.395423
1356272081554,-3.6822164,1.2917824,3.9126372
1356272081595,-0.5256877,-0.6983142,1.4834154
1356272081635,-0.43722057,1.5262318,-1.9828207
1356272081675,0.747334,-0.40252113,1.4509221
1356272081715,0.9429889,1.246738,-1.5090355
1356272081755,6.697129,3.6949294,0.7521076
1356272081794,3.42482,2.4373813,-1.8344539
1356272081854,1.5586867,-1.6551342,-1.188019
1356272081876,-0.92315054,-4.952019,-2.0180252
1356272081916,3.333239,-11.112856,3.8597133
1356272081956,1.4285417,-6.771213,-2.1809993
1356272081996,-2.1674457,2.207942,-0.88964945
1356272082036,-4.2735744,5.7169456,1.25187
1356272082076,-5.597333,3.8384411,1.7956619
1356272082115,-7.819565,1.6863308,0.6101285
1356272082155,-4.922242,3.376474,-1.7395799
1356272082195,0.02162838,3.9010925,-5.268455
1356272082234,5.604788,2.0352077,-6.717252
1356272082275,4.548156,3.4580543,-4.749687
1356272082315,-0.11040306,0.67455196,0.9114426
1356272082355,0.49445057,-10.130709,2.6566634
1356272082395,0.8866873,3.5703254,5.389952
1356272082434,2.156126,-1.5137577,2.4736793
1356272082475,2.1185575,-0.69608927,3.1868627
1356272082515,-3.60329,1.9091573,2.515382
1356272082555,-3.7379105,-1.5878291,1.9585191
1356272082595,-1.390863,-2.1350298,1.0980377
1356272082634,0.9696574,0.32360554,0.07273662
1356272082675,1.6237144,1.6317096,0.026603699
1356272082714,3.436699,1.7069197,0.032193124
1356272082755,3.5717707,1.5789709,-0.78367466
1356272082794,2.1161122,1.5329838,-1.764714
1356272082853,1.6882529,-1.6085815,-3.0984514
1356272082876,1.0154233,-6.635208,0.19313276
1356272082916,4.5753217,-10.650759,2.6855063
1356272082956,-0.04420376,-3.2885027,-3.7230544
1356272082996,-2.0887384,4.227689,-0.29095495
1356272083036,-4.939437,5.111458,1.1619087
1356272083075,-7.3985972,3.2969873,2.6392112
1356272083115,-8.394885,2.5612502,-0.15271127
1356272083154,-4.708453,3.930499,-2.2410464
1356272083195,1.7961226,4.116714,-5.3298845
1356272083235,7.300295,2.9339304,-5.390239
1356272083275,4.6447043,1.3272252,-4.136323
1356272083315,3.9242177,-9.722975,1.3300438
1356272083355,-6.666555,0.21201944,5.121277
1356272083395,1.7939863,-3.455761,7.4195466
1356272083435,5.238387,-3.165946,-0.23074532
1356272083475,-3.2396793,2.7755933,2.4758549
1356272083515,-3.6005611,-1.4159017,3.3073611
1356272083555,-0.28824043,0.3284626,1.3122406
1356272083595,0.11752224,4.1350245,-0.5219567
1356272083635,0.7778683,0.386662,0.8984356
1356272083675,0.4662819,-0.14563036,-2.3651438
1356272083714,5.667683,3.2267072,-0.178339
1356272083755,2.8354483,2.7695193,-3.538712
1356272083794,1.7982287,-0.11000538,-1.3757795
1356272083855,2.2195978,-5.723079,1.485435
1356272083876,3.5067854,-11.660342,1.7533898
1356272083916,-1.1493616,-7.3698006,-1.3367246
1356272083956,-2.7693543,0.7607527,-1.014698
1356272083996,-3.6941786,6.2263484,1.2484921
1356272084053,-6.177534,4.49527,2.3970852
1356272084074,-9.850718,1.7990475,1.652039
1356272084115,-5.160735,3.9943082,-1.7956734
1356272084153,-0.26373005,4.5727596,-5.411514
1356272084194,7.410575,2.2531037,-5.8506746
1356272084234,3.1044145,3.1305177,-4.4279375
1356272084275,3.5983438,-6.906317,2.9377608
1356272084314,-2.0626616,-4.6525397,1.7487504
1356272084355,-2.0249605,1.3246303,7.7254486
1356272084395,5.354604,-4.0556946,1.0815978
1356272084435,1.7889962,2.325944,0.7997587
1356272084474,-4.7521763,2.604964,2.4044847
1356272084515,-1.5488105,-1.5673528,1.7716992
1356272084555,-0.38710403,0.31468582,-1.3771906
1356272084595,0.81754494,0.06632233,0.17649984
1356272084635,2.00809,2.3965118,-1.4827588
1356272084675,5.9036937,4.360397,-0.7327069
1356272084715,3.6731133,4.479576,-1.8224851
1356272084755,0.79952765,-2.3909092,-1.5054255
1356272084794,-0.4091997,-8.806913,0.8297061
1356272084854,2.8915987,-12.768127,1.5042977
1356272084876,-1.137866,-3.9346466,-1.6258231
1356272084916,-1.2897525,4.597277,-0.9049946
1356272084956,-3.3265462,6.008112,0.32547164
1356272084996,-7.006571,2.9182622,2.1602266
1356272085036,-7.865403,2.381456,0.2940771
1356272085075,-2.289997,4.2933607,-2.2384183
1356272085115,1.7727346,3.8469608,-5.437312
1356272085154,6.7517457,0.835443,-6.2209787
1356272085195,2.5753927,-1.7816763,-4.4964705
1356272085235,0.17590284,-6.925666,3.5307732
1356272085275,-4.598056,4.0208073,5.781505
1356272085314,3.795951,-3.6201181,5.0248137
1356272085355,3.6962023,-0.16243792,-0.1002233
1356272085395,-3.3098304,1.5956075,2.8238592
1356272085435,-3.187756,-1.5976958,3.564982
1356272085475,-0.41922474,-0.9074435,1.9504074
1356272085515,0.27853632,1.0736303,-0.7271161
1356272085554,-0.6155019,0.27296925,-0.110333085
1356272085595,1.9488039,2.325073,-0.9553916
1356272085635,6.1129375,4.1359262,-0.3558997
1356272085675,3.585803,4.052411,-2.1202817
1356272085715,1.6832948,-2.9801626,-1.6231644
1356272085755,0.15260267,-10.36288,-0.58994406
1356272085794,3.8192844,-11.563242,1.306179
1356272085855,-0.04033327,-0.58894634,-2.5082397
1356272085876,-1.4441843,5.027877,-0.75501543
1356272085916,-5.391821,4.121602,0.6452509
1356272085956,-6.8568473,2.1179085,2.181789
1356272085996,-7.3462615,2.117447,0.25657737
1356272086036,-3.1547227,3.7455406,-2.0380995
1356272086076,-0.009520531,3.630512,-3.372961
1356272086116,4.735942,1.7325044,-5.76571
1356272086155,6.6763296,4.049159,-5.028761
1356272086195,-0.25202703,0.2899084,0.40572423
1356272086235,-1.6252551,-10.616933,2.0942922
1356272086274,0.9765725,2.4082694,6.5365486
1356272086315,4.0889606,-0.87654066,2.5238204
1356272086355,0.81580305,-0.75801706,2.4409044
1356272086395,-4.6964436,0.13130093,3.8313532
1356272086435,-3.587497,-2.435583,3.3680298
1356272086474,-0.94901705,-1.1731472,1.0722152
1356272086515,1.4433408,1.4694467,0.22838473
1356272086554,1.2006125,0.4105835,0.55583787
1356272086595,0.3588481,0.69280815,-1.7205101
1356272086635,4.321904,2.2430704,0.65940166
1356272086675,1.9393396,1.2252359,-2.5456727
1356272086715,1.5963902,-0.2892084,-1.5375106
1356272086755,1.4923434,-1.5210161,-3.543232
1356272086794,4.475347,-7.1700306,2.9822037
1356272086856,3.1968503,-9.011319,-0.5828432
1356272086876,-1.7877836,-1.9622607,-2.9685276
1356272086916,-3.4459858,4.568173,0.99110067
1356272086956,-4.0841327,5.446455,0.46378195
1356272086996,-6.4727683,2.733326,1.624191
1356272087053,-8.227478,1.6581783,0.23963928
1356272087074,-3.8848534,3.7436967,-1.9633764
1356272087115,1.6460133,4.2672596,-5.132019
1356272087152,6.7232003,2.7253156,-5.4460783
1356272087195,4.8224883,1.8840895,-4.1609426
1356272087235,0.6294565,-10.82329,2.5311234
1356272087275,-6.6096272,2.7323232,7.4296837
1356272087314,3.4779506,-3.8299036,5.517645
1356272087355,4.71235,-0.9364219,0.41722333
1356272087395,-2.965751,2.64797,1.9148837
1356272087435,-3.133082,-0.31124926,2.724942
1356272087475,0.9109907,-0.5371952,0.60421586
1356272087515,0.5212784,1.410017,-1.7352868
1356272087555,-0.28594494,-0.08138895,0.97166294
1356272087595,0.88001394,0.693573,-1.2051377
1356272087635,5.4536967,2.9602966,-0.025768608
1356272087675,2.7623887,2.85722,-2.2614243
1356272087715,1.5801201,-1.9126878,-1.9252943
1356272087755,0.55661726,-6.140464,-0.59775865
1356272087794,3.4741688,-11.345404,3.0313144
1356272087857,0.14443874,-6.0530663,-2.569701
1356272087876,-2.1197753,1.7929294,-1.6011825
1356272087916,-3.6404552,5.8347616,0.9467223
1356272087956,-5.841429,3.7177937,2.347166
1356272087996,-9.162141,2.0100741,1.5438497
1356272088035,-4.311171,4.0098696,-2.6203647
1356272088075,2.5631351,4.8170424,-5.1408525
1356272088115,4.5858793,1.5826664,-5.5515265
1356272088155,2.1077795,3.9644482,-4.123359
1356272088195,4.0254626,-4.540691,1.7463607
1356272088235,-1.09726,-5.0640903,1.6389002
1356272088275,-3.3019664,2.2334619,8.156302
1356272088314,4.7773967,-4.233169,2.4473858
1356272088355,1.6866236,1.820992,0.8217255
1356272088395,-5.032771,0.30169392,2.8788624
1356272088435,-2.3214474,-2.1531434,3.0667465
1356272088475,0.518208,0.96879196,-0.27667546
1356272088514,0.7680168,1.1321845,0.53074145
1356272088555,-0.40605974,-0.23697758,-0.49687052
1356272088595,3.9518805,1.5008721,0.023797125
1356272088635,4.4129305,3.1260774,-1.9849231
1356272088675,2.3854136,1.8050733,-3.9596753
1356272088715,0.4374652,-0.45817757,-2.0247355
1356272088755,2.1300611,-5.578076,1.2698288
1356272088794,5.1487665,-11.181046,3.345724
1356272088857,-0.895525,-5.723447,-3.593508
1356272088886,-2.9438114,2.3161952,-0.59040695
1356272088926,-4.5939097,6.1992426,1.1938584
1356272088966,-6.5694146,3.088476,2.4083388
1356272089006,-7.900744,1.8982291,0.70359206
1356272089045,-3.5109901,4.613095,-2.3636827
1356272089085,1.2922754,5.362582,-5.7366405
1356272089125,6.6582303,3.471488,-6.024459
1356272089165,4.1125007,1.0594354,-3.263685
1356272089204,1.9414716,-10.519339,1.2321496
1356272089245,-7.5431666,5.8727903,6.2317104
1356272089284,3.5774264,-3.067831,5.172
1356272089325,5.5977974,-2.4743052,0.19536507
1356272089365,-3.7346337,3.1195142,2.6498404
1356272089405,-4.035033,-0.7887907,2.8676603
1356272089445,-0.36868906,-1.171915,2.2391965
1356272089485,-0.6741457,1.256329,-0.6800183
1356272089524,-0.03955984,-0.28620052,-0.27922785
1356272089565,1.2491913,0.81154394,-1.0165265
1356272089605,4.8990564,2.427951,-0.73382175
1356272089645,4.905242,2.6092765,0.11116608
1356272089685,3.32056,-1.6315084,-4.673231
1356272089725,-3.0750518,-8.535505,1.5192425
1356272089765,1.5417404,-9.595717,1.0684896
1356272089804,2.370716,-3.349835,-1.5978377
1356272089860,-2.0125384,1.3381782,0.30253273
1356272089886,-4.936616,4.9238153,-0.16596806
1356272089926,-3.8584352,4.446382,1.2326397
1356272089966,-5.7825437,2.9964147,0.22977662
1356272090005,-6.489844,3.707186,-1.2534258
1356272090044,-2.3358316,4.521457,-4.3326283
1356272090085,4.7504582,4.1017284,-6.5596776
1356272090122,5.510351,1.8012428,-4.402712
1356272090165,4.1833434,-6.247054,-1.2235785
1356272090204,-3.115779,-4.427893,3.1066546
1356272090244,-2.478103,2.6101687,7.7912893
1356272090285,4.5110703,-5.722743,1.9132144
1356272090325,1.6722536,1.4936187,1.5527792
1356272090365,-3.1955993,1.4894176,2.552615
1356272090405,-1.9411321,-0.90584564,3.2759259
1356272090445,0.22563505,0.1230073,0.4901924
1356272090485,1.171639,0.6196327,-0.22333658
1356272090525,1.1660533,0.39017773,0.034145117
1356272090565,3.8496246,2.4905152,-0.8663966
1356272090605,4.0330334,2.086616,-0.5256077
1356272090644,1.8246665,0.9817529,-1.8678863
1356272090685,1.4215169,-0.24407578,-2.2628303
1356272090725,0.0483737,-4.761199,1.4748921
1356272090765,4.002328,-10.75552,2.0289557
1356272090804,-0.10552311,-4.5205107,-3.2892437
1356272090861,-2.6825895,1.1291356,-0.80170006
1356272090886,-4.4518123,4.4855614,1.0331777
1356272090927,-5.958813,4.361744,1.3167593
1356272090966,-8.588117,1.9077301,1.2282594
1356272091006,-5.329578,2.8581185,-1.9657602
1356272091046,0.9585962,4.455325,-4.9355936
1356272091085,7.7038713,3.3055334,-6.62116
1356272091125,2.559495,2.778287,-3.4304063
1356272091165,2.2687411,-7.062495,1.3535932
1356272091205,-1.1646585,-4.218238,2.5687284
1356272091245,-1.6277404,3.0240412,7.3382106
1356272091285,4.331236,-4.200344,1.7685916
1356272091325,0.43875456,0.2993889,1.8054943
1356272091364,-4.613789,0.3578987,3.090918
1356272091405,-1.6442275,-1.150775,3.087271
1356272091445,0.49739408,1.0851092,-0.22013855
1356272091485,0.791193,0.5024519,-0.011067629
1356272091524,-0.042791843,0.74421215,-1.1174587
1356272091565,4.6640706,2.473658,-1.2818141
1356272091605,4.566805,3.5050676,-1.5625178
1356272091645,2.2018833,1.6421595,-2.4300702
1356272091685,-0.14598656,-3.4624996,-1.9391654
1356272091725,3.147482,-11.154591,4.2052703
1356272091765,2.6500854,-7.9366055,-1.3826406
1356272091804,-0.9540062,0.4900489,-4.051402
1356272091857,-2.6407022,4.1093454,0.4169469
1356272091886,-5.6643543,4.211815,1.954176
1356272091926,-8.335462,2.06139,2.8734818
1356272091966,-7.477188,2.528934,0.13286233
1356272092006,-3.587924,4.0188656,-2.577651
1356272092046,4.0745144,4.484931,-5.7757273
1356272092085,8.096552,1.7435188,-5.697995
1356272092125,2.6627512,-3.9639373,-3.3298059
1356272092165,-0.4462309,-8.214172,3.6691458
1356272092205,-4.8649244,4.3698187,6.265211
1356272092244,4.220298,-3.858108,3.7102513
1356272092284,5.9393578,-0.8721409,0.32881987
1356272092324,-3.2420309,2.189197,2.501337
1356272092364,-4.37554,-1.1070461,3.294457
1356272092405,-0.57565117,-0.64414215,1.5424522
1356272092445,0.60695887,2.254439,-0.8479059
1356272092485,0.81872225,0.54138565,0.094100595
1356272092525,2.0653262,1.2275791,-1.8323375
1356272092565,4.8218207,2.13022,-0.07784331
1356272092605,2.5910797,1.7036433,-1.886861
1356272092645,1.7836785,0.015769005,-2.3105023
1356272092685,-1.5747342,-4.951399,0.35533345
1356272092725,3.5960398,-11.522646,3.9430072
1356272092765,1.539885,-3.618019,-4.0445023
1356272092804,-1.3968205,3.3287847,-1.6284145
1356272092861,-4.5010843,5.0638013,0.79874283
1356272092886,-6.45778,3.405359,2.3157542
1356272092926,-7.174894,1.5484791,1.4611195
1356272092966,-4.9328585,2.1754532,-1.5756924
1356272093007,-0.4183669,4.5514536,-4.4255667
1356272093045,6.743766,4.7021985,-5.747998
1356272093082,4.410401,1.6496639,-4.77188
1356272093125,-0.6129875,1.7603984,-0.070664644
1356272093165,1.1366892,-11.547819,2.5663276
1356272093205,-0.907547,1.4614091,3.3772979
1356272093245,0.39786482,-0.052949905,4.746625
1356272093285,3.903819,-1.9775667,1.7400072
1356272093324,-1.8194423,0.98471904,2.400161
1356272093364,-4.237256,-1.768424,2.956761
1356272093405,-1.4380536,-1.5972471,2.0093122
1356272093445,0.7372751,1.7181547,0.13481307
1356272093485,1.0613537,0.63975096,-0.6020417
1356272093525,1.4375591,1.4753428,-1.4989339
1356272093564,4.6268167,1.3205094,-0.53929114
1356272093605,2.6793566,1.1621733,-1.992759
1356272093645,2.854753,0.58841324,-2.201176
1356272093685,-0.2663765,-4.8307924,-0.41161004
1356272093725,4.579094,-12.318322,5.320716
1356272093765,1.1084752,-3.7772512,-4.1390047
1356272093804,-2.6952243,2.286911,-1.2637848
1356272093864,-4.9191294,4.966481,0.6997893
1356272093886,-5.5603952,3.7979186,1.7147543
1356272093926,-6.8840337,1.745513,1.2646841
1356272093966,-5.497958,2.6819272,-1.6642271
1356272094006,-1.4666791,4.3212967,-4.682823
1356272094046,5.4765115,4.2985163,-6.5013523
1356272094086,4.9778633,2.876642,-4.9582686
1356272094125,0.42790937,1.1396761,-0.4290365
1356272094165,0.8583808,-11.028601,2.9459782
1356272094204,-0.101974964,3.3319697,6.6056194
1356272094244,2.2598839,-2.6556988,3.4017549
1356272094285,2.5684109,-2.6297126,2.5869381
1356272094325,-3.467486,0.564446,2.9095562
1356272094364,-3.3755646,-0.9136944,2.9689112
1356272094405,0.23870039,0.77544355,1.18263
1356272094445,0.6545296,2.0050738,-0.044053316
1356272094485,-0.33900785,-0.5236306,0.46962762
1356272094525,1.8138962,0.18352604,-2.177429
1356272094565,4.717133,1.6021581,-0.12917665
1356272094605,2.683669,1.2960238,-2.3072104
1356272094644,2.6456614,0.4832754,-2.280179
1356272094685,-0.39976168,-2.6011057,-1.4467186
1356272094725,3.041575,-9.728865,4.6567893
1356272094765,1.4304867,-7.264209,-2.148514
1356272094804,-1.3479228,-0.9142437,-2.483386
1356272094862,-2.992741,4.81548,0.966945
1356272094886,-3.807355,5.097677,0.5741054
1356272094926,-6.31147,1.9025078,2.606371
1356272094966,-9.136815,2.0938659,0.5611736
1356272095006,-4.8220735,4.2749424,-2.5703516
1356272095046,3.8198462,4.128638,-6.0084324
1356272095085,8.52124,2.1864252,-5.464265
1356272095125,2.747077,1.413032,-3.3860092
1356272095165,2.2683287,-10.809973,2.086313
1356272095204,-5.318931,0.8065362,4.887848
1356272095245,0.7928848,-3.0878162,6.043742
1356272095284,5.681926,-2.373763,0.67703295
1356272095325,-1.7509174,2.8797114,1.5391767
1356272095364,-3.5893314,-0.30739307,3.4478626
1356272095405,-0.2904892,-0.80064106,1.3542736
1356272095445,0.24787474,1.4300628,-0.84321094
1356272095485,1.2002869,0.49417686,0.21912909
1356272095525,1.0864363,1.2207198,-2.44541
1356272095564,4.68053,2.4236784,-0.26829398
1356272095605,2.6502028,2.817174,-1.6077617
1356272095645,2.4212255,-0.05326891,-1.7190768
1356272095685,-0.06412792,-5.265882,-0.49651802
1356272095725,2.191268,-11.59239,3.9883409
1356272095765,0.43937206,-3.8020086,-4.139565
1356272095804,-1.0926228,2.3820937,-0.18999457
1356272095860,-4.2414904,4.8664875,1.0959486
1356272095886,-6.5299625,3.9526632,2.1402435
1356272095927,-6.9595127,1.9277892,1.0020908
1356272095964,-5.628167,2.460741,-1.6459761
1356272096005,-0.63141155,4.488506,-4.7598677
1356272096042,5.193956,3.3455675,-6.919574
1356272096085,4.701157,1.9233088,-4.4443502
1356272096125,3.811912,-7.3269134,1.6511774
1356272096165,-3.1127603,-3.0064812,2.4111915
1356272096205,-0.9639797,1.5802941,6.64861
1356272096244,4.3976564,-5.2592716,1.4605534
1356272096284,0.49776077,0.9887905,3.0616267
1356272096324,-3.827058,0.65204334,2.5470116
1356272096365,-1.1643519,-1.0739846,2.916624
1356272096405,0.64271307,1.8077836,-0.06998193
1356272096445,0.9831543,1.7039127,0.4761486
1356272096485,-0.8483443,-0.13241386,-0.7937614
1356272096525,3.2297463,1.4852023,-1.2001264
1356272096565,4.3720512,2.7496386,-1.3515265
1356272096605,2.8253303,1.6344438,-1.9344488
1356272096645,1.36304,-1.3518534,-2.3213596
1356272096685,0.5690284,-8.64019,3.557455
1356272096725,2.983852,-10.515122,1.1267467
1356272096765,0.6779852,-0.69090843,-3.7060854
1356272096804,-1.676547,4.6061096,-0.0055890083
1356272096860,-5.6872635,4.7761254,1.5961499
1356272096886,-7.4130435,2.6009097,2.1927938
1356272096926,-7.638633,1.2722206,0.375961
1356272096966,-3.4321337,3.8030126,-3.2459128
1356272097006,1.7424736,5.0200386,-4.9490404
1356272097046,6.0466275,2.5151968,-5.8661127
1356272097086,3.5926657,2.267179,-4.19895
1356272097125,4.221027,-6.842503,2.5105135
1356272097165,-4.854096,-2.803999,1.5439981
1356272097205,-1.0989256,-0.21973324,7.71192
1356272097245,6.3136644,-3.9322581,0.59355986
1356272097285,0.22940922,2.0212824,1.8580152
1356272097325,-4.9501343,-1.2095532,3.5136333
1356272097365,-1.6715531,-2.1698341,3.0034041
1356272097405,0.65295696,1.4434938,0.25032437
1356272097445,0.36520672,1.7072482,0.32577884
1356272097485,-0.24517775,0.10857153,-1.0486854
1356272097525,3.3427277,1.907114,-0.8819125
1356272097565,3.8282628,2.3424525,-1.2528402
1356272097604,1.2365928,0.80982494,-2.23567
1356272097645,1.0000892,-1.0294404,-2.5857124
1356272097685,1.5074196,-4.553671,0.8818227
1356272097725,4.850254,-10.448711,3.7886572
1356272097765,-0.64583635,-4.1750803,-3.9714558
1356272097804,-2.5173197,1.741107,-0.46690983
1356272097857,-3.88407,5.7551584,1.5475003
1356272097886,-4.669057,3.9689083,2.0167549
1356272097926,-7.761353,2.2449813,1.4126594
1356272097966,-5.6881514,3.391439,-0.91177475
1356272098006,-1.4383731,2.6982484,-4.9742584
1356272098045,5.363592,1.2664213,-6.9992704
1356272098085,3.555614,2.97636,-4.3251677
1356272098125,5.2095838,-4.015719,0.8546969
1356272098165,-1.7738485,-3.9473524,1.2806302
1356272098205,-2.816692,0.80431604,8.237984
1356272098244,4.3548975,-5.237195,1.5239288
1356272098284,0.9598055,0.76224995,1.4298217
1356272098325,-3.9115274,0.57042503,3.2793553
1356272098365,-1.2074642,-1.1721096,2.9950833
1356272098404,0.8307929,1.1996427,-0.4269402
1356272098445,1.0885015,1.8262544,0.015584588
1356272098485,0.17833757,0.5547018,-0.36651897
1356272098525,1.7940087,1.6518388,-0.9761022
1356272098565,3.5343232,2.6633065,-0.46245867
1356272098605,2.699675,1.6783347,-1.206809
1356272098645,2.8634305,-0.8078561,-2.6027372
1356272098685,-1.5886855,-6.736251,0.49473983
1356272098725,2.1488547,-12.1004715,3.5077348
1356272098765,1.4211206,-2.5361142,-3.6861181
1356272098804,-0.6945505,3.9498649,-0.9824524
1356272098859,-3.8538117,4.364423,0.627767
1356272098886,-5.2545986,3.3711379,2.0202794
1356272098924,-7.6804013,1.9751,1.8843398
1356272098965,-5.425186,3.2780066,-1.7131231
1356272099002,-0.92824316,4.8941193,-3.7321188
1356272099045,3.5838108,4.455516,-5.653177
1356272099085,6.187689,1.0052834,-5.943264
1356272099125,5.8138194,-5.352357,-0.61619365
1356272099165,-2.7101095,-4.8336563,1.6364939
1356272099204,-6.249522,2.9787545,8.505746
1356272099245,6.1100917,-6.9746265,2.3211603
1356272099285,1.9358177,1.4595528,0.6269368
1356272099325,-3.8526936,1.0792155,2.8383927
1356272099365,-1.5139828,-1.4112182,3.6731753
1356272099404,0.66985655,0.5947385,0.57683563
1356272099445,0.40917826,1.5063381,-0.54248
1356272099485,0.29602575,0.0021500587,0.48376393
1356272099525,1.4697633,1.0221725,-1.9174224
1356272099565,3.7124467,2.2529526,-0.35607767
1356272099604,1.9824786,1.6775265,-1.9581561
1356272099645,2.4266963,0.045522213,-2.2664871
1356272099685,-0.65028095,-3.7642093,-1.1570368
1356272099725,2.4624224,-11.514153,5.1975107
1356272099765,1.716948,-5.5216475,-4.1845627
1356272099805,-0.13213634,0.9553995,-1.9751384
1356272099860,-2.8388257,4.530913,0.85483503
1356272099886,-4.844237,3.947735,1.4353764
1356272099926,-7.4731236,2.593072,2.556521
1356272099966,-6.785744,2.7728376,-0.2369765
1356272100021,-2.3421845,4.49436,-2.8833709
1356272100054,5.089624,3.1846106,-6.125435
1356272100095,5.5497785,2.6519828,-4.8417215
1356272100135,2.0573826,-0.5714407,-0.71434164
1356272100175,1.828196,-10.2146635,1.5086639
1356272100215,-3.5565438,3.4714413,5.9653935
1356272100255,2.716113,-3.012041,4.123916
1356272100295,4.133541,-1.8019543,1.1762371
1356272100335,-3.1434512,0.7880306,2.3230941
1356272100375,-2.7670841,-1.4831052,2.9793744
1356272100414,0.60749054,-0.36192226,1.2345376
1356272100455,0.869421,1.983995,-0.71075654
1356272100495,0.66841745,-0.009320259,0.79503095
1356272100535,0.726501,0.20738459,-1.9360955
1356272100575,4.024599,1.8083096,0.81205714
1356272100614,3.0515661,1.8727016,-1.9167299
1356272100655,2.9243183,0.5895419,-2.4804318
1356272100695,-0.08965874,-1.4114909,-4.1282454
1356272100735,1.3004556,-6.20936,4.176545
1356272100775,3.721509,-8.459361,-0.4616808
1356272100814,-0.7296529,-2.975934,-2.387553
1356272100858,-3.067751,3.2062914,-0.32975197
1356272100896,-3.895753,5.3417034,0.8578808
1356272100936,-5.6979094,3.0196106,2.2769015
1356272100976,-8.761632,1.7424707,0.7323476
1356272101016,-4.719455,3.5523627,-1.5231495
1356272101056,1.5105181,3.1721287,-6.4251075
1356272101095,7.409615,1.7211862,-6.2699146
1356272101135,0.6193681,0.28301668,-3.2435057
1356272101175,1.5723238,-8.571562,1.9623666
1356272101215,-2.5582995,3.4904127,4.723072
1356272101255,3.1904535,-2.4796038,4.4940195
1356272101295,3.5850744,-2.3090372,2.0308323
1356272101334,-2.8130915,0.33832216,2.8549967
1356272101375,-2.7685614,-1.9910355,3.3169067
1356272101414,0.28843737,-0.034062386,1.9301767
1356272101455,0.58521414,3.1267536,-0.8692032
1356272101495,0.7435756,0.69830847,0.7283125
1356272101535,-0.17993307,0.48336792,-1.905302
1356272101575,4.1522374,2.4874082,0.10454747
1356272101615,3.084566,2.6928399,-1.908847
1356272101655,1.7182336,0.68833685,-2.2690525
1356272101695,0.58005047,-2.5108595,-2.9986668
1356272101735,3.03271,-8.439274,4.4510107
1356272101775,3.32159,-8.556513,-0.67678636
1356272101814,-0.6260104,-1.2004633,-3.6871965
1356272101859,-3.620006,4.0562334,1.2434826
1356272101894,-5.2083797,3.903193,1.7900323
1356272101935,-6.339035,2.0367413,2.4296985
1356272101972,-7.5437307,1.8224106,0.39706427
1356272102015,-3.444697,3.8103192,-2.1657813
1356272102054,1.0738659,3.6143992,-5.945417
1356272102095,7.0298743,1.810205,-5.710308
1356272102135,1.6279178,2.6918907,-3.997439
1356272102175,1.5155387,-7.624312,1.7286532
1356272102215,0.051193714,-0.5282979,4.8685856
1356272102255,-0.117565155,2.0224304,4.239379
1356272102295,3.1394482,-3.7467804,1.9675319
1356272102335,-0.17337704,-0.23796606,2.9167624
1356272102375,-3.5605974,-0.25811672,3.2225718
1356272102414,-1.4705534,-1.264132,1.9221143
1356272102455,0.0766778,1.0191908,0.4025458
1356272102495,0.22278976,1.0311785,0.47864443
1356272102535,0.10033798,0.19508553,0.16335303
1356272102575,2.92481,1.662395,-0.26870465
1356272102615,3.1811833,1.8703008,-0.30708385
1356272102654,1.7136898,1.203301,-2.6237767
1356272102695,1.3269386,0.4298544,-2.2585378
1356272102735,0.8969946,-2.6058826,-2.2138057
1356272102775,3.791947,-9.536522,3.6274502
1356272102814,1.3099775,-7.4442415,-2.162903
1356272102858,-1.375184,0.9548907,-3.139574
1356272102896,-2.0439901,4.890984,1.1460427
1356272102936,-3.9336705,4.6182184,1.1570609
1356272102976,-7.520797,2.0773044,2.8890564
1356272103016,-7.2731237,2.093279,-0.21550274
1356272103056,-3.0401077,3.7653866,-3.127754
1356272103095,2.7122822,3.1830072,-5.706144
1356272103135,7.100205,2.1267476,-5.273937
1356272103175,5.2856364,-0.35668516,-1.6483083
1356272103215,0.54719687,-9.051598,1.3996437
1356272103254,-8.073432,3.7352042,6.2591543
1356272103295,3.4221735,-4.377261,5.5416822
1356272103334,5.0039983,-2.2706504,0.13966763
1356272103375,-4.0764112,2.2791562,2.1759543
1356272103415,-2.8364153,-2.298057,3.9560065
1356272103455,0.5945573,0.31785536,-0.5169319
1356272103495,0.63895893,2.2335012,0.36781412
1356272103535,-0.89046097,-0.08504343,0.38725364
1356272103575,1.2909503,0.80939865,-1.6203554
1356272103615,4.2971377,3.1908545,0.02867207
1356272103655,3.0544696,2.7583966,-1.3998225
1356272103695,3.0432215,0.050024033,-1.8333474
1356272103735,-0.05876255,-3.1323266,-2.90435
1356272103775,1.1349082,-9.74886,3.622998
1356272103814,2.684895,-7.8194456,-1.107573
1356272103854,-0.083091736,0.4575467,-2.6973608
1356272103895,-2.688231,4.879082,0.10396129
1356272103934,-4.9674816,4.4412594,1.923239
1356272103975,-7.670938,1.7382693,2.9730906
1356272104015,-6.884041,2.0512176,0.15785456
1356272104055,-3.1579275,3.1650577,-3.1987896
1356272104095,1.8828926,3.190877,-6.6676188
1356272104135,6.5050344,2.3616805,-6.521434
1356272104174,5.2573366,2.8250742,-4.514346
1356272104215,1.4735327,-2.716188,1.9468753
1356272104255,-2.778663,-10.020142,0.33766472
1356272104295,-0.34164667,4.393839,8.905788
1356272104335,1.6596632,1.0570264,1.5691867
1356272104374,0.11172247,-1.045568,-0.482749
1356272104414,-1.464416,-0.35227013,3.7905154
1356272104455,-0.6386347,-0.75534153,2.1648312
1356272104495,-0.4501624,-1.005816,1.327843
1356272104535,0.08566761,-0.39139175,2.7421103
1356272104575,0.012540817,0.8755832,-1.6134967
1356272104615,2.4188213,1.4291034,0.4186911
1356272104655,2.879099,2.935621,0.37980017
1356272104695,2.8069067,0.5594077,-1.1077142
1356272104735,2.1512823,-1.4299631,-2.758196
1356272104775,-1.3230448,-5.8743343,-1.0730065
