1356269418087,9.152874,4.099725,1.334794
1356269418127,9.043911,4.6036777,1.3756552
1356269418169,9.084772,4.2495484,1.6480621
1356269418207,9.043911,4.3312707,1.4982382
1356269418247,9.043911,4.372132,1.2666923
1356269418287,9.043911,4.399372,1.3075534
1356269418327,9.043911,4.3312707,0.92618364
1356269418367,9.084772,4.372132,0.7627395
1356269418408,9.043911,4.4810944,1.0351465
1356269418448,9.152874,4.0180025,1.0351465
1356269418487,9.152874,4.399372,1.6480621
1356269418527,9.152874,4.440233,2.070293
1356269418568,9.234595,4.372132,2.5606253
1356269418607,9.343558,4.2495484,3.8681788
1356269418647,9.534244,4.140586,4.440233
1356269418688,9.697687,3.9499009,3.5276701
1356269418727,9.765789,5.366417,2.5606253
1356269418767,8.62168,5.325556,3.759216
1356269418807,7.5456724,5.012288,2.152015
1356269418847,9.384419,2.3426998,0.7627395
1356269418887,9.112013,1.920469,2.4516625
1356269418927,8.158588,2.7649305,2.6014864
1356269418987,8.430995,1.3756552,2.3426998
1356269419007,8.539958,1.1168685,2.9147544
1356269419047,9.193735,0.50395286,3.718355
1356269419077,9.425281,0.46309182,3.718355
1356269419108,9.234595,0.6946377,3.568531
1356269419147,9.302697,0.9942854,3.5276701
1356269419188,9.656827,1.4165162,3.445948
1356269419228,9.847511,0.6946377,3.5957718
1356269419267,11.876944,3.5957718,4.2904096
1356269419308,12.598822,3.214402,0.7627395
1356269419348,1.7297841,6.6331096,3.636633
1356269419387,9.915613,5.938472,-1.525479
1356269419427,11.645397,3.405087,1.920469
1356269419467,10.800936,3.173541,1.7297841
1356269419507,6.66035,4.1814466,-1.7297841
1356269419547,8.049625,2.7921712,0.6537767
1356269419587,8.812365,2.4925237,2.5606253
1356269419627,7.273266,4.140586,0.46309182
1356269419667,8.349273,4.4810944,0.3405087
1356269419707,11.182305,4.2904096,0.95342433
1356269419747,12.571581,4.7535014,1.3075534
1356269419787,13.756551,5.366417,3.1054392
1356269419827,13.6748295,2.5333846,2.6832085
1356269419867,10.991621,3.9499009,2.3018389
1356269419907,9.425281,9.152874,-1.2258313
1356269419947,12.871228,8.281172,0.5720546
1356269419990,11.223166,5.7886477,1.7570249
1356269420027,7.1234417,4.0588636,-0.50395286
1356269420067,3.759216,3.3778462,-0.38136974
1356269420107,4.671779,1.1441092,-0.0
1356269420147,2.152015,3.759216,-0.6537767
1356269420187,1.879608,3.5276701,0.53119355
1356269420227,6.782933,2.982856,4.399372
1356269420268,18.428331,-0.08172209,14.982383
1356269420307,11.304889,2.5333846,5.829509
1356269420347,6.0474343,1.6889231,0.8036005
1356269420387,15.636159,10.760075,-2.3699405
1356269420427,4.2904096,4.671779,8.349273
1356269420467,5.6252036,5.434519,-5.5571017
1356269420507,14.941522,5.053149,-0.29964766
1356269420547,10.18802,0.88532263,3.336985
1356269420587,3.568531,3.8681788,-0.88532263
1356269420627,6.510526,4.7126403,0.92618364
1356269420667,8.471856,2.4516625,1.1168685
1356269420707,8.390134,2.4516625,1.3756552
1356269420747,10.18802,5.325556,0.10896278
1356269420787,12.026767,4.7535014,1.334794
1356269420827,12.871228,4.671779,2.8330324
1356269420867,12.912089,2.5606253,5.7477865
1356269420907,11.304889,2.7240696,0.6537767
1356269420947,13.797412,10.61025,-0.9125633
1356269420990,13.756551,9.343558,3.1054392
1356269421027,11.836082,5.47538,1.4573772
1356269421067,6.0882955,3.718355,-0.27240697
1356269421107,2.1111538,1.9885708,-0.61291564
1356269421147,4.3312707,0.38136974,-0.6946377
1356269421187,-0.0,4.7126403,-1.1168685
1356269421227,1.4573772,4.671779,1.1849703
1356269421267,11.413852,4.440233,6.510526
1356269421307,19.57244,-3.405087,13.906375
1356269421347,8.962189,2.1792557,4.5628166
1356269421388,4.903325,3.173541,-0.46309182
1356269421427,14.09706,15.28203,-2.5606253
1356269421467,4.2904096,3.255263,11.413852
1356269421507,11.114203,5.7477865,-10.106298
1356269421547,11.372991,4.7126403,3.3778462
1356269421587,6.4015636,1.920469,1.9477097
1356269421627,4.099725,5.2165933,-0.0
1356269421667,8.812365,2.6832085,0.88532263
1356269421707,8.730643,0.5720546,0.7218784
1356269421748,8.689782,3.255263,1.4982382
1356269421788,11.876944,6.0882955,-0.50395286
1356269421828,11.958665,6.701211,3.405087
1356269421868,13.633968,4.372132,5.7886477
1356269421908,12.408136,0.6946377,3.336985
1356269421948,12.340035,5.09401,-1.2258313
1356269421988,14.437569,11.876944,0.46309182
1356269422028,12.4489975,6.0882955,2.5333846
1356269422068,10.651112,3.1054392,0.5720546
1356269422108,1.9885708,5.053149,-0.8036005
1356269422147,4.2495484,-0.14982383,-0.61291564
1356269422188,2.6014864,2.982856,-0.88532263
1356269422228,-0.6946377,5.9793324,-0.19068487
1356269422268,6.1700177,4.8216033,2.6423476
1356269422308,18.428331,-2.4516625,14.206022
1356269422348,13.865514,0.61291564,5.706926
1356269422388,6.3198414,1.4982382,1.7978859
1356269422428,13.865514,11.536434,-2.6832085
1356269422468,5.012288,5.7886477,9.193735
1356269422508,7.8180795,3.405087,-8.771504
1356269422548,13.715691,5.6252036,2.6423476
1356269422588,8.308413,2.6832085,1.9477097
1356269422627,2.5333846,5.597963,-0.7627395
1356269422668,8.076866,3.568531,1.0760075
1356269422708,8.430995,0.84446156,0.08172209
1356269422748,7.4639506,3.8273177,1.1441092
1356269422788,11.141444,5.284695,0.95342433
1356269422827,12.980191,5.9793324,1.334794
1356269422868,14.47843,4.5219555,4.671779
1356269422908,13.293459,1.6889231,5.09401
1356269422948,10.419566,4.5219555,-0.5720546
1356269422989,14.137921,12.108489,-0.46309182
1356269423027,13.565866,7.5865335,2.5333846
1356269423067,10.95076,2.7240696,0.46309182
1356269423108,3.445948,4.630918,-0.88532263
1356269423148,2.3018389,1.879608,-0.46309182
1356269423188,3.759216,2.4108016,-0.53119355
1356269423228,0.10896278,5.6660647,-0.0
1356269423268,5.053149,4.944186,2.7240696
1356269423307,16.126492,0.0,13.211738
1356269423348,15.935807,0.50395286,6.782933
1356269423388,6.8237944,2.6423476,2.7921712
1356269423428,11.75436,8.19945,-0.3405087
1356269423468,9.534244,9.00305,0.46309182
1356269423508,2.3699405,3.0237172,2.7921712
1356269423548,13.33432,6.1700177,-4.5219555
1356269423588,10.119919,2.4925237,2.6832085
1356269423627,4.5628166,3.2961242,0.6946377
1356269423668,6.6331096,4.944186,0.10896278
1356269423708,8.689782,2.4925237,1.0351465
1356269423748,8.499097,1.56634,1.607201
1356269423788,10.501288,4.0588636,1.2258313
1356269423828,12.258313,5.407278,-0.08172209
1356269423868,12.108489,6.510526,4.0588636
1356269423907,15.241169,3.636633,3.5276701
1356269423948,11.604536,2.8738933,4.140586
1356269423989,9.915613,9.615966,-3.3642259
1356269424028,15.28203,8.430995,1.4165162
1356269424068,11.645397,6.0474343,0.95342433
1356269424108,3.336985,5.366417,-0.88532263
1356269424148,1.607201,2.3426998,-0.3405087
1356269424188,5.09401,0.23154591,-0.50395286
1356269424228,0.27240697,5.597963,-0.46309182
1356269424268,2.3018389,4.944186,1.1441092
1356269424308,13.824653,1.4165162,10.378705
1356269424347,18.537292,-3.8273177,8.730643
1356269424388,6.0201936,4.2086873,3.6774938
1356269424428,12.598822,10.079058,0.14982383
1356269424468,8.158588,7.4639506,-0.19068487
1356269424508,3.445948,3.486809,3.568531
1356269424548,12.680544,6.2789803,-4.8216033
1356269424588,9.193735,3.0237172,2.2609777
1356269424628,4.399372,3.7864566,1.1441092
1356269424668,6.510526,5.284695,0.313268
1356269424708,9.343558,2.0294318,0.38136974
1356269424748,9.425281,2.1111538,2.2201166
1356269424788,9.997335,4.7943625,0.14982383
1356269424828,12.299174,6.0882955,1.9477097
1356269424868,13.0619135,4.7535014,2.982856
1356269424908,13.988097,2.2201166,4.6036777
1356269424948,10.732834,3.759216,2.8738933
1356269424987,11.536434,10.56939,-2.1111538
1356269425017,14.206022,8.689782,0.50395286
1356269425058,13.021052,4.7126403,2.8330324
1356269425098,5.284695,4.944186,-0.9942854
1356269425137,0.42223078,3.3778462,-0.3405087
1356269425177,6.2789803,-0.040861044,-0.3405087
1356269425218,1.4165162,5.325556,-0.29964766
1356269425258,1.9885708,4.944186,1.607201
1356269425298,10.95076,3.568531,6.742072
1356269425338,19.463476,-2.6832085,12.367276
1356269425378,8.308413,2.8738933,3.3778462
1356269425418,10.501288,6.469665,-0.42223078
1356269425458,10.378705,10.61025,0.08172209
1356269425498,1.8387469,4.4810944,2.9556155
1356269425538,13.375181,7.7363577,-4.2904096
1356269425578,10.800936,1.1849703,3.0237172
1356269425618,3.7864566,2.6423476,-0.5720546
1356269425658,6.701211,4.5628166,0.9942854
1356269425698,9.656827,2.152015,2.152015
1356269425738,8.308413,2.3018389,1.4573772
1356269425778,9.888372,4.399372,0.08172209
1356269425818,12.14935,5.6660647,0.23154591
1356269425857,12.639683,5.434519,3.405087
1356269425898,14.750836,3.8681788,3.8273177
1356269425938,10.419566,3.0237172,3.3778462
1356269425987,8.662541,9.275456,-1.3756552
1356269426018,14.982383,9.507003,0.84446156
1356269426058,11.836082,6.701211,2.6832085
1356269426098,6.891896,4.140586,-0.6946377
1356269426138,1.8387469,3.3778462,0.10896278
1356269426178,6.1291566,-0.14982383,-0.61291564
1356269426218,0.5720546,4.9850473,-0.8036005
1356269426258,2.070293,4.5628166,1.0760075
1356269426298,8.117727,3.5957718,3.718355
1356269426337,19.000385,-3.0237172,13.565866
1356269426378,11.372991,2.1111538,5.2165933
1356269426418,8.158588,6.4424243,0.5720546
1356269426458,13.565866,10.147159,-3.8681788
1356269426498,-0.5720546,4.3312707,8.430995
1356269426538,11.876944,8.853226,-9.00305
1356269426578,12.639683,2.2201166,3.718355
1356269426618,6.66035,1.1849703,-0.08172209
1356269426658,4.140586,6.0474343,0.313268
1356269426698,8.853226,3.759216,1.4573772
1356269426738,9.00305,1.1441092,0.14982383
1356269426778,9.00305,4.0180025,1.4165162
1356269426818,11.114203,5.8976107,-0.50395286
1356269426858,12.762266,4.7535014,2.7921712
1356269426898,13.756551,4.0588636,4.0588636
1356269426938,12.14935,1.920469,4.1814466
1356269426986,9.507003,5.09401,0.23154591
1356269427017,12.871228,11.985906,-1.9477097
1356269427058,13.143636,7.0553403,3.6774938
1356269427098,9.302697,4.0588636,-0.38136974
1356269427138,3.445948,3.2961242,0.040861044
1356269427178,4.1814466,0.7218784,-0.61291564
1356269427218,2.9147544,3.0237172,-0.29964766
1356269427258,0.5720546,5.6660647,0.38136974
1356269427298,5.434519,4.8216033,2.3699405
1356269427338,16.589584,0.95342433,11.985906
1356269427378,16.930092,-1.9885708,8.771504
1356269427418,6.3198414,3.8681788,1.4982382
1356269427458,14.015338,9.534244,-2.070293
1356269427498,6.0882955,7.273266,5.597963
1356269427538,4.2495484,4.862464,-2.1383946
1356269427578,13.0619135,6.510526,-1.920469
1356269427617,9.997335,0.53119355,3.336985
1356269427658,3.8273177,3.759216,-0.9942854
1356269427698,7.082581,5.5162406,0.42223078
1356269427738,9.656827,1.8387469,0.88532263
1356269427778,9.00305,1.7297841,1.9885708
1356269427817,9.765789,5.053149,-0.19068487
1356269427858,12.408136,5.09401,0.7627395
1356269427898,12.680544,5.175732,4.0180025
1356269427937,14.369467,3.636633,4.440233
1356269427985,10.95076,4.140586,2.5606253
1356269428018,10.460427,9.507003,-3.0645783
1356269428058,14.709975,8.662541,3.405087
1356269428098,10.882658,6.0882955,0.92618364
1356269428138,3.3778462,4.630918,-0.9125633
1356269428178,1.7570249,1.9477097,-0.5720546
1356269428218,5.434519,0.7627395,-0.10896278
1356269428258,0.84446156,5.6252036,-0.0
1356269428298,3.759216,4.5219555,1.7570249
1356269428338,15.554437,0.3405087,12.598822
1356269428378,16.249075,-1.4982382,8.240311
1356269428418,6.0474343,4.7943625,3.0645783
1356269428458,14.328606,10.460427,-2.2609777
1356269428497,2.5333846,6.1700177,6.782933
1356269428538,9.575105,4.5219555,-7.205164
1356269428578,12.258313,4.862464,2.1792557
1356269428618,7.9270425,2.982856,0.9942854
1356269428657,3.486809,4.0180025,0.08172209
1356269428698,8.430995,2.7921712,1.334794
1356269428738,9.466142,2.070293,1.7570249
1356269428778,8.62168,3.445948,0.8036005
1356269428818,9.847511,5.175732,0.42223078
1356269428858,12.108489,5.284695,1.56634
1356269428898,12.9529505,4.4810944,3.214402
1356269428938,13.33432,2.3699405,4.9850473
1356269428986,9.915613,3.0237172,2.5333846
1356269429018,11.073342,9.697687,-1.920469
1356269429058,14.818938,9.152874,1.879608
1356269429098,11.495573,5.706926,1.7297841
1356269429138,5.8976107,4.2495484,-0.3405087
1356269429178,2.6014864,2.152015,0.14982383
1356269429217,5.053149,0.8036005,-0.42223078
1356269429258,0.53119355,5.366417,-0.3405087
1356269429298,2.9556155,4.944186,1.9477097
1356269429337,12.830367,3.1054392,8.049625
1356269429378,18.727978,-2.3018389,10.56939
1356269429418,10.310603,2.8330324,3.8273177
1356269429458,10.310603,4.630918,1.6889231
1356269429498,11.264028,10.310603,-2.7240696
1356269429538,1.5390993,4.3312707,6.0474343
1356269429578,12.258313,6.6331096,-6.1291566
1356269429618,11.495573,2.3699405,2.5606253
1356269429658,5.134871,2.9147544,0.6946377
1356269429699,5.6252036,5.134871,0.10896278
1356269429748,9.302697,2.1111538,1.3756552
1356269429788,8.499097,2.3699405,0.6946377
1356269429828,9.765789,4.3312707,1.607201
1356269429868,12.108489,5.09401,-0.040861044
1356269429907,12.598822,5.6660647,3.336985
1356269429948,13.756551,3.2961242,5.053149
1356269429989,10.337844,1.8387469,2.9147544
1356269430027,10.923519,7.9270425,-1.7570249
1356269430067,14.369467,9.697687,0.46309182
1356269430108,12.258313,4.440233,2.070293
1356269430148,7.4639506,3.173541,-0.040861044
1356269430188,0.84446156,3.8681788,-0.42223078
1356269430227,6.4424243,-0.08172209,-0.29964766
1356269430268,1.7297841,4.862464,-0.42223078
1356269430308,1.7978859,5.597963,1.4165162
1356269430348,8.921328,5.012288,4.099725
1356269430388,19.041246,-2.7513103,13.525005
1356269430428,10.528529,2.7240696,4.0180025
1356269430468,9.956474,7.246025,1.56634
1356269430508,11.958665,7.3141265,-5.6252036
1356269430548,-0.95342433,5.134871,6.469665
1356269430588,11.372991,8.308413,-9.302697
1356269430628,13.906375,2.8330324,4.2495484
1356269430667,6.510526,1.1849703,-0.6946377
1356269430708,4.2086873,6.238119,-0.0
1356269430748,9.152874,3.568531,0.92618364
1356269430788,7.5456724,3.214402,0.7218784
1356269430828,9.575105,4.630918,2.070293
1356269430868,12.176591,3.6774938,-0.14982383
1356269430907,12.53072,4.2495484,3.1054392
1356269430948,13.402422,4.2495484,3.568531
1356269430989,11.917805,2.6014864,2.9147544
1356269431028,9.724928,7.082581,0.84446156
1356269431068,12.830367,11.75436,-0.95342433
1356269431108,12.408136,6.4424243,3.486809
1356269431148,9.656827,3.173541,-0.29964766
1356269431188,2.6014864,3.9090397,-0.29964766
1356269431228,3.405087,1.56634,-0.7627395
1356269431267,3.718355,2.6014864,-0.38136974
1356269431308,1.4982382,5.012288,0.3405087
1356269431348,5.8567495,4.1814466,3.1463003
1356269431388,15.636159,1.9477097,11.536434
1356269431428,17.120777,-1.6480621,9.043911
1356269431468,6.5922484,4.440233,2.4516625
1356269431508,14.9006605,10.501288,-2.3699405
1356269431548,1.4573772,6.0474343,6.973618
1356269431587,7.3549876,5.9793324,-7.7363577
1356269431628,14.015338,5.134871,0.92618364
1356269431668,10.378705,0.46309182,2.982856
1356269431708,3.718355,4.7126403,-1.1168685
1356269431748,7.6273947,5.175732,0.42223078
1356269431788,9.302697,1.334794,1.56634
1356269431828,8.471856,2.6014864,0.9942854
1356269431868,9.888372,4.630918,0.50395286
1356269431907,12.680544,4.440233,-0.19068487
1356269431947,12.026767,6.742072,3.759216
1356269431988,14.015338,3.0645783,4.372132
1356269432028,12.217452,2.0294318,3.1463003
1356269432068,10.61025,9.997335,-1.1168685
1356269432108,12.639683,9.043911,-0.61291564
1356269432148,12.176591,4.440233,2.9147544
1356269432188,7.1234417,4.2086873,-0.6946377
1356269432228,1.2258313,3.255263,-0.7627395
1356269432268,6.0201936,0.46309182,-0.19068487
1356269432308,1.1168685,5.366417,0.10896278
1356269432348,3.1054392,4.7126403,1.6889231
1356269432388,10.460427,3.173541,6.1700177
1356269432428,19.15021,-2.0294318,12.598822
1356269432468,10.419566,4.6036777,5.366417
1356269432508,9.847511,5.6660647,3.5957718
1356269432548,12.408136,9.043911,-4.630918
1356269432588,0.5720546,4.4810944,6.5513873
1356269432628,10.95076,6.1700177,-8.240311
1356269432668,13.211738,2.9556155,2.9147544
1356269432708,6.742072,2.0294318,0.92618364
1356269432748,3.8273177,5.407278,0.46309182
1356269432788,9.084772,3.0237172,1.0351465
1356269432828,9.112013,1.7978859,1.3756552
1356269432868,8.662541,4.1814466,1.4982382
1356269432907,10.528529,5.5162406,-0.5720546
1356269432947,12.258313,6.0882955,1.879608
1356269432988,13.756551,5.012288,3.6774938
1356269433027,13.947236,2.1111538,4.0588636
1356269433068,10.18802,3.8681788,1.8387469
1356269433108,10.419566,11.073342,-2.3018389
1356269433148,12.871228,7.246025,2.9147544
1356269433188,11.141444,5.243834,0.5720546
1356269433228,4.1814466,3.9090397,-0.08172209
1356269433268,3.336985,1.8387469,-0.23154591
1356269433308,4.630918,2.0294318,-0.23154591
1356269433347,1.0351465,5.47538,0.23154591
1356269433388,4.0180025,4.5219555,2.3018389
1356269433428,12.9529505,2.5606253,8.539958
1356269433468,18.768839,-2.2201166,11.073342
1356269433507,7.3141265,4.630918,2.7921712
1356269433548,13.484144,8.580819,1.4982382
1356269433588,5.9793324,7.273266,1.0760075
1356269433628,3.0645783,4.3312707,-0.27240697
1356269433668,14.015338,6.1700177,-4.2495484
1356269433707,11.645397,1.1168685,4.1814466
1356269433747,4.9850473,3.5276701,-0.19068487
1356269433787,5.5162406,6.0201936,0.50395286
1356269433828,9.425281,1.9477097,1.6889231
1356269433868,8.689782,2.070293,1.0760075
1356269433907,8.921328,4.944186,1.56634
1356269433948,11.073342,5.5571017,-0.8036005
1356269433989,12.340035,5.6252036,2.3699405
1356269434028,14.206022,3.9090397,3.486809
1356269434068,12.217452,1.879608,3.759216
1356269434108,8.921328,5.706926,0.53119355
1356269434148,12.026767,11.141444,-1.525479
1356269434187,12.871228,7.3958488,3.1463003
1356269434228,9.507003,4.2086873,-0.27240697
1356269434267,2.9147544,4.2086873,0.42223078
1356269434308,4.9850473,0.5720546,-0.46309182
1356269434347,3.173541,3.445948,-0.19068487
1356269434387,1.6889231,5.366417,0.5720546
1356269434428,5.8976107,3.9499009,3.214402
1356269434467,17.052675,-0.08172209,11.795221
1356269434507,14.7916975,0.14982383,7.4639506
1356269434548,7.3141265,4.372132,1.56634
1356269434588,13.715691,9.343558,-1.525479
1356269434628,4.7943625,7.205164,5.938472
1356269434668,4.671779,4.0588636,-1.7297841
1356269434707,13.143636,4.7943625,-2.1792557
1356269434748,10.460427,1.7570249,2.8330324
1356269434788,4.7943625,4.6036777,-0.08172209
1356269434828,6.4424243,5.47538,0.8036005
1356269434868,9.043911,2.2609777,0.95342433
1356269434907,8.689782,2.1111538,0.42223078
1356269434947,9.275456,3.9499009,2.1111538
1356269434988,11.795221,4.944186,-0.9125633
1356269435028,12.217452,6.1291566,3.486809
1356269435068,14.9006605,3.990762,3.8273177
1356269435108,11.876944,1.879608,4.140586
1356269435148,7.9679036,6.851035,-1.4573772
1356269435187,14.437569,9.343558,0.23154591
1356269435228,12.639683,6.8237944,2.3699405
1356269435268,8.308413,4.0588636,-0.19068487
1356269435307,1.1441092,3.990762,0.08172209
1356269435348,6.3607025,0.10896278,-0.5720546
1356269435388,1.5390993,4.7943625,-0.29964766
1356269435428,1.6889231,4.9850473,0.7218784
1356269435468,8.771504,2.8330324,4.9850473
1356269435508,19.15021,-1.7978859,12.680544
1356269435548,11.073342,3.568531,5.012288
1356269435588,12.871228,8.281172,3.759216
1356269435628,8.62168,5.9793324,-5.706926
1356269435668,-0.5720546,6.238119,6.66035
1356269435708,13.797412,5.407278,-7.1234417
1356269435748,11.727119,2.6832085,3.214402
1356269435788,6.3198414,3.1463003,0.84446156
1356269435827,4.903325,5.407278,0.10896278
1356269435868,8.962189,2.5333846,1.4165162
1356269435908,9.084772,1.879608,1.8387469
1356269435948,8.62168,3.486809,0.42223078
1356269435989,10.310603,4.7126403,0.61291564
1356269436027,12.067628,4.944186,0.84446156
1356269436068,12.367276,5.706926,3.445948
1356269436108,13.756551,2.6423476,3.9499009
1356269436147,10.732834,2.3699405,2.4108016
1356269436188,10.079058,9.466142,-1.3075534
1356269436228,12.9529505,9.343558,0.10896278
1356269436268,12.340035,5.134871,2.4925237
1356269436308,6.238119,3.9090397,-0.0
1356269436347,1.7978859,3.2961242,-0.0
1356269436388,6.2108784,0.9942854,-0.0
1356269436428,1.6480621,5.243834,0.42223078
1356269436468,3.486809,4.7126403,1.9885708
1356269436508,9.847511,3.214402,5.706926
1356269436548,18.578154,-1.2666923,11.34575
1356269436588,12.14935,2.9556155,3.8273177
1356269436628,9.915613,5.47538,3.568531
1356269436668,12.912089,8.853226,-1.920469
1356269436708,1.2258313,4.944186,5.6252036
1356269436748,9.234595,5.284695,-6.742072
1356269436788,13.443283,3.214402,1.3075534
1356269436828,8.049625,1.9885708,1.920469
1356269436868,4.630918,4.862464,0.23154591
1356269436908,7.8589406,4.140586,0.88532263
1356269436948,9.302697,2.1111538,1.334794
1356269436988,8.580819,2.9556155,1.0760075
1356269437027,10.18802,4.8216033,0.42223078
1356269437068,11.727119,5.407278,1.3075534
1356269437108,12.299174,5.7886477,3.7864566
1356269437148,12.980191,2.6423476,5.012288
1356269437188,10.378705,2.4516625,2.070293
1356269437228,11.536434,10.528529,-2.0294318
1356269437268,12.830367,8.662541,2.2201166
1356269437308,11.958665,4.5628166,1.2666923
1356269437348,4.399372,4.399372,0.08172209
1356269437388,2.7649305,1.879608,-0.42223078
1356269437427,5.434519,1.0351465,0.23154591
1356269437468,1.1441092,5.8567495,-0.0
1356269437508,3.718355,4.630918,1.7570249
1356269437548,12.4489975,2.6423476,6.891896
1356269437588,19.272793,-3.0645783,10.310603
1356269437628,9.152874,4.372132,3.336985
1356269437668,8.308413,3.445948,0.313268
1356269437707,12.680544,12.912089,-0.10896278
1356269437748,3.1463003,2.070293,5.47538
1356269437788,11.413852,4.671779,-7.9270425
1356269437828,11.536434,3.9499009,3.445948
1356269437868,5.325556,4.1814466,0.92618364
1356269437908,5.325556,5.938472,-0.50395286
1356269437948,9.234595,2.4925237,0.50395286
1356269437990,8.390134,2.1111538,0.88532263
1356269438027,8.962189,3.9499009,1.879608
1356269438068,11.372991,5.09401,-0.50395286
1356269438108,11.304889,5.9793324,3.1054392
1356269438148,12.762266,4.0180025,4.399372
1356269438188,12.217452,1.4165162,2.9556155
1356269438228,11.223166,7.3958488,-0.14982383
1356269438268,12.598822,12.4489975,-0.9942854
1356269438307,13.184497,5.09401,3.0237172
1356269438348,10.760075,3.636633,0.38136974
1356269438388,0.27240697,5.706926,-0.14982383
1356269438428,7.273266,-0.7627395,0.08172209
1356269438468,2.4516625,3.8273177,-0.27240697
1356269438508,1.0760075,5.284695,0.38136974
1356269438548,6.1291566,4.399372,2.982856
1356269438588,16.589584,-0.14982383,11.182305
1356269438628,16.249075,-0.42223078,7.8589406
1356269438668,7.164303,4.862464,2.3018389
1356269438707,9.915613,5.2165933,2.1111538
1356269438748,11.413852,11.114203,-1.2258313
1356269438788,2.6423476,3.1054392,2.982856
1356269438828,12.367276,5.134871,-4.099725
1356269438868,10.991621,3.2961242,2.3018389
1356269438908,5.5571017,4.1814466,1.1168685
1356269438948,5.7477865,5.325556,0.08172209
1356269438988,9.697687,2.070293,1.1168685
1356269439027,9.152874,1.4982382,0.88532263
1356269439068,8.349273,3.214402,0.84446156
1356269439108,9.888372,3.5957718,0.3405087
1356269439148,10.95076,6.2789803,-0.10896278
1356269439187,12.408136,7.246025,2.8738933
1356269439228,14.7916975,3.214402,3.8273177
1356269439268,11.182305,1.4573772,2.6832085
1356269439308,8.580819,6.5513873,0.7627395
1356269439348,12.762266,9.575105,-2.2201166
1356269439388,13.184497,4.7535014,3.9090397
1356269439428,7.1234417,4.944186,-1.2666923
1356269439468,2.5333846,3.486809,0.8036005
1356269439508,7.5865335,0.5720546,-0.14982383
1356269439548,1.920469,4.9850473,-0.08172209
1356269439588,1.6480621,5.284695,0.84446156
1356269439628,7.205164,3.636633,3.7864566
1356269439668,17.733692,-1.6480621,10.760075
1356269439708,14.628253,2.070293,5.134871
1356269439748,9.507003,3.5276701,3.445948
1356269439788,14.2877445,8.349273,0.8036005
1356269439828,4.5219555,6.2789803,0.19068487
1356269439868,3.255263,5.053149,0.92618364
1356269439908,13.525005,5.434519,-1.879608
1356269439948,10.732834,2.6832085,2.070293
1356269439988,5.5571017,3.6774938,0.19068487
1356269440027,6.0201936,5.5162406,0.46309182
1356269440068,8.430995,3.173541,0.46309182
1356269440108,8.894087,2.152015,0.7627395
1356269440148,9.765789,2.9556155,2.2609777
1356269440188,11.073342,4.7943625,-1.334794
1356269440227,11.264028,7.205164,2.6014864
1356269440268,13.252599,5.175732,2.5606253
1356269440308,13.988097,1.9477097,3.5276701
1356269440348,9.275456,5.366417,1.0351465
1356269440388,10.760075,10.079058,-2.3699405
1356269440428,13.484144,6.2108784,3.5276701
1356269440468,9.80665,4.944186,-0.29964766
1356269440507,3.255263,4.3312707,-0.19068487
1356269440548,4.7535014,1.334794,0.10896278
1356269440588,4.7535014,2.7649305,-0.040861044
1356269440628,1.3756552,5.6660647,0.19068487
1356269440668,4.7126403,3.7864566,2.2609777
1356269440708,13.824653,1.334794,8.812365
1356269440748,17.66559,-0.38136974,7.9270425
1356269440788,7.4639506,3.173541,2.070293
1356269440828,11.645397,7.0553403,0.040861044
1356269440868,9.997335,8.921328,-0.0
1356269440908,0.7627395,4.2495484,6.0882955
1356269440948,12.571581,6.238119,-7.6546354
1356269440988,12.14935,2.4108016,4.5219555
1356269441027,6.782933,2.0294318,0.6946377
1356269441068,5.012288,6.1291566,0.14982383
1356269441108,8.894087,3.486809,1.5390993
1356269441148,8.539958,1.7297841,0.5720546
1356269441188,8.894087,3.8273177,1.2666923
1356269441228,11.182305,4.7126403,-0.61291564
1356269441268,12.489859,5.47538,2.0294318
1356269441307,13.947236,5.175732,3.255263
1356269441348,13.797412,2.6832085,3.990762
1356269441388,7.6954966,5.9793324,1.7297841
1356269441428,11.264028,10.147159,-2.9147544
1356269441468,14.1787815,7.1234417,4.2495484
1356269441508,8.62168,5.47538,-0.84446156
1356269441548,2.3426998,4.1814466,0.040861044
1356269441588,6.1291566,0.19068487,-0.08172209
1356269441628,3.214402,3.2961242,-0.08172209
1356269441668,0.8036005,5.366417,0.3405087
1356269441708,5.012288,4.2904096,2.7921712
1356269441748,16.657684,-0.10896278,11.645397
1356269441788,16.358038,-1.0760075,7.504812
1356269441828,6.2108784,5.175732,2.4925237
1356269441868,13.402422,10.337844,-0.29964766
1356269441908,6.510526,6.510526,-0.040861044
1356269441948,2.9556155,3.759216,3.173541
1356269441995,13.565866,5.938472,-4.671779
1356269442019,10.732834,2.2609777,3.5957718
1356269442057,5.7477865,3.336985,0.27240697
1356269442098,5.597963,6.4015636,-0.08172209
1356269442138,9.084772,2.982856,0.6537767
1356269442178,8.812365,1.7297841,0.53119355
1356269442218,8.580819,4.140586,1.920469
1356269442258,10.760075,3.7864566,0.08172209
1356269442298,12.14935,4.5219555,1.607201
1356269442338,11.917805,6.238119,4.5628166
1356269442378,12.14935,2.3018389,4.671779
1356269442418,10.841797,2.070293,-0.27240697
1356269442458,13.824653,11.604536,-1.607201
1356269442498,12.340035,9.997335,1.5390993
1356269442538,11.604536,2.982856,1.1849703
1356269442578,7.164303,2.6014864,-0.040861044
1356269442618,0.08172209,4.5628166,-0.88532263
1356269442658,6.0201936,0.19068487,-0.040861044
1356269442698,1.56634,5.7477865,-0.10896278
1356269442738,2.7240696,5.5162406,1.4982382
1356269442778,12.299174,2.6832085,7.3958488
1356269442818,18.305748,-2.5606253,9.997335
1356269442858,9.275456,4.0588636,2.6832085
1356269442898,10.119919,4.4810944,3.636633
1356269442938,14.982383,10.991621,-2.4516625
1356269442988,-0.46309182,4.399372,7.8180795
1356269443017,7.668256,5.829509,-8.308413
1356269443058,14.056199,4.0588636,2.6832085
1356269443098,8.308413,1.0351465,1.7570249
1356269443138,3.8273177,5.407278,-0.10896278
1356269443178,8.471856,4.140586,0.92618364
1356269443218,8.853226,2.0294318,1.334794
1356269443258,8.430995,3.990762,1.0760075
1356269443298,10.378705,4.903325,-0.6946377
1356269443338,12.299174,5.175732,0.88532263
1356269443377,13.252599,5.8976107,3.568531
1356269443418,13.906375,2.4108016,4.099725
1356269443458,9.956474,3.0645783,1.7570249
1356269443498,10.079058,9.275456,-1.7570249
1356269443538,12.9529505,9.275456,1.334794
1356269443578,10.800936,5.053149,1.607201
1356269443618,6.932757,3.214402,0.23154591
1356269443658,2.1111538,3.2961242,-0.29964766
1356269443698,5.938472,1.2258313,-0.0
1356269443737,1.4165162,5.09401,0.040861044
1356269443778,3.1463003,4.440233,1.3756552
1356269443818,9.384419,3.568531,5.284695
1356269443858,19.313654,-3.0237172,11.75436
1356269443898,10.56939,2.8330324,4.372132
1356269443938,11.604536,6.6331096,1.1441092
1356269443984,9.425281,9.697687,-2.4925237
1356269444017,1.4165162,4.671779,7.082581
1356269444058,10.528529,7.3549876,-8.308413
1356269444098,11.985906,2.3018389,3.8681788
1356269444137,5.5571017,2.8738933,-0.08172209
1356269444178,5.366417,5.597963,0.50395286
1356269444218,9.534244,2.3699405,1.1168685
1356269444258,8.853226,1.8387469,1.4573772
1356269444298,8.771504,4.440233,1.1441092
1356269444338,11.604536,4.5219555,-0.23154591
1356269444378,12.258313,4.8216033,3.0237172
1356269444418,13.988097,3.990762,4.2086873
1356269444458,12.871228,2.3699405,3.405087
1356269444498,8.689782,7.668256,-1.334794
1356269444538,13.102775,11.604536,0.14982383
1356269444578,12.4489975,8.008764,2.7921712
1356269444618,8.076866,3.759216,-0.3405087
1356269444658,2.6014864,2.7921712,0.19068487
1356269444702,6.2108784,0.10896278,-0.53119355
1356269444738,1.3756552,4.862464,-0.29964766
1356269444778,1.5390993,5.706926,0.50395286
1356269444818,6.0882955,3.8273177,2.6014864
1356269444857,15.745122,-0.19068487,11.032481
1356269444898,16.126492,-0.38136974,6.8237944
1356269444938,7.3549876,3.718355,2.2201166
1356269444978,12.489859,9.084772,1.1849703
1356269445017,9.343558,8.008764,-0.95342433
1356269445057,1.6480621,3.0645783,3.7864566
1356269445098,13.252599,6.4015636,-4.372132
1356269445138,10.841797,2.5606253,3.2961242
1356269445178,5.6252036,4.0588636,0.23154591
1356269445218,6.0474343,5.597963,0.27240697
1356269445258,9.112013,2.7921712,1.3075534
1356269445298,8.921328,1.4573772,-0.27240697
1356269445338,8.962189,3.568531,2.2201166
1356269445377,11.073342,3.636633,-0.23154591
1356269445418,12.026767,6.4424243,2.0294318
1356269445458,13.143636,6.0201936,4.2495484
1356269445498,14.1787815,1.7978859,4.0180025
1356269445538,8.894087,4.372132,1.1168685
1356269445578,11.836082,10.501288,-2.3018389
1356269445618,14.137921,7.1234417,3.0237172
1356269445658,10.079058,4.0180025,-0.08172209
1356269445698,2.4516625,4.2086873,0.313268
1356269445738,4.2904096,1.0351465,-0.19068487
1356269445778,3.9499009,2.6832085,-0.27240697
1356269445818,1.3075534,5.407278,-0.040861044
1356269445858,4.2495484,4.630918,2.1792557
1356269445898,14.818938,2.6832085,10.079058
1356269445938,18.891422,-3.255263,10.18802
1356269445978,5.8567495,4.6036777,2.6423476
1356269446018,11.985906,6.973618,0.14982383
1356269446058,10.269742,5.9793324,-2.2609777
1356269446098,1.2258313,5.5162406,6.2789803
1356269446138,12.217452,6.510526,-6.742072
1356269446177,12.9529505,1.5390993,3.718355
1356269446218,5.7477865,2.8330324,0.50395286
1356269446258,4.671779,6.782933,-0.42223078
1356269446298,8.662541,3.255263,0.95342433
1356269446338,8.430995,2.5333846,0.46309182
1356269446378,9.152874,4.140586,1.7570249
1356269446418,11.727119,4.0180025,-0.9125633
1356269446458,11.917805,5.597963,2.2201166
1356269446498,13.184497,6.0882955,3.0645783
1356269446538,14.1787815,3.214402,3.5957718
1356269446578,8.308413,4.5628166,2.2201166
1356269446618,10.61025,9.697687,-2.4925237
1356269446658,13.756551,6.891896,3.1054392
1356269446698,9.915613,5.5162406,0.23154591
1356269446738,2.2201166,5.243834,-0.040861044
1356269446778,7.014479,0.0,0.38136974
1356269446818,3.8273177,3.3778462,-0.19068487
1356269446858,1.7570249,4.862464,-0.0
1356269446898,3.9499009,3.8273177,2.0294318
1356269446938,11.536434,1.9885708,6.66035
1356269446978,19.272793,-1.920469,12.571581
1356269447018,8.894087,3.5276701,4.4810944
1356269447058,11.604536,8.580819,1.2666923
1356269447098,7.6954966,6.891896,-0.9125633
1356269447138,2.982856,4.5628166,2.5606253
1356269447178,13.252599,6.0474343,-4.399372
1356269447218,11.34575,2.152015,2.8738933
1356269447257,5.175732,2.7921712,0.08172209
1356269447298,5.366417,5.8567495,-0.27240697
1356269447338,9.847511,1.879608,1.7297841
1356269447378,8.117727,2.4108016,0.6537767
1356269447418,8.921328,4.3312707,1.3075534
1356269447458,11.304889,4.5628166,-1.0760075
1356269447498,11.686258,5.597963,1.6480621
1356269447538,12.680544,5.366417,4.0588636
1356269447578,13.0619135,2.2609777,3.173541
1356269447618,10.378705,3.2961242,1.7297841
1356269447658,11.141444,11.604536,-1.6889231
1356269447697,13.375181,7.8861814,2.4925237
1356269447738,11.032481,4.944186,1.56634
1356269447778,3.336985,4.671779,-0.6537767
1356269447818,4.5219555,1.6889231,0.10896278
1356269447858,5.09401,1.6889231,0.08172209
1356269447898,1.1441092,5.325556,-0.29964766
1356269447938,3.0645783,4.372132,1.4982382
1356269447979,10.460427,4.2904096,5.47538
1356269448018,19.313654,-2.7240696,13.443283
1356269448057,9.724928,2.1111538,3.990762
1356269448098,8.19945,4.630918,1.6889231
1356269448138,12.9529505,10.337844,-2.982856
1356269448178,1.7297841,3.0645783,6.469665
1356269448218,12.067628,7.504812,-7.3958488
1356269448258,12.176591,2.9556155,3.2961242
1356269448298,6.0201936,2.7921712,0.040861044
1356269448338,5.325556,6.0882955,-0.46309182
1356269448378,9.043911,3.3778462,0.88532263
1356269448418,8.689782,1.879608,0.88532263
1356269448458,9.152874,3.6774938,1.5390993
1356269448498,10.991621,3.9090397,-1.0760075
1356269448538,11.34575,5.5162406,1.920469
1356269448578,12.108489,5.8976107,3.9499009
1356269448618,12.980191,2.3699405,3.9090397
1356269448658,9.915613,3.214402,1.6480621
1356269448698,11.958665,11.34575,-2.7513103
1356269448738,14.015338,7.668256,2.7240696
1356269448778,12.026767,4.0588636,2.3018389
1356269448818,4.862464,4.440233,-0.42223078
1356269448858,2.5333846,3.1054392,-0.38136974
1356269448898,5.8976107,1.0351465,0.08172209
1356269448938,1.334794,5.407278,-0.14982383
1356269448979,3.5276701,4.2904096,1.2666923
1356269449018,7.8180795,3.336985,3.5957718
1356269449057,17.883516,-1.1849703,13.402422
1356269449097,12.762266,0.6946377,5.366417
1356269449138,9.00305,5.8976107,2.4925237
1356269449178,13.443283,8.894087,-3.8273177
1356269449218,0.6537767,4.7535014,6.6331096
1356269449258,11.413852,7.8180795,-8.689782
1356269449298,11.727119,2.9147544,3.214402
1356269449338,5.829509,3.0237172,-0.19068487
1356269449378,5.134871,4.944186,0.27240697
1356269449417,8.62168,3.2961242,0.7627395
1356269449458,8.539958,2.070293,0.8036005
1356269449498,9.00305,3.759216,1.879608
1356269449538,10.56939,3.5957718,-0.6946377
1356269449578,11.985906,5.7886477,1.1441092
1356269449618,12.789507,5.597963,3.0237172
1356269449658,15.554437,3.6774938,2.8330324
1356269449699,9.507003,3.718355,3.9499009
1356269449748,9.724928,9.956474,-3.3642259
1356269449788,14.601013,7.1234417,4.140586
1356269449828,9.275456,6.3198414,-0.42223078
1356269449868,2.9147544,4.2904096,-0.50395286
1356269449908,5.325556,0.84446156,0.27240697
1356269449968,4.6036777,2.3426998,-0.23154591
1356269449987,1.2666923,5.325556,-0.0
1356269450028,3.173541,3.7864566,1.607201
1356269450067,11.304889,3.3778462,7.3958488
1356269450107,19.272793,-2.2201166,11.34575
1356269450148,7.504812,3.5276701,4.099725
1356269450188,8.894087,5.09401,1.607201
1356269450228,13.715691,11.073342,-1.1849703
1356269450268,1.879608,2.5333846,6.973618
1356269450308,11.454713,6.4424243,-8.539958
1356269450348,10.923519,3.759216,2.9147544
1356269450388,5.7886477,3.1054392,1.2258313
1356269450427,5.284695,5.7477865,-0.23154591
1356269450468,9.043911,3.336985,0.7218784
1356269450508,8.962189,1.607201,1.2258313
1356269450547,8.580819,3.8681788,1.4982382
1356269450588,9.915613,5.243834,-0.42223078
1356269450628,11.958665,5.407278,1.607201
1356269450668,12.340035,4.944186,3.9090397
1356269450708,13.565866,2.5333846,3.636633
1356269450748,10.651112,3.8273177,2.3426998
1356269450788,10.56939,10.800936,-1.525479
1356269450828,13.375181,8.430995,1.2666923
1356269450868,11.645397,5.053149,2.0294318
1356269450908,6.701211,3.5276701,-0.3405087
1356269450967,1.56634,4.399372,-0.29964766
1356269450988,6.851035,0.10896278,-0.08172209
1356269451028,1.7978859,4.903325,-0.29964766
1356269451067,1.7297841,5.597963,0.46309182
1356269451097,5.938472,4.1814466,2.7649305
1356269451138,14.437569,2.2201166,10.691973
1356269451178,17.733692,-2.2201166,9.152874
1356269451218,5.243834,4.671779,2.4108016
1356269451258,13.525005,9.915613,0.53119355
1356269451298,6.0201936,5.012288,0.9942854
1356269451338,3.8681788,5.325556,0.5720546
1356269451378,13.33432,5.829509,-3.1054392
1356269451418,10.800936,2.1111538,3.0237172
1356269451458,4.2086873,4.399372,-0.23154591
1356269451498,6.66035,5.47538,-0.08172209
1356269451538,9.575105,2.2609777,1.4165162
1356269451578,8.430995,2.6423476,0.3405087
1356269451618,9.112013,4.099725,1.7978859
1356269451658,10.800936,3.718355,-1.1849703
1356269451698,11.75436,6.3198414,1.2666923
1356269451738,12.762266,6.2789803,3.405087
1356269451777,14.560152,2.9147544,3.214402
1356269451818,8.962189,3.214402,2.2609777
1356269451858,9.847511,10.147159,-1.920469
1356269451898,14.47843,7.504812,1.9477097
1356269451937,11.686258,5.597963,1.3075534
1356269451978,5.6660647,4.399372,-0.29964766
1356269452018,1.3756552,4.140586,0.08172209
1356269452057,6.6331096,0.313268,0.08172209
1356269452098,1.4165162,5.243834,-0.10896278
1356269452138,2.982856,5.134871,0.95342433
1356269452178,7.6273947,4.3312707,3.1054392
1356269452218,18.496431,-3.336985,13.184497
1356269452258,11.264028,0.38136974,5.2165933
1356269452298,5.8567495,5.325556,-0.53119355
1356269452338,12.789507,10.269742,-0.61291564
1356269452378,2.6832085,3.8273177,6.5513873
1356269452418,10.038197,6.5922484,-7.8861814
1356269452458,12.108489,4.372132,2.982856
1356269452498,7.4639506,1.879608,0.50395286
1356269452538,4.9850473,5.2165933,0.27240697
1356269452578,8.471856,3.568531,1.0760075
1356269452618,8.812365,2.3426998,0.84446156
1356269452658,8.499097,3.8681788,1.1168685
1356269452698,9.384419,5.09401,-0.27240697
1356269452738,11.495573,5.243834,0.14982383
1356269452777,12.026767,5.6660647,1.6480621
1356269452818,12.340035,4.7535014,4.7126403
1356269452858,11.223166,2.1111538,2.6014864
1356269452898,10.079058,6.510526,-0.0
1356269452937,12.721405,12.340035,-0.6946377
1356269452978,12.489859,6.6331096,4.399372
1356269453018,8.662541,4.2086873,-0.38136974
1356269453058,1.3756552,4.862464,-0.5720546
1356269453098,6.238119,-0.5720546,-0.23154591
1356269453137,3.336985,3.1463003,0.08172209
1356269453178,2.2201166,4.8216033,-0.0
1356269453218,5.8567495,3.255263,2.2609777
1356269453258,15.554437,0.5720546,11.876944
1356269453298,17.474907,-1.2666923,8.580819
1356269453338,8.471856,5.407278,4.5219555
1356269453377,15.5135765,8.853226,-1.9885708
1356269453418,0.14982383,5.7477865,7.1234417
1356269453457,8.921328,5.325556,-7.6954966
1356269453498,13.252599,4.7126403,1.4573772
1356269453538,8.049625,2.3018389,1.5390993
1356269453578,4.1814466,5.6660647,-0.84446156
1356269453618,8.117727,4.099725,0.46309182
1356269453658,9.112013,2.2201166,1.3756552
1356269453698,8.390134,3.718355,1.334794
1356269453738,9.615966,4.8216033,0.23154591
1356269453778,11.876944,4.8216033,0.61291564
1356269453817,11.34575,6.1291566,2.0294318
1356269453858,13.484144,4.2086873,3.445948
1356269453898,11.958665,2.8738933,2.8330324
