1356269252560,0.0,0.0,0.0
1356269252600,-0.040830135,-0.02722168,-0.58523506
1356269252640,2.193451E-4,-0.34009647,0.03035292
1356269252681,-0.040100813,-0.29710102,-0.1122037
1356269252720,-0.07983565,-0.1409111,-0.20823658
1356269252780,0.0038745403,-0.16905689,0.06816006
1356269252801,0.034056902,0.040533066,0.21045032
1356269252840,-0.22100377,0.10426998,-0.2749269
1356269252877,-0.1755724,-0.17241478,-0.25998557
1356269252920,-0.10111427,-0.08453274,0.59554255
1356269252960,-0.32339215,0.2029686,0.5207524
1356269253000,-0.35080576,0.2129221,0.4113895
1356269253039,-0.35919476,0.2168045,0.4399806
1356269253079,-0.33367848,0.32217216,0.18174884
1356269253119,-0.30126286,0.2013073,-0.1298678
1356269253159,-0.26265097,0.07227135,-0.2847425
1356269253200,-0.110957384,-0.18534184,-0.28738356
1356269253239,-0.06716442,-0.21295452,0.061745524
1356269253279,0.09660697,-0.004907608,0.045563072
1356269253320,0.28104687,-0.060667038,-0.7176808
1356269253360,0.45492554,-0.37855434,-1.39872
1356269253400,0.7776296,-0.6043472,-1.5180918
1356269253440,2.1022196,-0.8052883,-2.2661176
1356269253504,1.5328164,-0.7062273,-1.956004
1356269253522,0.6821096,-0.04672146,-0.8537066
1356269253562,1.6439414,-0.5168276,-0.82643795
1356269253601,1.3047214,-0.6780033,-1.0847025
1356269253629,0.4327891,-0.37996674,-0.5521122
1356269253670,-0.7736995,0.11173725,0.5250054
1356269253710,-0.75150585,0.17849064,1.1176748
1356269253750,-0.16853333,0.07233715,1.5451704
1356269253790,0.013933659,-0.22608566,1.1894783
1356269253831,-0.06392193,-0.20064545,-0.14880383
1356269253870,0.28302908,0.7370796,-0.9095597
1356269253910,0.28804684,3.5683165,-0.20840073
1356269253950,0.8580804,4.3847027,1.4149253
1356269253990,3.4171896,1.9598951,1.9785035
1356269254030,2.4397326,0.0418272,2.1334326
1356269254070,-0.08086014,-1.0370207,1.5473515
1356269254110,-1.058414,-0.42063236,-0.5477585
1356269254150,0.114982605,2.6904612,-0.6134945
1356269254190,-1.4098496,1.5315342,2.3466294
1356269254230,-3.3861241,-1.1582594,-0.28438628
1356269254270,1.3411684,-3.1947303,0.32866377
1356269254310,-1.7881558,-4.7470317,0.37491304
1356269254350,-5.0173264,-6.110485,-1.0424577
1356269254390,-5.1670527,-6.629428,0.1245178
1356269254430,-1.9704416,-6.142812,1.9971273
1356269254503,4.787696,1.2283745,8.220572
1356269254511,7.166671,4.803152,7.1724305
1356269254550,4.0578136,1.6620874,4.1609
1356269254590,1.647207,3.9635043,0.63407993
1356269254630,-0.2430222,3.9900923,-7.24076
1356269254670,-8.855492,-2.3099723,7.835561
1356269254715,3.6102948,4.0315967,-10.754135
1356269254750,2.2769265,2.3935647,0.16911554
1356269254790,1.290524,-1.2080784,-2.3638942
1356269254830,-4.338393,-2.2952633,-4.180535
1356269254870,-2.7095275,-0.7082033,-2.0935068
1356269254910,0.43302488,-1.6500311,-2.427714
1356269254950,-0.1305418,-0.36823273,-0.86264235
1356269254990,1.8721697,2.7605124,-1.987168
1356269255030,1.2692754,4.4641533,1.3438919
1356269255070,4.678357,4.028448,2.8384342
1356269255110,3.1655376,0.47917175,0.90888005
1356269255150,1.0878227,4.1362877,-3.0229487
1356269255190,-0.41040945,9.040708,-1.478985
1356269255230,-0.082508564,2.8943567,0.9300106
1356269255270,-2.621059,-2.8657508,-1.6818491
1356269255310,-1.7637098,-7.629651,-1.2172182
1356269255350,-2.8779194,-8.462658,-0.6965325
1356269255390,-7.970825,-7.8756638,-1.8574563
1356269255430,-7.522684,-7.1423683,-0.29105988
1356269255503,-0.08735037,-0.93518925,5.4384637
1356269255511,13.711611,7.196657,12.806017
1356269255550,1.3673697,0.0039405823,4.815622
1356269255590,1.1376133,-1.2137351,-0.90913886
1356269255630,-2.4828994,8.988463,-4.351503
1356269255670,-4.9891005,-2.8304405,8.131155
1356269255728,4.137392,3.2030668,-9.301134
1356269255750,4.752413,3.4342823,1.4715075
1356269255790,-0.5237632,-3.708005,-2.6150243
1356269255828,-4.0726967,-2.4830213,-2.2695754
1356269255870,-0.8029649,-1.366785,-1.9514401
1356269255910,-0.027365446,-2.3923006,-2.47603
1356269255950,0.9175291,1.1794949,-1.8795979
1356269255990,1.0661755,3.662714,-0.11662042
1356269256030,3.4344518,4.6928587,1.269916
1356269256070,4.3922806,1.4407454,2.9276
1356269256110,1.1121473,0.28608227,-2.0929484
1356269256149,0.5670693,7.314969,-3.1994286
1356269256190,-1.1348896,6.8151894,1.4256868
1356269256230,0.01727438,-0.2412014,-1.1108493
1356269256270,-3.3814094,-5.415307,-0.9934323
1356269256310,-1.2657573,-7.7038317,-0.78945935
1356269256350,-4.954541,-7.3565083,-1.0876908
1356269256390,-7.2697845,-6.979308,-0.9453237
1356269256430,-3.2750864,-5.213468,2.4102628
1356269256499,5.9217486,1.6524954,11.51507
1356269256521,7.090534,3.483284,6.282492
1356269256561,1.117986,-1.9285774,4.2709136
1356269256602,0.97099423,5.141615,-4.9322577
1356269256642,-2.6914265,3.292654,3.2812004
1356269256682,-2.6305258,-2.1010652,-4.8320236
1356269256721,4.723369,4.701499,-6.77833
1356269256761,3.7275977,1.047718,1.7967439
1356269256802,-3.5185106,-3.9936795,-4.3176384
1356269256842,-4.303247,-0.3063717,-3.3645558
1356269256881,0.822772,-1.6651087,-2.517359
1356269256922,-0.28901196,-1.7914124,-1.4426686
1356269256961,0.5622797,2.5035162,-1.5798862
1356269257002,1.780746,2.721633,-0.34627098
1356269257041,3.4157586,3.6359186,2.630851
1356269257081,3.9041896,2.6774483,1.1134033
1356269257120,-1.171648,3.5423822,0.24750358
1356269257160,-1.5235744,7.9445133,-3.4400847
1356269257200,1.1991434,5.5770607,3.153956
1356269257240,-3.3376172,-1.1461496,-1.6589917
1356269257280,-2.3581707,-7.5548487,-0.63789415
1356269257320,-0.4788437,-8.52718,-0.7025006
1356269257360,-6.9618416,-7.65674,-1.8742263
1356269257400,-6.9767694,-7.5024333,-0.75074816
1356269257440,-0.755496,-2.7691813,3.8379784
1356269257500,12.748529,4.3926315,12.622354
1356269257521,6.859289,1.7466679,7.7738776
1356269257561,2.2614634,3.8200197,1.9064432
1356269257602,0.33051753,3.6013012,-8.321695
1356269257641,-10.057417,-2.7688146,7.7544184
1356269257681,3.537921,4.1078815,-12.157526
1356269257721,3.6294603,2.5957975,0.58526564
1356269257760,0.40858078,-3.0238905,-1.7545527
1356269257800,-5.3332577,-3.3154516,-2.5128899
1356269257840,-0.60691214,-0.8702059,-1.3091028
1356269257880,0.23504496,-2.1084967,-1.8840927
1356269257920,-0.29522133,-0.74419975,-2.0740175
1356269257960,0.91829824,2.6651354,-1.9774244
1356269258000,1.7222342,3.149662,0.11137086
1356269258040,4.523692,3.9793692,2.2056863
1356269258080,2.1424463,2.1169329,1.8695753
1356269258120,-3.651229,3.3106117,-3.7245076
1356269258160,-0.09477806,7.354765,0.43615168
1356269258200,-0.9233804,4.0034437,0.5554812
1356269258240,-3.348599,-3.3155894,-1.8161143
1356269258280,-0.77063036,-7.668021,0.30880696
1356269258320,-2.5226827,-7.9120097,-0.6936458
1356269258360,-7.584061,-7.394333,-1.1372211
1356269258400,-5.668647,-6.04671,0.24406525
1356269258440,2.3043337,-0.064683914,6.204413
1356269258500,14.042516,3.4448614,12.114173
1356269258522,4.144566,1.3865108,6.6007094
1356269258561,0.78861666,-0.48185062,0.37453324
1356269258601,-0.8813479,8.615423,-4.388091
1356269258640,-5.4658976,-2.690043,7.9855676
1356269258680,2.1950128,2.2679062,-12.716509
1356269258718,2.8647003,3.6139078,-0.20376348
1356269258760,-0.019445896,-2.58152,-1.4086132
1356269258800,-5.298132,-2.9531965,-4.4633374
1356269258841,-0.94473505,-0.561821,-2.7391012
1356269258880,0.7999625,-2.432487,-1.7236959
1356269258920,-0.048458576,-0.35890865,-0.69479907
1356269258960,1.212111,2.4490738,-3.4013596
1356269259000,0.65112686,3.2459078,0.8574176
1356269259040,2.4482064,3.8887062,2.587504
1356269259080,3.3167293,1.0298824,1.5096546
1356269259120,-0.4395392,2.8738852,-1.5710644
1356269259160,-0.98776627,8.057844,-2.444069
1356269259199,0.52041817,3.7863436,2.1318758
1356269259240,-2.055317,-1.6187248,-1.9207237
1356269259280,-4.320797,-7.550067,-0.62917525
1356269259320,0.43919086,-7.870537,-0.50786453
1356269259360,-6.6117487,-7.2232313,-1.6397074
1356269259400,-6.350838,-6.6633625,-0.24969915
1356269259440,-0.7856667,-2.3040123,3.625557
1356269259498,11.331126,4.2535915,13.327602
1356269259521,6.529598,1.1444063,5.867605
1356269259562,1.0533202,1.9863119,1.1685882
1356269259602,-0.8354511,6.5994263,-4.6964145
1356269259642,-6.4281015,-3.8313584,6.490046
1356269259681,3.2337444,4.296443,-12.633611
1356269259720,2.4607086,2.8157892,1.7191298
1356269259760,-0.77675605,-3.9677725,-3.4719515
1356269259800,-4.400093,-2.7233548,-3.2261095
1356269259840,0.056812286,-0.63106155,-1.7553005
1356269259880,1.0228653,-2.0971918,-0.51679826
1356269259920,-0.5894487,0.5349407,-2.5119467
1356269259960,0.6742499,2.1531782,-0.8919972
1356269260000,1.7912982,3.3676805,-0.06841296
1356269260040,4.6450586,3.977272,2.294514
1356269260080,1.8981919,1.7408733,2.3838813
1356269260121,-3.9535296,2.4964247,-3.9174592
1356269260160,1.1325235,6.9707794,0.73797274
1356269260200,-0.89628816,3.6099586,1.1864991
1356269260240,-2.9024239,-4.131572,-2.4757533
1356269260280,-0.7858901,-7.2927666,0.527613
1356269260320,-2.640664,-7.3960676,-0.8423
1356269260360,-6.6574116,-7.3226237,-1.2629105
1356269260400,-5.308927,-6.4166164,0.07014525
1356269260440,1.8081422,0.3184538,7.3396387
1356269260497,13.846435,5.186802,13.59364
1356269260521,2.1300986,-0.027093887,5.1731253
1356269260561,1.5362039,1.2888031,1.1721752
1356269260601,-2.2209954,7.018031,-7.2603407
1356269260641,-5.543752,-3.3025022,3.9689717
1356269260681,4.220998,4.0273075,-9.011162
1356269260721,1.8115108,2.1241388,0.29526782
1356269260760,-2.4329515,-2.2682676,-2.4906466
1356269260800,-3.3108766,-2.4867067,-3.166295
1356269260840,0.013703823,-1.6094408,-2.2075787
1356269260880,0.119475365,-1.8574314,-0.97323513
1356269260920,0.50211143,-0.39334202,-1.4544168
1356269260960,1.2593329,1.7501965,-2.5165749
1356269261000,0.31822538,4.0191784,0.3313496
1356269261040,4.547655,3.571168,2.010562
1356269261080,3.1445503,1.6744862,1.8334763
1356269261120,-1.5014145,1.7914162,-2.5862617
1356269261160,0.0126366615,6.676488,-1.8175316
1356269261200,0.90078926,3.0488024,1.355793
1356269261240,-2.3945162,-1.9309902,-2.5016387
1356269261280,-2.4328728,-7.0082636,-0.10542372
1356269261320,-0.55252075,-6.839478,-0.6319077
1356269261361,-6.835575,-6.5076647,-1.2977269
1356269261400,-7.1000605,-6.257792,0.31596905
1356269261440,-1.6412389,-1.9710579,3.7987719
1356269261495,11.864727,5.6323338,12.454304
1356269261530,1.3186741,-0.19391537,3.2182813
1356269261567,0.9254184,3.5980053,-1.7709253
1356269261598,-0.92928565,6.806078,-1.9859807
1356269261640,-6.270433,-3.3699236,7.1129
1356269261680,1.618185,3.4222355,-10.821273
1356269261720,1.0725298,2.389823,0.32253647
1356269261760,-0.26126575,-2.663013,-2.6158352
1356269261800,-2.9078777,-2.5439372,-3.3064966
1356269261840,1.1508493,-1.0970402,-2.5973501
1356269261880,2.8151994,-2.428975,-1.7139417
1356269261920,0.52691364,-0.8211765,-0.1861881
1356269261960,2.0468805,0.77205753,-4.2372775
1356269262000,-0.09513283,3.8572483,0.24271286
1356269262040,1.4719758,3.9888554,1.1645958
1356269262080,4.805812,1.9430447,1.7433952
1356269262120,0.65035963,-0.11808109,-0.15673253
1356269262160,-2.271799,5.1891394,-3.304972
1356269262200,1.1964478,6.1693563,1.6906691
1356269262240,-0.63310623,1.0042057,-0.1264198
1356269262280,-4.782777,-5.5202837,-1.5333377
1356269262320,-1.1568956,-7.3272705,-0.60224044
1356269262360,-3.0240412,-7.086304,-0.41013053
1356269262400,-6.9263115,-6.9278774,-0.25524157
1356269262440,-2.455776,-4.4927416,2.4852223
1356269262497,5.825363,2.0097914,10.466975
1356269262522,9.484698,3.506998,8.726268
1356269262561,1.3229055,0.19190311,4.391248
1356269262601,1.2440801,6.7638903,-1.2430716
1356269262641,-3.6240711,-0.15008926,-1.5735021
1356269262682,-3.2962024,-1.2905669,-2.0906146
1356269262721,4.1096735,4.26087,-6.537899
1356269262761,2.072,1.1913671,0.44349122
1356269262801,-2.604179,-3.7383785,-4.2195244
1356269262842,-3.530914,-1.2424889,-2.8380542
1356269262881,0.6432843,-1.6552839,-1.8187542
1356269262921,-0.44206262,-1.875772,-1.4058986
1356269262960,0.7990999,0.5744858,-1.5908777
1356269263000,1.3908625,2.2929983,-1.5118537
1356269263040,0.13535547,3.6580505,2.067894
1356269263080,2.9646094,1.8022413,3.1224751
1356269263120,2.9769359,0.48892212,-0.47363222
1356269263160,-0.4137528,6.674164,-3.6907713
1356269263200,-1.401212,7.8449326,1.2758136
1356269263240,1.5448222,2.2513933,0.36849856
1356269263280,-4.6900244,-3.9382677,-2.2300303
1356269263320,-0.54199076,-7.6693983,-0.39150923
1356269263360,-2.5902185,-7.600938,-1.3049102
1356269263400,-7.106827,-7.33308,-1.380858
1356269263440,-5.5624447,-5.875258,0.67177784
1356269263498,-0.043828487,-1.013279,4.916497
1356269263521,11.5544,4.7126045,13.484949
1356269263561,4.361177,1.622899,5.270625
1356269263601,1.2642493,-1.0475588,1.034456
1356269263641,-0.30194378,8.188402,-5.0067043
1356269263681,-5.647605,-1.474391,8.648963
1356269263720,0.3557942,1.2742071,-11.580506
1356269263760,2.7492647,3.7893953,-0.52743423
1356269263800,0.18224573,-2.3316655,-2.0907483
1356269263840,-4.4759665,-2.5592709,-3.4961278
1356269263880,-0.6166258,-0.93410397,-2.905211
1356269263920,1.7195156,-2.236514,-2.5181224
1356269263960,0.9069493,-0.20893097,-0.2596438
1356269264000,1.8346181,1.599122,-3.0207567
1356269264040,1.0489204,3.2776098,0.57964325
1356269264080,3.034846,3.5414648,2.2830653
1356269264120,3.8343215,0.4221325,2.1889117
1356269264160,-0.3212707,0.98232365,-1.8826351
1356269264200,-1.1944282,8.591293,-2.6985452
1356269264240,-0.33963704,4.715391,2.7070868
1356269264280,-0.9432931,-1.195509,-1.3748617
1356269264320,-4.3029194,-6.8365192,-0.71573246
1356269264378,0.621542,-7.127692,-0.6074128
1356269264400,-4.978289,-7.101337,-1.1055079
1356269264440,-6.7970448,-6.5964894,-0.8420023
1356269264478,-3.311329,-4.021147,2.3161697
1356269264507,6.9076996,3.2942657,11.198004
1356269264550,11.489579,3.4774208,9.894617
1356269264590,1.0001469,1.695281,3.7025506
1356269264630,4.414124,5.564293,-4.1651497
1356269264670,-9.202861,-2.8541856,3.290421
1356269264710,-2.9309344,1.1583776,-10.484814
1356269264750,3.895805,5.299123,-1.4410944
1356269264790,3.7032716,-0.18645763,-1.782237
1356269264830,-3.9481444,-4.289002,-4.1290317
1356269264870,-4.6874723,-0.76291466,-1.939851
1356269264910,-0.016878605,-1.6394386,-1.700882
1356269264950,-0.18721795,-1.3787117,-0.058609486
1356269264990,0.8201556,1.0764713,-2.4481435
1356269265030,1.506484,2.1810017,0.026419401
1356269265070,2.9499881,3.3310566,1.5086279
1356269265111,4.2012224,2.695878,2.8059163
1356269265150,0.6039226,0.9636688,0.18432724
1356269265190,-2.8932686,6.3320646,-3.5755613
1356269265230,-0.3773253,6.9923124,2.7225642
1356269265270,-2.1286376,0.94380665,-0.6064913
1356269265310,-1.7325716,-5.980438,-0.8168795
1356269265350,-0.47998667,-7.508642,-0.24245402
1356269265390,-4.3220043,-7.608999,-1.0216033
1356269265430,-7.0233502,-6.324983,-0.833202
1356269265497,-4.137243,-4.579276,1.1249566
1356269265511,2.6215947,0.004916191,7.3134565
1356269265551,13.6658745,4.0492535,10.721044
1356269265591,1.338047,0.2187767,4.8870854
1356269265631,1.8663969,7.1758146,-4.1321115
1356269265671,-5.2603493,-0.33028412,2.3824227
1356269265711,-3.1864488,-1.0216527,-5.483357
1356269265750,3.9870868,5.5514727,-4.5416875
1356269265790,3.546512,-0.52796173,-0.533916
1356269265830,-3.2132542,-4.4755726,-3.9733284
1356269265870,-2.8504543,-0.5793457,-2.2399406
1356269265910,1.5578418,-1.7760024,-1.8578538
1356269265950,0.43876243,-1.7196264,-0.5088315
1356269265990,0.4888823,1.2037687,-1.972982
1356269266030,1.4038758,2.7026052,-0.54848963
1356269266070,0.7792809,3.9064589,1.579237
1356269266110,3.9685597,2.772872,1.9836986
1356269266150,1.6210718,0.9648733,0.08617194
1356269266190,-2.282489,4.623104,-3.4887788
1356269266230,0.3364482,5.729355,1.2035065
1356269266270,-0.0030274391,2.2161303,-0.3498124
1356269266310,-5.219936,-4.4967055,-2.0087004
1356269266350,0.7288585,-7.256239,0.07829584
1356269266390,-3.6746716,-7.019119,-0.98121357
1356269266430,-7.9450083,-6.4689894,-0.50206304
1356269266494,-4.4734573,-5.814655,1.5315498
1356269266511,2.528609,-0.779727,7.832304
1356269266551,11.586477,5.071762,9.818128
1356269266591,1.5844562,-0.14803219,5.0912886
1356269266631,1.8076468,6.5838137,-0.8723374
1356269266672,-2.4057796,1.0856905,-3.704528
1356269266711,-6.3147926,-2.455676,-0.37951744
1356269266751,3.3022032,5.1044264,-7.811469
1356269266791,4.7891536,2.098074,2.3826852
1356269266830,-0.86661744,-4.3957853,-4.1656046
1356269266870,-3.4440622,-1.197341,-2.1264877
1356269266910,-0.26970863,-0.92135906,-2.1042905
1356269266950,0.19114828,-1.5480919,-1.0164526
1356269266990,0.2555821,1.3111353,-1.4476049
1356269267030,1.9632771,1.9243946,-1.002265
1356269267070,2.0685577,3.231576,1.3824122
1356269267110,4.469672,3.4453382,1.0074351
1356269267150,0.41319203,1.2907219,1.6538093
1356269267190,-3.6601758,4.224122,-4.1612563
1356269267230,0.99050546,7.388242,2.2822819
1356269267280,-1.4850118,2.3611145,-0.27317005
1356269267320,-3.4743257,-6.715193,-0.9490964
1356269267358,-0.015082836,-8.034833,0.1075339
1356269267400,-4.2524548,-7.6894674,-0.9759644
1356269267440,-6.3558846,-6.7543597,-0.09666647
1356269267496,-2.3461127,-4.68613,1.8669438
1356269267531,9.057153,2.3931007,11.818381
1356269267571,8.207493,2.0795517,6.5013847
1356269267611,0.82641864,-0.9881506,1.9635948
1356269267652,-0.41630054,6.8687754,-4.7221465
1356269267691,-3.3287885,0.022237778,5.38256
1356269267731,-1.9472942,-0.4031844,-3.5490103
1356269267761,3.410679,3.9991179,-4.3937254
1356269267800,2.933815,1.2747936,0.351254
1356269267840,-1.7824353,-3.259749,-3.2920418
1356269267880,-3.34411,-1.0638895,-2.877054
1356269267920,1.0451517,-1.5689702,-2.6851542
1356269267960,0.5664773,-1.6453686,-1.7150993
1356269268000,0.04758334,0.66535664,-2.1208446
1356269268040,1.6417546,2.6753778,-1.468903
1356269268080,0.95921946,3.838375,1.533661
1356269268120,3.8139157,2.4696445,2.2838457
1356269268160,2.2936316,0.96552277,-0.5244044
1356269268200,-1.8751051,5.1738405,-4.501622
1356269268240,-1.7484038,6.386181,1.497949
1356269268280,0.50792265,1.1163282,-0.4484632
1356269268320,-3.4838653,-4.700322,-1.4365934
1356269268360,-0.43175292,-7.268549,-0.11151597
1356269268400,-3.1992161,-6.8805723,-0.9987722
1356269268440,-6.9699707,-5.9323144,-0.85407996
1356269268495,-5.239632,-5.097687,0.75422215
1356269268521,0.5743134,-0.32414436,5.936782
1356269268561,13.403168,4.473628,11.082565
1356269268601,1.4774251,-0.7347679,3.095676
1356269268641,1.2587554,4.195941,-1.5823843
1356269268681,-3.3368437,2.3617172,0.5375147
1356269268721,-4.586785,-0.8932042,-1.2795087
1356269268760,3.1001697,4.901396,-5.071146
1356269268800,3.9880736,0.59609795,0.6090293
1356269268840,-3.1584768,-4.0921383,-3.392453
1356269268880,-2.700941,-0.9063616,-2.2857888
1356269268920,1.6433754,-1.4215202,-1.9382266
1356269268960,0.73670936,-1.6277285,-0.6240113
1356269269000,0.59526944,1.0262032,-2.4702559
1356269269040,1.6491742,2.675395,-0.7185378
1356269269080,2.026755,4.159542,0.6555939
1356269269120,4.2745123,2.8946009,2.2350779
1356269269160,1.3957937,-0.57325554,0.7237835
1356269269200,-2.9515648,4.6535587,-3.7705884
1356269269240,0.0787971,6.9572067,1.4704683
1356269269280,-1.0623407,1.3937397,0.18074432
1356269269320,-2.1267276,-5.2231345,-1.4634492
1356269269360,-1.2272689,-6.883258,0.113773674
1356269269400,-2.8711114,-6.963267,-1.1214775
1356269269440,-6.973275,-6.582458,-1.2523153
1356269269494,-5.69384,-4.988439,0.6116502
1356269269531,5.2972684,2.6148853,10.221198
1356269269571,11.542532,3.3563042,9.79173
1356269269611,-0.7195978,0.21079159,2.1896386
1356269269650,0.94781613,7.617917,-3.8106465
1356269269690,-5.192375,-1.2936234,5.3374243
1356269269730,-0.660663,1.1950693,-10.869324
1356269269770,3.4988136,5.0812607,0.046765327
1356269269810,3.2963598,-0.9626131,-0.67201793
1356269269850,-3.4625692,-4.258631,-3.938078
1356269269890,-1.1014762,-0.49559593,-2.0506024
1356269269930,1.0706043,-1.886518,-2.2591913
1356269269970,0.29664516,-0.96943855,-0.5490596
1356269270010,1.415951,1.1847458,-2.8243299
1356269270050,2.3189642,2.7138672,0.2197299
1356269270090,1.5166147,4.0535088,2.3331566
1356269270130,3.761153,1.719017,2.5422387
1356269270171,0.7773988,0.47099972,-0.58631253
1356269270220,-2.9995713,7.051296,-3.144136
1356269270258,-0.31593776,4.76791,2.4468422
1356269270300,-1.5477295,-0.9102316,-1.4509274
1356269270340,-3.4665494,-6.9618444,-0.980636
1356269270380,0.44822502,-7.6937633,-0.6725409
1356269270420,-5.448424,-7.597962,-0.89702046
1356269270460,-6.181125,-6.6694837,-0.4542141
1356269270503,-1.8014255,-3.0745468,2.7585454
1356269270541,6.197589,3.2279463,12.575935
1356269270582,8.547449,3.684822,7.974781
1356269270621,0.24727988,2.8960733,3.172683
1356269270660,2.7672963,5.5789986,-4.2788315
1356269270700,-8.99547,-3.129147,4.2307568
1356269270740,0.4416182,2.6956244,-12.375547
1356269270780,3.7023273,4.280898,1.4086206
1356269270820,2.1657524,-0.6124897,-3.8712742
1356269270860,-3.6342304,-3.6656938,-2.718421
1356269270900,-1.3420756,-1.6939654,-2.4655657
1356269270940,1.9698257,-2.0713754,-2.0705817
1356269270980,-0.6492126,-0.89592934,-0.35917532
1356269271020,1.5417147,0.67778015,-1.9444207
1356269271060,3.350953,2.161008,-0.9504332
1356269271100,1.612581,3.702507,1.9435465
1356269271140,3.9767916,3.696166,1.308074
1356269271180,-0.74201155,1.2293653,0.9434073
1356269271220,-2.9072838,4.043131,-4.366101
1356269271260,0.30300808,6.4997873,2.7345066
1356269271300,-2.3162441,1.8578873,-1.0014825
1356269271340,-4.4356565,-5.590624,-1.1693747
1356269271380,-0.2748971,-7.0986032,-0.6352563
1356269271421,-3.8236406,-7.0563293,-1.0605434
1356269271460,-6.6993217,-6.347862,-0.7231473
1356269271503,-3.479674,-4.804118,1.761025
1356269271541,3.5254893,0.30668163,8.983696
1356269271581,11.484725,3.3525543,9.742033
1356269271621,1.534148,2.174696,4.2320623
1356269271661,1.6944976,6.7614355,-2.4191427
1356269271701,-4.7492037,-3.643382,2.132616
1356269271741,-1.9781795,0.678771,-3.9764144
1356269271781,3.2765913,3.5361938,-3.8201463
1356269271820,3.2986984,-0.28688622,0.046892166
1356269271860,-1.6289201,-3.643763,-3.8444834
1356269271900,-2.7781303,-1.3650303,-2.6138244
1356269271940,0.9935005,-1.1045952,-1.1553179
1356269271980,0.304734,-1.649519,-3.1594286
1356269272020,0.02208805,0.4628973,-1.930457
1356269272060,2.3952374,2.3676376,-2.573907
1356269272100,0.3395338,4.187784,0.81685054
1356269272140,3.4147234,4.0498056,1.3729684
1356269272180,1.5328176,0.9056959,1.3654766
1356269272220,-2.5234377,2.7036629,-3.003134
1356269272260,0.08659339,7.024107,0.008314796
1356269272300,0.7924161,3.6048737,1.0708426
1356269272340,-2.901865,-2.0816717,-1.5520735
1356269272380,-3.7903366,-7.68005,-0.37210202
1356269272420,-0.010340214,-7.6125755,-0.4230076
1356269272460,-6.132559,-6.942153,-0.9157418
1356269272503,-5.970019,-6.1150503,0.7681737
1356269272541,-0.88898206,-2.0273275,3.395043
1356269272581,13.107148,3.4762812,12.501616
1356269272622,3.2727108,0.9519329,5.05399
1356269272661,1.619802,1.7361212,1.1577089
1356269272701,-0.51100206,5.217662,-6.753577
1356269272741,-7.535082,-2.6785789,6.0200853
1356269272780,2.2646008,4.8914003,-11.933966
1356269272820,3.8284872,3.2845688,2.497932
1356269272860,0.2861755,-3.1404862,-3.6005888
1356269272900,-5.0477304,-2.0461411,-2.017887
1356269272940,0.05017543,-0.6743574,-1.5442072
1356269272980,0.6000917,-1.8773913,-1.7624637
1356269273020,-0.63925195,0.07695675,-1.1032337
1356269273060,1.8766139,1.7776613,-2.1709342
1356269273100,1.3443241,3.171054,-0.31543818
1356269273138,2.6033738,3.7503853,3.1592345
1356269273180,3.8368177,0.025470734,1.6944811
1356269273220,-0.614867,1.0103998,-0.65930253
1356269273260,-1.8150115,8.917994,-1.3323337
1356269273301,0.07945967,5.7949743,3.4024267
1356269273340,-2.1990328,-0.83975697,-1.4938604
1356269273380,-3.5747662,-6.809432,-1.1483881
1356269273420,0.088670254,-7.6191235,-0.41052437
1356269273460,-3.955031,-7.818411,-1.1753988
1356269273500,-6.515371,-6.6918526,-0.8943099
1356269273540,-3.5230262,-4.7129927,1.7957878
1356269273580,8.171678,3.819518,11.582473
1356269273620,9.306762,1.4324265,8.224484
1356269273660,2.6489558,-0.9510517,2.900046
1356269273700,-0.3033595,6.230793,-6.8905783
1356269273740,-5.178667,1.278945,7.074199
1356269273780,0.7388866,1.6647215,-9.873267
1356269273820,1.9658446,4.600439,-2.155999
1356269273860,1.2920132,-1.5024056,-0.94196475
1356269273900,-4.3923645,-4.144422,-3.01634
1356269273940,-1.1037164,-0.85642433,-2.4643354
1356269273980,0.75638723,-1.225934,-1.7479341
1356269274020,0.6313536,-0.53874683,-0.97658086
1356269274060,0.7100501,2.6275883,-2.3063393
1356269274100,0.95846367,2.994072,0.77092624
1356269274140,3.1068132,2.7600698,2.3458004
1356269274180,2.9157846,0.6518793,1.3101871
1356269274220,-1.2847426,3.5809574,-1.9638796
1356269274260,-1.6150367,8.45418,-1.3131287
1356269274300,0.49122834,3.861556,1.9906936
1356269274340,-4.3789735,-2.4920535,-2.279099
1356269274380,0.13965273,-7.1507187,0.07464981
1356269274420,-1.8717782,-7.4621377,-0.9515438
1356269274460,-6.440135,-7.344806,-1.259722
1356269274499,-5.458392,-6.5320926,-0.13896464
1356269274540,-0.7159641,-3.6391268,2.8524716
1356269274580,13.026337,5.256733,12.312906
1356269274620,3.0347955,0.7319145,5.6826596
1356269274660,0.12400603,3.836627,-1.0528219
1356269274701,-2.701053,4.582844,-2.9044878
1356269274740,-3.5254653,-2.2777133,2.8412137
1356269274780,3.4871325,4.4078283,-6.6893177
1356269274820,0.8253212,1.2990322,0.6066315
1356269274860,-1.8160744,-3.3910708,-2.507761
1356269274900,-2.9760554,-2.0088487,-2.482324
1356269274940,0.6516714,-1.8274341,-2.5608547
1356269274980,1.2916353,-1.6025486,-0.71118975
1356269275020,-0.191674,0.38308144,-2.7291474
1356269275060,0.7547209,2.9922028,-1.0628223
1356269275100,2.297447,2.8127508,-0.7089563
1356269275140,3.8352375,3.616681,3.327415
1356269275180,3.6389003,0.85014534,0.9355278
1356269275220,-0.0050120354,3.814083,-3.4711971
1356269275260,-0.77159643,8.376862,0.8411257
1356269275300,-0.013606548,2.5822334,0.7309729
1356269275340,-4.115055,-3.7246237,-2.7858918
1356269275380,-1.219933,-7.7501287,-0.06468563
1356269275420,-1.4428337,-7.4992986,-0.6434549
1356269275460,-7.0785456,-6.8239837,-1.3355854
1356269275503,-6.1498156,-6.29209,0.37856698
1356269275541,-1.6979373,-2.314334,3.6838949
1356269275581,13.170249,5.395834,13.334957
1356269275621,3.1665893,0.69783306,6.682897
1356269275661,3.313217,7.2676697,-1.4084122
1356269275701,-4.7995386,-0.43160915,-3.6591938
1356269275739,-4.6522484,-1.2429752,-4.2864375
1356269275780,1.6336114,6.9538918,-2.202553
1356269275820,4.1840763,0.58516216,-0.020619392
1356269275860,-2.08575,-5.099784,-3.7766705
1356269275918,-3.7369635,-1.200407,-2.768064
1356269275940,0.27845192,-0.8723917,-1.5868509
1356269275980,0.11716819,-1.3776083,-0.12210691
1356269276018,0.9007764,1.2632465,-1.4529402
1356269276060,2.3927305,1.8737144,0.09400582
1356269276100,3.0628636,3.739647,3.0250053
1356269276140,3.1384532,0.45304394,2.75407
1356269276180,0.4759922,1.5580816,-2.2290106
1356269276220,-1.1420951,9.205221,-2.264134
1356269276260,-1.4781945,5.4524307,2.2410178
1356269276300,0.6965134,-1.1501961,-1.0130928
1356269276340,-1.9056327,-6.576721,-1.5279168
1356269276380,-0.7679,-8.5072365,-1.0794051
1356269276421,-5.6956363,-7.707554,-1.8446063
1356269276460,-6.952976,-6.325999,-1.0252752
1356269276503,-2.6949012,-2.3053703,2.257768
1356269276541,7.1025605,3.8451595,11.977609
1356269276581,8.458624,3.0175924,7.2970653
1356269276621,-0.5339241,-1.9634042,1.3525467
1356269276661,-1.5354328,8.054127,-5.894632
1356269276701,-3.4692996,1.5874434,7.122542
1356269276741,-0.7398572,-0.68457174,-6.106103
1356269276780,2.3712938,4.147127,-2.9429324
1356269276820,2.2837682,-1.9358001,0.31527376
1356269276860,-4.170508,-3.4765577,-3.895132
1356269276900,-0.7850859,-0.47562218,-2.1694894
1356269276940,2.7171211,-2.6337342,-2.315173
1356269276980,0.45918727,-1.1250801,-0.4822651
1356269277020,1.2674503,0.72431564,-2.9481676
1356269277060,1.0231547,2.9145956,-0.9219346
1356269277100,1.0525978,4.1078577,2.18195
1356269277140,3.756453,2.272809,1.2516527
1356269277180,1.5308442,0.36904907,-0.14664786
1356269277220,-2.9704266,6.851963,-3.552094
1356269277260,0.42344785,6.0504475,2.4019537
1356269277300,-1.0633504,0.6407871,-0.8668581
1356269277340,-4.011093,-5.6742115,-1.6145554
1356269277380,-0.27132583,-7.5446167,-0.06540154
1356269277420,-2.9161775,-7.460045,-0.9302291
1356269277460,-7.1082993,-7.035233,-0.70164615
1356269277503,-3.0423212,-5.418471,1.3521686
1356269277541,3.0180297,0.34006405,6.8614078
1356269277581,14.281489,4.561988,11.226601
1356269277621,1.3658032,-1.3358469,4.24591
1356269277662,0.6019683,6.756818,-4.995757
1356269277701,-3.4424474,0.02292347,2.7460575
1356269277741,-1.7330936,0.2468996,-7.5687513
1356269277781,2.4357548,5.983448,-0.9606214
1356269277820,2.152822,-0.43037987,-0.94968677
1356269277860,-3.7572072,-4.0837827,-3.4787564
1356269277900,-2.8729362,-0.2844,-1.2561842
1356269277940,-0.2111888,-1.8676119,-1.1235483
1356269277980,-0.9591758,-0.7901211,-1.4816628
1356269278020,0.5565758,1.1519508,-2.3791642
1356269278060,1.7486408,2.4864511,-1.2462963
1356269278100,0.53839517,4.594593,2.3267224
1356269278140,4.8881006,1.7867517,0.9780925
1356269278180,1.6712623,-0.70147514,0.8012002
1356269278220,-3.3828049,5.55219,-2.628132
1356269278260,-0.32419991,8.093077,1.6965512
1356269278300,-1.7810503,2.2989607,0.16999213
1356269278340,-1.8168278,-4.3732853,-1.5796378
1356269278380,-1.2844841,-7.5987196,-0.87378836
1356269278420,-1.9616228,-8.203732,-0.7562293
1356269278460,-6.436616,-7.8072853,-1.2802454
1356269278503,-4.1966505,-5.5049148,0.33652848
1356269278541,2.4319334,1.0347424,6.737569
1356269278581,14.528775,4.2525806,13.282578
1356269278621,0.75913334,0.13900757,4.6097684
1356269278661,1.4876645,7.479375,-1.6918533
1356269278700,-2.6469572,-1.5365105,-1.3275652
1356269278740,-3.8344462,-1.2077336,-1.4506016
1356269278780,2.8822172,5.2080154,-4.855749
1356269278820,3.2958026,0.83390903,1.151783
1356269278860,-0.88587403,-4.5170674,-4.5916395
1356269278898,-4.528356,-1.5139213,-2.2742193
1356269278940,-0.319196,-1.0549212,-1.6327127
1356269278980,-0.23729014,-2.0617604,-2.2714643
1356269279020,-0.5005038,0.46363735,-2.194302
1356269279060,1.9982479,1.9729595,-2.883616
1356269279100,0.21923995,4.1787634,0.22865391
1356269279140,2.9068954,4.333132,1.7503247
1356269279180,4.6045647,1.2847128,1.6938117
1356269279220,-1.6864873,1.2865744,-1.8481398
1356269279260,-2.1188848,6.693901,-2.099751
1356269279300,0.14174867,5.0503607,2.2976928
1356269279340,-2.6457553,-1.655076,-1.3929409
1356269279380,-2.704814,-7.1467476,-0.34152198
1356269279420,0.3259697,-7.2911663,-0.25131118
1356269279460,-4.998579,-6.8425746,-0.67529553
1356269279502,-5.397168,-6.409799,0.69317555
1356269279541,-1.9577259,-4.777615,2.5658193
1356269279581,8.387273,2.633339,12.270136
1356269279621,9.596277,2.8719301,7.240575
1356269279661,1.8479748,-1.0972528,1.7632887
1356269279702,-0.76160634,7.7447815,-5.9087625
1356269279740,-5.412033,-1.9280739,8.748731
1356269279780,0.68851995,2.1725101,-12.356639
1356269279820,2.253416,3.7972622,-0.52779067
1356269279860,1.6184037,-1.4972758,-1.7176101
1356269279900,-5.026653,-2.7616467,-3.302176
1356269279940,-2.108584,-0.08672428,-2.6610882
1356269279980,1.795722,-1.661098,-2.2459292
1356269280023,-0.4344864,-0.5965977,-0.16339862
1356269280060,0.8882909,1.1365471,-2.5139952
1356269280100,0.69593406,3.0515137,-1.0955493
1356269280140,1.0051818,3.6950521,1.7249057
1356269280181,4.1311173,2.5173388,1.7014434
1356269280220,0.47964048,0.49656487,-0.55842304
1356269280260,-2.4228215,6.10917,-3.369393
1356269280300,1.0323372,6.367587,2.8426235
1356269280340,-0.76049113,0.9155512,-1.0098909
1356269280380,-3.9293368,-6.082815,-1.3180048
1356269280420,-2.363554,-8.384611,-0.5414484
1356269280460,-1.969672,-6.904703,-0.3806265
1356269280501,-6.6707134,-6.1199846,-0.43404725
1356269280541,-4.0889874,-4.6699085,1.3787824
1356269280581,5.561,1.8525639,10.250279
1356269280621,11.20974,4.102459,9.6412525
1356269280661,-0.15572953,-2.0504813,2.9095302
1356269280701,-1.4819129,7.445711,-4.7859488
1356269280740,-2.94037,1.2417126,4.3165755
1356269280780,0.42355275,0.7197094,-8.665995
1356269280820,2.2234702,3.864643,-1.057078
1356269280860,1.1148207,-0.67588234,-1.1617583
1356269280900,-3.8939404,-3.2391114,-3.49511
1356269280940,-1.1318676,-0.75014305,-2.467665
1356269280980,2.3156917,-1.6632328,-1.5174046
1356269281020,0.43704534,-1.1454039,0.015075326
1356269281060,0.6929476,0.41671848,-3.0316646
1356269281100,0.44364715,2.23003,-0.25350124
1356269281140,1.3233473,3.3083868,0.360712
1356269281180,3.6160574,3.4000921,2.264083
1356269281220,2.0518336,0.042583466,1.2176191
1356269281260,-3.129322,3.801752,-2.5279746
1356269281300,1.1737494,5.683429,0.8033644
1356269281340,-0.15828323,2.36619,0.21494432
1356269281380,-3.1501722,-3.9514956,-1.6285203
1356269281421,-2.7586875,-7.4001684,-0.50428945
1356269281460,-0.97412896,-6.8167906,-0.45151246
1356269281501,-6.472131,-6.5127497,-0.7122954
1356269281541,-4.9403057,-5.7191205,0.5637392
1356269281581,-0.1921103,-0.80362415,3.93102
1356269281621,12.841367,4.4802923,12.2640085
1356269281661,3.626494,0.27676964,5.2075167
1356269281700,1.8320446,4.2473516,-0.8350257
1356269281740,0.5964937,3.3185682,-6.713364
1356269281778,-8.49728,-2.078865,5.0805225
1356269281820,2.4864867,5.8055477,-11.255624
1356269281860,3.5069246,2.1719246,3.0273721
1356269281900,0.39861202,-4.4543304,-4.0479164
1356269281940,-4.297344,-1.5853562,-2.1426468
1356269281980,-0.58048034,-1.0497541,-0.9121439
1356269282020,1.1536846,-2.7484035,-1.4127082
1356269282060,-0.61710644,-0.1673584,-1.2572812
1356269282100,1.283915,0.2524948,-2.4889712
1356269282140,0.121846914,2.8381004,-0.6161112
1356269282180,0.66344905,4.0322037,2.2652106
1356269282220,3.993752,2.0813046,1.7855524
1356269282260,2.3613262,-0.41721916,0.81516945
1356269282300,-3.9853365,5.508321,-1.7455336
1356269282340,-0.2264905,6.9701576,1.4988452
1356269282380,-0.38773847,2.7509031,0.88077474
1356269282420,-3.6844807,-3.9645352,-1.7860203
1356269282460,-0.18127632,-6.8042603,0.14165685
1356269282501,-2.5551298,-7.177435,-0.48040482
1356269282541,-6.568755,-7.1081553,-1.1325558
1356269282582,-4.9721227,-6.211043,0.06903553
1356269282621,1.8295023,-1.1003952,5.266681
1356269282662,14.517376,4.938779,12.692042
1356269282701,1.5010681,-0.2406416,4.7482843
1356269282741,1.1653585,4.0652924,-1.0399456
1356269282781,-1.2171342,3.368846,-4.4843564
1356269282821,-5.638405,-2.4384093,3.3354988
1356269282860,2.9252825,4.8712025,-9.557326
1356269282900,2.848401,1.9116373,0.794811
1356269282940,-0.8265233,-3.3717456,-3.862267
1356269282980,-3.6953356,-1.3539004,-2.5890238
1356269283020,-0.23368478,-0.73820305,-1.8594859
1356269283060,0.54057026,-2.359736,-1.5965614
1356269283100,-0.26833892,-0.29337025,-1.241879
1356269283140,1.872298,1.1344261,-2.0968914
1356269283180,0.91822267,3.6933956,0.71090853
1356269283220,3.085583,3.7199612,3.7876632
1356269283260,4.0821867,1.0177431,2.5560215
1356269283300,-0.7873125,3.1063633,-2.0848877
1356269283340,-1.2766902,7.6550283,-1.0461887
1356269283380,0.83829045,3.0607777,2.688887
1356269283420,-0.7274165,-1.8613176,-0.55837965
1356269283460,-5.4352727,-7.1264915,-2.196599
1356269283501,-0.524127,-7.0262675,-0.347077
1356269283527,-4.3113165,-7.0441866,-0.35203713
1356269283569,-6.2908607,-6.525898,-0.61845744
1356269283610,-4.1292048,-4.6393585,1.0337144
1356269283650,3.5822744,2.5742311,9.451634
1356269283690,12.11261,5.323619,9.969997
1356269283730,-1.0747653,-2.2932587,2.3197932
1356269283770,0.6018615,5.007021,-3.947455
1356269283810,-2.981588,3.545661,2.472593
1356269283850,-2.5685961,-1.2013359,-1.9797206
1356269283890,2.4596462,3.840744,-7.762574
1356269283930,2.05808,-0.16663647,0.5344157
1356269283970,-2.427106,-3.6623883,-3.501268
1356269284010,-2.0700016,-1.3306618,-2.358748
1356269284050,2.419983,-1.4426346,-1.9104984
1356269284090,1.3382993,-1.9876194,-1.1769209
1356269284130,0.26750612,-0.16799927,-2.3950703
1356269284170,0.72562695,1.7270727,-2.0924895
1356269284210,0.4976287,3.7631931,-0.5887061
1356269284250,3.1035795,3.9438381,2.3028626
1356269284290,4.017405,0.7525768,2.1378725
1356269284330,-1.9336871,1.9627123,-1.5949484
1356269284370,-1.1650147,7.724455,-1.503819
1356269284410,0.04758954,3.9130392,2.1623178
1356269284450,-2.7316594,-1.3944263,-1.4022412
1356269284493,-4.340927,-6.848714,-0.6314279
1356269284550,0.33261395,-6.95532,-0.13509405
1356269284570,-4.9348645,-6.789973,-0.8107708
1356269284610,-6.1418767,-6.36606,-0.10537993
1356269284648,-1.6226087,-4.197698,2.5334466
1356269284690,9.31395,3.7341194,13.02993
1356269284730,6.3828354,1.6006184,6.4027767
1356269284770,-0.25196886,0.19541645,0.3115149
1356269284810,-2.373414,7.6307383,-2.190311
1356269284850,-2.9754832,-3.2895274,2.3713632
1356269284890,3.6776118,4.961506,-10.743325
1356269284930,1.6673443,2.2250366,1.2877064
1356269284970,-1.9114288,-3.4318657,-3.3852038
1356269285020,-3.4691367,-2.7093158,-2.4857345
1356269285060,1.6138153,-1.0510302,-1.6488913
1356269285100,-0.37762308,-1.3245182,-0.9883931
1356269285140,0.073694706,0.8722458,-2.2311234
1356269285181,1.1349161,2.6307707,-0.76157355
1356269285219,2.6303313,3.3740778,0.49100488
1356269285260,4.792792,3.754489,1.9770705
1356269285300,1.4126949,1.4360695,1.5340693
1356269285340,-3.0773253,6.0219574,-3.6428704
1356269285380,1.2035205,7.9687614,2.4626381
1356269285420,-1.2910736,2.147666,-0.44072634
1356269285460,-3.8258832,-5.109375,-1.543847
1356269285501,-0.63281727,-7.5147667,-0.383147
1356269285542,-2.2624674,-7.4325895,-0.23229045
1356269285582,-5.8070827,-6.9351187,-1.0381651
1356269285621,-4.1865706,-6.524301,0.37261775
1356269285661,1.2581532,-1.6894522,6.600398
1356269285701,13.663149,7.2771835,12.913898
1356269285741,-1.6096053,-1.1863127,4.339448
1356269285781,1.3453577,8.027456,-3.174125
1356269285821,-4.39786,-2.451622,3.4432058
1356269285860,-1.1304818,0.8599367,-7.8931527
1356269285900,2.129534,4.568632,-1.4345202
1356269285940,1.7442245,-0.9506469,-1.8856437
1356269285980,-3.491531,-3.545817,-3.070066
1356269286020,-0.93109965,-0.9878597,-2.690445
1356269286060,2.7673702,-1.5131855,-1.6557565
1356269286100,0.15654445,-1.0777702,-0.5997375
1356269286140,0.4003198,0.57186604,-2.8209054
1356269286180,1.2462347,2.206006,-1.1070638
1356269286220,1.4471202,3.1383257,0.53826535
1356269286260,4.2853117,3.9496489,1.654212
1356269286300,1.7794862,1.047864,2.1512136
1356269286340,-4.0063653,3.7955809,-4.086838
1356269286380,1.2227302,6.8361244,1.3103403
1356269286421,-1.9634554,2.5107174,-0.25490952
1356269286460,-4.1179895,-4.542314,-1.4031274
1356269286501,0.5019369,-6.743379,-0.06380905
1356269286541,-2.752934,-7.1049304,-0.30589163
1356269286581,-5.7572145,-7.039057,-0.2857253
1356269286621,-3.7254093,-6.1162443,0.9030634
1356269286661,1.2388027,-1.5247908,5.3262873
1356269286701,13.9774275,5.65195,11.784549
1356269286741,2.1547236,-1.7343702,4.487419
1356269286781,-0.24646735,5.5219374,-3.8714647
1356269286821,-1.8796577,3.7269468,0.2920761
1356269286861,-2.6739554,-1.0206189,-0.35598075
1356269286901,1.416117,5.197651,-7.8892603
1356269286940,2.029387,0.5210514,0.7989173
1356269286980,-3.012216,-3.8241744,-3.645071
1356269287020,-2.94694,-0.9060545,-1.7191569
1356269287060,2.010386,-1.1291733,-1.251932
1356269287100,-0.5033691,-1.9191017,-1.3935446
1356269287140,-0.95745635,0.38307762,-2.456545
1356269287180,1.059927,0.97762585,-1.414891
1356269287220,2.2477875,2.7689514,-0.72307825
1356269287260,3.828696,4.650709,1.183392
1356269287299,2.543367,2.777114,3.105807
1356269287340,-4.7495575,1.2997055,-2.2598422
1356269287380,0.33123398,5.841427,-0.3991788
1356269287420,-0.8060715,3.2830238,1.9363143
1356269287460,-2.1793022,-3.0228744,-1.7613122
1356269287500,-1.3407598,-6.6371922,-0.0123569
1356269287538,-2.8103213,-6.7513046,1.0384619E-4
1356269287580,-4.4712925,-6.924756,0.23817325
1356269287620,-3.7243674,-5.6521034,0.5267414
1356269287660,-0.64305544,-3.6039286,3.1436129
1356269287700,10.552672,4.293088,13.165547
1356269287740,8.012558,1.9370499,6.2415037
1356269287780,-0.26769996,-1.7790055,-1.6902598
1356269287819,-3.4312916,9.400629,-6.378483
1356269287860,-1.4935014,-0.34276867,7.9090924
1356269287900,-0.2931378,0.6512337,-6.645921
1356269287940,-0.16643953,2.8767424,-3.1540232
1356269287980,0.7858851,-2.1252022,-0.8008808
1356269288020,-2.5486608,-2.275536,-3.4131117
1356269288060,-0.2637341,-0.50754356,-2.43609
1356269288100,1.2980697,-1.777916,-2.160225
1356269288140,0.82284045,-0.9889145,-1.070866
1356269288180,0.25755882,0.10915947,-3.306641
1356269288220,0.15278411,2.8144379,-1.5545638
1356269288260,0.8456018,3.7020903,0.7268516
1356269288300,2.4024825,2.7949915,3.6925914
1356269288340,3.9084918,-0.7030754,0.44880223
1356269288380,-1.7902945,5.5673437,-3.09237
1356269288420,-1.463501,8.00313,-0.5646631
