1356268738593,1.1168685,10.038197,-0.27240697
1356268738633,1.0760075,10.228881,0.38136974
1356268738673,1.1441092,10.038197,-0.040861044
1356268738713,0.95342433,10.337844,-0.19068487
1356268738754,0.9942854,10.228881,-0.53119355
1356268738793,1.1168685,10.18802,-0.3405087
1356268738833,0.9942854,10.18802,-0.38136974
1356268738874,1.0760075,10.147159,-0.5720546
1356268738913,1.0760075,10.228881,-0.10896278
1356268738953,1.0760075,10.147159,-0.6946377
1356268738993,1.0760075,10.228881,-0.46309182
1356268739034,1.1168685,10.18802,0.10896278
1356268739073,1.0351465,10.228881,0.14982383
1356268739113,0.9942854,10.310603,-0.3405087
1356268739154,1.1441092,10.119919,0.23154591
1356268739199,1.1441092,10.079058,-0.040861044
1356268739223,1.1441092,10.228881,0.19068487
1356268739263,1.1849703,10.18802,-0.7218784
1356268739303,1.3075534,10.079058,-0.84446156
1356268739343,1.334794,10.079058,-0.29964766
1356268739383,1.334794,10.147159,-0.10896278
1356268739423,1.1441092,10.337844,-0.27240697
1356268739463,1.0760075,10.147159,-0.50395286
1356268739522,0.92618364,9.997335,-0.6537767
1356268739543,0.7627395,10.079058,-0.53119355
1356268739583,0.5720546,10.038197,0.08172209
1356268739623,-0.0,9.697687,0.53119355
1356268739663,-0.88532263,9.915613,0.7218784
1356268739693,-0.9125633,10.460427,0.6946377
1356268739723,-0.27240697,10.61025,0.42223078
1356268739765,0.10896278,10.378705,0.50395286
1356268739803,-0.08172209,9.575105,0.92618364
1356268739845,-0.8036005,9.847511,0.61291564
1356268739883,0.313268,9.80665,-0.19068487
1356268739923,-0.040861044,10.119919,-0.29964766
1356268739963,-0.19068487,9.956474,-0.42223078
1356268740016,-0.38136974,9.915613,-0.3405087
1356268740055,-0.61291564,10.269742,0.3405087
1356268740093,-0.8036005,11.114203,0.6537767
1356268740134,-0.040861044,11.917805,-0.29964766
1356268740173,0.23154591,12.680544,-1.56634
1356268740213,-1.7978859,14.750836,-0.95342433
1356268740253,0.27240697,12.14935,-1.334794
1356268740293,1.607201,9.507003,-1.607201
1356268740333,-0.040861044,11.114203,1.2258313
1356268740373,1.1168685,13.0619135,-0.95342433
1356268740413,2.8330324,10.691973,-1.56634
1356268740453,-1.8387469,9.507003,-0.8036005
1356268740526,-2.1383946,7.9679036,-0.42223078
1356268740536,0.61291564,4.7943625,0.14982383
1356268740573,1.9477097,3.990762,-0.9942854
1356268740615,0.3405087,5.325556,-2.6832085
1356268740653,-0.84446156,8.580819,-4.903325
1356268740695,-2.6423476,16.126492,-11.563675
1356268740733,-4.7126403,14.206022,-6.1291566
1356268740775,-1.8387469,8.662541,-4.3312707
1356268740813,1.9477097,14.750836,2.2201166
1356268740853,4.0588636,7.504812,-2.2201166
1356268740893,2.6832085,8.812365,0.27240697
1356268740932,-4.3312707,13.865514,2.7649305
1356268740974,-0.50395286,8.812365,-2.7513103
1356268741013,2.0294318,5.325556,0.50395286
1356268741054,-0.23154591,9.112013,-2.3426998
1356268741093,-2.8330324,9.656827,-1.2666923
1356268741133,-0.3405087,9.112013,-0.7627395
1356268741173,-0.08172209,11.223166,0.92618364
1356268741213,-0.9942854,13.402422,-0.42223078
1356268741254,-1.9885708,14.709975,-1.2666923
1356268741293,-0.42223078,13.484144,-5.053149
1356268741334,-1.6889231,11.836082,-1.1441092
1356268741373,1.4982382,15.595298,4.2086873
1356268741422,1.4573772,17.883516,-3.5276701
1356268741463,3.0237172,9.466142,1.5390993
1356268741534,-1.6480621,4.2086873,0.88532263
1356268741553,-2.4108016,4.1814466,1.1441092
1356268741583,2.4516625,2.3018389,0.9942854
1356268741623,2.8330324,3.8681788,-0.29964766
1356268741663,-0.08172209,8.349273,-2.9147544
1356268741705,-4.5900574,16.780268,-13.715691
1356268741753,-2.8330324,11.985906,-6.0474343
1356268741795,0.5720546,11.536434,-0.50395286
1356268741833,2.1111538,11.75436,4.0588636
1356268741873,5.8976107,5.5162406,-3.8681788
1356268741923,-3.173541,14.859799,4.2086873
1356268741963,0.040861044,9.507003,-3.1463003
1356268742004,1.2666923,4.440233,1.1441092
1356268742043,-1.0351465,8.117727,-2.1792557
1356268742085,-1.8387469,9.915613,-1.4573772
1356268742123,-1.4982382,9.724928,-1.607201
1356268742163,-0.6537767,12.067628,0.8036005
1356268742203,0.42223078,13.593107,-0.42223078
1356268742243,-1.8387469,14.818938,-2.2609777
1356268742283,-2.3699405,15.894946,-2.1383946
1356268742323,1.9477097,10.56939,1.6889231
1356268742363,0.3405087,13.525005,1.334794
1356268742403,-1.9477097,17.502148,-4.2904096
1356268742444,4.2086873,7.9270425,2.7921712
1356268742483,0.92618364,2.4925237,0.19068487
1356268742527,-3.718355,5.2165933,1.3075534
1356268742563,2.3426998,2.982856,1.2258313
1356268742605,2.982856,2.7921712,-1.2258313
1356268742643,-1.0351465,12.912089,-9.343558
1356268742683,-8.049625,18.619015,-14.246883
1356268742733,-0.50395286,10.147159,-5.243834
1356268742773,0.50395286,17.120777,4.440233
1356268742817,8.281172,4.440233,-3.718355
1356268742877,-3.214402,13.593107,7.8180795
1356268742895,-1.525479,12.217452,-2.3426998
1356268742941,-0.040861044,7.6954966,-1.4573772
1356268742973,1.3075534,4.6036777,-0.040861044
1356268743013,-1.9885708,9.80665,-1.2666923
1356268743054,-0.6946377,8.921328,-1.6889231
1356268743093,-0.3405087,11.032481,-0.38136974
1356268743133,-0.8036005,12.680544,0.313268
1356268743173,-0.84446156,13.715691,-0.08172209
1356268743213,-1.607201,14.437569,-4.2086873
1356268743254,-3.9499009,12.639683,-0.8036005
1356268743293,1.5390993,10.95076,2.9556155
1356268743334,0.38136974,16.698545,-1.6889231
1356268743373,0.88532263,13.484144,-0.3405087
1356268743413,3.214402,6.66035,0.53119355
1356268743453,-2.7240696,5.938472,-0.3405087
1356268743527,-1.1441092,5.09401,1.1849703
1356268743535,3.336985,2.9147544,0.92618364
1356268743562,3.5957718,4.2495484,-0.84446156
1356268743603,0.92618364,7.8180795,-3.5957718
1356268743643,-6.5922484,17.733692,-15.213928
1356268743683,-2.4925237,12.217452,-6.238119
1356268743723,1.3756552,14.056199,-1.4982382
1356268743764,0.84446156,11.223166,4.903325
1356268743803,4.630918,6.2789803,-4.862464
1356268743843,-3.0645783,13.6748295,6.1700177
1356268743883,-0.6946377,10.18802,-3.486809
1356268743922,0.46309182,6.932757,0.08172209
1356268743964,0.27240697,5.9793324,-1.1441092
1356268744003,-2.5333846,9.656827,-1.1441092
1356268744054,-0.23154591,8.894087,-1.1441092
1356268744093,-0.53119355,12.176591,-0.23154591
1356268744134,-1.2666923,13.102775,0.38136974
1356268744173,-1.4165162,14.47843,-3.759216
1356268744213,-3.173541,12.9529505,-1.920469
1356268744253,-0.040861044,11.686258,2.0294318
1356268744293,2.6014864,15.785983,1.7978859
1356268744334,-0.0,17.161638,-3.405087
1356268744373,3.405087,8.349273,1.4573772
1356268744414,-0.50395286,4.6036777,-0.27240697
1356268744453,-2.8738933,5.012288,0.88532263
1356268744532,1.9885708,2.7649305,1.0351465
1356268744537,3.990762,3.3778462,0.38136974
1356268744573,1.4982382,7.0553403,-2.4925237
1356268744614,-2.6832085,15.241169,-10.528529
1356268744653,-6.6331096,15.704261,-8.921328
1356268744693,-1.6889231,9.152874,-3.486809
1356268744733,2.3699405,15.050485,4.671779
1356268744774,4.9850473,6.932757,-7.1234417
1356268744813,1.1849703,9.234595,1.9477097
1356268744853,-2.982856,13.715691,3.0645783
1356268744893,-1.879608,8.499097,-2.1792557
1356268744933,1.7978859,5.134871,1.2258313
1356268744973,-0.6946377,9.466142,-1.6889231
1356268745017,-1.607201,8.730643,-0.040861044
1356268745054,-0.6946377,10.269742,-1.1441092
1356268745093,-2.070293,12.912089,0.27240697
1356268745134,-0.38136974,13.33432,0.19068487
1356268745173,-1.3075534,14.601013,-4.2904096
1356268745213,-3.405087,13.402422,-1.3075534
1356268745253,0.6946377,12.340035,4.372132
1356268745293,2.2201166,16.208214,-0.29964766
1356268745333,-0.50395286,15.322891,-1.920469
1356268745373,3.636633,6.3607025,1.8387469
1356268745413,-1.525479,4.372132,-0.10896278
1356268745453,-3.255263,5.5162406,0.8036005
1356268745525,3.1054392,3.0645783,1.607201
1356268745543,3.173541,4.140586,-1.334794
1356268745583,-1.2666923,11.032481,-7.6273947
1356268745623,-7.8589406,18.496431,-14.941522
1356268745663,-1.7297841,9.112013,-3.9771416
1356268745703,0.19068487,12.026767,2.7240696
1356268745743,4.7535014,14.601013,0.23154591
1356268745785,0.23154591,8.240311,1.1441092
1356268745823,-1.1168685,13.756551,0.9942854
1356268745863,1.2258313,7.246025,-2.4925237
1356268745903,1.7978859,4.0588636,1.1441092
1356268745943,-2.1111538,9.193735,-1.1168685
1356268745984,-1.879608,9.043911,-0.7218784
1356268746023,-0.3405087,9.615966,-1.9477097
1356268746063,-1.607201,11.141444,0.23154591
1356268746103,0.3405087,13.797412,0.6537767
1356268746144,-1.525479,15.050485,-3.6774938
1356268746183,-2.6014864,13.211738,-2.3018389
1356268746223,-2.1111538,10.882658,0.84446156
1356268746263,1.7570249,14.437569,2.7649305
1356268746303,-0.8036005,17.502148,-2.9147544
1356268746344,0.3405087,11.34575,1.0760075
1356268746383,2.4516625,3.405087,0.8036005
1356268746425,-4.2904096,5.7477865,-0.3405087
1356268746463,0.42223078,3.405087,1.1441092
1356268746530,4.3312707,2.4516625,0.9942854
1356268746544,2.6832085,5.366417,-1.6480621
1356268746583,-3.759216,16.276316,-10.923519
1356268746623,-8.390134,17.011814,-12.299174
1356268746663,-0.3405087,9.724928,-3.1054392
1356268746704,2.152015,15.132206,3.336985
1356268746743,4.1814466,5.706926,-5.134871
1356268746783,2.4516625,10.147159,2.4108016
1356268746823,-3.336985,13.797412,3.636633
1356268746863,-1.4165162,7.3549876,-1.607201
1356268746903,1.7570249,5.5162406,0.10896278
1356268746943,-0.38136974,9.575105,-1.879608
1356268746985,-1.4982382,8.499097,-0.10896278
1356268747023,-0.38136974,10.18802,-0.38136974
1356268747064,-0.7627395,12.53072,-0.23154591
1356268747103,-2.0294318,14.669114,-0.29964766
1356268747144,-1.1168685,15.091345,-4.440233
1356268747183,-2.3426998,13.525005,-1.4165162
1356268747223,0.6946377,11.727119,4.5628166
1356268747263,-0.14982383,16.467001,-2.1383946
1356268747314,-0.14982383,14.7916975,-1.0351465
1356268747356,4.903325,3.718355,2.0294318
1356268747393,-4.862464,5.407278,-0.14982383
1356268747434,-0.19068487,4.099725,1.1441092
1356268747473,4.903325,2.7649305,0.88532263
1356268747532,2.6014864,4.9850473,-2.3018389
1356268747553,-1.334794,14.09706,-8.730643
1356268747593,-9.275456,17.161638,-12.489859
1356268747633,0.14982383,9.193735,-3.5957718
1356268747673,0.61291564,15.091345,5.2165933
1356268747714,7.014479,4.140586,-5.407278
1356268747753,-1.7297841,13.375181,8.539958
1356268747797,-1.6480621,11.985906,-0.95342433
1356268747833,-1.2666923,6.742072,0.8036005
1356268747874,0.95342433,5.434519,-0.42223078
1356268747913,-1.334794,10.079058,-1.334794
1356268747955,-0.84446156,8.499097,-1.0351465
1356268747993,-0.46309182,10.95076,-0.50395286
1356268748033,-1.334794,13.021052,-0.6946377
1356268748073,-0.19068487,14.410328,-1.1849703
1356268748113,-1.3756552,14.560152,-3.6774938
1356268748153,-3.214402,13.756551,-0.3405087
1356268748193,1.0760075,12.9529505,4.1814466
1356268748233,0.7627395,16.317177,-1.3075534
1356268748273,0.95342433,12.108489,0.6537767
1356268748314,1.879608,4.4810944,0.42223078
1356268748353,-3.0237172,4.944186,-0.0
1356268748395,0.040861044,4.0588636,1.1168685
1356268748433,3.8273177,3.173541,0.8036005
1356268748473,2.7649305,5.175732,-1.7297841
1356268748532,-0.7218784,11.34575,-5.8158884
1356268748553,-8.62168,19.041246,-15.132206
1356268748593,-1.334794,10.528529,-3.5957718
1356268748633,1.8387469,15.785983,1.8387469
1356268748673,3.0645783,8.308413,-0.27240697
1356268748713,2.7921712,8.62168,1.607201
1356268748765,-1.4165162,13.824653,4.2086873
1356268748793,-2.6832085,8.349273,-3.2961242
1356268748835,0.14982383,4.630918,1.1168685
1356268748885,0.61291564,9.656827,-1.879608
1356268748913,-1.1441092,9.112013,-0.95342433
1356268748953,-1.6480621,10.18802,-1.0760075
1356268748993,-0.84446156,11.958665,0.50395286
1356268749033,-0.61291564,13.824653,-0.46309182
1356268749073,-1.1441092,14.982383,-3.9771416
1356268749113,-3.0237172,14.7916975,-1.2258313
1356268749153,0.6537767,11.985906,2.4516625
1356268749194,2.1111538,15.023244,1.7978859
1356268749233,-1.1441092,14.519291,-2.9147544
1356268749282,4.1814466,7.273266,2.1111538
1356268749313,-1.9885708,4.3312707,0.040861044
1356268749353,-2.3699405,4.671779,0.7218784
1356268749393,2.6423476,3.7864566,0.9942854
1356268749433,3.2961242,4.372132,-1.0760075
1356268749473,0.7627395,8.962189,-3.9771416
1356268749536,-5.8976107,18.305748,-15.009624
1356268749553,-5.175732,12.367276,-5.8158884
1356268749593,0.9942854,12.258313,1.7978859
1356268749633,1.9477097,13.565866,3.255263
1356268749673,6.4015636,5.7886477,-3.759216
1356268749714,-2.8330324,15.213928,7.7772183
1356268749753,-3.8273177,9.384419,-3.445948
1356268749819,0.84446156,4.399372,1.920469
1356268749834,1.9477097,8.049625,-1.1168685
1356268749872,-1.0760075,9.425281,-0.84446156
1356268749917,-1.3756552,8.539958,-1.920469
1356268749953,-1.4165162,11.917805,0.5720546
1356268749994,-1.4573772,13.797412,-0.19068487
1356268750033,-1.0351465,14.410328,-2.2609777
1356268750073,-1.7297841,14.669114,-3.336985
1356268750113,-2.2609777,12.4489975,2.4108016
1356268750154,2.4925237,14.750836,2.6014864
1356268750193,-0.42223078,15.595298,-2.7921712
1356268750233,2.4925237,9.575105,1.9885708
1356268750273,0.42223078,3.636633,-0.08172209
1356268750313,-2.9556155,5.2165933,0.313268
1356268750353,1.920469,3.990762,1.1441092
1356268750393,4.671779,4.399372,-0.46309182
1356268750434,1.7978859,6.932757,-3.405087
1356268750473,-4.0180025,14.519291,-11.836082
1356268750535,-6.66035,15.745122,-9.915613
1356268750555,0.38136974,10.651112,-2.7513103
1356268750594,1.607201,15.28203,3.486809
1356268750633,5.6252036,4.5628166,-4.372132
1356268750675,-2.2201166,13.988097,7.8180795
1356268750713,-1.334794,10.501288,-4.2495484
1356268750753,-1.7297841,5.8567495,1.334794
1356268750793,0.9942854,6.0201936,-0.46309182
1356268750833,-0.88532263,9.724928,-1.4165162
1356268750873,-0.7627395,8.240311,-0.7218784
1356268750913,-1.2258313,10.18802,0.08172209
1356268750953,-1.9477097,12.408136,0.040861044
1356268750993,-0.42223078,14.328606,-0.5720546
1356268751034,-1.2666923,14.941522,-5.243834
1356268751073,-3.9771416,12.4489975,-0.50395286
1356268751115,0.19068487,11.795221,3.990762
1356268751153,1.4573772,17.270601,-1.56634
1356268751193,0.10896278,15.28203,-1.1168685
1356268751235,3.6774938,5.7477865,0.7627395
1356268751273,-3.6774938,5.366417,-0.27240697
1356268751314,-0.9942854,4.630918,0.23154591
1356268751353,3.6774938,3.0237172,0.95342433
1356268751395,3.759216,4.2495484,-0.42223078
1356268751433,-1.4573772,11.413852,-6.932757
1356268751473,-10.106298,18.727978,-15.6634
1356268751535,-2.3426998,11.304889,-4.2904096
1356268751553,2.0294318,15.132206,-0.61291564
1356268751593,2.152015,8.812365,3.336985
1356268751633,4.8216033,7.4639506,-0.19068487
1356268751674,-2.1383946,14.941522,5.47538
1356268751714,-3.8273177,10.079058,-3.8273177
1356268751756,-0.61291564,5.09401,2.7240696
1356268751803,1.7570249,8.689782,-2.1111538
1356268751843,-2.4108016,8.894087,-0.9942854
1356268751884,-0.29964766,9.507003,-1.1168685
1356268751923,-2.070293,11.917805,0.19068487
1356268751964,-1.3075534,13.525005,-0.10896278
1356268752003,-1.1168685,14.669114,-3.9499009
1356268752043,-2.8738933,14.369467,-2.4925237
1356268752083,-1.4165162,11.836082,2.3018389
1356268752124,2.1111538,15.173067,0.8036005
1356268752163,0.42223078,17.011814,-2.7921712
1356268752205,2.3018389,8.730643,2.2201166
1356268752243,0.88532263,3.255263,0.23154591
1356268752284,-3.9090397,4.9850473,0.3405087
1356268752323,2.8738933,2.982856,1.1168685
1356268752364,4.440233,3.486809,-0.38136974
1356268752403,0.9942854,8.580819,-3.636633
1356268752445,-6.851035,17.733692,-15.009624
1356268752483,-4.140586,12.340035,-6.0201936
1356268752535,-1.1168685,9.765789,-2.2201166
1356268752563,2.7921712,16.249075,3.990762
1356268752605,6.0882955,4.0180025,-6.0882955
1356268752645,-2.070293,14.137921,8.049625
1356268752683,-1.8387469,11.032481,-1.9885708
1356268752723,-1.0351465,6.0474343,-0.42223078
1356268752803,1.4165162,5.6252036,-0.3405087
1356268752806,-1.2666923,9.765789,-0.95342433
1356268752842,-1.0351465,9.00305,-1.879608
1356268752883,-1.9885708,10.501288,-0.42223078
1356268752923,-0.6537767,13.906375,-0.0
1356268752964,-0.10896278,14.369467,-2.1383946
1356268753003,-3.173541,15.431854,-3.636633
1356268753044,-3.2961242,12.639683,0.9942854
1356268753083,0.61291564,13.525005,2.1792557
1356268753123,-0.5720546,17.2025,-1.4165162
1356268753170,5.053149,8.962189,1.4165162
1356268753213,-3.5276701,5.09401,-0.38136974
1356268753254,-1.9477097,4.440233,0.5720546
1356268753293,2.9556155,3.405087,1.3075534
1356268753335,4.372132,3.7864566,-0.3405087
1356268753373,1.607201,8.240311,-3.718355
1356268753413,-6.510526,16.930092,-15.091345
1356268753453,-5.706926,15.050485,-9.00305
1356268753493,0.50395286,9.575105,-1.4165162
1356268753543,1.4573772,14.437569,5.938472
1356268753573,5.7477865,4.944186,-7.273266
1356268753616,-1.7978859,14.2877445,8.539958
1356268753654,-2.6832085,10.61025,-3.0645783
1356268753704,-0.7627395,5.5571017,0.8036005
1356268753733,2.4925237,5.434519,-0.0
1356268753774,-1.9885708,10.119919,-0.88532263
1356268753824,-0.95342433,8.390134,-1.3756552
1356268753855,-1.6889231,11.536434,-0.10896278
1356268753893,-0.8036005,13.824653,-0.10896278
1356268753933,-0.23154591,14.519291,-2.3426998
1356268753973,-2.3699405,13.565866,-4.944186
1356268754013,-2.3699405,12.721405,1.9885708
1356268754053,0.27240697,15.636159,3.0237172
1356268754093,0.08172209,17.270601,-2.4925237
1356268754135,1.9885708,10.460427,1.0760075
1356268754173,-0.23154591,5.012288,-0.61291564
1356268754214,-2.8738933,4.8216033,0.313268
1356268754253,2.5606253,2.6832085,1.1849703
1356268754295,4.7535014,3.5276701,0.19068487
1356268754333,0.61291564,7.9679036,-3.568531
1356268754373,-4.5900574,15.431854,-12.489859
1356268754413,-7.9679036,16.167353,-9.302697
1356268754453,0.5720546,10.119919,-4.0180025
1356268754493,1.5390993,15.595298,4.2495484
1356268754546,5.7886477,3.9499009,-5.938472
1356268754578,-2.5606253,14.056199,7.504812
1356268754612,-0.53119355,12.408136,-2.2201166
1356268754655,-0.7627395,7.504812,0.6537767
1356268754693,1.4165162,5.243834,-0.53119355
1356268754735,-1.334794,9.043911,-0.08172209
1356268754773,-0.040861044,8.281172,-1.6480621
1356268754813,-1.7297841,11.114203,-1.3075534
1356268754854,-1.525479,13.184497,0.14982383
1356268754893,-0.9125633,14.669114,-1.4982382
1356268754933,-1.9885708,15.023244,-4.440233
1356268754973,-3.1054392,13.6748295,-0.7627395
1356268755013,1.3075534,12.367276,3.568531
1356268755053,-0.23154591,17.733692,-1.4573772
1356268755094,-0.040861044,12.598822,0.50395286
1356268755143,1.4982382,3.6774938,0.3405087
1356268755183,-3.8273177,5.47538,-0.10896278
1356268755233,2.4516625,3.214402,1.2666923
1356268755273,4.140586,3.759216,-0.08172209
1356268755315,1.7297841,8.689782,-3.3642259
1356268755366,-6.4015636,18.537292,-15.322891
1356268755403,-3.336985,10.95076,-3.718355
1356268755443,0.61291564,14.982383,-0.6946377
1356268755483,0.95342433,8.853226,4.099725
1356268755550,6.851035,5.7477865,-3.214402
1356268755567,-2.6832085,15.050485,5.7886477
1356268755604,-4.372132,11.032481,-3.8681788
1356268755644,0.10896278,4.7535014,2.152015
1356268755684,2.3699405,8.117727,-2.0294318
1356268755723,-1.1168685,8.771504,-0.23154591
1356268755765,-1.3756552,9.343558,-2.1792557
1356268755803,-2.7513103,11.795221,0.38136974
1356268755844,-1.0351465,13.6748295,0.50395286
1356268755882,-0.10896278,15.745122,-2.5606253
1356268755923,-3.5276701,16.04477,-1.3756552
1356268755964,1.9477097,9.084772,1.5390993
1356268756003,0.92618364,14.206022,0.3405087
1356268756044,-1.4165162,18.04696,-3.3642259
1356268756083,4.4810944,7.43671,2.7649305
1356268756125,0.6946377,2.7240696,-0.040861044
1356268756165,-4.099725,5.366417,0.313268
1356268756205,2.0294318,3.5276701,1.3756552
1356268756243,3.1054392,3.0645783,-0.6946377
1356268756283,-0.23154591,8.689782,-5.134871
1356268756323,-6.932757,18.305748,-16.358038
1356268756363,-2.0294318,10.56939,-4.903325
1356268756403,1.1849703,13.0619135,-1.9885708
1356268756443,1.56634,11.114203,3.7864566
1356268756487,5.5162406,5.5162406,-4.7126403
1356268756542,-3.1463003,13.797412,5.829509
1356268756564,-1.9477097,10.760075,-3.568531
1356268756603,0.61291564,6.0474343,0.3405087
1356268756644,1.4573772,6.6331096,-1.6480621
1356268756683,-2.070293,9.80665,-1.4165162
1356268756723,-0.38136974,8.62168,-0.5720546
1356268756773,-0.040861044,11.645397,-0.8036005
1356268756813,-2.2609777,13.865514,0.53119355
1356268756854,-1.1849703,14.709975,-4.4810944
1356268756893,-2.5333846,12.680544,-2.7921712
1356268756934,-1.2666923,12.299174,2.070293
1356268756973,0.92618364,17.079916,1.3075534
1356268757013,-0.5720546,16.88923,-3.1054392
1356268757053,3.173541,9.234595,1.6480621
1356268757093,-1.920469,4.671779,-0.29964766
1356268757145,-1.8387469,4.2086873,0.6537767
1356268757183,2.6423476,2.4925237,1.0351465
1356268757223,3.5957718,4.440233,-0.6537767
1356268757263,0.8036005,8.539958,-4.2904096
1356268757303,-7.5456724,17.965239,-15.213928
1356268757343,-3.0645783,13.443283,-6.3198414
1356268757383,0.23154591,11.114203,-3.5276701
1356268757424,0.19068487,14.246883,2.1111538
1356268757463,7.246025,4.4810944,-5.09401
1356268757549,-0.14982383,11.536434,4.903325
1356268757551,-2.982856,12.53072,-0.7218784
1356268757583,-1.7297841,8.349273,-1.2666923
1356268757622,2.3699405,5.706926,-0.38136974
1356268757663,-1.3756552,9.466142,-1.1168685
1356268757703,-2.3018389,8.894087,-0.27240697
1356268757743,-1.3075534,10.079058,-1.9477097
1356268757783,-2.8738933,12.14935,0.84446156
1356268757823,0.6946377,14.628253,-0.46309182
1356268757864,-0.46309182,14.982383,-4.7126403
1356268757903,-3.8681788,12.639683,-2.3699405
1356268757945,-1.6889231,11.032481,2.3426998
1356268757983,0.8036005,16.86199,1.0760075
1356268758024,-0.3405087,15.050485,-2.982856
1356268758066,3.718355,7.3141265,1.8387469
1356268758105,-2.8330324,5.366417,-0.84446156
1356268758143,-1.4165162,4.630918,0.23154591
1356268758183,2.4108016,2.9556155,0.84446156
1356268758223,3.336985,4.3312707,-0.6537767
1356268758263,1.0760075,8.771504,-3.8273177
1356268758303,-6.932757,18.237646,-15.050485
1356268758343,-3.1463003,12.871228,-6.891896
1356268758384,-0.50395286,12.980191,-1.1849703
1356268758423,1.7297841,12.408136,3.214402
1356268758465,4.862464,5.434519,-4.0588636
1356268758503,-2.2201166,12.912089,6.238119
1356268758553,-1.7570249,10.841797,-2.5333846
1356268758593,-0.23154591,6.1700177,0.50395286
1356268758633,0.19068487,7.7772183,-1.525479
1356268758674,-2.2201166,9.697687,-1.3075534
1356268758713,-0.3405087,9.112013,-1.525479
1356268758753,-0.38136974,10.800936,0.08172209
1356268758793,-0.95342433,13.375181,0.6946377
1356268758834,-0.3405087,14.628253,-2.5606253
1356268758873,-2.982856,15.854085,-2.7921712
1356268758914,-1.8387469,10.501288,-0.38136974
1356268758953,2.5606253,11.264028,2.7240696
1356268758993,-2.1792557,18.428331,-2.5606253
1356268759033,3.990762,9.997335,1.7570249
1356268759083,-2.3018389,6.0882955,-1.3075534
1356268759126,-1.6480621,5.8976107,0.040861044
1356268759163,2.152015,2.8738933,0.84446156
1356268759205,4.0180025,3.173541,-0.23154591
1356268759243,1.7297841,7.6273947,-4.0180025
1356268759285,-3.636633,16.317177,-13.375181
1356268759333,-4.2086873,13.756551,-7.9679036
1356268759375,0.5720546,14.519291,-1.6889231
1356268759413,-0.46309182,12.789507,3.0645783
1356268759453,7.014479,4.1814466,-5.597963
1356268759498,-0.14982383,11.264028,5.47538
1356268759557,-3.3642259,11.917805,-0.95342433
1356268759575,-2.8330324,9.234595,-1.0351465
1356268759613,2.4108016,6.3198414,-0.7218784
1356268759653,-0.6537767,9.425281,-1.3756552
1356268759693,-2.0294318,9.302697,-0.9942854
1356268759733,-0.7218784,9.80665,-1.525479
1356268759773,-1.1168685,12.026767,0.10896278
1356268759813,-0.9942854,13.906375,-0.08172209
1356268759853,-1.1441092,14.519291,-3.8681788
1356268759893,-3.5957718,13.824653,-1.525479
1356268759935,1.6889231,9.847511,1.920469
1356268759973,1.4165162,15.091345,0.6537767
1356268760022,-0.9942854,16.507862,-3.336985
1356268760053,5.284695,6.0201936,1.6480621
1356268760093,-3.636633,6.1291566,-1.3756552
1356268760133,-2.1792557,5.9793324,0.50395286
1356268760173,2.3699405,3.173541,0.84446156
1356268760213,3.1054392,3.636633,0.08172209
1356268760253,0.61291564,8.117727,-3.718355
1356268760293,-5.706926,17.270601,-14.859799
1356268760333,-2.7921712,13.184497,-6.891896
1356268760373,0.38136974,11.75436,-2.8738933
1356268760413,1.4165162,12.980191,4.2086873
1356268760455,6.238119,3.8681788,-4.5900574
1356268760493,-3.3642259,12.980191,6.3607025
1356268760549,-1.607201,12.258313,-2.7240696
1356268760573,-0.6946377,8.499097,-0.7218784
1356268760613,2.5606253,5.8567495,-0.50395286
1356268760653,-2.070293,9.302697,-1.1441092
1356268760693,-1.334794,8.689782,-0.9125633
1356268760733,-0.27240697,10.691973,-1.920469
1356268760773,-0.95342433,12.067628,0.53119355
1356268760813,-1.2666923,13.525005,0.50395286
1356268760853,-1.525479,13.865514,-4.8216033
1356268760894,-3.3642259,11.536434,-3.0237172
1356268760933,-0.95342433,12.598822,4.3312707
1356268760975,0.92618364,18.115063,-0.0
1356268761013,0.95342433,15.241169,-2.8738933
1356268761053,3.718355,6.8237944,0.61291564
1356268761093,-4.7126403,6.3607025,-0.84446156
1356268761133,-1.4165162,4.7943625,0.42223078
1356268761174,2.4516625,2.8738933,0.84446156
1356268761213,3.8273177,4.5219555,-0.29964766
1356268761253,1.5390993,7.5865335,-2.6832085
1356268761293,-6.5922484,17.774553,-14.47843
1356268761334,-5.243834,13.865514,-7.9270425
1356268761373,-0.88532263,10.119919,-1.8387469
1356268761415,1.3075534,15.322891,5.434519
1356268761453,6.0474343,4.2495484,-6.5513873
1356268761493,-3.173541,13.402422,7.3549876
1356268761549,-2.6014864,12.639683,-2.6014864
1356268761573,-0.8036005,7.0553403,0.313268
1356268761613,2.0294318,6.1700177,-0.27240697
1356268761653,-2.070293,9.575105,-1.7297841
1356268761693,-0.95342433,7.9679036,0.040861044
1356268761733,-0.6537767,10.337844,-1.1849703
1356268761774,-1.334794,13.102775,0.42223078
1356268761813,-0.42223078,14.137921,-1.0760075
1356268761853,-1.9477097,14.982383,-3.8681788
1356268761893,-3.1463003,12.871228,-1.4165162
1356268761933,1.6480621,10.691973,3.255263
1356268761973,0.313268,16.317177,-0.53119355
1356268762013,0.5720546,14.669114,-1.7978859
1356268762054,1.7297841,6.0474343,0.19068487
1356268762093,-3.3642259,6.3607025,-0.7627395
1356268762135,-0.53119355,4.7126403,0.61291564
1356268762173,3.5276701,2.8738933,0.7218784
1356268762213,2.6423476,4.2495484,-0.9125633
1356268762253,-0.6537767,10.923519,-7.014479
1356268762293,-9.084772,18.8097,-15.091345
1356268762334,-1.8387469,10.95076,-3.568531
1356268762373,-0.23154591,11.454713,-2.6423476
1356268762415,1.3075534,13.252599,3.1463003
1356268762453,6.3607025,4.5628166,-6.238119
1356268762494,-2.982856,13.211738,6.891896
1356268762544,-2.1792557,11.372991,-3.0237172
1356268762583,-0.08172209,6.891896,0.53119355
1356268762624,1.607201,6.742072,-0.95342433
1356268762663,-1.7978859,9.507003,-1.3756552
1356268762704,-1.1168685,8.499097,-0.6946377
1356268762743,-1.7570249,10.882658,-0.61291564
1356268762783,-1.4165162,13.143636,1.6889231
1356268762823,0.92618364,14.410328,-2.7921712
1356268762863,-2.6423476,15.173067,-3.5276701
1356268762903,-4.3312707,12.340035,-1.879608
1356268762943,2.070293,10.923519,3.5276701
1356268762984,-0.5720546,16.249075,-1.879608
1356268763035,0.5720546,13.988097,-0.46309182
1356268763076,0.23154591,4.903325,-0.6537767
1356268763113,-3.8273177,5.8976107,-0.23154591
1356268763153,-0.14982383,4.4810944,0.46309182
1356268763193,3.7864566,3.1463003,0.5720546
1356268763233,2.4516625,5.053149,-1.6889231
1356268763273,-2.3699405,14.982383,-10.106298
1356268763314,-8.117727,17.2025,-14.137921
1356268763353,-0.10896278,11.75436,-2.5606253
1356268763393,-0.27240697,16.317177,0.88532263
1356268763433,5.938472,3.173541,-3.9499009
1356268763476,1.7297841,9.425281,3.1054392
1356268763513,-2.8330324,13.0619135,0.313268
1356268763558,-3.0645783,9.847511,-2.6832085
1356268763593,0.7627395,6.0474343,0.84446156
1356268763633,0.6537767,8.689782,-0.95342433
1356268763673,-1.7978859,8.853226,-1.1849703
1356268763713,-0.6537767,8.853226,-1.4165162
1356268763754,-1.4982382,11.727119,-0.7627395
1356268763793,-1.920469,14.056199,0.95342433
1356268763835,0.50395286,14.601013,-4.372132
1356268763873,-4.1814466,14.560152,-2.5606253
1356268763914,-1.879608,10.991621,0.84446156
1356268763953,2.9556155,13.252599,1.6480621
1356268763995,-0.9125633,17.733692,-3.1463003
1356268764034,3.5957718,8.921328,1.4165162
1356268764073,-1.4165162,5.8976107,-0.95342433
1356268764113,-2.3699405,5.829509,0.23154591
1356268764153,0.27240697,3.7864566,0.9942854
1356268764194,4.0180025,2.982856,0.23154591
1356268764233,1.56634,6.0474343,-2.4108016
1356268764273,-2.3699405,13.565866,-9.084772
1356268764313,-6.891896,17.052675,-12.408136
1356268764354,-0.3405087,10.991621,-3.7864566
1356268764393,0.313268,14.9006605,2.8738933
1356268764442,5.012288,4.3312707,-3.636633
1356268764475,-0.10896278,12.258313,7.273266
1356268764513,-2.4108016,13.375181,0.5720546
1356268764557,-2.6832085,9.656827,-2.3699405
1356268764593,1.3075534,5.434519,0.53119355
1356268764634,0.8036005,8.349273,-1.334794
1356268764673,-1.7978859,8.771504,-0.84446156
1356268764714,-1.1849703,9.343558,-1.6480621
1356268764760,-1.6480621,11.686258,-0.040861044
1356268764794,-1.56634,13.865514,-0.10896278
1356268764832,0.08172209,14.437569,-3.9090397
1356268764874,-3.405087,15.241169,-2.1111538
1356268764913,-0.27240697,10.460427,0.3405087
1356268764953,1.6480621,13.593107,3.6774938
1356268764993,-2.3699405,17.079916,-4.630918
1356268765033,2.7921712,10.079058,2.152015
1356268765083,0.313268,3.718355,-0.50395286
1356268765123,-3.0237172,6.2108784,-0.27240697
1356268765165,2.1111538,3.7864566,0.53119355
1356268765203,3.5957718,3.9090397,-0.27240697
1356268765245,1.0760075,6.932757,-3.445948
1356268765283,-5.325556,17.24336,-14.941522
1356268765323,-5.175732,14.328606,-8.880466
1356268765363,-1.4573772,8.049625,-2.7921712
1356268765403,3.5276701,13.593107,5.325556
1356268765444,4.944186,10.460427,-6.3607025
1356268765483,-2.8330324,9.80665,3.718355
1356268765524,-1.607201,13.184497,0.6946377
1356268765565,0.61291564,7.668256,-2.0294318
1356268765604,1.7570249,5.6660647,-0.08172209
1356268765643,-2.3426998,10.079058,-1.56634
1356268765683,-1.525479,8.008764,-0.08172209
1356268765723,-1.1441092,9.997335,-2.3699405
1356268765763,-1.525479,12.14935,0.6537767
1356268765803,-0.14982383,13.6748295,-0.50395286
1356268765843,-1.2666923,15.322891,-3.5276701
1356268765884,-4.5219555,13.906375,-1.0351465
1356268765923,1.3756552,9.765789,0.88532263
1356268765964,1.0351465,14.369467,1.2258313
1356268766003,-2.1383946,16.467001,-3.336985
1356268766043,4.372132,8.430995,2.070293
1356268766083,-2.070293,5.5162406,-1.334794
1356268766123,-1.879608,6.2789803,-0.46309182
1356268766164,1.7297841,3.9090397,0.46309182
1356268766203,3.8273177,3.636633,-0.10896278
1356268766254,0.88532263,7.3958488,-3.5957718
1356268766293,-6.782933,17.965239,-15.554437
1356268766335,-3.9771416,12.489859,-5.6252036
1356268766373,-0.19068487,11.75436,-1.7297841
1356268766413,1.7978859,14.09706,2.7649305
1356268766453,5.8567495,4.5219555,-5.175732
1356268766493,-2.9147544,12.489859,6.8237944
1356268766547,-2.5333846,12.299174,-2.070293
1356268766563,-2.4925237,8.349273,-1.2666923
1356268766604,0.9942854,5.829509,1.1168685
1356268766643,0.19068487,9.234595,-0.7627395
1356268766684,-1.7570249,8.812365,-0.6946377
1356268766723,-0.5720546,9.656827,-1.920469
1356268766763,-1.6889231,11.958665,-0.42223078
1356268766803,-1.6480621,13.906375,0.14982383
1356268766843,-0.84446156,14.709975,-3.759216
1356268766883,-3.445948,13.021052,-3.255263
1356268766923,-0.50395286,11.223166,2.6014864
1356268766964,1.9477097,15.213928,0.95342433
1356268767003,0.10896278,16.276316,-2.982856
1356268767045,2.0294318,9.425281,1.334794
1356268767093,-0.9942854,4.7535014,-0.8036005
1356268767133,-2.1792557,5.8567495,0.040861044
1356268767173,1.607201,3.405087,0.46309182
1356268767213,3.3778462,3.759216,-0.27240697
1356268767254,1.1849703,7.3141265,-3.486809
1356268767293,-6.428804,17.733692,-15.554437
1356268767335,-3.0645783,14.437569,-7.8861814
1356268767373,0.38136974,14.628253,-3.759216
1356268767418,-0.46309182,11.536434,6.6331096
1356268767463,6.701211,4.944186,-5.09401
1356268767503,-2.1383946,13.797412,4.372132
1356268767549,-3.0645783,11.836082,-2.7921712
1356268767583,-0.6537767,6.5922484,0.42223078
1356268767623,1.3756552,6.3607025,-0.7627395
1356268767663,-2.3426998,10.228881,-1.6480621
1356268767703,-1.9885708,8.812365,-0.9942854
1356268767743,-0.84446156,10.528529,-0.46309182
1356268767784,-1.7570249,12.830367,-0.08172209
1356268767823,-1.7297841,14.137921,-1.1168685
1356268767862,-1.4982382,14.328606,-4.4810944
1356268767903,-3.9499009,11.917805,-1.4165162
1356268767943,1.879608,11.182305,2.9556155
1356268767983,0.7627395,17.393185,-0.6537767
1356268768035,0.6537767,13.865514,-1.7297841
1356268768074,-0.23154591,7.205164,-1.0760075
1356268768123,-1.1849703,5.284695,0.23154591
1356268768163,0.88532263,3.568531,0.46309182
1356268768203,3.405087,4.3312707,-0.14982383
1356268768243,1.4982382,6.742072,-2.8738933
1356268768283,-1.7978859,11.604536,-9.00305
1356268768323,-7.164303,18.04696,-12.53072
1356268768363,-0.38136974,11.032481,-4.8216033
1356268768403,0.38136974,16.276316,0.6946377
1356268768443,2.7921712,5.7477865,-0.61291564
1356268768483,1.7978859,8.281172,1.1168685
1356268768523,-2.3699405,13.443283,3.486809
1356268768565,-2.5606253,9.656827,-3.336985
1356268768603,-0.19068487,6.8237944,0.9942854
1356268768643,1.3075534,7.504812,-1.1168685
1356268768683,-1.6889231,9.507003,-1.2258313
1356268768724,-0.6946377,9.00305,-0.84446156
1356268768763,-0.38136974,11.264028,-0.23154591
1356268768805,-1.56634,13.293459,1.1849703
1356268768843,-0.19068487,14.1787815,-3.445948
1356268768883,-2.2609777,14.09706,-3.6774938
1356268768923,-2.8738933,12.217452,-1.3075534
1356268768963,0.9942854,11.958665,4.2904096
1356268769005,0.19068487,16.86199,-2.6014864
1356268769043,1.0351465,13.0619135,-0.38136974
1356268769093,4.2904096,5.09401,1.2666923
1356268769133,-3.636633,6.4015636,-0.61291564
1356268769173,-0.23154591,4.7535014,0.38136974
1356268769213,3.990762,3.6774938,0.23154591
1356268769253,1.6889231,5.6252036,-2.3426998
1356268769294,-2.3018389,12.789507,-9.697687
1356268769333,-8.076866,16.630445,-11.604536
1356268769374,-0.6537767,9.00305,-3.173541
1356268769413,1.7570249,14.2877445,1.1849703
1356268769453,2.5333846,9.343558,-1.4982382
1356268769494,1.2666923,7.8589406,-1.2258313
1356268769559,-2.7513103,13.293459,3.3778462
1356268769575,-0.6537767,10.269742,-4.099725
1356268769613,0.42223078,6.6331096,0.5720546
1356268769654,0.10896278,7.5865335,-0.88532263
1356268769693,-1.7978859,9.615966,-1.7297841
1356268769735,-0.84446156,8.471856,-0.84446156
1356268769773,-0.84446156,10.147159,-0.6946377
1356268769814,-1.607201,12.367276,1.4573772
1356268769853,-1.56634,14.09706,-1.3756552
1356268769895,-0.88532263,14.818938,-3.718355
1356268769933,-4.4810944,13.443283,-1.7570249
1356268769973,1.6889231,10.337844,1.7978859
1356268770013,0.6537767,16.43976,0.38136974
1356268770053,-0.7218784,15.4046135,-3.336985
1356268770110,4.944186,5.053149,1.920469
1356268770143,-3.8681788,6.510526,-1.334794
1356268770185,-1.1849703,5.366417,0.3405087
1356268770223,2.7649305,3.3778462,0.61291564
1356268770263,2.3426998,4.630918,-0.84446156
1356268770303,0.08172209,8.19945,-4.3312707
1356268770343,-6.3607025,17.965239,-15.091345
1356268770383,-4.3312707,13.211738,-8.049625
1356268770423,-0.08172209,12.067628,-1.2666923
1356268770463,0.27240697,13.906375,2.4108016
1356268770503,6.742072,3.568531,-4.5628166
1356268770556,-2.5606253,12.762266,6.742072
1356268770583,-2.9556155,13.0619135,-1.8387469
1356268770625,-1.3075534,8.076866,-0.38136974
1356268770663,2.5606253,5.6660647,-0.46309182
1356268770703,-0.6537767,9.275456,-0.9942854
1356268770743,-1.3075534,8.662541,-0.50395286
1356268770783,-0.95342433,9.697687,-1.56634
1356268770824,-1.8387469,12.067628,0.46309182
1356268770862,-1.4573772,13.593107,0.14982383
1356268770904,-0.95342433,14.47843,-4.2904096
1356268770943,-3.6774938,13.375181,-1.9885708
1356268770985,0.7627395,11.958665,2.8738933
1356268771023,2.0294318,16.86199,-1.2258313
1356268771064,0.42223078,14.437569,-2.0294318
1356268771103,4.1814466,6.891896,1.56634
1356268771143,-3.214402,6.3607025,-0.5720546
1356268771183,-1.1441092,5.6252036,0.42223078
1356268771223,2.3699405,3.6774938,0.46309182
1356268771263,2.7649305,4.5628166,-0.42223078
1356268771303,-0.46309182,7.3958488,-3.7864566
1356268771345,-7.9679036,17.011814,-15.363752
1356268771383,-2.6423476,12.026767,-5.8567495
1356268771423,-0.8036005,8.308413,-2.9556155
1356268771463,3.0645783,16.467001,2.4108016
1356268771503,4.3312707,5.5571017,-4.671779
1356268771553,-3.3642259,12.367276,6.1700177
1356268771593,-0.10896278,11.182305,-3.2961242
1356268771633,0.27240697,6.4424243,0.23154591
1356268771674,0.3405087,6.851035,-1.2258313
1356268771713,-2.1383946,9.724928,-1.3756552
1356268771753,-0.7627395,8.008764,-0.23154591
1356268771793,-0.8036005,10.337844,-0.7627395
1356268771833,-0.6946377,12.367276,0.42223078
1356268771873,-1.4165162,13.6748295,0.50395286
1356268771913,-0.61291564,14.437569,-4.8216033
1356268771953,-3.759216,13.593107,-1.7978859
1356268771993,-0.5720546,10.95076,1.8387469
1356268772033,1.1441092,15.6634,0.61291564
1356268772073,-1.1849703,17.161638,-4.099725
1356268772113,5.706926,6.5513873,1.607201
1356268772154,-3.8681788,6.66035,-1.6480621
1356268772193,-1.879608,5.829509,0.5720546
1356268772233,2.0294318,3.214402,1.1441092
1356268772273,3.214402,3.255263,-0.29964766
1356268772313,0.19068487,6.5922484,-3.568531
1356268772353,-6.469665,17.393185,-14.941522
1356268772394,-4.2086873,13.525005,-7.205164
1356268772433,1.334794,14.669114,-2.3426998
1356268772477,1.5390993,12.176591,4.5219555
1356268772513,3.718355,5.6252036,-3.0237172
1356268772554,-2.6423476,13.947236,5.597963
1356268772594,-1.6889231,11.223166,-3.6774938
1356268772633,-0.3405087,7.082581,0.27240697
1356268772673,1.0760075,5.706926,-1.1168685
1356268772713,-1.3756552,9.343558,-1.8387469
1356268772753,-1.1441092,8.390134,-0.42223078
1356268772793,-0.7627395,10.119919,-1.2666923
1356268772834,-0.9125633,11.985906,0.53119355
1356268772873,-1.607201,14.137921,-0.38136974
1356268772915,-0.5720546,14.709975,-3.6774938
1356268772953,-4.0180025,14.47843,-2.3699405
1356268772993,0.42223078,10.61025,2.3426998
1356268773033,1.3756552,15.28203,0.46309182
1356268773074,-1.0760075,15.636159,-2.8330324
1356268773120,5.5571017,6.701211,1.6480621
1356268773153,-4.671779,7.164303,-1.4573772
1356268773193,-1.334794,5.7886477,0.10896278
1356268773233,2.2609777,3.486809,0.7218784
1356268773274,2.8738933,4.1814466,-0.19068487
1356268773313,0.14982383,7.4639506,-3.5276701
1356268773355,-4.5219555,15.894946,-13.375181
1356268773393,-6.1291566,13.824653,-7.3958488
1356268773433,-0.3405087,10.079058,-2.4516625
1356268773473,1.7297841,15.241169,1.6480621
1356268773513,5.47538,5.434519,-6.3607025
1356268773553,-1.607201,11.958665,7.082581
1356268773593,-1.525479,12.340035,-0.29964766
1356268773633,-2.3426998,7.3141265,-0.8036005
1356268773673,0.38136974,7.0553403,-0.10896278
1356268773714,0.313268,9.765789,-0.95342433
1356268773753,-0.95342433,8.580819,-1.0351465
1356268773794,-0.53119355,9.697687,-0.61291564
1356268773832,-2.2201166,12.108489,-0.84446156
1356268773877,-1.7297841,13.375181,0.08172209
1356268773923,-0.38136974,13.947236,-4.9850473
1356268773963,-3.0237172,12.598822,-1.2666923
1356268774005,1.4165162,11.917805,3.5276701
1356268774043,-0.08172209,18.278507,-2.1792557
1356268774093,0.040861044,14.137921,-1.879608
1356268774144,-0.61291564,5.597963,-0.88532263
1356268774183,-1.879608,5.8567495,-0.29964766
1356268774225,1.6480621,3.636633,0.46309182
1356268774263,3.5276701,4.2495484,-0.3405087
1356268774303,0.7218784,6.66035,-3.0645783
1356268774343,-2.1383946,12.340035,-9.275456
1356268774383,-6.782933,17.502148,-12.299174
1356268774423,-2.2201166,10.310603,-4.944186
