1356269418091,0.0,0.0,0.0
1356269418130,-0.108878136,0.50356007,0.04082918
1356269418171,-0.06746006,0.1469822,0.31280386
1356269418209,-0.106552124,0.22149229,0.16089451
1356269418250,-0.10275936,0.24834251,-0.07618463
1356269418289,-0.096458435,0.25462103,-0.04483044
1356269418330,-0.087516785,0.15950727,-0.43778998
1356269418370,-0.035554886,0.1693263,-0.61035854
1356269418410,-0.06396103,0.2453394,-0.3385229
1356269418450,0.05763817,-0.2503023,-0.32526863
1356269418490,0.069013596,0.101656914,0.3153504
1356269418530,0.077708244,0.11866236,0.77514136
1356269418571,0.16411495,0.033404827,1.301117
1356269418610,0.27269554,-0.100336075,2.6252198
1356269418650,0.45685673,-0.21557522,3.1736631
1356269418690,0.6059208,-0.40763593,2.1755264
1356269418730,0.649395,1.0128479,1.0483904
1356269418770,-0.53118515,0.97826004,2.0178614
1356269418810,-1.6515894,0.664412,0.13500619
1356269418850,0.14771938,-2.021537,-1.5425508
1356269418890,-0.14407921,-2.4716065,-0.115834236
1356269418930,-1.0897789,-1.6434147,-0.16643548
1356269418989,-0.78297615,-3.0063953,-0.54505515
1356269419011,-0.61628056,-3.172626,-0.015041351
1356269419051,0.1144371,-3.6125345,0.8071711
1356269419081,0.42308044,-3.4454248,0.84504414
1356269419111,0.30634212,-2.9634514,0.7398763
1356269419170,0.44367313,-2.3114445,0.739599
1356269419190,0.84785366,-1.4741901,0.6740706
1356269419230,1.058507,-1.7606521,0.8051429
1356269419268,3.0703506,1.5545912,1.4455101
1356269419310,3.7257195,1.5304114,-2.1670172
1356269419350,-7.264427,5.210593,0.6078677
1356269419389,0.7637205,4.642734,-4.6427245
1356269419430,2.346489,2.0696921,-1.2429447
1356269419470,1.4001637,1.6277173,-1.4084896
1356269419510,-2.7989378,2.28645,-4.756579
1356269419550,-1.4377213,0.4706745,-2.1765485
1356269419590,-0.67142296,-0.26981926,0.003452301
1356269419630,-2.1666317,0.9796972,-1.7680748
1356269419670,-1.0021391,1.0017986,-1.5485373
1356269419710,1.9591875,0.5838504,-0.6108277
1356269419750,3.494235,0.8985472,0.028796792
1356269419790,4.7974167,1.4176819,2.0581136
1356269419830,4.7478485,-1.4804513,1.7979329
1356269419870,1.9624138,-0.11690116,1.4937217
1356269419910,0.14483738,5.039029,-2.0473452
1356269419950,3.2238493,4.111948,-0.33417797
1356269419991,1.1348505,1.5157776,0.72860444
1356269420029,-3.3898802,-0.3799019,-1.6419994
1356269420070,-7.118582,-1.2971492,-1.5926554
1356269420110,-6.4386888,-3.7938533,-1.2315704
1356269420150,-8.982293,-1.4021513,-1.8435102
1356269420190,-9.01243,-1.757869,-0.5553848
1356269420230,-3.585701,-2.2988336,3.4616
1356269420270,8.823334,-5.231036,14.19461
1356269420310,2.5604906,-2.3736513,5.102085
1356269420350,-1.918848,-2.8819149,-0.055517495
1356269420390,8.218431,6.588071,-3.587463
1356269420430,-2.8707995,0.8980777,6.615518
1356269420470,-1.5543656,1.9762895,-7.8487167
1356269420510,7.5453844,1.7647798,-3.0802844
1356269420550,2.4668045,-2.3936005,0.22713327
1356269420590,-4.526308,0.47115946,-4.113662
1356269420630,-1.9544988,1.132401,-2.2154555
1356269420670,-0.2954874,-1.3183897,-1.7734795
1356269420710,-0.55891037,-1.4747102,-1.1554971
1356269420750,1.1886978,1.3004456,-2.0164466
1356269420790,3.0777369,0.69334984,-0.39048767
1356269420830,4.0107756,0.6231389,1.4624621
1356269420870,4.105136,-1.4571645,4.6550937
1356269420910,2.452363,-1.2620344,-0.27011555
1356269420950,4.767127,6.650176,-1.7944824
1356269420991,4.395767,5.382821,2.1457977
1356269421029,2.0543175,1.4511395,0.36670935
1356269421070,-4.1911693,-0.47782826,-1.5159668
1356269421110,-8.668757,-2.4775786,-1.9971458
1356269421150,-6.8374534,-4.390587,-2.1740544
1356269421190,-11.321636,-0.31530905,-2.6165721
1356269421230,-9.690096,-0.49400377,-0.24467778
1356269421270,0.79830456,-0.7244072,5.2311
1356269421310,9.775095,-8.448937,12.800474
1356269421350,0.092303276,-2.6430104,3.547592
1356269421390,-3.146716,-1.3301477,-1.5787315
1356269421430,6.6127157,11.164468,-3.9851773
1356269421470,-2.9221625,-0.48270893,9.540002
1356269421510,3.912571,2.2768066,-12.461027
1356269421550,3.9910007,1.3293064,0.60993624
1356269421590,-1.2825251,-1.5543158,-1.0836242
1356269421630,-3.9409857,1.5242221,-3.1027107
1356269421670,0.43464184,-1.2801733,-2.1079144
1356269421710,0.10420799,-3.6465027,-2.0225835
1356269421750,-0.06483555,-1.1448023,-0.9077066
1356269421790,3.099577,1.6172023,-2.5362349
1356269421830,3.2177296,2.2672243,1.7379735
1356269421870,4.923744,0.038986683,4.4394245
1356269421910,3.6568213,-3.5294514,2.214718
1356269421950,3.4288015,0.9574084,-2.2502856
1356269421993,5.2334156,7.799968,-0.5937333
1356269422031,2.8257103,2.0237532,1.353086
1356269422070,0.5205202,-1.028408,-0.7634084
1356269422110,-8.684631,0.75248194,-2.2823422
1356269422148,-6.902183,-4.6796174,-2.1891017
1356269422190,-8.840948,-1.7747953,-2.4847667
1356269422230,-12.13075,1.0639882,-1.7229556
1356269422270,-4.9033513,-0.14516115,1.2648227
1356269422310,8.056316,-7.36701,13.0336895
1356269422350,4.4001303,-4.1598907,4.7005105
1356269422390,-2.248169,-3.0356708,0.80505043
1356269422430,5.992478,7.3352213,-3.8728104
1356269422470,-2.464993,1.963161,7.6349688
1356269422510,0.43893242,-0.09398842,-10.777283
1356269422550,6.204934,2.3248603,0.21756244
1356269422590,0.5209336,-0.57176065,-0.7718984
1356269422630,-5.6019154,2.2572155,-3.5994546
1356269422670,-0.4079094,0.048648357,-1.6942042
1356269422710,-0.32327747,-2.8951783,-2.4754994
1356269422750,-1.4301763,-0.121156216,-1.099473
1356269422790,2.2385988,1.1831002,-0.9265399
1356269422830,4.1586084,1.7972221,-0.18173218
1356269422870,5.7600546,0.3167925,3.4786086
1356269422910,4.611767,-2.5143583,4.1406918
1356269422950,1.6371374,0.3266306,-1.4075998
1356269422990,5.0793047,7.920083,-1.3219123
1356269423029,4.104904,3.381713,1.5581689
1356269423070,0.98219585,-1.5651731,-0.67772055
1356269423111,-7.0802994,0.16572046,-2.19195
1356269423150,-8.735631,-2.8235006,-1.8948253
1356269423190,-7.6172075,-2.5294735,-2.015519
1356269423230,-11.316162,0.55337334,-1.4463142
1356269423270,-6.063245,-0.2384367,1.402627
1356269423310,5.6551943,-5.150375,12.063099
1356269423350,6.344983,-4.520055,5.7715483
1356269423390,-1.869093,-2.1666763,1.7712613
1356269423430,3.7779431,3.6884441,-1.5818496
1356269423470,1.9833322,4.8321133,-1.1787457
1356269423510,-5.0562906,-0.84426,0.6710112
1356269423550,5.797625,2.4921017,-7.0865345
1356269423590,2.3345046,-1.1392539,-0.19524097
1356269423630,-3.5279274,-0.4129417,-2.312883
1356269423670,-1.7631688,1.0792003,-2.8292367
1356269423710,0.048832893,-1.5489779,-1.674139
1356269423750,-0.28324604,-2.626886,-0.76716006
1356269423790,1.6854935,-0.22650433,-0.76683843
1356269423830,3.484477,1.1083379,-1.7005068
1356269423870,3.3940535,2.2662487,2.765465
1356269423909,6.5371037,-0.5232887,2.4821005
1356269423950,2.799488,-1.2113504,3.237513
1356269423990,0.8624954,5.5708265,-4.2496276
1356269424030,5.859131,4.376843,0.44804144
1356269424070,1.7591133,1.9068756,-0.15423644
1356269424110,-7.055383,1.0403843,-2.13127
1356269424150,-9.254117,-2.2561963,-1.6810695
1356269424190,-6.08382,-4.6774344,-1.8680619
1356269424230,-10.954553,0.4192748,-1.7675548
1356269424270,-8.639258,-0.3974638,-0.022487879
1356269424310,3.5054026,-3.956109,9.399257
1356269424350,9.073975,-9.105038,7.9171977
1356269424391,-2.530311,-0.84310436,2.906147
1356269424430,4.8043094,5.3757176,-0.7789796
1356269424470,0.8334398,3.1781478,-1.4722034
1356269424510,-3.7204845,-0.4149723,1.823056
1356269424550,5.4210916,2.63557,-7.031518
1356269424590,1.6857533,-0.52527857,-0.31391287
1356269424630,-3.4276304,0.18251562,-1.6271868
1356269424670,-1.6365047,1.5233438,-2.464749
1356269424710,0.9402542,-1.9349253,-2.2391589
1356269424750,0.8698654,-2.0502522,-0.12548518
1356269424790,1.3905087,0.48645258,-1.8592256
1356269424830,3.7024698,1.7097144,0.2834432
1356269424888,4.479615,0.37313414,1.6281106
1356269424910,5.3623886,-2.123661,3.4867244
1356269424950,1.9527025,-0.5344889,1.8903052
1356269424988,2.4731617,6.3257856,-3.0820436
1356269425017,4.8153267,4.4814105,-0.51925206
1356269425060,3.183569,0.48477077,1.6698904
1356269425100,-5.0589805,0.61222506,-2.321922
1356269425140,-10.411146,-1.1396818,-1.8091335
1356269425179,-4.9183674,-4.786422,-1.8914695
1356269425220,-9.896675,0.37443066,-1.8490008
1356269425260,-9.119502,-0.12988377,0.14743209
1356269425300,0.38056755,-1.5226231,5.439144
1356269425340,9.685978,-7.6940174,11.22744
1356269425380,-0.5898371,-1.9651256,2.3088486
1356269425420,2.364685,1.8943133,-1.6013031
1356269425460,2.7432733,6.3621597,-1.3984526
1356269425500,-5.59533,0.5486369,1.0585141
1356269425540,5.8923397,4.017469,-6.6100597
1356269425580,3.1094618,-2.4775376,0.37530112
1356269425620,-4.194119,-1.1151001,-3.3886855
1356269425660,-1.5858946,0.61568713,-1.8087304
1356269425700,1.1105642,-2.0046728,-0.4782493
1356269425740,-0.4026966,-2.0234032,-0.88972735
1356269425780,1.1134739,-0.0143175125,-1.9334227
1356269425820,3.3836737,1.2562127,-1.4546301
1356269425859,3.905529,1.0992384,2.011959
1356269425900,6.0082617,-0.3614235,2.670082
1356269425940,1.5703211,-1.1105287,2.3726876
1356269425989,-0.41879177,5.203389,-2.3333373
1356269426021,5.558461,5.4451656,-0.16541243
1356269426061,2.00064,2.5650883,1.5574877
1356269426101,-3.377933,-0.18080616,-1.953572
1356269426140,-8.836355,-1.2323403,-1.2657635
1356269426180,-4.838119,-5.094194,-2.058435
1356269426220,-10.479455,-0.25528812,-2.2534971
1356269426260,-8.785566,-0.8614826,-0.30109167
1356269426300,-2.240141,-1.8693013,2.4819212
1356269426340,9.387909,-8.394837,12.493961
1356269426380,2.6195612,-3.0376842,4.245744
1356269426420,0.17064762,1.6332059,-0.46076918
1356269426460,6.092881,5.7587624,-5.1620197
1356269426500,-7.837103,0.35987902,6.7376246
1356269426540,4.55479,5.1937757,-11.126005
1356269426580,5.092504,-1.3010807,1.2401073
1356269426620,-1.1919799,-2.3802128,-2.761083
1356269426660,-4.0404997,2.3056622,-2.3782864
1356269426700,0.37526512,-0.21470785,-1.0746586
1356269426740,0.3142147,-3.0526247,-2.0985558
1356269426780,0.21256542,-0.34666586,-0.48181033
1356269426820,2.3144255,1.4478602,-2.0395126
1356269426860,4.0008106,0.30111647,1.5912246
1356269426900,5.01989,-0.34200668,3.1329598
1356269426940,3.3607569,-2.4081256,3.4394877
1356269426988,0.5478773,0.84054327,-0.44605303
1356269427021,3.619256,7.8000154,-2.6850805
1356269427060,3.5053682,2.8986926,2.7906656
1356269427100,-0.7700033,-0.15464401,-1.4490532
1356269427140,-7.061064,-1.083523,-1.1928033
1356269427180,-6.6862826,-3.901709,-1.9654828
1356269427220,-8.143311,-1.8485324,-1.7004522
1356269427260,-10.41893,0.6170974,-0.98553455
1356269427300,-5.183096,-0.2909093,1.1129961
1356269427340,6.633361,-4.1128807,10.879722
1356269427380,7.8075333,-6.917606,7.7781234
1356269427420,-1.9946594,-0.83711815,0.47561157
1356269427460,6.2972927,5.1355696,-3.3253908
1356269427500,-1.3400531,3.220152,3.940135
1356269427540,-3.1872253,1.1085603,-4.2714043
1356269427580,5.4043593,2.9302392,-4.4939184
1356269427620,2.0173712,-3.0314252,0.44843197
1356269427660,-4.5008817,0.07744074,-4.01461
1356269427718,-1.5585437,1.643506,-2.54183
1356269427740,0.79103565,-2.2325706,-1.8647375
1356269427780,0.031546593,-2.5029144,-0.43162668
1356269427818,0.7950821,0.7283964,-2.225728
1356269427860,3.5038853,0.76069593,-0.88435155
1356269427900,3.8495808,0.9009204,2.7196455
1356269427940,5.555332,-0.5507698,3.416572
1356269427987,2.040783,0.03582573,1.702459
1356269428021,1.3183832,5.456647,-3.887042
1356269428061,5.212405,4.613342,2.504422
1356269428101,0.9493551,1.9535365,-0.11564678
1356269428141,-7.021399,0.3006754,-2.1089716
1356269428181,-9.062166,-2.6721473,-1.8974078
1356269428221,-5.6489506,-4.1800194,-1.5045903
1356269428261,-10.242406,0.40908194,-1.385361
1356269428300,-7.013961,-0.85186577,0.46359217
1356269428340,5.3983765,-5.0526676,11.449008
1356269428380,6.9098682,-6.7766085,7.20931
1356269428420,-2.4601378,-0.2394414,2.019763
1356269428460,6.4814205,5.782254,-3.5215034
1356269428500,-4.9274282,1.891984,5.1295156
1356269428540,2.2169538,0.59215593,-9.343635
1356269428580,4.7897286,1.1476405,-0.41422725
1356269428620,0.21570635,-0.674597,-1.9174268
1356269428660,-4.5309715,0.28827834,-2.9525688
1356269428700,0.1058979,-1.0904095,-1.6188092
1356269428740,0.90209293,-1.9824567,-0.957301
1356269428780,-0.07721996,-0.74120116,-1.5729463
1356269428820,1.1101837,0.92401457,-1.5810294
1356269428860,3.3929577,1.0420537,-0.07814324
1356269428900,4.267686,0.29589605,1.8799489
1356269428940,4.6286945,-1.7443297,3.8836598
1356269428989,1.0901794,-1.0279377,1.5596907
1356269429021,2.0082884,5.6947613,-2.8893845
1356269429061,5.410697,5.1703568,0.80929875
1356269429101,1.6764803,1.6786628,0.5029081
1356269429141,-4.3649397,0.07363272,-1.7276654
1356269429180,-8.081011,-2.2689893,-1.3639499
1356269429219,-5.934553,-3.904517,-2.0033448
1356269429260,-10.542138,0.40406942,-1.9112387
1356269429300,-7.9128594,-0.17363071,0.4662285
1356269429340,2.4676104,-2.0490642,6.713729
1356269429380,9.114834,-7.3802943,9.377644
1356269429421,1.5094042,-2.0677207,2.6810498
1356269429460,2.1804228,0.007602215,0.40740013
1356269429500,3.5270524,6.0382137,-4.3286963
1356269429540,-6.1121345,0.41335797,4.007268
1356269429580,4.4499736,2.9850962,-8.606414
1356269429620,3.394477,-1.1519477,-0.255368
1356269429660,-3.303801,-0.6308651,-2.2909276
1356269429701,-3.134315,1.451824,-2.8452094
1356269429750,0.30411816,-1.7851973,-1.3106513
1356269429790,-0.60949993,-1.7114308,-1.6433854
1356269429830,0.67950535,0.12916803,-0.34806776
1356269429870,3.1366625,0.85129786,-1.6237651
1356269429910,3.7670546,1.4497709,2.079855
1356269429950,5.016593,-0.8580897,4.047941
1356269429990,1.5718851,-2.250421,2.0549736
1356269430029,1.9969082,3.8896537,-2.5922103
1356269430070,5.1466236,5.6887045,-0.46348867
1356269430110,2.6350794,0.4077859,0.9844346
1356269430150,-2.6186452,-0.9630785,-1.2936711
1356269430190,-9.697065,-0.44971228,-1.8077476
1356269430229,-4.4614472,-4.6122313,-1.7573445
1356269430270,-9.328414,0.14909458,-1.8735151
1356269430310,-9.128784,0.78457594,0.051602244
1356269430350,-1.5623913,0.19597244,2.8836823
1356269430390,9.260744,-7.4922776,12.470512
1356269430430,1.5654554,-1.8784208,3.04863
1356269430470,1.7275639,2.8455806,0.51298094
1356269430510,4.22653,3.1630101,-6.957821
1356269430568,-8.4814205,1.2251401,4.7339234
1356269430590,3.8047032,4.5641627,-11.443435
1356269430630,6.1486955,-0.8700063,1.8130221
1356269430668,-1.4998851,-2.6056786,-3.2437396
1356269430710,-4.075007,2.2678921,-2.4579937
1356269430750,0.6204891,-0.6094799,-1.2752352
1356269430790,-1.1622906,-1.1499054,-1.1169962
1356269430830,0.78987217,0.13099909,0.63383114
1356269430870,3.4007807,-0.89396596,-1.2054564
1356269430909,3.8056202,-0.33163834,2.3620646
1356269430950,4.7054024,-0.2895937,3.0393329
1356269430989,3.1592999,-1.8602931,2.479599
1356269431030,0.7844677,2.7145457,0.37919497
1356269431070,3.5842981,7.474369,-1.5633368
1356269431110,2.768114,2.198543,2.66081
1356269431150,-0.4203205,-1.1376667,-1.3600494
1356269431190,-7.905101,-0.58585954,-1.570133
1356269431230,-7.4472156,-3.1845837,-2.1861498
1356269431270,-7.2999067,-2.4003713,-1.8752455
1356269431310,-9.415864,-0.16358948,-1.1253893
1356269431350,-4.6507883,-1.0503678,1.7973459
1356269431390,5.8052683,-3.2211485,10.352668
1356269431430,8.1170025,-6.6528454,7.9885306
1356269431470,-1.6259618,-0.31144333,1.3786972
1356269431510,7.2477355,6.0759745,-3.6712406
1356269431550,-5.9391203,1.9690962,5.2618475
1356269431590,-0.07006264,2.1822207,-9.938578
1356269431630,6.3651924,1.4808738,-1.7296762
1356269431670,2.4132576,-3.205456,0.023370028
1356269431710,-4.5892773,0.9079828,-4.170612
1356269431750,-1.0050268,1.1781087,-2.5204806
1356269431790,0.4147358,-2.8526006,-1.1029062
1356269431830,-0.5651617,-1.7308309,-1.297796
1356269431870,0.80955505,0.22704506,-1.3720577
1356269431910,3.6356716,0.04728651,-1.6676887
1356269431950,3.0407686,2.4261193,2.6292188
1356269431989,5.04967,-1.1464288,3.5100684
1356269432030,3.176836,-2.087339,2.4430704
1356269432070,1.3683395,5.9451747,-1.7923988
1356269432110,3.0758038,5.0121613,-1.3809571
1356269432150,2.2055645,0.3546543,1.9823344
1356269432190,-3.2904158,-0.029798508,-1.8049347
1356269432230,-9.600955,-1.2206552,-2.020208
1356269432270,-5.098451,-4.281273,-1.5342371
1356269432310,-10.072859,0.39354897,-1.2399445
1356269432350,-7.8653154,-0.3921504,0.41713405
1356269432390,0.010972023,-1.9484329,5.0337443
1356269432430,9.455551,-7.0645576,11.596937
1356269432470,1.5533781,-0.25066853,4.4021363
1356269432510,1.6860075,1.0776849,2.4789233
1356269432550,4.685618,4.771713,-6.1161127
1356269432590,-7.016882,0.5050669,4.5527096
1356269432630,3.2451892,2.395868,-10.771692
1356269432670,5.246116,-0.75188184,-0.041109085
1356269432710,-1.5368757,-1.7401607,-2.2522864
1356269432750,-4.762736,1.4931304,-2.7040114
1356269432790,0.23578739,-1.0591557,-1.9167836
1356269432830,0.10408592,-2.430974,-1.2206664
1356269432870,-0.38827038,-0.13846445,-0.67587554
1356269432909,1.5275621,1.1756139,-2.3245206
1356269432949,3.3560562,1.7889848,0.5041522
1356269432992,4.9422865,0.7829418,2.6076436
1356269433031,5.146413,-2.061753,3.2014542
1356269433071,1.268424,-0.2803111,1.0768085
1356269433110,1.2370043,6.9198866,-3.0898132
1356269433150,3.3109865,3.0514584,2.0064373
1356269433190,1.1422033,0.94401026,-0.50019145
1356269433230,-6.2596936,-0.57898116,-1.3138497
1356269433270,-7.4786944,-2.9001675,-1.5858355
1356269433310,-6.402024,-2.965992,-1.6462708
1356269433350,-9.975296,0.2862854,-1.1693552
1356269433408,-6.672168,-0.7513809,0.9890127
1356269433430,2.861474,-2.6841652,7.3594303
1356269433470,9.4730835,-7.3362503,10.005424
1356269433508,-1.1702485,-0.26749706,1.7217717
1356269433550,5.640883,3.983141,0.23291457
1356269433590,-1.5098958,3.0136747,-0.57023394
1356269433630,-4.3672905,0.36807728,-2.4045625
1356269433670,6.4226456,2.3903291,-6.8554974
1356269433710,3.7785964,-2.618948,1.2265825
1356269433750,-3.200511,-0.28341532,-3.2971478
1356269433790,-2.9879394,2.0676618,-2.5460448
1356269433830,0.6544256,-2.1591477,-1.1316292
1356269433870,-0.24893856,-2.1647887,-1.4046134
1356269433909,-0.07570076,0.633749,-0.5292206
1356269433950,2.108018,1.2386374,-2.5191782
1356269433990,3.4493856,1.3517833,0.99045765
1356269434030,5.3711853,-0.30476737,2.376041
1356269434070,3.3586912,-2.2878485,2.8332233
1356269434110,-0.08359718,1.5641894,-0.31282264
1356269434150,2.7515688,7.003289,-2.3924851
1356269434190,3.2397566,3.22478,2.1815085
1356269434230,-0.5263519,-0.07248783,-1.3672408
1356269434270,-7.511086,-0.27287245,-0.79367393
1356269434310,-5.758168,-4.1775827,-1.7643067
1356269434350,-7.7237263,-1.5680931,-1.5224047
1356269434390,-9.119492,0.16185284,-0.7243247
1356269434430,-4.536416,-1.3290069,2.0148149
1356269434470,7.242403,-5.3192053,10.718044
1356269434510,5.7500963,-4.9386363,6.461407
1356269434550,-0.99391985,-0.46209955,0.494102
1356269434590,5.9355235,4.848315,-2.8572583
1356269434630,-2.7444897,3.076376,4.194502
1356269434670,-2.8953547,0.23496771,-3.945119
1356269434710,5.3685346,1.1435683,-4.8267355
1356269434750,2.3940115,-1.8727814,-0.12386727
1356269434790,-3.5767636,0.8782506,-3.1696765
1356269434830,-2.204679,1.5931864,-2.2275956
1356269434870,0.19294167,-1.7897849,-1.8644861
1356269434910,-0.26205158,-2.0856893,-2.0755773
1356269434950,0.32490063,-0.342901,-0.011944056
1356269434991,2.9174042,0.624115,-2.6548147
1356269435031,3.4323082,1.8453755,2.0919325
1356269435071,6.1654415,-0.22383475,2.7152581
1356269435111,3.0886621,-2.2670202,3.2170753
1356269435150,-1.0123038,2.753253,-2.3116376
1356269435190,5.138653,5.2680254,-0.6683345
1356269435230,2.9310732,2.7219658,1.3448515
1356269435270,-1.8493519,-0.14752436,-1.3654947
1356269435310,-9.446972,-0.4046228,-1.2248651
1356269435350,-4.568308,-4.531493,-1.9633931
1356269435390,-9.531484,-0.080329895,-1.7085359
1356269435430,-9.247995,-0.04960823,-0.62865007
1356269435470,-1.726531,-2.2559364,3.7581258
1356269435510,9.349689,-6.834754,11.597052
1356269435550,2.0860434,-1.3127651,4.0040293
1356269435590,4.613489,3.653144,2.661191
1356269435630,0.8463383,1.6645446,-7.096361
1356269435670,-8.171105,2.2223816,4.8363895
1356269435710,6.1222734,1.6013768,-9.409398
1356269435750,3.834723,-1.0432601,0.5564239
1356269435790,-1.845747,-0.626101,-2.013668
1356269435830,-3.5415306,1.5067096,-2.752416
1356269435870,0.27741146,-1.5282648,-1.2700287
1356269435910,0.24529839,-2.330161,-0.5511476
1356269435950,-0.27260685,-0.8220651,-1.6138489
1356269435992,1.4452753,0.37897348,-1.0647689
1356269436031,3.2697153,0.6542797,-0.51553655
1356269436071,3.6281404,1.5093703,2.3453755
1356269436111,5.012251,-1.4545348,3.0332456
1356269436151,1.8762016,-1.6466706,1.583824
1356269436191,0.9819832,5.5004272,-2.1523235
1356269436248,3.5109243,5.390029,-0.841474
1356269436270,2.4933863,1.1257839,1.3957686
1356269436310,-4.031522,-0.2541864,-1.2376063
1356269436348,-8.855867,-1.1092045,-1.3424091
1356269436390,-4.705759,-3.6920674,-1.394078
1356269436430,-9.319683,0.3103032,-0.9617502
1356269436470,-7.259409,-0.3767476,0.6745478
1356269436510,-0.3967781,-1.9188263,4.5021973
1356269436550,9.050838,-6.3390064,10.239883
1356269436590,3.4018736,-1.9593339,2.7305033
1356269436630,1.8216019,0.81010103,2.3165228
1356269436670,5.203691,4.5020194,-3.5065455
1356269436710,-6.407325,0.9068079,3.5850787
1356269436750,1.4227977,1.4837892,-9.255451
1356269436790,5.3135967,-0.4759264,-1.5919617
1356269436830,-0.43443108,-1.7173051,-1.1909449
1356269436870,-4.184612,1.0551646,-2.8803358
1356269436910,-1.2226949,0.1994493,-2.0371919
1356269436950,0.060498238,-1.954335,-1.2636809
1356269436992,-0.69894695,-1.1974769,-1.1269945
1356269437031,0.9719753,0.63433886,-1.3781295
1356269437071,2.6367025,1.2428598,-0.12396419
1356269437111,3.336298,1.681633,2.6581376
1356269437151,4.086195,-1.4064577,4.096948
1356269437191,1.4470205,-1.5619307,1.2518551
1356269437230,2.440239,6.5225296,-2.8801236
1356269437270,3.4571714,4.6289825,1.2327855
1356269437310,2.2280245,0.43775845,0.092602015
1356269437350,-5.729004,0.09411955,-1.2758027
1356269437390,-7.738203,-2.679873,-1.9220707
1356269437430,-5.326337,-3.7953722,-1.3443575
1356269437470,-9.657162,0.8089328,-1.569798
1356269437510,-6.8469048,-0.5272274,0.2723465
1356269437550,2.40162,-2.5085824,5.547492
1356269437590,9.946909,-8.105523,9.104546
1356269437630,0.5847597,-0.46339417,2.1800694
1356269437670,0.34568596,-1.089915,-0.9580137
1356269437709,5.0569587,8.737558,-1.6595361
1356269437750,-4.4266577,-1.751473,3.5386808
1356269437790,3.6685638,1.1038864,-10.256886
1356269437830,3.4886417,0.49032426,0.8075924
1356269437870,-3.0725555,0.69290686,-1.8639586
1356269437910,-3.4076672,2.3218226,-3.2633438
1356269437950,0.24030972,-1.3092704,-2.0637841
1356269437993,-0.7413893,-1.8969572,-1.3609252
1356269438031,-0.19124699,-0.23380828,-0.0018690825
1356269438071,2.3008108,0.79545164,-2.0070126
1356269438111,2.361167,1.6340127,1.945883
1356269438150,3.930151,-0.3254099,3.512996
1356269438190,3.4198828,-2.9041939,2.2400372
1356269438230,2.34192,3.1032639,-0.8207985
1356269438270,3.5047874,8.177773,-1.7403845
1356269438309,3.7661867,0.8028841,2.1261072
1356269438350,0.929656,-0.7629528,-0.69322336
1356269438390,-10.005452,1.1031084,-1.3837346
1356269438430,-3.4043732,-5.6272435,-1.2669047
1356269438470,-8.4688225,-1.2850156,-1.6723047
1356269438510,-9.836609,0.0076436996,-0.9971818
1356269438550,-4.4751506,-0.9210868,1.6926825
1356269438590,6.5765247,-5.3960156,10.015256
1356269438630,6.999588,-5.492605,6.7773285
1356269438670,-1.3393736,0.062431812,1.1731284
1356269438709,1.9647641,0.7659035,0.74913144
1356269438750,3.735918,7.0503645,-2.9934645
1356269438790,-5.028697,-0.62134075,0.7356093
1356269438830,4.508125,1.6155145,-6.789214
1356269438870,2.8422318,-0.17843914,-0.6977091
1356269438910,-2.9102254,0.6109011,-2.0030048
1356269438950,-3.0141191,1.5694485,-2.9618125
1356269438992,0.71239567,-1.9081175,-1.6861095
1356269439031,0.048549652,-2.687789,-1.5770001
1356269439090,-0.7652445,-1.1219676,-1.2237633
1356269439110,0.8401537,-0.8009343,-1.3366535
1356269439150,2.00704,1.9202509,-1.4316398
1356269439188,3.5609684,2.9926562,1.8482933
1356269439230,5.9837923,-0.9188497,3.028096
1356269439270,2.3088236,-2.5899413,2.0206714
1356269439310,-0.49006176,2.5408611,0.1292867
1356269439350,3.3776455,5.5588465,-2.927064
1356269439390,3.4148045,0.68333244,3.061773
1356269439430,-3.0546198,0.754755,-2.272071
1356269439470,-8.025614,-0.8869312,-0.33894438
1356269439511,-3.2531004,-4.0187254,-1.38336
1356269439550,-9.016714,0.19866848,-1.3449783
1356269439590,-9.142856,0.37460184,-0.3837613
1356269439630,-3.1709576,-1.3056946,2.6468573
1356269439670,8.008625,-6.5385675,9.726112
1356269439711,5.6767874,-2.6867104,4.1514463
1356269439750,1.2519932,-1.014117,2.3803146
1356269439790,6.492693,4.100131,-0.52072746
1356269439830,-3.1252332,2.3502352,-1.5343024
1356269439870,-4.5293016,1.3957126,-1.2535734
1356269439910,5.427704,1.9336479,-4.465639
1356269439950,2.2725449,-0.80141807,-0.789762
1356269439992,-3.2383733,0.0870924,-2.765469
1356269440031,-3.0444493,1.7471125,-2.4132183
1356269440071,-0.80441856,-0.80057025,-2.1823344
1356269440111,-0.3912363,-2.0116026,-1.552762
1356269440151,0.54502296,-1.3499522,0.3230319
1356269440191,1.9931898,0.41889,-2.8968434
1356269440230,2.3422709,2.8341193,1.37455
1356269440270,4.447093,0.85836315,1.60534
1356269440310,5.2018194,-2.3108516,2.7607882
1356269440350,0.37337303,1.1431055,0.35560066
1356269440390,1.6022911,5.8590937,-3.0652018
1356269440430,3.9645739,1.9500728,2.7407684
1356269440470,-0.12937164,0.57537365,-1.2104466
1356269440510,-7.0961504,-0.21917152,-1.2201478
1356269440550,-5.944018,-3.4481716,-1.0080585
1356269440590,-6.130263,-2.243944,-1.1948997
1356269440630,-9.457535,0.49881887,-0.9408378
1356269440670,-5.7944474,-1.4351354,1.2066909
1356269440710,3.90314,-3.835678,7.864023
1356269440751,8.496498,-5.4072914,7.0545707
1356269440790,-0.9558158,-1.6197286,1.1627328
1356269440830,3.7982893,2.574885,-1.0656122
1356269440870,2.4472728,4.794216,-1.449673
1356269440910,-6.7692604,0.44009018,4.2293983
1356269440950,4.852363,2.6332598,-9.901348
1356269440991,4.1449747,-1.1402214,1.9833598
1356269441031,-1.5276918,-1.6039033,-1.9873626
1356269441071,-3.5883007,2.3263133,-2.5097544
1356269441111,0.058541298,-0.508621,-0.96205366
1356269441151,-0.4388895,-2.437189,-1.6777799
1356269441190,-0.12415695,-0.4610715,-0.68479097
1356269441230,2.2091284,0.3716712,-2.2594314
1356269441270,3.6024933,1.1496,0.66604674
1356269441310,5.1268864,0.9078369,2.1337078
1356269441350,4.9601355,-1.5170159,3.048934
1356269441390,-1.288703,1.8304687,0.87951803
1356269441430,1.9987249,6.0175815,-3.7743664
1356269441470,4.539528,2.9578629,3.3000748
1356269441510,-1.430378,1.1876192,-1.9214813
1356269441550,-8.1088,-0.3260951,-1.1613532
1356269441590,-4.6376987,-4.6038084,-1.3758129
1356269441630,-7.696086,-1.7845156,-1.4109086
1356269441670,-10.006553,0.076976776,-0.95582604
1356269441710,-5.418165,-1.0842948,1.5908599
1356269441750,6.866596,-5.4417944,10.568924
1356269441790,7.358841,-6.252048,6.5103064
1356269441830,-2.0272884,0.26689053,1.4422485
1356269441870,5.720448,5.788909,-1.5974139
1356269441928,-0.9064183,2.3506188,-1.7463264
1356269441950,-4.4727774,-0.07936764,1.0004306
1356269441996,5.928742,2.2799695,-7.266318
1356269442020,2.8405604,-1.3386278,0.6984229
1356269442057,-2.4248095,-0.3370812,-2.7599654
1356269442100,-2.8498578,2.552579,-3.0589464
1356269442140,0.4171009,-1.0743906,-2.1177535
1356269442180,0.018054008,-2.5230055,-1.928498
1356269442220,-0.24094486,-0.2594967,-0.16927648
1356269442260,1.9856863,-0.6865797,-1.6274775
1356269442300,3.453908,0.055932045,0.24747002
1356269442340,3.2795925,1.8410335,3.4902802
1356269442380,3.494687,-1.9974003,3.7957437
1356269442420,2.062193,-2.1312652,-1.0704948
1356269442460,4.8040247,7.4858303,-2.451068
1356269442500,2.9759398,5.9252043,0.5623852
1356269442540,1.8189659,-1.1241806,0.048932195
1356269442580,-3.0842972,-1.6547887,-1.3126804
1356269442620,-10.607231,0.065721035,-2.2408738
1356269442660,-4.9875464,-4.5721526,-1.4123441
1356269442700,-9.5306015,0.7684665,-1.4217675
1356269442740,-8.1604,0.42028093,0.31235301
1356269442780,1.937417,-2.41965,6.3779907
1356269442820,8.697655,-7.5767174,9.128638
1356269442860,0.4849825,-0.7839308,1.8565073
1356269442900,2.014618,-0.10147476,2.6721835
1356269442940,7.2961535,6.7311487,-3.7403538
1356269442990,-8.034394,0.45339322,6.084647
1356269443021,-0.044690132,2.1076677,-10.513895
1356269443061,6.057622,0.4171722,0.07633233
1356269443101,-0.0079956055,-2.6676998,-1.0959781
1356269443141,-4.7811666,1.5478852,-3.013715
1356269443181,-0.36732006,0.09227562,-1.8513117
1356269443220,-0.12104797,-2.1893554,-1.1822791
1356269443260,-0.56932163,-0.34840178,-1.1030301
1356269443300,1.4421196,0.51045513,-2.5125108
1356269443340,3.4731054,0.792809,-0.58867675
1356269443380,4.5260916,1.5639615,2.396419
1356269443420,5.203843,-1.8660233,3.1658735
1356269443460,1.1512251,-1.1705062,0.968556
1356269443500,1.0274448,5.0629215,-2.5119052
1356269443540,3.53975,5.058836,0.5163678
1356269443580,0.9639044,0.7766619,0.6718035
1356269443620,-3.33567,-1.2056372,-0.82944787
1356269443660,-8.534738,-1.3412797,-1.4644021
1356269443700,-4.9507093,-3.6513245,-1.2261858
1356269443739,-9.502553,0.022099972,-1.1914601
1356269443780,-7.5254946,-0.7306886,0.19784796
1356269443820,-0.7649126,-1.5930252,4.2053585
1356269443860,9.898814,-8.077947,10.772722
1356269443900,1.9508162,-2.0220435,3.4078152
1356269443940,3.6540112,2.069642,0.03703189
1356269443986,1.8744173,5.4875345,-3.9163535
1356269444021,-6.040433,0.8026118,5.2305965
1356269444061,2.917389,3.7255375,-10.602106
1356269444100,4.0944715,-1.2449219,1.2215478
1356269444140,-2.6432042,-0.74563384,-2.918667
1356269444180,-3.1163883,1.7927055,-2.3277097
1356269444220,0.8410187,-1.6642182,-1.53899
1356269444260,0.05202675,-2.4089742,-0.9011774
1356269444300,-0.037334442,0.03986311,-0.85562146
1356269444340,2.8560314,0.05642414,-1.8681701
1356269444380,3.5890932,0.37583113,1.7126296
1356269444420,5.358796,-0.37751555,3.1565692
1356269444460,4.184902,-1.8959687,2.5179286
1356269444500,-0.18762302,3.50522,-2.1725821
1356269444541,3.9032965,7.5198545,-0.74754345
1356269444580,2.8350277,3.9326725,1.7669319
1356269444620,-1.9928312,-0.42990804,-1.5117588
1356269444660,-7.906682,-1.6451905,-1.1074785
1356269444704,-4.635048,-4.6862507,-1.90766
1356269444758,-9.629762,-0.2515688,-1.6984371
1356269444780,-9.34801,0.37844515,-0.8413352
1356269444820,-4.370353,-1.5779481,1.3783641
1356269444858,5.98201,-5.5475154,9.962736
1356269444900,7.2091103,-5.579681,5.8652945
1356269444940,-0.76395655,-1.216697,1.2378187
1356269444982,4.9445357,4.509165,-0.01337707
1356269445021,2.0667253,3.8254857,-2.5189695
1356269445061,-5.6658716,-0.7755048,1.7785807
1356269445101,5.67792,2.7767847,-6.795182
1356269445141,2.903617,-1.0045238,0.573128
1356269445180,-2.6930432,0.41762757,-2.6246006
1356269445220,-2.6143928,1.7927849,-2.5421576
1356269445260,0.18931198,-1.212888,-1.3187736
1356269445300,-0.14622116,-2.739586,-2.608492
1356269445340,-0.13376617,-0.77305794,0.22804976
1356269445379,2.0333166,-0.77214956,-1.8726888
1356269445420,3.0813112,2.0538697,0.71258414
1356269445460,4.2711954,1.7128348,3.1995687
1356269445500,5.2992115,-2.4112005,3.149784
1356269445540,-0.11600876,0.24273539,0.31847745
1356269445580,2.5636826,6.4174643,-3.1486433
1356269445620,4.5009546,3.0343432,2.0419269
1356269445660,0.019515991,-0.15555859,-1.2303118
1356269445700,-8.039833,-0.14077139,-0.9857232
1356269445740,-6.569082,-3.5529969,-1.5919709
1356269445780,-7.1134195,-2.1448798,-1.7085186
1356269445821,-9.706264,0.40541267,-1.4368917
1356269445860,-6.4143004,-0.43872976,0.89272463
1356269445900,4.7889986,-2.3489056,8.942368
1356269445940,9.674531,-8.163246,9.172505
1356269445983,-2.5565062,-0.10089302,1.6210684
1356269446021,4.1838865,2.5543342,-1.0792853
1356269446061,2.7862854,1.8922648,-3.8783808
1356269446101,-6.232086,1.7405257,4.1891627
1356269446141,4.567648,2.9551415,-9.272759
1356269446180,5.0033283,-1.9270068,0.87060714
1356269446220,-2.5350847,-0.67554116,-2.4784856
1356269446260,-3.9298673,3.1440265,-3.3488703
1356269446300,-0.19759846,-0.5520401,-1.7568437
1356269446340,-0.58226776,-1.4445863,-1.9187737
1356269446380,0.10736847,0.016021729,-0.23713493
1356269446420,2.7463074,-0.20746374,-2.512088
1356269446460,3.0468006,1.3250074,0.9817221
1356269446500,4.4014482,1.809011,2.1256063
1356269446540,5.39647,-1.0561883,2.8700385
1356269446580,-0.6063118,0.29235268,1.5973222
1356269446620,1.4271946,5.406544,-3.1302266
1356269446660,4.206271,2.5446992,2.3574672
1356269446700,-0.04647255,1.0542922,-0.6751009
1356269446740,-8.145659,0.5957055,-1.109059
1356269446780,-3.6797385,-4.8869314,-0.817526
1356269446820,-7.037235,-1.7479782,-1.465783
1356269446860,-9.050884,-0.43636036,-1.284421
1356269446900,-6.539221,-1.5340304,0.80152655
1356269446940,1.6194782,-3.3177676,5.5341673
1356269446983,10.098457,-7.067505,11.537786
1356269447021,0.48174095,-1.358474,3.4395723
1356269447061,3.7880707,4.044449,0.03512299
1356269447101,0.19326162,2.748726,-2.528822
1356269447141,-4.495825,0.77295303,0.44221997
1356269447181,5.5834327,2.4931107,-7.017398
1356269447221,3.3768086,-1.3202605,-0.12685251
1356269447261,-3.1248584,-0.73566747,-3.1103885
1356269447300,-3.2520742,2.1801295,-3.4373922
1356269447340,0.97837067,-1.9772714,-1.2225841
1356269447380,-0.8941536,-1.6117136,-1.9522967
1356269447420,-0.11899185,0.19245386,-0.8817326
1356269447460,2.3234491,0.3762064,-2.8390713
1356269447500,2.803812,1.426269,0.27753603
1356269447540,3.878378,1.2438445,3.0202928
1356269447598,4.26369,-1.8130932,2.381437
1356269447620,1.4691029,-0.7505486,1.0724757
1356269447660,1.9924135,7.560298,-2.3354235
1356269447698,3.8857841,3.8074932,1.757648
1356269447740,1.1382704,0.7589712,0.68731624
1356269447780,-6.9782386,0.2850809,-1.6890271
1356269447820,-6.1636963,-2.975867,-1.062851
1356269447860,-5.81969,-3.2708561,-1.1807104
1356269447900,-9.7695465,0.12905884,-1.5883703
1356269447940,-7.5709257,-0.94775915,0.2521497
1356269447983,0.37892723,-1.0280123,4.3253355
1356269448021,9.99777,-7.930828,12.395447
1356269448061,1.2177963,-2.8914034,2.9636245
1356269448101,0.36242104,-0.07117128,0.50817466
1356269448140,5.5179663,6.0070558,-4.5063686
1356269448180,-5.599509,-0.8888216,4.48386
1356269448220,4.6024823,3.8500597,-9.850203
1356269448260,4.4258876,-0.5390396,0.47350764
1356269448300,-2.0814052,-0.6917243,-2.9726326
1356269448341,-3.1350498,2.495487,-3.4608319
1356269448380,0.27372932,-0.3930254,-1.9107747
1356269448420,-0.28991222,-2.0906663,-1.5713539
1356269448460,0.081819534,-0.47084832,-0.5018195
1356269448500,1.9282732,-0.36048484,-2.687233
1356269448540,2.3452597,1.1983037,0.7043915
1356269448580,3.169777,1.5920138,3.0619826
1356269448620,4.0476694,-1.893223,3.254313
1356269448660,0.89390945,-1.0037434,1.1031423
1356269448700,2.7395458,7.1613083,-3.3194342
1356269448740,4.505356,3.486021,2.0291843
1356269448780,2.157692,-0.18987751,1.4311669
1356269448820,-5.405143,0.032493114,-1.4717989
1356269448860,-8.116552,-1.5339866,-1.5841769
1356269448900,-5.025058,-3.8538406,-1.2256027
1356269448940,-9.650046,0.31698322,-1.493956
1356269448983,-7.245431,-0.90409803,-0.040970206
1356269449021,-2.4480271,-1.849051,2.3870194
1356269449061,8.34782,-6.2655487,12.31023
1356269449101,4.046852,-4.1902947,4.327714
1356269449141,1.0087337,1.3005047,1.348076
1356269449181,5.914998,4.653222,-5.2699137
1356269449221,-6.7209697,0.8742373,4.7546225
1356269449260,3.9228797,4.2207203,-11.031268
1356269449300,3.9511385,-0.544492,0.49827075
1356269449340,-2.3009129,-0.4571538,-3.1031294
1356269449380,-3.3481193,1.3144968,-2.6215024
1356269449419,-0.14922619,-0.54788494,-1.9236367
1356269449460,-0.4048357,-1.99861,-1.5318174
1356269449500,0.010691643,-0.49397016,-0.035268426
1356269449540,1.6312456,-0.7669778,-2.1850579
1356269449581,3.154048,1.4010372,0.032389402
1356269449620,4.053465,1.2522278,2.216144
1356269449660,6.8387194,-0.59652734,2.237158
1356269449701,0.6747484,-0.4889605,3.452784
1356269449750,0.5587139,5.7821465,-3.9163678
1356269449790,5.0212564,2.933528,3.4535465
1356269449830,-0.7549219,2.0366783,-1.2885797
1356269449870,-7.553412,-0.1794343,-1.5534264
1356269449910,-5.4987326,-3.885561,-0.9282261
1356269449972,-6.3707542,-2.6860893,-1.512365
1356269449991,-9.686081,0.07690191,-1.3048902
1356269450031,-7.4359045,-1.5431342,0.36516988
1356269450071,1.319706,-1.8993216,6.2735624
1356269450111,10.107857,-7.3334637,10.340622
1356269450151,-0.81298876,-1.3272407,3.1126385
1356269450191,1.2555909,0.5764036,0.45663512
1356269450230,6.4729223,6.936883,-2.692079
1356269450270,-5.2715344,-1.2514601,4.986685
1356269450310,4.1470146,2.8989084,-11.0219345
1356269450350,3.3046522,0.30390906,0.027764797
1356269450390,-2.205657,-0.40798283,-1.8896906
1356269450448,-3.078178,2.0732443,-3.3647351
1356269450470,0.37908745,-0.5527642,-2.2319045
1356269450510,0.109461784,-2.502593,-1.4031792
1356269450548,-0.33744144,-0.42279863,-0.72673786
1356269450590,1.0296516,0.84303284,-2.2236536
1356269450630,3.156457,0.9747896,0.19768393
1356269450670,3.6178675,0.5361266,2.8266683
1356269450710,4.862113,-1.8275063,2.789931
1356269450750,1.8570814,-0.4864335,1.6145217
1356269450790,1.5568714,6.5247183,-2.262851
1356269450830,4.032899,4.1627884,0.41578758
1356269450871,1.9003544,0.7235904,1.0112717
1356269450910,-3.4761877,-0.9611051,-1.5291245
1356269450970,-9.035681,-0.37160587,-1.6283069
1356269450991,-4.0505295,-4.923096,-1.498839
1356269451031,-9.169601,-0.33884382,-1.7219727
1356269451071,-9.034779,0.24522305,-0.88553023
1356269451101,-4.4724054,-1.20293,1.5234698
1356269451141,4.6899443,-3.073577,9.605687
1356269451181,8.805514,-7.333803,8.186294
1356269451221,-2.905993,-0.1851387,1.424298
1356269451261,5.9374967,5.382724,-0.68070596
1356269451301,-1.3042979,0.8264737,-0.62688595
1356269451341,-3.475439,1.433135,-1.5467584
1356269451380,5.776531,2.112769,-5.692462
1356269451420,2.9370594,-1.56956,0.10009456
1356269451460,-3.984182,0.6343229,-3.2986197
1356269451500,-1.8382998,1.5524585,-3.0909932
1356269451540,0.84100056,-1.8441687,-1.3654581
1356269451580,-0.43472862,-1.6294644,-2.0961735
1356269451620,0.21763802,-0.2901225,-0.23449087
1356269451660,1.9512148,-0.7195008,-2.8100948
1356269451700,2.9781218,1.9037962,0.011782169
1356269451740,4.035885,1.9299269,2.4598622
1356269451779,5.808379,-1.3617673,2.4990997
1356269451820,0.06556511,-1.0147784,1.6724234
1356269451860,0.6809311,5.9301805,-2.4961143
1356269451900,4.947755,3.2571397,1.2885319
1356269451939,1.7476349,1.2565465,0.5122287
1356269451981,-4.688476,-0.11818409,-1.2434839
1356269452021,-9.348661,-0.6190367,-0.9900901
1356269452061,-4.331988,-4.7058215,-1.0738331
1356269452101,-9.566693,0.0077281,-1.2878392
1356269452141,-7.743662,-0.22222376,-0.18647015
1356269452181,-2.5608025,-1.0329609,2.055086
1356269452221,9.067148,-8.606964,12.236704
1356269452261,2.671607,-4.6999416,4.308848
1356269452300,-2.0050921,0.5373306,-1.5480607
1356269452340,5.416067,5.8678274,-1.9171511
1356269452380,-4.483537,-0.16137242,4.8372
1356269452420,2.8376694,2.947707,-10.0366
1356269452460,4.7154193,0.93064976,0.46647048
1356269452500,-0.20598888,-1.5213107,-2.2285495
1356269452540,-2.994276,1.7207217,-2.489233
1356269452580,0.19982338,-0.10309744,-1.541916
1356269452620,0.31332302,-1.5291946,-1.5017294
1356269452660,-0.13525677,-0.18205738,-0.8863542
1356269452700,0.7009678,0.9191346,-1.9152409
1356269452740,2.8215046,1.0066266,-1.1553249
1356269452780,3.3782206,1.411931,0.63506615
1356269452820,3.6829538,0.49904203,3.9328837
1356269452860,2.4791422,-2.1527636,1.9749833
1356269452900,1.1465893,2.2202601,-0.57607496
1356269452939,3.5087967,8.006063,-1.3228824
1356269452980,2.9268436,2.214971,3.6424758
1356269453020,-1.2857485,-0.37013483,-1.3005719
1356269453060,-8.950951,0.0347147,-1.655655
1356269453100,-4.3871613,-5.69911,-1.4529276
1356269453139,-7.417607,-2.255333,-1.2221878
1356269453180,-8.416591,-0.7528491,-1.3107991
1356269453220,-4.393855,-2.345977,1.0172982
1356269453278,5.9276886,-4.908869,10.745905
1356269453300,8.59684,-6.500387,7.535543
1356269453340,0.29237556,0.5335064,3.432262
1356269453378,7.809219,4.4201365,-3.3211098
1356269453420,-7.393841,1.7704458,5.3605537
1356269453459,1.2564092,1.7227714,-9.979178
1356269453500,5.280237,1.331254,-1.3231056
1356269453540,-0.29713917,-1.0300725,-1.5933448
1356269453580,-4.531795,2.2393281,-4.112394
1356269453620,-0.8981199,0.4865768,-2.7162602
1356269453660,-0.093494415,-1.616853,-1.5286794
1356269453700,-0.87157345,-0.33293366,-1.1685596
1356269453740,0.41341686,0.60348463,-1.8161902
1356269453780,2.804737,0.50248194,-0.9885069
1356269453820,2.416606,1.7671466,0.81968856
1356269453860,4.6497326,-0.16222811,2.545505
1356269453900,3.117855,-1.4988465,2.1361654
