1356446966487,5.706926,-7.5456724,0.19068487
1356446966529,5.7477865,-7.8180795,0.10896278
1356446966568,5.6252036,-7.6273947,0.3405087
1356446966611,5.706926,-7.6546354,-0.19068487
1356446966648,5.8567495,-7.504812,0.040861044
1356446966690,5.7886477,-7.3958488,-0.0
1356446966729,5.829509,-7.273266,0.10896278
1356446966774,5.9793324,-6.932757,-0.5720546
1356446966817,6.469665,-6.8237944,-0.3405087
1356446966848,6.782933,-7.273266,-0.14982383
1356446966887,6.5922484,-6.891896,-0.42223078
1356446966919,6.2108784,-6.891896,-0.61291564
1356446966957,6.1700177,-7.246025,-0.0
1356446966998,6.8237944,-6.851035,-0.7627395
1356446967040,6.8237944,-6.1700177,-0.6537767
1356446967078,6.1700177,-6.3198414,-0.14982383
1356446967119,6.3607025,-7.246025,0.19068487
1356446967159,6.6331096,-6.782933,0.14982383
1356446967200,6.6331096,-6.891896,0.53119355
1356446967239,6.6331096,-7.3141265,-0.08172209
1356446967280,6.851035,-7.164303,-0.27240697
1356446967318,6.851035,-7.6546354,-0.0
1356446967361,7.164303,-7.9270425,0.27240697
1356446967398,7.164303,-7.3958488,-0.61291564
1356446967444,8.308413,-8.349273,-1.4982382
1356446967478,9.507003,-8.19945,-1.0351465
1356446967518,6.0474343,-7.7772183,-1.607201
1356446967558,6.4424243,-8.689782,0.8036005
1356446967599,8.281172,-9.615966,2.2609777
1356446967638,5.9793324,-9.493382,-1.4982382
1356446967678,4.1814466,-8.049625,-0.08172209
1356446967719,6.0201936,-5.5571017,-1.9477097
1356446967758,4.1814466,-4.671779,-2.3018389
1356446967799,3.8273177,-4.2086873,-1.7978859
1356446967838,3.5276701,-3.8681788,-2.0294318
1356446967878,2.6423476,-4.7535014,-4.5900574
1356446967918,2.2201166,-5.6252036,-7.3141265
1356446967958,3.405087,-7.3141265,-9.915613
1356446967998,6.742072,-7.8861814,-8.62168
1356446968038,6.1700177,-7.7363577,-8.730643
1356446968083,9.575105,-11.141444,1.3075534
1356446968118,1.7570249,-10.228881,0.88532263
1356446968159,2.7240696,-6.0474343,1.4982382
1356446968198,9.80665,-6.0201936,0.9942854
1356446968239,8.539958,-5.9793324,-2.9147544
1356446968278,5.7477865,-4.903325,-0.9125633
1356446968320,4.5219555,-5.7886477,-1.3756552
1356446968358,5.407278,-5.8976107,-2.0294318
1356446968398,6.8237944,-6.0882955,-1.1441092
1356446968448,6.891896,-7.246025,-0.10896278
1356446968478,7.5456724,-8.158588,-1.1849703
1356446968518,8.962189,-8.662541,-2.8330324
1356446968558,8.62168,-9.112013,-1.56634
1356446968588,10.337844,-8.962189,-0.6537767
1356446968628,8.689782,-10.269742,0.84446156
1356446968668,7.43671,-10.882658,3.214402
1356446968708,5.47538,-12.067628,0.14982383
1356446968748,4.630918,-7.7772183,-0.29964766
1356446968788,2.7921712,-4.862464,0.42223078
1356446968829,3.214402,-2.7240696,0.42223078
1356446968868,3.718355,-3.5957718,-1.4165162
1356446968909,4.0180025,-3.2961242,-3.214402
1356446968948,2.4108016,-5.202973,-6.6331096
1356446968988,3.3778462,-8.62168,-9.765789
1356446969028,8.894087,-8.812365,-8.049625
1356446969068,6.3607025,-6.973618,-8.267551
1356446969108,9.384419,-12.108489,2.3426998
1356446969148,1.1849703,-10.079058,0.61291564
1356446969188,5.284695,-5.9793324,1.607201
1356446969228,9.534244,-6.4015636,1.6889231
1356446969268,5.407278,-5.597963,-2.1383946
1356446969308,3.336985,-5.175732,-0.27240697
1356446969348,4.671779,-5.706926,-0.7218784
1356446969388,7.4639506,-6.0882955,-1.6889231
1356446969444,7.5456724,-5.5571017,-1.7570249
1356446969468,6.891896,-6.8237944,-1.0760075
1356446969508,7.6954966,-9.80665,-0.42223078
1356446969538,8.049625,-10.501288,-1.3075534
1356446969568,9.084772,-9.534244,-2.4925237
1356446969598,12.721405,-8.62168,-1.0760075
1356446969638,8.158588,-9.193735,0.10896278
1356446969678,5.434519,-9.575105,2.8330324
1356446969718,7.8861814,-11.032481,0.23154591
1356446969758,5.7477865,-9.112013,-0.42223078
1356446969799,2.0294318,-4.903325,0.08172209
1356446969837,2.2201166,-3.214402,0.3405087
1356446969882,3.568531,-3.1054392,-1.334794
1356446969928,2.6014864,-4.099725,-3.336985
1356446969968,1.2258313,-6.973618,-6.851035
1356446970010,3.9499009,-9.80665,-9.343558
1356446970048,8.281172,-8.580819,-8.076866
1356446970088,7.7772183,-11.073342,-7.3549876
1356446970132,7.1234417,-12.408136,5.284695
1356446970168,-1.3075534,-7.273266,0.14982383
1356446970208,7.082581,-6.2789803,3.6774938
1356446970248,9.043911,-6.0474343,-0.9942854
1356446970288,6.6331096,-5.434519,-2.4108016
1356446970328,4.6036777,-4.7126403,-1.1849703
1356446970368,5.7477865,-5.8976107,-1.879608
1356446970446,6.5922484,-6.428804,-2.1792557
1356446970451,6.701211,-7.246025,-1.2258313
1356446970489,6.742072,-7.8180795,-2.3018389
1356446970528,7.6954966,-8.62168,-1.4982382
1356446970568,8.076866,-9.765789,-2.070293
1356446970608,11.686258,-9.956474,-0.50395286
1356446970648,7.9270425,-9.847511,1.334794
1356446970688,6.742072,-10.18802,0.61291564
1356446970728,6.238119,-9.80665,-1.334794
1356446970768,3.9499009,-6.973618,-0.7218784
1356446970808,3.214402,-4.2495484,0.61291564
1356446970849,2.8330324,-3.405087,0.313268
1356446970888,2.9556155,-4.903325,-1.1849703
1356446970928,2.5606253,-5.366417,-3.336985
1356446970968,0.6946377,-7.205164,-6.891896
1356446971008,3.173541,-8.158588,-8.730643
1356446971049,8.730643,-7.5865335,-8.430995
1356446971088,7.1234417,-11.75436,-9.193735
1356446971128,10.079058,-12.367276,4.1814466
1356446971168,-2.1792557,-8.19945,0.46309182
1356446971208,4.5628166,-6.0201936,2.5333846
1356446971248,7.3549876,-6.742072,-1.0760075
1356446971290,7.5456724,-4.7126403,-2.4516625
1356446971328,5.6252036,-3.9771416,-1.334794
1356446971368,5.2165933,-6.1291566,-2.3018389
1356446971408,7.082581,-6.469665,-1.525479
1356446971451,6.66035,-7.205164,-1.525479
1356446971477,6.2789803,-7.273266,-1.0351465
1356446971517,7.205164,-8.158588,-1.0760075
1356446971558,7.8861814,-9.615966,-2.1111538
1356446971598,8.662541,-9.043911,-0.84446156
1356446971638,9.697687,-9.425281,-1.4982382
1356446971678,6.0201936,-9.425281,0.50395286
1356446971718,6.851035,-11.686258,1.7297841
1356446971758,6.4015636,-8.962189,-1.8387469
1356446971799,3.636633,-5.7886477,1.1441092
1356446971838,4.099725,-4.5628166,-0.9942854
1356446971878,3.445948,-3.759216,-0.19068487
1356446971918,3.405087,-4.7535014,-2.1383946
1356446971958,2.0294318,-3.9499009,-4.0588636
1356446971998,2.1792557,-6.891896,-7.3958488
1356446972038,4.9850473,-8.921328,-9.534244
1356446972081,7.504812,-9.724928,-8.390134
1356446972120,11.114203,-12.871228,0.3405087
1356446972159,1.4573772,-10.228881,3.568531
1356446972198,2.8330324,-5.407278,2.0294318
1356446972238,8.771504,-6.6331096,2.7921712
1356446972278,6.851035,-6.0201936,-3.0237172
1356446972318,5.706926,-4.944186,-1.4165162
1356446972358,5.175732,-5.47538,-1.9885708
1356446972400,5.938472,-5.8976107,-3.214402
1356446972456,7.164303,-6.0201936,-0.95342433
1356446972480,6.1700177,-6.6331096,0.08172209
1356446972518,7.082581,-9.152874,-0.6946377
1356446972559,8.240311,-10.310603,-1.7297841
1356446972598,8.580819,-8.689782,-2.9147544
1356446972638,10.651112,-9.302697,-2.1383946
1356446972678,8.430995,-10.038197,2.070293
1356446972718,6.701211,-10.651112,2.7649305
1356446972758,6.6331096,-8.921328,-1.7978859
1356446972798,4.671779,-6.66035,0.040861044
1356446972837,2.1792557,-4.7535014,-0.0
1356446972878,2.1792557,-3.568531,-0.040861044
1356446972918,3.214402,-4.4810944,-1.4165162
1356446972969,3.336985,-5.284695,-3.3642259
1356446973009,1.5390993,-7.1234417,-7.43671
1356446973048,3.636633,-9.193735,-8.853226
1356446973089,7.3958488,-8.390134,-8.471856
1356446973128,8.730643,-8.921328,-5.5162406
1356446973168,5.7477865,-13.021052,3.445948
1356446973208,-0.7627395,-8.349273,0.53119355
1356446973248,7.43671,-5.5162406,3.636633
1356446973288,9.152874,-6.4015636,-0.7627395
1356446973328,6.1291566,-5.012288,-3.5276701
1356446973368,4.399372,-4.5900574,-1.4982382
1356446973408,5.6252036,-5.284695,-1.8387469
1356446973450,6.742072,-6.66035,-1.879608
1356446973488,6.8237944,-7.205164,-1.4165162
1356446973528,6.0474343,-8.076866,-2.1111538
1356446973568,7.6954966,-9.575105,-2.6423476
1356446973608,8.812365,-8.471856,-2.2201166
1356446973648,11.141444,-10.228881,-0.46309182
1356446973688,8.894087,-11.985906,1.920469
1356446973728,5.366417,-9.915613,1.607201
1356446973768,5.09401,-9.615966,-0.38136974
1356446973810,4.0180025,-5.6660647,0.5720546
1356446973848,4.2495484,-3.8273177,-0.5720546
1356446973888,3.0645783,-3.445948,0.19068487
1356446973928,2.1111538,-5.434519,-1.0351465
1356446973968,1.8387469,-4.671779,-4.5628166
1356446974008,2.6014864,-6.5513873,-7.164303
1356446974049,4.6036777,-9.493382,-9.847511
1356446974088,7.8861814,-8.430995,-7.8589406
1356446974128,9.302697,-11.304889,-6.742072
1356446974168,4.2086873,-11.686258,7.5456724
1356446974208,-0.50395286,-7.3141265,-0.8036005
1356446974248,9.084772,-6.742072,3.214402
1356446974288,8.008764,-6.701211,-2.9147544
1356446974330,4.8216033,-4.5628166,-2.2201166
1356446974368,4.671779,-4.2086873,-0.95342433
1356446974409,6.2789803,-5.47538,-2.0294318
1356446974452,7.8589406,-6.3607025,-1.9885708
1356446974489,6.6331096,-6.6331096,-1.607201
1356446974528,6.5513873,-6.6331096,-0.53119355
1356446974568,8.008764,-9.534244,-1.56634
1356446974609,8.430995,-9.152874,-2.5333846
1356446974648,9.80665,-7.5865335,-2.3699405
1356446974688,10.651112,-9.343558,-0.7627395
1356446974728,5.9793324,-9.493382,4.8216033
1356446974770,6.973618,-13.443283,-0.3405087
1356446974808,5.597963,-9.384419,0.040861044
1356446974848,2.5333846,-6.0201936,0.10896278
1356446974888,2.0294318,-3.214402,0.14982383
1356446974928,3.1463003,-3.1054392,-1.1441092
1356446974968,3.255263,-3.0237172,-2.1111538
1356446975008,1.3756552,-5.706926,-6.701211
1356446975049,0.7627395,-8.539958,-8.539958
1356446975088,7.6273947,-10.106298,-9.275456
1356446975129,10.760075,-14.709975,-6.742072
1356446975179,1.8387469,-10.501288,6.1700177
1356446975218,5.325556,-4.944186,1.879608
1356446975258,6.0882955,-6.5922484,0.8036005
1356446975298,6.2789803,-5.8567495,-2.3018389
1356446975339,5.597963,-4.2086873,-1.3075534
1356446975378,6.0201936,-5.325556,-1.4982382
1356446975457,6.742072,-6.1700177,-2.6832085
1356446975462,7.3958488,-6.701211,-1.3075534
1356446975498,6.1700177,-7.4639506,-0.53119355
1356446975538,6.238119,-7.9679036,-1.7570249
1356446975578,7.082581,-8.62168,-2.7921712
1356446975618,8.430995,-8.308413,-3.173541
1356446975658,10.651112,-10.378705,-2.2609777
1356446975698,10.923519,-10.61025,3.990762
1356446975738,7.8589406,-10.079058,0.61291564
1356446975778,6.3607025,-11.114203,-0.6537767
1356446975819,3.255263,-6.2789803,0.10896278
1356446975857,3.0237172,-3.0645783,0.84446156
1356446975899,2.152015,-1.9477097,0.88532263
1356446975948,3.636633,-4.140586,-2.9147544
1356446976000,2.5333846,-6.701211,-4.903325
1356446976037,2.7921712,-9.615966,-8.499097
1356446976077,6.891896,-7.6954966,-8.62168
1356446976117,7.3141265,-7.205164,-7.9679036
1356446976159,9.847511,-14.750836,0.3405087
1356446976199,0.9942854,-9.234595,2.4516625
1356446976239,3.405087,-4.7535014,2.4108016
1356446976279,8.539958,-7.273266,1.2666923
1356446976318,6.6331096,-6.4015636,-2.8738933
1356446976358,5.434519,-4.5900574,-1.2666923
1356446976411,5.284695,-5.243834,-2.2201166
1356446976473,6.6331096,-6.238119,-2.4108016
1356446976497,6.742072,-5.8567495,-1.4573772
1356446976539,7.5456724,-7.082581,-0.7627395
1356446976578,7.8589406,-10.337844,-1.879608
1356446976618,8.349273,-8.962189,-1.4573772
1356446976658,10.991621,-9.425281,-1.7297841
1356446976698,8.662541,-9.425281,-1.4165162
1356446976738,6.0882955,-8.499097,2.2201166
1356446976778,6.469665,-9.80665,-0.42223078
1356446976820,6.469665,-8.689782,-1.1168685
1356446976858,3.6774938,-4.8216033,1.1168685
1356446976899,1.6889231,-5.284695,-0.27240697
1356446976938,2.7649305,-3.5276701,-0.7627395
1356446976979,2.5333846,-4.5628166,-2.4516625
1356446977018,2.6423476,-5.053149,-6.4015636
1356446977058,1.7570249,-7.8180795,-8.117727
1356446977098,6.932757,-9.847511,-9.697687
1356446977138,6.782933,-7.7772183,-7.6273947
1356446977178,8.662541,-12.408136,-0.84446156
1356446977218,2.3426998,-9.234595,1.879608
1356446977258,0.92618364,-5.7886477,0.10896278
1356446977298,9.615966,-6.2108784,2.4516625
1356446977338,7.9270425,-5.325556,-4.140586
1356446977379,5.47538,-4.8216033,-1.6480621
1356446977458,3.636633,-5.5571017,0.53119355
1356446977463,5.8567495,-6.5922484,-1.4982382
1356446977498,6.8237944,-6.0201936,-0.8036005
1356446977540,7.8180795,-7.5456724,-0.95342433
1356446977578,8.62168,-7.273266,-3.759216
1356446977618,8.471856,-9.302697,-2.070293
1356446977658,8.662541,-8.771504,-1.3756552
1356446977698,10.119919,-10.651112,-1.0351465
1356446977738,7.3141265,-10.923519,1.4573772
1356446977778,7.164303,-9.466142,2.070293
1356446977818,4.944186,-10.378705,-1.4165162
1356446977858,3.2961242,-5.5162406,-0.08172209
1356446977898,3.5276701,-4.140586,0.313268
1356446977939,3.568531,-3.9771416,-0.42223078
1356446977978,3.255263,-4.0180025,-1.525479
1356446978020,2.2609777,-3.636633,-3.9499009
1356446978058,1.7570249,-8.390134,-8.349273
1356446978099,5.434519,-10.18802,-10.528529
1356446978138,8.281172,-7.7772183,-7.8589406
1356446978179,8.921328,-12.980191,-0.7627395
1356446978218,1.920469,-11.264028,2.2201166
1356446978267,4.903325,-4.5900574,2.3699405
1356446978307,8.19945,-6.8237944,2.152015
1356446978337,5.8976107,-5.47538,-3.718355
1356446978379,5.6252036,-3.9771416,-2.1111538
1356446978475,4.944186,-5.284695,-0.9942854
1356446978481,7.3141265,-6.0201936,-2.1383946
1356446978509,7.7772183,-7.3549876,-1.3075534
1356446978549,6.973618,-6.782933,-1.7297841
1356446978588,6.782933,-7.014479,-1.7297841
1356446978627,7.7772183,-9.152874,-0.9942854
1356446978668,7.3141265,-8.771504,-2.4516625
1356446978709,10.419566,-9.302697,-1.9477097
1356446978749,10.119919,-9.656827,0.14982383
1356446978788,8.076866,-9.112013,4.0588636
1356446978828,6.510526,-10.651112,-0.3405087
1356446978869,4.671779,-8.19945,-0.14982383
1356446978907,3.0645783,-4.5628166,0.84446156
1356446978949,2.1111538,-3.759216,0.3405087
1356446978988,3.2961242,-4.099725,-1.334794
1356446979028,3.173541,-4.440233,-3.568531
1356446979068,2.3018389,-6.0201936,-6.469665
1356446979108,2.3018389,-8.771504,-9.466142
1356446979148,7.082581,-7.9270425,-9.724928
1356446979188,8.430995,-8.076866,-7.9679036
1356446979229,8.771504,-12.9529505,4.2904096
1356446979268,-2.3018389,-9.697687,-0.10896278
1356446979308,8.921328,-6.5922484,2.7921712
1356446979348,8.117727,-6.782933,-0.50395286
1356446979398,5.243834,-5.053149,-2.2201166
1356446979485,3.9090397,-4.140586,-0.6946377
1356446979497,7.246025,-5.6252036,-2.6423476
1356446979528,8.689782,-5.407278,-2.6423476
1356446979568,7.4639506,-6.3607025,-1.920469
1356446979608,6.510526,-7.6954966,-0.84446156
1356446979647,8.539958,-9.615966,-1.607201
1356446979688,8.390134,-9.80665,-2.3018389
1356446979734,9.00305,-7.8180795,-2.1383946
1356446979778,10.923519,-12.340035,1.8387469
1356446979817,7.205164,-7.6273947,2.3426998
1356446979857,5.09401,-9.534244,-0.3405087
1356446979898,4.0588636,-6.973618,-0.42223078
1356446979937,3.759216,-4.140586,0.23154591
1356446979977,2.7921712,-3.5276701,-0.7627395
1356446980019,2.8738933,-4.3312707,-1.0760075
1356446980058,2.4516625,-4.372132,-4.2086873
1356446980099,1.6480621,-6.5513873,-7.3549876
1356446980138,4.944186,-8.499097,-9.847511
1356446980179,7.8861814,-8.19945,-8.267551
1356446980218,7.9270425,-9.888372,-6.973618
1356446980258,9.534244,-12.871228,5.7886477
1356446980299,-2.070293,-9.466142,-0.14982383
1356446980338,6.782933,-4.903325,2.9147544
1356446980378,8.499097,-5.6660647,-0.9125633
1356446980468,6.0474343,-5.5162406,-3.6774938
1356446980469,4.862464,-4.0180025,-1.7978859
1356446980497,6.0201936,-5.012288,-2.0294318
1356446980528,7.7772183,-6.4015636,-2.0294318
1356446980568,7.504812,-6.2108784,-1.4573772
1356446980609,5.7477865,-6.6331096,-0.8036005
1356446980648,7.9270425,-7.4639506,-0.08172209
1356446980689,8.62168,-10.841797,-0.9125633
1356446980728,9.888372,-9.80665,-1.56634
1356446980768,13.375181,-8.880466,-1.2666923
1356446980808,6.3607025,-7.014479,-0.88532263
1356446980848,6.0474343,-8.308413,1.879608
1356446980890,6.973618,-9.384419,-0.95342433
1356446980938,6.1291566,-6.932757,0.3405087
1356446980978,2.4516625,-6.238119,0.19068487
1356446981018,2.6832085,-4.9850473,-1.0760075
1356446981059,3.0237172,-3.718355,-1.1168685
1356446981098,2.6832085,-4.5219555,-4.1814466
1356446981138,2.9556155,-5.325556,-6.510526
1356446981178,3.636633,-8.771504,-10.038197
1356446981218,7.668256,-7.3141265,-8.158588
1356446981259,8.499097,-9.043911,-7.8180795
1356446981298,7.668256,-13.756551,5.47538
1356446981340,-0.19068487,-10.147159,0.53119355
1356446981378,8.158588,-6.428804,2.7921712
1356446981418,7.205164,-5.6660647,-0.46309182
1356446981461,4.5628166,-5.202973,-2.4925237
1356446981498,4.5219555,-4.0180025,-1.1168685
1356446981538,6.4424243,-5.175732,-2.7240696
1356446981578,8.008764,-5.09401,-2.6423476
1356446981620,7.3549876,-6.510526,-1.3075534
1356446981658,6.2108784,-7.273266,-0.38136974
1356446981699,8.430995,-7.7363577,-0.29964766
1356446981738,7.3958488,-10.269742,-1.2666923
1356446981779,11.032481,-9.00305,-2.1111538
1356446981818,12.598822,-9.80665,-1.1441092
1356446981858,6.2108784,-9.275456,0.23154591
1356446981898,6.3198414,-8.62168,2.4516625
1356446981937,4.862464,-9.425281,-0.7218784
1356446981978,5.5162406,-6.1700177,-0.23154591
1356446982018,2.9147544,-4.372132,0.6537767
1356446982058,2.6832085,-4.5628166,-0.50395286
1356446982098,3.173541,-4.5219555,-1.6480621
1356446982139,2.7240696,-4.372132,-4.2904096
1356446982178,2.4925237,-6.3607025,-7.9270425
1356446982219,4.7126403,-8.430995,-9.847511
1356446982258,8.62168,-7.9679036,-7.7772183
1356446982298,6.8237944,-8.390134,-6.66035
1356446982338,6.510526,-12.367276,3.990762
1356446982378,-0.27240697,-8.812365,0.42223078
1356446982418,7.5456724,-6.0474343,2.4108016
1356446982458,9.112013,-6.469665,-1.4165162
1356446982499,6.0201936,-5.243834,-3.1054392
1356446982538,4.671779,-3.8681788,-0.88532263
1356446982588,5.829509,-5.366417,-1.7297841
1356446982628,7.8861814,-5.7477865,-2.0294318
1356446982668,7.3549876,-6.0201936,-1.7297841
1356446982708,6.932757,-7.04172,-0.8036005
1356446982748,8.076866,-9.80665,-0.9942854
1356446982789,8.349273,-9.80665,-2.3018389
1356446982828,10.079058,-8.076866,-3.718355
1356446982868,11.032481,-9.00305,0.42223078
1356446982908,6.782933,-8.853226,3.5957718
1356446982948,5.366417,-11.3321295,-0.7218784
1356446982988,5.8976107,-10.269742,-1.6480621
1356446983028,5.366417,-4.9850473,-0.6946377
1356446983068,2.5606253,-3.718355,-0.0
1356446983108,1.879608,-3.1054392,0.5720546
1356446983148,2.5606253,-4.0180025,-2.1792557
1356446983188,2.7649305,-4.5900574,-6.1700177
1356446983228,2.6832085,-9.656827,-8.049625
1356446983268,6.0201936,-9.343558,-9.575105
1356446983308,7.164303,-9.656827,-8.812365
1356446983349,10.61025,-13.633968,2.6832085
1356446983388,-1.7297841,-8.580819,0.61291564
1356446983460,3.990762,-5.6660647,1.920469
1356446983469,8.076866,-6.5922484,0.46309182
1356446983508,7.8180795,-6.3198414,-2.9147544
1356446983559,5.6252036,-4.372132,-1.7297841
1356446983598,4.671779,-5.175732,-1.56634
1356446983639,6.5922484,-6.428804,-2.1792557
1356446983678,7.082581,-6.0201936,-0.29964766
1356446983718,7.1234417,-7.7772183,-0.9942854
1356446983759,7.205164,-9.084772,-1.2258313
1356446983798,7.8861814,-9.847511,-0.7218784
1356446983840,10.691973,-9.466142,-1.7978859
1356446983878,10.923519,-9.193735,-1.3075534
1356446983918,6.0201936,-8.076866,0.7218784
1356446983958,6.2789803,-9.193735,2.8738933
1356446983998,5.5571017,-9.697687,-1.0760075
1356446984038,4.2904096,-6.782933,0.10896278
1356446984078,3.0645783,-4.7126403,0.27240697
1356446984118,2.8330324,-4.140586,-0.7627395
1356446984158,2.8330324,-3.9090397,-1.6480621
1356446984199,1.7570249,-3.8681788,-4.2495484
1356446984238,2.3018389,-6.5513873,-7.3958488
1356446984279,5.325556,-9.343558,-10.7192135
1356446984318,8.240311,-7.246025,-7.8861814
1356446984358,9.466142,-11.75436,-3.9090397
1356446984408,0.95342433,-11.645397,3.718355
1356446984469,3.0645783,-6.510526,-0.61291564
1356446984490,9.724928,-6.0201936,3.2961242
1356446984528,5.8976107,-6.66035,-2.4925237
1356446984569,4.399372,-5.597963,-0.9942854
1356446984608,4.5628166,-5.407278,-1.4982382
1356446984648,5.938472,-5.7477865,-2.4516625
1356446984688,6.4424243,-6.3607025,-1.6889231
1356446984728,6.5513873,-6.973618,-0.6946377
1356446984768,8.730643,-6.6331096,-1.3075534
1356446984809,8.580819,-9.765789,-1.56634
1356446984848,8.499097,-10.079058,-1.6480621
1356446984889,12.598822,-10.147159,-1.6889231
1356446984927,5.6660647,-8.730643,0.61291564
1356446984968,5.09401,-8.008764,2.1792557
1356446985008,6.932757,-8.430995,-2.070293
1356446985048,5.8976107,-7.205164,-0.0
1356446985088,3.7864566,-6.0474343,0.5720546
1356446985129,2.4108016,-5.284695,-0.38136974
1356446985168,2.7240696,-4.862464,-1.4165162
1356446985219,2.7921712,-4.2086873,-3.568531
1356446985258,1.5390993,-6.0882955,-7.3958488
1356446985299,4.2904096,-9.00305,-9.697687
1356446985338,7.668256,-7.3958488,-7.6546354
1356446985378,6.0474343,-6.973618,-6.469665
1356446985418,6.6331096,-13.783792,3.336985
1356446985500,1.0351465,-9.00305,0.3405087
1356446985507,10.18802,-7.205164,3.255263
1356446985550,7.8589406,-6.782933,-1.920469
1356446985588,3.5276701,-5.366417,-1.6480621
1356446985628,3.5957718,-4.3312707,-0.9125633
1356446985669,6.701211,-5.6252036,-1.9477097
1356446985708,8.049625,-6.0201936,-3.0237172
1356446985748,6.701211,-6.3198414,-1.4165162
1356446985788,7.1234417,-7.8180795,-0.7627395
1356446985828,8.117727,-9.997335,-1.4573772
1356446985868,7.9270425,-9.615966,-2.6832085
1356446985908,8.812365,-7.7363577,-3.336985
1356446985949,9.615966,-10.991621,-0.6537767
1356446985989,7.504812,-9.112013,3.255263
1356446986031,5.5162406,-10.038197,-0.7218784
1356446986070,4.440233,-9.152874,-2.0294318
1356446986108,3.8273177,-3.9090397,0.6537767
1356446986148,2.9147544,-4.140586,-0.14982383
1356446986189,3.6774938,-3.336985,-1.1441092
1356446986228,3.1054392,-4.2495484,-3.0645783
1356446986270,2.4108016,-5.134871,-5.7886477
1356446986308,2.5333846,-8.158588,-8.499097
1356446986348,5.407278,-9.997335,-9.956474
1356446986388,7.3549876,-8.008764,-8.076866
1356446986430,10.882658,-11.795221,0.38136974
1356446986477,-1.9885708,-10.228881,0.7218784
1356446986509,3.9090397,-7.6954966,1.56634
1356446986562,7.7363577,-6.1291566,-1.6889231
1356446986599,7.43671,-4.2904096,-2.5333846
1356446986638,5.597963,-3.568531,-1.607201
1356446986688,5.012288,-5.325556,-1.8387469
1356446986738,6.742072,-7.164303,-2.2609777
1356446986778,7.014479,-6.8237944,-1.1168685
1356446986819,7.7363577,-7.246025,-1.2258313
1356446986885,7.7772183,-9.575105,-2.2201166
1356446986909,8.853226,-9.112013,-2.4108016
1356446986948,11.223166,-9.724928,-2.3018389
1356446986988,5.9793324,-10.147159,2.5333846
1356446987028,6.5513873,-11.032481,0.42223078
1356446987069,6.469665,-10.419566,-1.1849703
1356446987109,3.8273177,-5.5571017,1.1441092
1356446987159,2.1792557,-4.2495484,0.040861044
1356446987208,2.982856,-3.3642259,0.08172209
1356446987251,2.9556155,-4.099725,-4.0180025
1356446987299,2.3018389,-6.3198414,-6.428804
1356446987338,5.175732,-10.079058,-10.56939
1356446987382,7.6954966,-9.493382,-8.689782
1356446987428,10.651112,-12.680544,-0.14982383
1356446987476,-1.1849703,-8.689782,1.607201
1356446987507,2.3426998,-6.2789803,1.334794
1356446987548,7.9270425,-6.5513873,0.88532263
1356446987600,7.5865335,-5.407278,-2.4516625
1356446987638,5.134871,-4.7126403,-1.1441092
1356446987679,4.944186,-5.6660647,-2.3426998
1356446987718,7.273266,-5.9793324,-2.1792557
1356446987761,7.0553403,-6.3607025,-1.0351465
1356446987809,6.851035,-7.04172,-1.525479
1356446987848,8.499097,-8.62168,-1.607201
1356446987888,8.349273,-9.343558,-2.070293
1356446987928,10.337844,-9.152874,-3.173541
1356446987968,10.841797,-10.147159,-0.6946377
1356446988008,6.851035,-10.460427,3.718355
1356446988065,5.938472,-9.997335,-0.88532263
1356446988087,5.175732,-7.7772183,-0.08172209
1356446988128,3.445948,-5.053149,0.19068487
1356446988168,3.1054392,-3.8273177,0.040861044
1356446988208,2.6014864,-4.1814466,-0.61291564
1356446988248,2.3426998,-4.671779,-2.4108016
1356446988288,1.8387469,-4.399372,-6.5922484
1356446988329,2.7240696,-7.7772183,-9.152874
1356446988368,6.5513873,-9.043911,-9.724928
1356446988410,9.084772,-8.662541,-8.580819
1356446988478,11.114203,-13.443283,0.84446156
1356446988491,1.3075534,-9.302697,4.2904096
1356446988528,1.2666923,-5.8158884,0.9942854
1356446988569,9.724928,-6.2789803,2.5606253
1356446988608,7.082581,-6.851035,-3.405087
1356446988648,5.597963,-5.434519,-2.1383946
1356446988688,4.6036777,-4.862464,-1.3756552
1356446988738,5.9793324,-5.8567495,-1.920469
1356446988781,7.5456724,-6.3607025,-1.525479
1356446988818,6.66035,-5.8567495,-1.7978859
1356446988858,7.3141265,-7.6546354,-0.9125633
1356446988906,8.894087,-10.528529,-1.9885708
1356446988941,9.084772,-8.049625,-2.9556155
1356446988978,10.732834,-8.880466,-2.9556155
1356446989018,7.205164,-9.275456,1.1849703
1356446989058,6.66035,-8.730643,3.0237172
1356446989098,7.5456724,-10.800936,0.53119355
1356446989138,3.7864566,-7.9679036,-0.50395286
1356446989178,3.255263,-4.903325,-0.27240697
1356446989220,2.4516625,-4.0588636,0.10896278
1356446989268,4.0588636,-4.2495484,-1.0351465
1356446989308,1.9885708,-4.5628166,-4.099725
1356446989348,2.5606253,-6.851035,-8.19945
1356446989388,4.2495484,-9.384419,-10.079058
1356446989428,7.668256,-8.662541,-7.5456724
1356446989488,8.049625,-10.882658,-4.4810944
1356446989512,4.399372,-12.489859,4.8216033
1356446989548,1.0760075,-6.973618,1.0760075
1356446989590,8.812365,-7.273266,2.3699405
1356446989638,7.43671,-5.8158884,-2.8330324
1356446989678,4.671779,-4.2904096,-1.607201
1356446989718,3.990762,-5.134871,-1.607201
1356446989758,6.2108784,-6.4015636,-2.6832085
1356446989798,6.4015636,-6.742072,-2.2201166
1356446989838,7.5865335,-6.1291566,-0.53119355
1356446989880,6.238119,-7.8589406,-1.3075534
1356446989918,8.008764,-9.697687,-2.2201166
1356446989959,9.112013,-8.812365,-3.214402
1356446989998,10.460427,-9.493382,-3.6774938
1356446990049,8.962189,-9.575105,0.5720546
1356446990078,6.469665,-8.349273,3.173541
1356446990118,6.742072,-11.223166,-0.61291564
1356446990158,4.8216033,-8.580819,-0.50395286
1356446990198,2.5333846,-5.284695,-0.08172209
1356446990239,2.3699405,-3.7864566,-0.10896278
1356446990278,2.8738933,-3.9771416,-1.0760075
1356446990320,3.0645783,-4.0588636,-3.2961242
1356446990358,2.1792557,-6.428804,-6.5922484
1356446990399,2.9147544,-8.880466,-9.997335
1356446990472,7.8180795,-7.8589406,-8.076866
1356446990480,6.891896,-9.956474,-9.084772
1356446990518,10.079058,-13.021052,3.214402
1356446990568,-1.3075534,-8.499097,0.9942854
1356446990608,8.240311,-6.5922484,3.718355
1356446990654,7.3141265,-6.891896,-2.6423476
1356446990688,5.8976107,-4.372132,-3.173541
1356446990728,4.9850473,-3.9499009,-1.2666923
1356446990768,5.053149,-5.8158884,-2.6832085
1356446990808,7.273266,-5.938472,-2.6832085
1356446990848,7.5865335,-6.5513873,-1.9477097
1356446990888,5.6660647,-6.428804,-1.3075534
1356446990928,8.430995,-9.656827,-1.1441092
1356446990968,9.234595,-9.697687,-3.445948
1356446991008,11.073342,-8.730643,-2.7513103
1356446991048,9.343558,-9.847511,0.27240697
1356446991088,5.325556,-10.95076,2.7921712
1356446991127,6.973618,-10.310603,-0.3405087
1356446991169,6.0474343,-7.7363577,-1.2666923
1356446991208,3.486809,-5.243834,0.19068487
1356446991248,2.3018389,-3.7864566,-0.040861044
1356446991288,2.9147544,-4.0588636,-0.6537767
1356446991329,2.8330324,-4.372132,-1.9477097
1356446991368,2.3426998,-5.09401,-6.428804
1356446991410,2.9147544,-7.43671,-8.539958
1356446991499,6.469665,-8.240311,-9.275456
1356446991500,7.0553403,-8.730643,-8.308413
1356446991527,8.008764,-9.466142,-5.325556
1356446991572,5.134871,-12.598822,4.140586
1356446991609,-1.0760075,-6.891896,0.6537767
1356446991651,8.19945,-7.3141265,3.1463003
1356446991688,9.343558,-6.66035,-2.2201166
1356446991728,6.3607025,-4.8216033,-2.0294318
1356446991768,4.5628166,-4.5219555,-0.88532263
1356446991808,5.5162406,-6.428804,-1.7978859
1356446991848,7.1234417,-6.428804,-2.1792557
1356446991888,8.308413,-5.706926,-1.2666923
1356446991928,6.891896,-7.3958488,-1.9477097
1356446991968,7.4639506,-7.9679036,-1.6889231
1356446992009,7.43671,-8.308413,-1.9885708
1356446992048,7.504812,-8.19945,-3.6774938
1356446992088,11.182305,-9.997335,-1.1168685
1356446992128,7.6954966,-10.337844,2.6423476
1356446992168,7.8589406,-11.141444,-1.334794
1356446992209,6.4424243,-9.112013,-1.2666923
1356446992248,4.630918,-5.9793324,-0.38136974
1356446992289,2.3699405,-4.0588636,0.19068487
1356446992328,2.070293,-3.7864566,0.5720546
1356446992368,3.173541,-3.8681788,-1.3075534
1356446992408,2.5606253,-4.862464,-5.938472
1356446992475,2.7921712,-7.6273947,-7.8589406
1356446992489,3.445948,-9.656827,-10.038197
1356446992528,6.973618,-7.43671,-6.5922484
1356446992568,7.3958488,-10.528529,-5.8567495
1356446992608,4.903325,-12.762266,2.8738933
1356446992649,0.84446156,-5.7886477,1.7978859
1356446992688,7.9270425,-7.164303,2.5606253
1356446992730,8.158588,-6.701211,-2.5333846
1356446992768,5.829509,-4.8216033,-1.7570249
1356446992808,4.399372,-4.671779,-1.334794
1356446992848,5.175732,-6.0474343,-2.4925237
1356446992888,6.8237944,-6.0882955,-2.4516625
1356446992928,8.008764,-5.6660647,-1.4573772
1356446992968,5.9793324,-8.267551,-0.50395286
1356446993008,6.3607025,-9.765789,-0.84446156
1356446993048,7.5865335,-9.384419,-3.1463003
1356446993088,8.853226,-8.471856,-5.053149
1356446993128,11.495573,-9.765789,-1.1849703
1356446993169,7.6273947,-9.193735,2.7921712
1356446993216,6.6331096,-10.691973,-0.61291564
1356446993250,5.325556,-9.80665,-0.61291564
1356446993289,3.8681788,-5.597963,-1.0760075
1356446993329,3.336985,-3.3642259,-0.10896278
1356446993369,3.173541,-3.9090397,-0.23154591
1356446993408,2.982856,-4.630918,-1.0760075
1356446993466,2.1792557,-5.053149,-4.0180025
1356446993489,2.4516625,-7.3141265,-6.66035
1356446993528,3.7864566,-9.275456,-9.275456
1356446993568,8.430995,-7.5865335,-7.43671
1356446993608,6.973618,-8.308413,-7.43671
1356446993648,6.1700177,-13.565866,3.0237172
1356446993692,-1.4573772,-7.8589406,0.23154591
1356446993728,6.742072,-5.243834,2.6423476
1356446993770,7.8589406,-7.1234417,-1.1168685
1356446993808,6.4015636,-5.8567495,-2.7513103
1356446993852,5.175732,-4.4810944,-0.6537767
1356446993890,5.47538,-6.428804,-2.0294318
1356446993928,6.66035,-5.938472,-1.879608
1356446993968,7.014479,-6.3198414,-1.1168685
1356446994008,6.782933,-7.273266,-1.0760075
1356446994048,6.8237944,-9.00305,-2.6014864
1356446994088,7.5456724,-9.302697,-1.8387469
1356446994128,6.5513873,-7.8180795,-3.568531
1356446994168,8.662541,-8.880466,-2.2201166
1356446994208,9.80665,-11.563675,1.7978859
1356446994258,6.851035,-9.997335,1.6889231
1356446994298,4.630918,-10.95076,-2.8738933
1356446994338,4.8216033,-6.0474343,-1.0351465
1356446994390,2.9556155,-4.2495484,0.7218784
1356446994419,3.255263,-4.2086873,-0.29964766
1356446994469,3.336985,-4.7126403,-0.53119355
1356446994500,2.7649305,-4.5219555,-3.759216
1356446994538,2.1111538,-6.238119,-6.782933
1356446994581,2.6832085,-9.534244,-9.697687
1356446994618,7.3958488,-8.049625,-7.3549876
1356446994667,6.4015636,-10.147159,-7.04172
1356446994698,6.510526,-13.824653,3.5957718
1356446994738,0.38136974,-7.3958488,0.42223078
1356446994778,8.117727,-5.5571017,2.7649305
1356446994818,6.2789803,-7.8589406,-1.607201
1356446994859,5.366417,-5.8158884,-2.1383946
1356446994899,5.325556,-4.862464,-0.46309182
1356446994941,5.5571017,-6.2789803,-1.4165162
1356446994978,6.4015636,-6.8237944,-2.3426998
1356446995020,7.0553403,-6.510526,-1.1441092
1356446995059,6.8237944,-7.4639506,-1.1168685
1356446995098,6.510526,-7.8180795,-2.4516625
1356446995145,6.3198414,-8.308413,-2.0294318
1356446995178,6.6331096,-8.430995,-1.56634
1356446995218,9.00305,-9.575105,-1.9885708
1356446995258,8.921328,-10.460427,0.10896278
1356446995298,5.938472,-9.466142,1.3756552
1356446995348,5.6252036,-9.915613,-0.46309182
1356446995378,5.407278,-8.349273,-1.879608
1356446995419,5.012288,-5.09401,-0.9125633
1356446995468,2.8330324,-5.175732,-1.1168685
1356446995500,2.982856,-5.202973,-0.84446156
1356446995539,3.0645783,-5.243834,-0.6946377
1356446995578,2.5333846,-5.434519,-3.9499009
1356446995618,1.9477097,-6.6331096,-5.597963
1356446995658,4.862464,-8.19945,-9.043911
1356446995698,7.6273947,-8.19945,-8.049625
1356446995740,5.434519,-10.95076,-5.706926
1356446995779,8.580819,-13.783792,-0.42223078
1356446995818,1.56634,-5.325556,3.405087
1356446995860,-0.6537767,-7.1234417,0.5720546
1356446995898,5.7477865,-7.164303,1.0351465
1356446995941,8.539958,-6.891896,-1.4165162
1356446995988,6.5922484,-6.0201936,-1.4982382
1356446996029,5.407278,-5.8567495,-1.7570249
1356446996069,5.5571017,-6.238119,-2.070293
1356446996109,5.9793324,-7.3141265,-1.879608
1356446996148,7.205164,-6.428804,-2.3699405
1356446996188,6.3607025,-7.082581,-1.3756552
1356446996230,5.829509,-9.275456,-1.334794
1356446996269,7.6954966,-9.084772,-1.9477097
1356446996310,8.580819,-9.425281,-2.6832085
1356446996366,8.308413,-9.112013,-2.982856
1356446996398,5.5162406,-7.6273947,2.070293
1356446996440,5.597963,-8.308413,0.19068487
1356446996479,5.053149,-8.158588,-2.7240696
1356446996521,4.862464,-7.273266,-1.7978859
1356446996558,4.7535014,-5.8567495,-0.6946377
1356446996601,3.445948,-5.7477865,-0.9125633
1356446996638,2.4516625,-6.0474343,-1.9885708
1356446996678,1.9477097,-6.238119,-2.7921712
1356446996718,2.2609777,-6.891896,-4.671779
1356446996758,3.8681788,-7.164303,-8.240311
1356446996798,7.43671,-7.014479,-7.6954966
1356446996838,9.043911,-8.390134,-5.47538
1356446996879,6.742072,-14.328606,-0.3405087
1356446996918,-0.46309182,-8.499097,0.5720546
1356446996959,2.6832085,-5.012288,1.8387469
1356446996998,8.894087,-6.891896,-0.14982383
1356446997040,7.1234417,-7.6954966,-3.214402
1356446997088,5.597963,-6.4015636,-1.607201
1356446997128,5.6252036,-5.8158884,-1.7570249
1356446997167,6.3198414,-6.469665,-2.1111538
1356446997208,6.742072,-6.4015636,-1.9885708
1356446997251,6.3607025,-6.6331096,-2.8738933
1356446997298,6.66035,-6.932757,-1.1849703
1356446997338,6.782933,-9.152874,-1.0760075
1356446997378,7.246025,-9.152874,-1.334794
1356446997418,10.147159,-10.460427,-1.879608
1356446997469,8.471856,-8.499097,-1.0760075
1356446997498,2.7921712,-7.082581,0.27240697
1356446997538,3.6774938,-8.921328,0.9942854
1356446997579,6.4015636,-7.5865335,-2.070293
1356446997618,5.5571017,-6.851035,-0.38136974
1356446997658,3.405087,-6.5922484,-0.9125633
1356446997700,3.173541,-5.5162406,-1.6480621
1356446997739,3.445948,-5.7886477,-2.5606253
1356446997782,2.7921712,-6.3607025,-2.7513103
1356446997828,2.9147544,-6.5922484,-5.053149
1356446997869,5.6252036,-7.164303,-7.5865335
1356446997909,6.8237944,-7.205164,-7.082581
1356446997949,6.6331096,-7.7772183,-4.372132
1356446997990,9.302697,-14.015338,0.19068487
1356446998028,3.0237172,-9.615966,0.5720546
1356446998070,0.27240697,-4.7126403,0.95342433
1356446998108,4.9850473,-7.082581,2.3426998
1356446998148,7.504812,-7.4639506,-1.2666923
1356446998188,6.891896,-6.428804,-1.9885708
1356446998228,6.0882955,-6.701211,-0.95342433
1356446998268,6.3198414,-6.973618,-1.0760075
1356446998308,6.510526,-6.510526,-1.6889231
1356446998348,6.3607025,-6.932757,-1.1168685
1356446998389,5.434519,-7.014479,-0.3405087
1356446998431,5.829509,-7.6546354,-0.95342433
1356446998478,6.510526,-7.8180795,-1.1849703
1356446998509,6.701211,-9.234595,-0.6537767
1356446998548,10.378705,-10.95076,-1.4165162
1356446998590,8.076866,-8.730643,-1.4982382
1356446998628,3.718355,-6.238119,-0.53119355
1356446998668,4.903325,-7.205164,0.95342433
1356446998708,6.2108784,-7.5865335,0.23154591
1356446998752,5.175732,-8.117727,-1.2666923
1356446998789,3.6774938,-6.891896,-0.27240697
1356446998828,3.405087,-6.701211,-1.0351465
1356446998870,3.568531,-6.0201936,-1.7297841
1356446998908,2.7921712,-6.428804,-2.6832085
1356446998950,2.8330324,-6.510526,-4.0180025
1356446998988,4.2904096,-7.3958488,-5.325556
1356446999028,5.2165933,-7.5456724,-7.7363577
1356446999068,5.325556,-7.504812,-5.47538
1356446999108,8.349273,-9.915613,-1.0351465
1356446999148,7.5865335,-14.206022,3.173541
1356446999188,0.6537767,-5.938472,-0.14982383
1356446999228,2.1792557,-4.099725,1.334794
1356446999268,7.205164,-8.008764,0.61291564
1356446999309,8.158588,-7.082581,-1.56634
1356446999349,6.6331096,-6.2108784,-1.1849703
1356446999390,5.407278,-7.164303,-0.14982383
1356446999428,5.366417,-7.082581,-1.334794
1356446999472,6.0474343,-6.6331096,-1.7978859
1356446999508,6.2789803,-6.66035,-1.334794
1356446999548,5.7477865,-6.66035,-1.1849703
1356446999588,5.7477865,-8.349273,-0.6537767
1356446999628,5.706926,-8.771504,-0.42223078
1356446999668,7.43671,-9.275456,0.38136974
1356446999708,10.760075,-10.991621,-0.88532263
1356446999760,8.390134,-9.234595,-3.8273177
1356446999798,3.8681788,-3.718355,0.5720546
1356446999840,3.990762,-7.9270425,0.88532263
1356446999882,5.7477865,-8.771504,-1.1849703
1356446999918,5.09401,-8.62168,-1.607201
1356446999959,3.173541,-6.66035,-1.6889231
1356446999998,3.5276701,-5.5571017,-1.6889231
1356447000048,3.9090397,-5.47538,-2.4516625
1356447000088,2.6832085,-5.8976107,-3.8273177
1356447000134,3.486809,-6.2108784,-5.053149
1356447000177,4.7943625,-8.308413,-8.730643
1356447000207,6.0882955,-7.082581,-5.434519
1356447000250,7.3141265,-8.880466,-3.255263
1356447000292,7.8589406,-14.601013,3.0237172
1356447000340,0.5720546,-5.407278,-0.6537767
1356447000378,3.486809,-6.2108784,1.56634
1356447000420,6.973618,-8.471856,0.14982383
1356447000478,8.349273,-6.0882955,-2.070293
1356447000500,6.238119,-5.6252036,-0.9942854
1356447000538,4.4810944,-7.246025,-0.27240697
1356447000581,6.4015636,-6.238119,-2.070293
1356447000618,7.273266,-5.8976107,-1.7570249
1356447000658,4.5628166,-7.205164,0.19068487
1356447000700,5.366417,-7.04172,0.53119355
1356447000738,6.4015636,-7.8589406,0.27240697
1356447000781,6.4424243,-8.499097,-0.38136974
1356447000818,8.19945,-8.880466,-1.4982382
1356447000859,7.8589406,-8.471856,-3.0645783
1356447000898,9.507003,-8.049625,-4.0588636
1356447000938,9.615966,-7.3141265,-2.0294318
1356447000978,4.903325,-8.240311,0.5720546
1356447001018,6.469665,-10.378705,0.3405087
1356447001058,6.8237944,-8.240311,-1.3756552
1356447001098,4.5219555,-7.246025,-1.2666923
1356447001140,4.140586,-5.7886477,-1.56634
1356447001178,4.1814466,-4.862464,-1.4573772
1356447001221,4.2086873,-5.325556,-1.7297841
1356447001259,2.6014864,-6.1700177,-2.3699405
1356447001300,2.0294318,-6.0201936,-4.7126403
1356447001339,2.8330324,-6.238119,-7.246025
1356447001381,4.630918,-7.082581,-8.662541
1356447001418,7.7772183,-6.742072,-6.469665
1356447001458,7.246025,-6.8237944,-5.938472
1356447001498,6.8237944,-13.443283,-0.23154591
1356447001538,-1.0760075,-8.390134,-0.84446156
1356447001578,2.7240696,-6.0201936,0.95342433
1356447001618,11.495573,-8.158588,0.61291564
1356447001658,6.3198414,-7.082581,-3.8681788
1356447001698,4.2495484,-4.862464,0.040861044
1356447001739,4.2086873,-6.428804,-0.7627395
1356447001778,6.2789803,-7.3958488,-1.7978859
1356447001818,6.6331096,-7.014479,-1.7978859
1356447001858,6.4015636,-6.782933,-2.3018389
1356447001898,6.2789803,-7.3958488,-1.8387469
1356447001938,6.5922484,-8.771504,-1.56634
1356447001978,6.8237944,-8.008764,-2.070293
1356447002018,8.308413,-9.997335,-1.7978859
1356447002059,8.499097,-9.847511,-1.920469
1356447002098,4.944186,-7.014479,-0.08172209
1356447002138,4.140586,-8.349273,1.4165162
1356447002180,5.366417,-9.084772,-3.2961242
1356447002233,6.0201936,-6.891896,-2.1792557
1356447002258,4.862464,-6.2108784,-1.3075534
1356447002298,3.0645783,-5.47538,-1.7978859
1356447002338,3.0645783,-5.6660647,-2.4108016
