1356525233310,0.0,0.0,0.0
1356525233348,-0.08166361,-0.08166313,0.08166334
1356525233392,4.4107437E-4,-0.2717371,0.69361633
1356525233435,-0.12096453,0.0031166077,0.34822902
1356525233473,0.04480362,-0.22291756,0.5531823
1356525233512,-0.11509848,-0.29547453,0.18876125
1356525233555,-0.11021948,-0.050186157,-0.038408697
1356525233593,-0.022049427,0.11826992,-0.19345415
1356525233633,-0.2868905,0.13800526,-0.1288392
1356525233675,-0.5354233,-0.07515907,-0.12422469
1356525233726,-0.3270874,0.019895554,-0.52568483
1356525233768,0.08046007,-0.1637764,0.31687245
1356525233803,0.02933073,-0.051664352,-0.408287
1356525233866,-0.08600187,0.2215662,-0.15486807
1356525233894,-0.3886795,-0.01076889,-0.6089728
1356525233928,-0.6698289,-0.012649536,-0.31235063
1356525233969,-0.25941896,0.8685894,0.42258385
1356525234011,-0.48765182,0.7370548,0.5714078
1356525234053,-0.7643781,0.71726036,1.0662584
1356525234093,-0.4480505,0.11051178,0.65735877
1356525234133,-0.7737093,0.62854195,0.45025408
1356525234172,-1.4447494,0.75430965,0.48876667
1356525234215,-0.86323404,0.23114681,0.0665116
1356525234265,-0.56239796,0.06102562,0.24248828
1356525234343,-0.2961278,-0.16899776,0.23511657
1356525234344,0.015878677,0.06363773,0.07846527
1356525234381,0.08678627,0.47739983,-0.55028826
1356525234421,1.2155108,1.3705654,-1.090207
1356525234466,-0.014166832,2.9089794,-1.2108707
1356525234505,-0.6805539,3.8986225,-0.5783479
1356525234554,0.7617421,1.5523825,-0.54646987
1356525234597,1.1961517,-0.240345,-0.032689348
1356525234635,2.1510067,-0.27202797,0.029627517
1356525234675,1.713275,1.3347206,-1.7765436
1356525234715,0.96899366,1.221241,-0.62021494
1356525234755,1.1876531,-3.8597221,-0.53380257
1356525234796,-0.15892982,-4.351965,-0.7862296
1356525234835,-1.7859793,-6.398326,-1.1616328
1356525234876,-2.636518,-7.1537313,-1.4904712
1356525234914,-4.5772257,-5.4680805,-3.2925515
1356525234954,-5.304283,-1.2254047,-7.0290904
1356525234994,-0.73605585,4.474865,-8.455518
1356525235036,-1.3843122,-0.34773302,-4.268845
1356525235075,11.231819,1.076397,0.77013624
1356525235116,4.4181013,1.9154458,1.0408345
1356525235156,-0.08339882,-1.6303325,6.3526525
1356525235195,0.5811963,5.131653,3.2253914
1356525235237,-0.5717969,0.22196722,2.4870448
1356525235275,-1.8852236,-0.43387842,4.7491503
1356525235340,-1.111157,0.5862789,3.0263672
1356525235357,-1.7450562,1.8323784,1.6058263
1356525235394,-1.7841716,0.72339535,2.5938895
1356525235434,-0.1600151,0.19867516,0.19679141
1356525235477,-1.3731923,2.7345057,0.512486
1356525235515,-1.4214401,3.1403656,-0.059883118
1356525235556,-0.7380433,2.3599262,0.06632376
1356525235596,-1.9154618,3.4591208,1.228164
1356525235635,4.091877,3.43989,0.68566096
1356525235677,5.7122664,1.2669878,0.82969004
1356525235713,2.5901265,0.09610844,-1.7914904
1356525235756,-0.014798641,0.7740421,0.6907521
1356525235795,-0.23630524,-5.886265,-0.07912302
1356525235835,-0.59039164,-6.0678177,-0.88648546
1356525235874,-0.30059814,-7.2563763,-0.12215608
1356525235914,-3.0047295,-7.3896894,-1.8406795
1356525235953,-4.6228304,-5.078464,-4.410676
1356525235997,-5.580494,0.13146782,-8.353246
1356525236037,-0.7647085,5.3776436,-7.6813626
1356525236075,8.544783,1.9776945,-0.2826227
1356525236117,6.2175937,0.910696,0.022283792
1356525236153,-2.267965,-2.1905227,7.2036037
1356525236195,0.80646276,3.764781,3.3899345
1356525236235,-0.22429132,2.6271677,1.4875753
1356525236274,-1.7856319,-1.6260424,4.342166
1356525236340,-2.166667,2.2025476,2.8478496
1356525236357,-1.4779403,0.81080484,1.7578933
1356525236395,-1.5144324,0.5724211,1.3523296
1356525236437,-0.16044044,1.3587809,-0.7018852
1356525236477,-1.4299068,2.7870493,-0.25834644
1356525236514,-2.4811294,3.2504997,0.53405064
1356525236557,-2.0921788,4.889903,0.603072
1356525236595,3.807272,2.6693258,1.3264395
1356525236637,5.7165165,1.7131805,0.74849623
1356525236674,4.3278837,1.2716541,-1.9858027
1356525236716,1.4289093,0.58106136,0.4915031
1356525236754,-0.43432522,-3.009953,0.6632818
1356525236795,-0.25165224,-6.3534026,0.129978
1356525236834,-0.52879715,-8.657672,0.06875038
1356525236875,-2.4642704,-7.492231,-0.7099812
1356525236914,-4.0434237,-7.02619,-2.1751394
1356525236955,-3.9380736,-1.3748283,-7.98474
1356525237000,-0.7601614,7.585103,-9.321043
1356525237043,1.2317667,-1.4245334,-3.692256
1356525237085,7.601512,3.8374991,0.37739074
1356525237124,-2.0589547,-1.6522021,4.4149246
1356525237166,0.34851408,1.7557259,5.014942
1356525237204,0.4376607,3.3840852,0.8890152
1356525237244,-1.6155195,-1.0173965,3.3768637
1356525237286,-2.2921665,1.4146428,3.2358494
1356525237336,-1.1895132,0.29627323,2.407948
1356525237368,-1.0608773,-0.29962635,2.5234995
1356525237414,0.5783887,0.52105904,0.78418016
1356525237456,-0.6621294,3.1441174,0.016479254
1356525237494,-2.7476192,3.857152,0.43554115
1356525237536,-1.8319123,5.718858,1.11226
1356525237575,3.509882,2.0612392,1.3631816
1356525237614,5.5032063,0.6766119,0.20293975
1356525237656,3.4218826,1.9886055,-0.7416717
1356525237693,1.7280059,1.275218,0.08190358
1356525237735,0.19078445,-3.5953264,1.0430734
1356525237774,-0.61443806,-5.956393,-0.58190656
1356525237814,-0.2822032,-7.855282,-0.63297075
1356525237853,-1.8180797,-8.2918,-0.6788868
1356525237894,-3.4725695,-6.8276944,-2.4298465
1356525237934,-4.121756,-2.3991094,-7.5287957
1356525237974,-1.1168952,7.7392178,-9.648728
1356525238014,-1.3684101,1.6028271,-5.2910194
1356525238054,10.632381,0.6586957,1.6233511
1356525238096,0.6158571,0.5649085,1.829786
1356525238133,-0.49831486,-0.043536186,6.1582937
1356525238176,-0.25190878,3.683662,1.1110034
1356525238224,-1.0685735,-0.7942753,3.2888346
1356525238262,-2.1817756,1.4953732,3.4380846
1356525238326,-2.1247272,0.5983324,2.366896
1356525238339,-1.6102593,0.6068783,2.3049328
1356525238380,-0.51075697,0.35492897,1.7579571
1356525238422,0.10256767,0.5536413,-0.24133515
1356525238464,-0.65253973,3.3459616,-0.601594
1356525238512,-2.0157166,4.1354036,0.09219587
1356525238565,1.0084481,4.1337385,1.5105114
1356525238605,5.8185234,1.0667896,0.030568123
1356525238644,3.0233507,-0.42042542,-0.53859246
1356525238683,0.09666681,2.9558268,-1.1973064
1356525238733,0.6835394,-4.3005834,1.1441854
1356525238774,-0.50902843,-6.3018303,-0.45343417
1356525238814,-0.23852968,-7.3506413,-0.7842767
1356525238854,-1.7625031,-7.5780272,-0.97177714
1356525238893,-3.273161,-6.5062127,-2.495365
1356525238934,-4.058473,-1.6881361,-7.1886606
1356525238974,-2.2399423,6.0973597,-8.443882
1356525239014,-1.554843,-0.94323826,-4.074097
1356525239056,12.182368,3.774179,1.4725751
1356525239104,-1.4554389,-0.4240818,2.7546148
1356525239146,0.32441664,0.9970069,6.1205077
1356525239184,0.6473341,3.699102,1.854112
1356525239226,-1.622683,-1.2309442,2.866706
1356525239265,-1.922749,1.3575301,3.3475208
1356525239341,-1.474596,0.13665771,2.1049647
1356525239344,-1.5335381,0.50234604,1.68953
1356525239382,-0.59806204,0.5721588,0.64167726
1356525239421,-0.83764124,2.6684847,-0.07208872
1356525239472,-1.7249253,3.543643,0.352234
1356525239513,-1.21029,4.6511574,0.020395517
1356525239555,3.4947538,1.4513159,1.6269531
1356525239595,4.4597673,1.5558672,-0.21486485
1356525239634,3.5765743,1.5136976,-1.2099633
1356525239674,1.8393488,0.6984701,0.16363823
1356525239715,-0.11771393,-3.6779242,0.7997222
1356525239753,-0.49729586,-6.7681427,0.25783825
1356525239796,-0.51028156,-7.8980055,-0.3708231
1356525239834,-2.4543438,-7.905062,-1.2431059
1356525239875,-4.3998938,-6.0540905,-3.6883595
1356525239913,-3.522197,2.4169636,-9.053379
1356525239954,-1.6608713,3.6685362,-7.2312565
1356525239994,4.14822,1.2107906,-2.7985451
1356525240042,7.2342453,2.3897324,0.6885868
1356525240078,-1.9929054,-3.18988,4.5008
1356525240115,-0.14056873,3.5559773,5.2549477
1356525240156,-0.15581417,3.2492523,0.9193294
1356525240195,-0.8044336,-0.96983767,3.382087
1356525240237,-1.5214977,0.9152355,3.6358
1356525240273,-1.3706458,0.8317547,2.7973728
1356525240339,-1.4054198,0.3970518,2.0285435
1356525240356,-0.83706,0.6350479,0.74383664
1356525240394,-0.8919835,1.7317839,-0.74984694
1356525240434,-1.7907851,3.1050167,0.33631372
1356525240476,-1.380142,4.412879,0.51094687
1356525240516,-0.054780483,4.2717094,1.2665977
1356525240554,4.966168,1.6237984,0.59260523
1356525240596,3.9011288,0.3991022,-0.045698762
1356525240633,1.6729579,1.5916348,0.11437029
1356525240677,0.07187939,-1.2897186,-0.08918786
1356525240713,-0.09709549,-5.6899157,0.24180964
1356525240754,0.6881528,-6.289616,-0.42256492
1356525240793,-0.6599612,-8.018214,-0.7060584
1356525240834,-2.8482683,-7.138838,-2.5767841
1356525240874,-3.5175772,-4.286659,-5.090992
1356525240915,-2.4288027,5.989421,-9.917009
1356525240954,-2.3493097,2.023244,-7.0364666
1356525240994,6.3970346,1.2249498,0.17321193
1356525241036,3.9783726,0.44140577,0.3121344
1356525241073,-1.4001563,-2.3218436,6.187084
1356525241114,0.2715516,4.8104606,3.8983743
1356525241153,-0.28078508,0.66058636,1.407417
1356525241195,-1.6150682,-0.924181,3.8917422
1356525241234,-2.0971088,1.6732445,2.62827
1356525241276,-1.7881598,0.6236191,2.1458092
1356525241346,-1.0659997,0.05493927,1.6092255
1356525241347,0.2556653,0.64825344,0.41945112
1356525241379,0.04981804,1.7504568,-0.45448935
1356525241421,-1.6267965,3.701416,0.5531413
1356525241465,-1.7788963,6.2734222,0.80187386
1356525241512,3.3144312,1.9975615,0.6699188
1356525241557,4.309552,0.72357655,1.3078467
1356525241594,3.1918707,1.4590254,-1.7495872
1356525241635,1.7825899,2.4320822,0.38844886
1356525241673,0.33116913,-4.299364,0.640842
1356525241714,-0.7412319,-6.7977705,-0.16938633
1356525241756,-0.81623316,-8.754019,-0.102433085
1356525241795,-2.157117,-8.349953,-0.4849527
1356525241836,-3.1585538,-6.2244353,-3.4383414
1356525241874,-4.2094927,2.172267,-9.9521055
1356525241919,-2.1658955,5.636487,-7.811019
1356525241961,6.381078,1.0441713,-1.4984566
1356525242001,6.066737,1.2450137,0.41235268
1356525242043,-2.590424,-4.681505,6.579521
1356525242083,0.80761814,5.56237,4.5451984
1356525242125,-0.25001526,0.57317734,0.7031791
1356525242164,-1.3122978,-1.7031565,4.828258
1356525242206,-2.4700716,2.478033,3.006359
1356525242244,-1.6562147,0.0586977,2.4050055
1356525242286,-1.487843,0.4980793,1.8996993
1356525242341,0.20893192,0.15633392,-0.33526325
1356525242364,-0.7812402,3.0464163,0.01303041
1356525242404,-1.3446159,3.345955,-0.1279198
1356525242444,-2.2534814,4.4387655,0.2555104
1356525242484,1.4974837,4.062049,0.84831816
1356525242526,7.3537807,1.9241915,1.6725786
1356525242563,3.7090316,1.0134058,-1.6946574
1356525242604,1.2528439,3.0447063,0.14819515
1356525242663,0.8587704,-3.5898623,0.73731524
1356525242681,-0.28612924,-7.566317,0.2229079
1356525242723,-1.0300102,-8.523552,0.38043085
1356525242759,-2.1657326,-9.116405,0.03398955
1356525242803,-3.606093,-7.8878107,-2.1667721
1356525242842,-3.2370174,3.0885391,-10.31325
1356525242882,0.574131,6.7499247,-8.880932
1356525242922,1.6690388,-1.3343067,-4.67844
1356525242963,7.074888,3.0592718,2.2498116
1356525243004,-0.11895561,-2.7916274,1.9862168
1356525243055,-0.9043467,2.2346134,6.8081617
1356525243097,-0.14707088,1.8127198,1.204271
1356525243135,-1.7276099,-1.7261567,3.9333663
1356525243176,-2.0379786,1.3772478,3.8677006
1356525243214,-1.9420242,0.71183205,2.2396076
1356525243256,-1.7316318,0.4956236,1.6115793
1356525243293,-0.7004566,1.2428961,-0.006263256
1356525243334,-0.84096766,2.5527582,-1.2152282
1356525243373,-3.4030652,4.062688,-0.65239835
1356525243417,-3.0089273,5.3217297,-0.3063584
1356525243456,3.1110082,3.480155,0.70756656
1356525243494,7.693124,2.909935,1.3496282
1356525243536,3.7819045,2.2039795,-1.8630999
1356525243574,1.4300032,2.1425753,0.5792622
1356525243614,0.73249054,-5.4123845,1.6907154
1356525243653,-1.0470705,-7.2176228,0.07241261
1356525243694,-0.52425694,-8.161252,0.012501776
1356525243734,-1.4290493,-8.735875,0.03550923
1356525243774,-3.1246452,-7.683335,-2.417829
1356525243813,-3.3830926,0.07487965,-9.430245
1356525243854,-0.48132277,7.3939133,-10.248993
1356525243897,3.435402,-0.22214699,-3.7308419
1356525243944,5.2352514,1.9770055,2.0846171
1356525243987,-1.230015,-1.9272451,5.1124244
1356525244024,0.39377308,3.5043392,3.4905312
1356525244065,-1.042408,2.0301151,2.6714876
1356525244104,-1.2085996,-2.0237145,3.9108984
1356525244147,-1.3730116,1.0764847,3.5128627
1356525244186,-1.2475419,0.10561752,2.7337296
1356525244225,-1.8441384,0.9229593,1.6026279
1356525244266,-1.2789516,1.6264601,-0.30106807
1356525244343,-1.5139887,2.8405857,-0.31776702
1356525244345,-1.909442,3.5958052,-0.6685357
1356525244382,-2.2340338,3.724659,-0.63001966
1356525244420,-0.25899124,2.9941454,0.9623234
1356525244462,6.350293,3.935938,1.5361533
1356525244512,4.7842555,2.227355,-1.796056
1356525244554,1.5668285,2.321886,0.92938673
1356525244594,-0.18270612,-5.5672297,1.1000922
1356525244633,-0.8887944,-7.021105,0.28042972
1356525244675,-0.58544135,-9.568251,0.6984682
1356525244715,-2.0106406,-8.728079,-0.33394027
1356525244753,-3.3559113,-7.2431965,-3.1580534
1356525244795,-4.0237365,1.5982227,-9.907586
1356525244834,-0.97377825,5.597883,-8.720247
1356525244876,5.3663983,0.019187927,-2.8292637
1356525244914,8.494853,3.9499063,0.12408078
1356525244956,-2.708363,-3.368775,4.7858715
1356525244996,0.062699795,2.6682348,6.111331
1356525245042,-0.5660639,2.0101504,1.3030342
1356525245081,-1.2641354,-1.7332187,3.589378
1356525245133,-3.2961369,1.8793507,2.4549258
1356525245184,-1.8666909,0.32773304,1.8292116
1356525245233,-1.1136491,0.8358784,0.6628448
1356525245274,-0.15014029,1.613904,-1.1466913
1356525245344,-1.9732294,4.029009,0.32277113
1356525245347,-1.7671111,3.3669643,-1.8153441
1356525245379,-2.5300798,4.8934927,-0.67745024
1356525245411,-0.25143838,3.5174942,0.4048718
1356525245452,5.165398,3.0743332,1.7277244
1356525245493,5.7828665,3.0367317,-2.791821
1356525245543,3.2981317,2.9647894,1.2493427
1356525245581,-0.12569284,-6.50114,1.7427652
1356525245624,-1.0036471,-8.600481,0.1706317
1356525245662,-0.41669774,-10.001793,0.4728697
1356525245705,-2.1217618,-9.922041,-0.16201973
1356525245743,-2.5304663,-6.0427623,-4.590696
1356525245785,-1.8819344,6.818985,-12.632508
1356525245824,-2.4483204,1.221096,-6.7678256
1356525245865,9.067315,1.6804762,0.66326964
1356525245905,4.4922943,3.1639738,0.9172021
1356525245947,-1.5607138,-4.1182165,4.94459
1356525245986,0.10606909,5.464862,3.6593413
1356525246025,-1.7542217,1.367971,1.9229871
1356525246066,-1.4715526,-2.41364,3.2960238
1356525246103,-2.5742242,1.714714,2.7979999
1356525246145,-2.337286,0.4393549,2.3131948
1356525246194,-2.166886,0.72323227,1.3141583
1356525246236,-1.0112696,1.4397306,-0.5126364
1356525246275,-1.8280051,3.219571,0.19791663
1356525246339,-2.5015147,3.3370981,0.28094172
1356525246358,-1.9109623,5.4861,0.86402696
1356525246406,4.1163826,2.6979952,-0.1930843
1356525246443,4.2468805,2.0751143,0.98989344
1356525246484,3.3745487,2.334817,-1.5945429
1356525246523,1.1530454,-0.48379517,1.7021024
1356525246564,0.41795945,-6.4479847,1.0975239
1356525246604,0.7789421,-7.197604,-0.2505809
1356525246644,-0.14805675,-9.419255,-0.26922435
1356525246685,-2.4278483,-8.674672,-2.2537687
1356525246723,-3.104649,-4.6622887,-6.193369
1356525246766,-2.6302078,6.237051,-10.754092
1356525246804,-0.9536276,0.43129444,-6.634884
1356525246844,9.925768,2.2202587,1.3716502
1356525246884,2.4935007,0.8511133,0.031131268
1356525246926,-1.9379086,-1.3900638,6.282778
1356525246964,-1.3545053,6.2036633,2.1200185
1356525247006,-0.4587927,-0.13171387,1.7409717
1356525247044,-1.3722546,-0.99615383,3.425959
1356525247084,-2.465518,1.3105917,2.146665
1356525247146,-1.9700761,-0.10900593,2.5672574
1356525247162,-1.24193,-0.07653332,1.8075507
1356525247204,-0.6250882,1.0767174,0.38502705
1356525247239,-1.3733616,3.5519505,0.36664772
1356525247280,-1.9098675,3.661375,0.28997362
1356525247323,-2.1265254,6.295923,1.1277812
1356525247364,2.4054904,2.7659721,0.53136206
1356525247404,5.278309,0.8211956,0.39504382
1356525247444,3.8886662,1.995738,-1.2900895
1356525247484,2.3945897,3.0296803,0.74089986
1356525247525,0.49345493,-3.5456676,1.532347
1356525247564,-0.5577612,-7.3858776,-0.05064279
1356525247605,-0.09089422,-8.432094,0.021449447
1356525247644,-1.3067389,-9.111758,-0.8447103
1356525247684,-3.1015706,-7.658512,-3.0116363
1356525247724,-3.6431093,-1.2149172,-8.155147
1356525247765,-0.9401233,6.6420507,-9.779031
1356525247804,0.1746893,-0.9602108,-4.431319
1356525247846,9.040506,3.768815,0.87535
1356525247885,0.11814976,-2.4959612,1.874537
1356525247926,-1.4504578,1.8984156,6.260577
1356525247966,-1.0329819,5.9647756,1.5187753
1356525248005,0.15549374,-2.4382858,2.992776
1356525248046,-1.5048094,-0.4019413,4.7636943
1356525248084,-1.6680613,1.0585604,2.5119953
1356525248125,-1.5913599,1.0524006,1.3996259
1356525248164,-1.6587167,1.3595333,1.299079
1356525248205,-0.47579575,1.4255419,-0.72241974
1356525248244,-1.0100083,3.329894,-0.049569845
1356525248286,-1.4070637,3.2141953,-0.70806324
1356525248342,-2.1073394,4.7938414,0.95837545
1356525248365,3.681706,3.2812948,0.12892872
1356525248404,5.8209057,2.5240774,1.2776816
1356525248444,2.1670778,3.4986286,-1.2644844
1356525248485,1.2309518,-1.2784367,0.6830411
1356525248523,-0.22258115,-6.544233,1.26432
1356525248564,-0.1622243,-7.3031464,-0.40561807
1356525248604,-0.35037756,-8.396407,-0.64225703
1356525248645,-1.702719,-8.070084,-0.66613543
1356525248683,-2.7513156,-6.2223377,-4.136608
1356525248725,-3.2567677,0.82788754,-8.922351
1356525248763,-3.0352783,6.8681297,-6.8225665
1356525248804,-0.35582972,-0.9609895,-4.6654353
1356525248846,12.128615,5.1614676,1.8947868
1356525248893,-1.989994,-3.2362266,4.777034
1356525248935,-0.512732,4.938766,5.6488414
1356525248974,-0.81357074,3.1191316,1.11256
1356525249014,-0.79238605,-2.6576734,3.9785986
1356525249054,-2.7867103,2.1237383,3.7670596
1356525249096,-1.9068615,0.78880405,1.5738288
1356525249134,-1.5102797,-0.25731564,1.4211406
1356525249176,-0.8203883,0.33634663,0.74189806
1356525249217,-0.9468894,1.651926,-0.18015575
1356525249263,-2.5858,3.6205835,-0.40461648
1356525249342,-1.8366153,5.033329,-0.22300607
1356525249344,1.4652607,2.373393,0.592386
1356525249380,5.3006487,1.8354712,0.98684764
1356525249420,4.6742554,0.97898865,-1.7291307
1356525249464,2.2408216,2.0863705,0.5799781
1356525249504,-0.08863807,-3.5522957,1.2555614
1356525249544,-0.39559484,-6.3374486,0.041038692
1356525249583,-0.022532701,-8.00083,-0.2724914
1356525249622,-1.0815258,-8.579412,0.38125908
1356525249664,-1.6518178,-7.2063055,-3.0190744
1356525249702,-2.0173292,1.8236914,-9.654411
1356525249746,-2.642699,4.0617237,-8.694754
1356525249783,-2.6139727,-3.753666,-4.2821507
1356525249826,6.4387817,0.6683941,2.530674
1356525249864,4.8624682,5.433451,-1.2056177
1356525249906,-2.7321062,-6.616724,6.4904776
1356525249946,0.75612783,5.877047,4.29281
1356525249984,0.49474812,0.027970314,1.7838389
1356525250026,-2.2420201,-0.8673992,5.2270684
1356525250064,-2.2594776,2.6787586,2.7493625
1356525250107,-2.0726993,1.2235851,2.423947
1356525250144,-1.8398688,1.4193993,0.98705506
1356525250184,0.24310827,1.432785,-0.035832286
1356525250224,-1.9448884,3.056818,-0.061753273
1356525250265,-0.75161505,3.3394537,-1.3404869
1356525250304,-0.9889171,2.9431229,-0.29240477
1356525250343,-1.1784077,3.8254242,0.38953567
1356525250382,5.196657,3.602767,1.4683278
1356525250423,4.5870366,2.9790897,-1.9842367
1356525250463,1.6859515,3.7592573,0.77552533
1356525250502,0.58695316,-5.4240575,1.9993193
1356525250544,-0.31439114,-6.892738,-0.2007392
1356525250592,0.32735872,-8.640131,0.27649552
1356525250634,-1.745641,-9.437227,-0.5903411
1356525250674,-3.0403914,-5.325719,-5.540123
1356525250714,-2.32355,4.2680206,-11.190643
1356525250755,-1.512198,0.7106199,-8.314651
1356525250795,7.632352,1.1861391,1.4067593
1356525250836,4.4522405,4.4415894,-1.000627
1356525250884,-1.8161459,-3.6317873,5.7304897
1356525250926,-0.12162089,6.7146654,2.187055
1356525250964,-0.40134358,0.13142538,1.638734
1356525251007,-1.870934,-1.1615314,3.8659568
1356525251046,-2.7388363,1.7166271,2.603159
1356525251084,-1.5823212,0.5354805,2.2731218
1356525251126,-1.0869744,0.99680233,0.63306904
1356525251163,-1.2538497,1.5384359,-0.4991536
1356525251204,-2.656908,3.6530647,0.50555015
1356525251243,-2.615424,3.5939054,0.13752663
1356525251284,-1.61887,3.9738379,1.2196069
1356525251342,5.1582804,2.476138,0.6319015
1356525251364,4.8824873,2.0088253,0.7743302
1356525251404,2.8400004,3.077384,-1.189193
1356525251445,1.7238076,-1.9563494,1.6627907
1356525251484,0.6519332,-6.6359844,0.6930796
1356525251524,0.2688105,-8.007227,-0.5552842
1356525251584,-0.5862982,-8.404249,-0.7405069
1356525251602,-1.8355119,-7.3589344,-1.6231036
1356525251644,-3.791689,-4.113305,-6.899205
1356525251679,-3.248538,5.7055902,-8.579031
1356525251724,-3.4491673,1.9498129,-6.4791393
1356525251761,10.369559,3.0662746,1.0875542
1356525251802,1.0382895,2.4900293,0.26251483
1356525251843,-2.291913,-3.357535,7.163335
1356525251894,0.14237761,5.328576,2.0991347
1356525251935,0.20881343,-1.6656156,2.6560006
1356525251984,-2.2274847,0.28625965,4.277373
1356525252026,-1.6753905,0.8429823,2.4065676
1356525252064,-1.1347044,0.10807037,2.035653
1356525252106,-0.87920403,0.682044,0.900743
1356525252146,-0.051845312,1.0749712,-0.97011054
1356525252184,-1.5305998,3.2756042,0.41521996
1356525252226,-0.33499599,2.7716513,-1.275626
1356525252266,-2.2170532,4.1733494,0.6938469
1356525252304,1.9300511,3.5575533,1.5016294
1356525252343,6.0846252,1.6386633,0.44574335
1356525252383,3.7543616,1.6093807,-1.786452
1356525252423,0.5855205,4.0569935,1.3605396
1356525252464,0.78906345,-6.304556,0.93273395
1356525252504,-0.27284288,-6.8236833,-1.841187
1356525252545,-0.13005161,-8.487234,-0.42466033
1356525252584,-1.4489577,-9.162336,-1.0854907
1356525252624,-2.879631,-6.1091757,-4.6065807
1356525252665,-3.9159312,3.2438745,-9.793756
1356525252703,-2.9629107,2.3521662,-7.4256763
1356525252744,4.2310925,-2.3052673,0.048029125
1356525252785,10.210412,7.498122,-1.3491509
1356525252824,-2.5208085,-2.6872458,5.3725576
1356525252864,-0.46391153,1.1578698,7.0748997
1356525252905,0.42514658,3.7472916,1.3462889
1356525252944,-0.3792827,-2.664949,3.1881318
1356525252986,-3.7189991,1.8775868,4.2634053
1356525253026,-2.1636229,1.4392138,1.291252
1356525253065,-1.4962108,0.8281517,1.6823757
1356525253106,-0.6197691,0.7776098,0.24933219
1356525253144,-1.216608,2.706583,-0.37472618
1356525253184,-1.4338789,3.3702173,-0.5102588
1356525253223,-1.8820958,4.1955547,-0.403108
1356525253266,-0.74043536,3.701785,0.9111567
1356525253304,5.2096443,3.3793125,0.33947203
1356525253346,4.5558577,0.9128437,-0.025428295
1356525253382,2.467767,3.0538187,-0.17362821
1356525253424,1.4454508,-2.2426014,1.7922268
1356525253464,0.42118216,-6.670458,-0.6309771
1356525253504,-0.07046223,-7.634272,-0.20515656
1356525253545,-1.3307567,-9.460696,-0.7327877
1356525253584,-2.90614,-7.7563515,-3.2148414
1356525253627,-4.3015904,-2.6492786,-8.270438
1356525253663,-1.1707838,6.6202908,-8.926735
1356525253704,0.9343505,0.4985628,-5.1566987
1356525253744,8.827914,4.5795918,0.99954444
1356525253785,-1.2012286,-2.2964773,2.2923064
1356525253824,-1.6295967,0.35261393,6.7914886
1356525253864,0.4419477,3.8823495,-0.35555744
1356525253904,-0.25563073,-1.9436169,3.1397178
1356525253944,-2.092012,0.54220676,4.3494387
1356525253986,-2.0796688,1.4957848,3.0097709
1356525254023,-1.6544645,0.40866947,2.0458915
1356525254066,-0.6388769,0.94876385,0.66541123
1356525254114,-0.74477434,2.096344,-1.3453349
1356525254156,-2.6428237,3.1381311,0.47325587
1356525254194,-2.236589,4.6276207,0.49189663
1356525254236,0.20303941,3.8976412,0.5637356
1356525254276,5.170907,3.4611168,1.0709794
1356525254314,3.9835098,2.1081333,-0.87219983
1356525254356,2.119156,3.5045862,-0.13824618
1356525254390,0.86711764,-3.4930716,1.4898162
1356525254430,0.52806187,-7.569744,1.2078635
1356525254472,0.66895866,-7.8864365,0.21188712
1356525254513,-0.4850669,-8.556067,-0.93590134
1356525254564,-2.5919676,-6.934425,-2.6501713
1356525254604,-3.7818637,1.4439249,-9.624085
1356525254644,-0.9563093,6.1419334,-7.773784
1356525254684,1.8411565,-0.4916582,-4.5535192
1356525254826,7.856778,3.9805536,1.6776791
1356525254827,-1.2208681,-1.7601819,1.320946
1356525254829,-1.8532236,-0.45053148,6.934978
1356525254860,-0.16518593,1.9968419,1.2712821
1356525254903,-0.8061812,-2.082456,3.9088738
1356525254946,-2.3586345,1.5527754,2.8611014
1356525254994,-1.7275531,0.2829628,2.8685915
1356525255132,-1.0856524,0.86499786,0.6610689
1356525255134,-0.45716882,2.544797,-1.314352
1356525255137,-2.1498213,4.2303886,-1.0570993
1356525255160,-2.844694,5.282382,0.9844185
1356525255203,0.6708677,4.52057,-0.066964805
1356525255245,4.8484282,1.1231337,-0.4548065
1356525255293,3.6248946,2.0500374,0.10903841
1356525255352,2.6693556,3.6763897,-0.40625572
1356525255376,1.0159245,-1.2689896,-0.04322785
1356525255414,-0.047308683,-6.112418,0.35693866
1356525255455,0.002449274,-7.7958508,0.4169039
1356525255493,-0.26218247,-9.217582,-0.2873212
1356525255534,-2.1498592,-8.136814,-1.9986262
1356525255573,-3.4310155,-4.5057673,-5.841603
1356525255615,-2.3008568,6.284708,-10.85843
1356525255654,-3.1387055,1.417304,-7.096839
1356525255694,5.72241,-1.1847715,-0.7603519
1356525255735,4.784601,6.07314,1.4592901
1356525255776,-1.3473885,-5.049542,4.056001
1356525255816,-0.37642193,5.135479,5.0820446
1356525255854,-0.89137006,3.29319,2.3056407
1356525255895,-0.63189816,-2.0233774,3.9727943
1356525255935,-1.3151212,1.1343546,4.4684567
1356525255977,-1.6023021,0.17425919,3.0142999
1356525256015,-1.7964499,0.21411324,1.9596753
1356525256056,-1.0898416,0.4673109,0.5019934
1356525256095,-1.4788139,2.273837,-0.84657264
1356525256134,-2.8152087,2.8775196,-0.6261512
1356525256175,-2.9182162,5.550457,1.0133592
1356525256216,3.577278,3.2556133,1.2579194
1356525256255,4.675,1.4846439,0.6780249
1356525256294,4.599596,1.6888294,-0.27641255
1356525256357,2.5312157,4.1922197,0.6749142
1356525256376,0.43402362,-2.3063097,1.5653782
1356525256415,0.008258343,-5.8748336,0.14095733
1356525256454,0.8314233,-7.4192,-0.42362463
1356525256494,-1.2167935,-9.4904785,-0.71129405
1356525256534,-2.188498,-7.5851064,-2.4622655
1356525256574,-3.5555325,-1.6729851,-8.776625
1356525256613,-3.2236385,3.9273472,-10.541093
1356525256654,-1.3649712,0.39165688,-6.5325584
1356525256696,9.111005,4.1534147,1.5777366
1356525256734,-0.15195513,-2.0655265,0.9991234
1356525256776,-2.394434,-1.3173342,8.09307
1356525256813,0.21425724,5.226905,1.9528669
1356525256854,0.420089,-1.2231197,2.6930583
1356525256894,-1.8932844,-0.33913708,4.5880556
1356525256934,-2.5389805,1.6277866,2.3448966
1356525256974,-1.2562573,0.4360075,2.3012097
1356525257016,-0.597842,0.7886324,1.695802
1356525257054,0.3222022,0.78735256,-0.6690481
1356525257096,-1.4309871,3.4631538,-0.38197982
1356525257136,-1.6098639,3.5210114,-0.19324458
1356525257174,-2.861619,5.1947384,0.3567061
1356525257216,0.8418679,2.9912043,1.199142
1356525257253,6.7849684,1.5338068,1.1404865
1356525257295,3.895073,3.280819,-1.3773099
1356525257353,1.5939631,4.0392036,0.48542935
1356525257374,1.0095189,-4.301825,1.312669
1356525257414,0.6629815,-6.5039716,-0.51531357
1356525257454,0.52193,-8.395923,0.32068622
1356525257493,-0.22989583,-9.400187,-0.01958108
1356525257535,-2.0681243,-7.581952,-2.0853515
1356525257575,-4.1692824,-2.8924923,-9.040536
1356525257614,-1.5559561,4.436427,-9.302581
1356525257655,1.3509889,3.5196714,-6.8905115
1356525257693,8.456593,3.889553,0.29536003
1356525257734,-0.71945477,-4.2798996,2.4517798
1356525257773,-2.5669978,1.7861743,9.448507
1356525257815,-1.0895615,5.0658016,-0.9331014
1356525257854,-0.37799406,-2.303465,2.8311186
1356525257896,-3.2409627,1.066946,3.5736852
1356525257935,-3.0916617,1.3510151,1.4568468
1356525257976,-1.4568737,-0.0014696121,2.4307826
1356525258016,-0.48377228,0.18726921,1.3340511
1356525258055,0.32082582,1.9605598,-0.33108878
1356525258096,-2.6443272,3.6773195,0.5328753
1356525258133,-2.2465239,4.964512,0.74640733
1356525258175,-0.55162,5.6764727,1.2240857
1356525258214,5.2229404,1.5816097,1.4799492
1356525258255,5.6251683,1.8494387,0.069298446
1356525258293,3.0546827,3.306573,-1.2665229
1356525258356,1.3318627,1.7440014,1.936346
1356525258376,0.16897011,-5.9289126,1.0475482
1356525258414,0.4915595,-8.16749,-0.22310925
1356525258454,0.22223449,-8.684104,-0.3459084
1356525258494,-1.1904407,-8.642579,-1.1001213
1356525258535,-2.5001838,-6.1554375,-4.635217
1356525258575,-3.9328127,2.4561968,-10.808816
1356525258614,-2.1635723,2.5830564,-6.602317
1356525258653,2.8479238,-0.26645947,-3.2967796
1356525258696,7.8874607,5.2344675,1.2547443
1356525258734,-1.7870035,-4.862608,1.9480977
1356525258774,-1.9673973,3.4255047,7.425008
1356525258813,-0.5311861,4.674594,0.32009172
1356525258854,-0.23851442,-2.4020615,3.0282743
1356525258896,-1.9402785,1.5549021,4.582427
1356525258943,-1.9441651,0.839715,2.9390192
1356525258984,-0.9618733,0.0034132004,1.4330059
1356525259024,-0.7313659,1.4670086,-0.07703495
1356525259064,-1.9887029,2.8456087,-0.23894894
1356525259103,-2.2963195,3.1358309,-0.27256882
1356525259146,-2.3526113,4.054554,-0.5918616
1356525259185,0.22928762,2.833908,1.0705698
1356525259225,6.0973988,3.2174902,1.0112207
1356525259265,4.842526,2.6262016,-1.875757
1356525259304,2.2978673,3.7520218,0.56249136
1356525259353,1.3550112,-2.5448294,1.876228
1356525259392,0.10184145,-7.212657,1.0317333
1356525259429,0.5738039,-8.351542,-0.21710813
1356525259469,-0.43137527,-9.377549,-0.5625373
1356525259510,-2.1343794,-7.182451,-4.1082816
1356525259554,-3.0076194,3.427534,-10.743881
1356525259593,-2.7917352,2.1622992,-7.0961523
1356525259634,-1.2107503,-6.272547,-2.3201604
1356525259683,11.114481,7.5418854,0.36331612
1356525259724,-2.3850422,-3.466187,3.4722228
1356525259764,-1.9403449,-0.9076085,6.4889317
1356525259804,0.103094816,8.5128355,2.016423
1356525259844,-0.55706644,-1.6095409,2.529297
1356525259886,-1.4686949,0.70059204,3.9280174
1356525259926,-1.9042912,1.911643,2.2757683
1356525259974,-1.8114016,0.6839485,1.9201906
1356525260017,-0.62469244,0.76194954,-0.18297005
1356525260054,-1.0092669,2.5000334,-1.5084751
1356525260096,-2.7374222,3.79537,-0.85337496
1356525260134,-3.9089642,5.6006317,-0.2593221
1356525260176,0.5996704,4.5475283,1.3062816
1356525260214,6.0645843,3.8418512,0.5130734
1356525260254,5.150934,2.6366253,0.12952557
1356525260295,1.9386418,3.4135294,1.0383072
1356525260350,0.918509,-3.8692508,1.551085
1356525260374,0.0049579144,-6.4827023,1.0583448
1356525260415,0.42020917,-7.027863,0.06591749
1356525260455,0.26316452,-9.048065,-0.55053276
1356525260493,-1.6242158,-7.641298,-2.349144
1356525260535,-2.2915254,-3.7642088,-6.8571725
1356525260574,-2.3188472,4.039608,-10.772362
1356525260614,-3.4755182,-2.0849433,-5.6297107
1356525260656,3.0791469,-0.7309475,-0.8133965
1356525260695,5.492516,8.060997,0.41751605
1356525260736,-2.2569668,-6.0771165,4.665759
1356525260774,-0.13832355,4.3123174,5.5178795
1356525260814,0.4552412,4.153255,1.0995233
1356525260853,-1.892371,-2.5607185,4.395502
1356525260894,-2.334329,2.240466,2.5441685
1356525260934,-1.0148034,0.47767353,2.1602829
1356525260976,-1.1079977,0.44790077,1.7708389
1356525261014,0.061116934,0.8193531,0.3799845
1356525261056,-0.67452335,3.2760897,0.301489
1356525261096,-0.8664081,4.015277,-0.831269
1356525261134,-2.1023335,4.1461086,-0.27390385
1356525261176,-1.8221873,2.6838293,1.407858
1356525261213,4.3068585,2.7716646,0.23457736
1356525261256,5.244291,1.9341669,1.0225704
1356525261294,3.2064533,3.6151772,0.002093494
1356525261348,2.0882778,-0.9054899,1.5978107
1356525261373,0.30540156,-6.6813455,0.5848331
1356525261415,0.33303404,-7.476253,-0.3643216
1356525261454,0.01919508,-8.823221,-0.048854947
1356525261494,-1.9186745,-9.343941,-1.9663497
1356525261534,-3.7086458,-6.0621815,-5.979992
1356525261574,-3.1793175,3.5025978,-10.57203
1356525261615,-0.72784376,3.590742,-7.9379554
1356525261653,3.3093042,0.25963497,-3.211573
1356525261694,6.551255,4.736723,2.3267279
1356525261735,-1.040025,-3.5122962,3.834999
1356525261777,-0.9602606,4.0994854,6.2567353
1356525261813,-0.3077352,3.1137156,0.5681157
1356525261854,-1.0531077,-2.1201234,3.879036
1356525261894,-2.82798,1.5848961,4.2960935
1356525261936,-1.7047882,0.87593746,2.3967304
1356525261975,-0.7821183,0.58173275,2.0945058
1356525262014,0.38448668,0.73179436,0.07946229
1356525262056,-1.0895064,3.2867832,-0.55911493
1356525262094,-3.959197,3.3074818,0.49868524
1356525262136,-2.750485,4.714033,1.0455215
1356525262184,3.7723007,3.4277687,0.4373537
1356525262224,5.529261,2.7272263,1.3424828
1356525262263,3.4433405,3.2436228,-1.4457405
1356525262304,1.9740925,0.73352814,1.0592476
1356525262349,0.47439957,-6.3098955,2.0412598
1356525262384,0.63486624,-7.9144783,-0.7660333
1356525262426,0.5733595,-8.594549,-0.5809853
1356525262464,-1.6638252,-8.884595,-0.8426655
1356525262504,-3.0307302,-5.975819,-6.2875156
1356525262543,-2.956244,2.8398142,-10.648583
1356525262584,-0.6538532,1.1431189,-7.290927
1356525262624,8.072957,0.85373306,-0.88314223
1356525262666,2.6948006,3.8213863,1.3932828
1356525262705,-2.321417,-3.5463924,5.376601
1356525262746,0.08033967,5.170145,3.663858
1356525262785,-1.5495372,3.2772822,1.8729671
1356525262824,-0.89219546,-2.199894,3.4099884
1356525262866,-3.066279,1.2677841,3.4244282
1356525262903,-2.0041022,0.109478,2.2021172
1356525262943,-1.7840557,0.7309599,1.0645791
1356525262987,-1.5524142,0.7707882,0.22874558
1356525263024,-1.3500173,2.5519943,-0.34432125
1356525263066,-1.6671247,3.6182442,0.03957975
1356525263104,-2.109676,5.9314585,0.45363885
1356525263147,1.8868368,2.8208036,0.04790455
1356525263184,4.4667864,2.196498,0.68516636
1356525263224,2.9321618,2.77279,0.09734261
1356525263265,1.9166379,3.9969482,0.6092203
1356525263303,1.3443613,-3.6162114,1.7099588
1356525263348,1.4699616,-7.2433524,0.33729908
1356525263383,1.2589965,-9.00145,0.040986598
1356525263425,-0.16129303,-9.442982,-0.549816
1356525263463,-2.308249,-7.845132,-2.7801018
1356525263504,-4.0165887,-1.0093527,-10.153783
1356525263543,-0.6095042,5.3430367,-10.508873
1356525263585,0.6386533,-3.590551,-2.0709355
1356525263625,10.073888,4.62512,0.9105718
1356525263664,-0.8350558,-1.0214281,2.773204
1356525263706,-1.9585304,-0.005990505,6.194935
1356525263743,-1.7144625,6.3193307,1.120771
1356525263786,-1.1066623,-0.9131818,3.4246242
1356525263831,-1.080421,0.0016613007,3.0689573
1356525263869,-3.1916103,0.10853958,2.998403
1356525263910,-2.5671678,0.49709702,1.7603571
1356525263952,-2.4309556,0.56273365,0.5228745
1356525263994,-2.2097123,3.2201605,-0.2157954
1356525264034,0.18100977,2.5931854,-0.47016037
1356525264074,-0.47657442,2.486576,-1.15731
1356525264122,-2.8840127,4.3225965,0.36537293
1356525264164,2.7420459,4.660467,1.7180037
1356525264204,4.9277844,2.5595512,-0.7572455
1356525264244,2.9025607,3.9430742,1.1509287
1356525264285,1.2112823,-2.268117,1.4323137
1356525264325,0.040290833,-7.2560644,0.6967765
1356525264367,0.9297621,-7.9552584,0.5299349
1356525264411,0.4796052,-9.197147,-0.5403532
1356525264451,-1.4774207,-7.9846973,-4.051353
1356525264492,-2.068862,3.3399868,-10.670013
1356525264533,-0.5618341,4.1516905,-9.060663
1356525264573,8.907188,4.1694155,1.3933691
1356525264615,2.9383528,-3.0164309,0.72972965
1356525264656,-1.9388628,-1.635457,6.2637706
1356525264694,-1.6389382,4.858325,1.4654465
1356525264735,-0.9522083,-0.05880165,1.6648552
1356525264773,-1.732997,-1.467207,3.9962816
1356525264814,-3.0851007,1.1616449,3.0113041
1356525264856,-1.8604815,0.74465847,1.5328135
1356525264894,-1.7714884,0.5035591,1.0412577
1356525264934,-0.21946287,1.0830717,-0.7747742
1356525264977,-2.706226,3.4872026,0.24787891
1356525265014,-2.239056,3.8513346,-0.04912758
1356525265057,-2.140355,5.948843,0.99768895
1356525265096,3.6679835,2.069645,0.6559936
1356525265134,4.836179,2.630396,0.81217694
1356525265175,2.368917,4.5359125,-1.2818987
1356525265214,1.6991224,0.93927956,1.887336
1356525265256,0.2756455,-6.2172155,1.3943689
1356525265294,-0.08767152,-8.573157,0.42426062
1356525265352,1.0054758,-9.509948,-0.23425955
1356525265375,-0.6613929,-8.982346,-1.572618
1356525265415,-2.0946853,-6.38753,-4.83355
1356525265454,-2.347188,4.0312443,-11.605015
1356525265495,-2.1442418,2.7713203,-7.5671477
1356525265534,1.4688702,-3.722077,-3.0919275
1356525265574,10.28239,8.648478,2.0845459
1356525265616,-1.6892619,-2.4806828,2.4012768
1356525265654,-1.5479952,0.6880536,7.1006994
1356525265694,-0.14976287,6.699558,1.5565705
1356525265734,-0.2938211,-2.1689892,3.3800812
1356525265774,-2.3425882,0.56731987,4.3205833
1356525265814,-2.2494807,1.2713814,2.2411647
1356525265856,-2.354776,0.27133846,2.0050054
1356525265894,-2.2084785,0.7940588,0.3133378
1356525265936,-0.953212,1.3120041,-0.53110206
1356525265976,-2.1750746,3.1763153,-0.40656984
1356525266014,-1.8184522,2.9479532,-0.012054563
1356525266057,-2.6900132,4.174966,1.1830894
1356525266103,4.41161,3.4690475,0.909564
1356525266144,4.691936,1.5084028,-0.7150168
1356525266184,2.7732263,3.4968061,0.5625378
1356525266224,0.61529994,-2.505355,1.2562052
1356525266263,0.61449337,-6.892606,0.57392824
1356525266304,1.3247528,-7.455522,-0.023197591
1356525266350,0.7427726,-8.784841,-0.6187737
1356525266384,-0.79224277,-8.287609,-1.7833822
1356525266425,-2.4383135,-3.9255261,-6.964276
1356525266463,-2.4387097,3.5018597,-10.777467
1356525266505,-1.9066491,0.8258734,-6.987519
1356525266543,6.094836,1.2498903,-1.0756152
1356525266586,3.371284,3.9674559,0.5871192
1356525266624,-2.523913,-2.4444833,4.9099956
1356525266666,0.0061974525,4.076689,4.7076235
1356525266703,0.026291132,2.9626718,1.6875387
1356525266744,-0.5319128,-2.0453458,3.2471955
1356525266786,-2.9991205,1.690733,2.804966
1356525266825,-2.3626218,0.41235352,2.453493
1356525266866,-1.5921652,0.03780365,2.0624797
1356525266904,-0.13972282,0.35750008,0.39481533
1356525266944,-0.43621206,1.73032,-0.09336889
1356525266985,-2.236083,4.0856934,0.34528422
1356525267024,-1.3229657,5.504203,0.20035285
1356525267064,0.03702736,3.8868284,1.364408
1356525267106,3.6805975,0.2749958,0.118942976
1356525267143,3.7242515,2.8817701,0.2894012
1356525267184,2.2942452,4.6762266,-0.68745565
1356525267225,2.0874262,-1.2776823,1.4043676
1356525267264,0.08386111,-5.531659,0.33868203
1356525267305,0.51114964,-7.626399,0.35363707
1356525267348,0.7425542,-9.552034,-0.47573245
1356525267386,-0.92519426,-8.16703,-1.5079793
1356525267424,-2.9360151,-5.1334534,-5.7889266
1356525267465,-1.3621199,2.7823486,-9.954377
1356525267504,-1.642,3.7784548,-6.526329
1356525267544,5.998085,4.915325,-1.806958
1356525267585,4.6547003,1.7982922,2.2471151
1356525267626,-2.0328767,-4.022711,4.087384
1356525267666,-1.6419686,5.6297216,6.7015963
1356525267704,-0.50453067,0.61215496,-0.14038348
1356525267745,-1.157074,-1.5747023,3.6043973
1356525267783,-2.5208497,1.2580957,3.411294
1356525267824,-2.2135623,0.0021343231,2.6292164
1356525267863,-1.0390687,-0.5140085,1.3451864
1356525267904,-0.80321527,-0.02491951,0.10370755
1356525267943,-1.7788663,2.1492958,-1.6190027
1356525267986,-2.5079327,3.1525154,-0.6212553
1356525268024,-2.3439512,5.5822678,0.92330647
1356525268066,3.0444036,2.707593,1.798548
1356525268104,5.8845367,1.1651306,0.6436729
1356525268144,4.6371217,2.3998976,-0.5803301
1356525268185,1.6825414,2.737174,0.7722246
1356525268223,0.44114423,-3.2042637,1.7744108
1356525268283,-0.2154007,-5.6460176,-0.33913076
1356525268302,1.0054402,-6.690682,-1.0779057
1356525268342,-0.9011493,-8.414872,-0.9084743
1356525268379,-1.866172,-7.2406898,-2.1490786
1356525268409,-3.2791288,-4.6877294,-6.9331765
1356525268451,-4.098891,2.211258,-10.09855
1356525268492,-2.219557,1.3380194,-7.273457
1356525268533,7.6855116,2.7097435,0.27955002
1356525268573,5.2845516,2.8988,-0.09007859
1356525268614,-2.4290638,-3.3551083,5.166101
1356525268655,-2.5583305,5.1639447,5.6986113
1356525268695,-0.5201988,1.2776065,0.44736958
1356525268734,-0.8890765,-0.6909547,4.5498137
1356525268777,-2.942666,1.767559,4.2273273
1356525268815,-1.1638718,0.53487015,2.4914937
1356525268857,-1.1845407,0.29792213,1.9976718
1356525268894,-0.31552815,0.38616657,0.7229947
1356525268934,-2.0969472,1.8553171,-0.56704354
1356525268974,-2.478466,2.9372663,-0.13116348
1356525269016,-2.4046562,4.133417,-0.58824474
1356525269055,-0.17795372,3.562049,0.5080827
1356525269096,6.584399,3.7593918,1.4296868
1356525269135,5.6662397,3.1235552,-0.4538194
1356525269174,2.23077,4.1835356,0.29269165
1356525269215,1.3416018,-2.877161,1.636804
1356525269254,0.5776043,-6.350479,-0.15258604
