1356526078418,4.6036777,9.084772,-0.61291564
1356526078458,4.4810944,9.343558,-0.53119355
1356526078498,4.6036777,9.084772,0.3405087
1356526078539,4.7535014,8.894087,-0.38136974
1356526078578,4.8216033,9.00305,-0.27240697
1356526078618,5.134871,9.084772,0.08172209
1356526078658,5.175732,9.084772,0.3405087
1356526078698,5.325556,8.812365,0.46309182
1356526078738,5.5571017,8.771504,0.8036005
1356526078778,5.9793324,8.471856,0.313268
1356526078818,5.938472,8.008764,0.61291564
1356526078858,6.66035,9.00305,1.1168685
1356526078898,7.082581,9.534244,1.334794
1356526078940,7.4639506,9.343558,2.1111538
1356526078978,6.469665,8.962189,2.2609777
1356526079018,4.630918,7.1234417,2.3018389
1356526079058,5.5571017,7.0553403,3.173541
1356526079098,5.8976107,6.932757,3.405087
1356526079138,5.6660647,6.2789803,3.486809
1356526079178,4.944186,5.284695,3.5276701
1356526079218,4.9850473,4.5628166,4.2904096
1356526079258,5.938472,4.862464,5.053149
1356526079298,5.7886477,5.053149,5.175732
1356526079341,6.701211,5.6252036,6.5513873
1356526079379,8.349273,5.938472,7.273266
1356526079418,7.8180795,6.238119,6.2108784
1356526079458,6.469665,11.372991,5.053149
1356526079498,4.7126403,10.079058,2.1792557
1356526079538,2.152015,7.205164,-0.8036005
1356526079578,7.3141265,9.915613,0.23154591
1356526079618,5.8976107,7.668256,0.9942854
1356526079658,4.903325,8.240311,0.6946377
1356526079698,6.891896,7.7772183,0.27240697
1356526079738,5.434519,7.273266,0.313268
1356526079778,6.782933,7.8589406,0.38136974
1356526079818,6.5922484,7.4639506,0.3405087
1356526079858,5.597963,7.8180795,0.42223078
1356526079898,5.053149,8.471856,0.19068487
1356526079938,6.3198414,8.662541,1.56634
1356526079978,8.158588,9.384419,0.8036005
1356526080025,6.701211,10.460427,1.607201
1356526080068,10.419566,8.62168,-0.27240697
1356526080108,5.9793324,10.923519,0.313268
1356526080148,5.325556,12.026767,-0.29964766
1356526080188,6.2789803,11.604536,-0.46309182
1356526080228,6.5513873,10.651112,0.92618364
1356526080268,4.0588636,9.00305,0.14982383
1356526080343,3.1463003,6.66035,0.9942854
1356526080347,2.0294318,5.6252036,1.3756552
1356526080368,0.92618364,3.759216,1.3756552
1356526080399,1.4573772,2.4925237,1.9477097
1356526080438,3.8273177,2.070293,4.944186
1356526080478,10.337844,5.7477865,9.697687
1356526080518,9.697687,8.62168,10.228881
1356526080558,0.46309182,10.760075,2.1792557
1356526080598,9.915613,16.86199,2.5333846
1356526080638,0.42223078,5.325556,-2.7921712
1356526080678,6.4424243,7.246025,-2.6832085
1356526080718,7.082581,9.656827,1.2666923
1356526080758,3.8273177,6.66035,-0.08172209
1356526080798,7.273266,7.4639506,-0.88532263
1356526080838,6.742072,7.7772183,0.040861044
1356526080878,4.9850473,8.076866,0.38136974
1356526080918,4.630918,8.853226,0.53119355
1356526080958,5.7886477,8.894087,2.4925237
1356526080998,9.084772,8.349273,0.95342433
1356526081039,8.049625,8.894087,1.1441092
1356526081078,10.147159,8.894087,-0.46309182
1356526081119,6.5513873,13.293459,0.23154591
1356526081158,4.7126403,15.322891,-1.0351465
1356526081198,7.7772183,12.340035,0.42223078
1356526081238,6.1291566,10.651112,0.8036005
1356526081278,2.070293,6.932757,-0.84446156
1356526081340,2.6423476,5.7477865,0.50395286
1356526081359,0.92618364,4.399372,0.27240697
1356526081398,-0.10896278,3.990762,0.27240697
1356526081428,1.6889231,3.173541,3.445948
1356526081458,6.510526,5.243834,7.7363577
1356526081488,13.947236,9.575105,11.536434
1356526081518,11.304889,9.112013,9.234595
1356526081548,4.140586,5.7477865,4.7535014
1356526081588,1.7297841,14.246883,1.1168685
1356526081618,7.7772183,13.715691,1.334794
1356526081658,2.1792557,4.0180025,-3.405087
1356526081688,6.66035,7.504812,-2.3426998
1356526081718,7.6954966,10.56939,0.95342433
1356526081758,3.5957718,7.8589406,0.84446156
1356526081788,5.407278,7.0553403,-0.3405087
1356526081818,7.205164,7.3549876,-0.29964766
1356526081858,6.742072,7.3141265,0.14982383
1356526081898,5.8567495,7.43671,0.19068487
1356526081928,4.5628166,8.853226,1.0760075
1356526081958,5.175732,9.302697,2.3699405
1356526081988,7.6954966,9.193735,1.4982382
1356526082029,9.112013,8.539958,0.313268
1356526082068,9.615966,9.425281,0.53119355
1356526082108,7.6954966,11.032481,0.7627395
1356526082148,5.175732,14.859799,-0.61291564
1356526082188,6.1700177,13.988097,-0.42223078
1356526082228,7.3141265,11.917805,1.607201
1356526082268,3.2961242,8.853226,-0.53119355
1356526082338,1.5390993,5.243834,-0.50395286
1356526082348,1.7297841,4.7126403,0.8036005
1356526082388,0.19068487,3.9499009,0.38136974
1356526082428,1.6889231,3.0645783,2.6014864
1356526082468,7.43671,4.5219555,9.084772
1356526082508,12.408136,10.841797,11.073342
1356526082549,5.8567495,9.302697,5.8567495
1356526082589,3.1463003,17.883516,0.61291564
1356526082629,4.5628166,6.66035,-1.9477097
1356526082668,5.434519,7.3141265,-2.5606253
1356526082708,6.851035,9.302697,0.95342433
1356526082748,3.1054392,7.7363577,0.08172209
1356526082788,6.469665,7.164303,-1.1168685
1356526082828,6.1291566,8.008764,-0.29964766
1356526082868,5.597963,7.7363577,0.46309182
1356526082908,5.2165933,8.499097,0.6946377
1356526082948,5.9793324,9.275456,2.7240696
1356526082988,9.507003,8.894087,0.61291564
1356526083028,9.997335,9.00305,0.53119355
1356526083068,9.275456,10.337844,0.6946377
1356526083108,4.2086873,14.246883,-0.42223078
1356526083148,5.706926,14.7916975,-0.38136974
1356526083188,7.5456724,13.211738,1.1168685
1356526083228,3.636633,8.962189,0.040861044
1356526083268,1.6480621,4.7126403,-1.1168685
1356526083339,2.1111538,5.284695,0.3405087
1356526083348,0.27240697,4.671779,0.19068487
1356526083388,0.10896278,3.214402,1.2258313
1356526083428,5.243834,4.7126403,7.9270425
1356526083468,12.571581,9.888372,11.917805
1356526083508,6.701211,12.026767,6.891896
1356526083549,3.7864566,17.270601,0.50395286
1356526083589,0.84446156,6.5922484,-0.10896278
1356526083629,6.238119,7.0553403,-5.5571017
1356526083668,7.4639506,8.19945,1.5390993
1356526083708,3.1463003,7.0553403,0.23154591
1356526083749,6.5513873,7.4639506,-0.27240697
1356526083788,6.4424243,7.3549876,-0.040861044
1356526083829,5.284695,7.9270425,0.313268
1356526083868,4.903325,8.499097,0.7218784
1356526083908,5.5571017,9.888372,2.3018389
1356526083948,9.043911,8.62168,0.84446156
1356526083988,9.847511,8.62168,0.14982383
1356526084028,8.812365,10.800936,0.3405087
1356526084068,3.9499009,13.947236,-0.27240697
1356526084108,4.7535014,15.472715,0.3405087
1356526084148,7.8180795,14.206022,0.84446156
1356526084188,5.407278,9.765789,0.19068487
1356526084228,1.56634,5.5571017,-1.0760075
1356526084268,0.84446156,4.140586,0.313268
1356526084340,0.10896278,3.405087,0.08172209
1356526084358,1.1849703,3.1054392,2.1111538
1356526084389,6.2108784,5.706926,8.853226
1356526084428,11.073342,11.372991,11.454713
1356526084468,5.8976107,7.504812,5.134871
1356526084508,2.4925237,17.079916,0.14982383
1356526084548,5.7477865,11.727119,0.6537767
1356526084588,2.9147544,4.6036777,-3.9771416
1356526084628,7.8861814,10.337844,-0.10896278
1356526084668,3.0237172,8.158588,0.6946377
1356526084708,5.6660647,7.0553403,-0.5720546
1356526084748,6.701211,7.8180795,-0.42223078
1356526084788,5.6252036,7.3141265,0.3405087
1356526084828,5.706926,7.7363577,1.2666923
1356526084868,6.0474343,9.043911,1.9885708
1356526084908,8.240311,8.730643,1.3075534
1356526084948,9.084772,9.507003,0.6946377
1356526084988,9.724928,10.18802,0.5720546
1356526085038,3.9090397,14.410328,0.42223078
1356526085078,5.6252036,13.797412,-0.6537767
1356526085118,8.049625,13.211738,0.95342433
1356526085158,4.6036777,9.956474,0.50395286
1356526085198,1.607201,5.9793324,-0.5720546
1356526085238,1.5390993,4.9850473,0.3405087
1356526085278,0.313268,4.0180025,-0.08172209
1356526085341,-0.19068487,3.486809,0.84446156
1356526085358,2.3699405,3.9090397,4.6036777
1356526085399,10.95076,8.281172,11.223166
1356526085438,9.043911,11.032481,7.9679036
1356526085478,2.4925237,13.797412,2.982856
1356526085518,5.012288,14.47843,0.50395286
1356526085559,1.7297841,3.2961242,-3.568531
1356526085599,7.205164,8.962189,-2.1383946
1356526085638,3.9090397,8.076866,1.5390993
1356526085678,4.2086873,7.6273947,-0.61291564
1356526085718,6.973618,7.6954966,-0.53119355
1356526085758,5.407278,8.117727,0.313268
1356526085798,4.862464,8.499097,0.50395286
1356526085838,4.372132,9.534244,1.2258313
1356526085878,6.2108784,10.119919,1.9477097
1356526085918,9.697687,8.580819,0.27240697
1356526085958,9.507003,9.193735,0.88532263
1356526085998,7.8589406,10.460427,0.38136974
1356526086038,4.0180025,15.472715,-0.040861044
1356526086078,4.140586,14.709975,-0.84446156
1356526086118,6.8237944,12.639683,1.6889231
1356526086158,2.6832085,9.425281,-0.46309182
1356526086198,2.152015,4.862464,-0.6537767
1356526086238,1.56634,5.284695,0.5720546
1356526086278,-0.84446156,4.2904096,0.313268
1356526086342,0.84446156,3.0237172,2.152015
1356526086358,4.671779,3.990762,7.7363577
1356526086398,11.645397,11.34575,11.032481
1356526086438,6.932757,11.454713,6.3607025
1356526086478,1.4573772,18.237646,0.040861044
1356526086518,3.6774938,7.6954966,-1.2666923
1356526086558,4.0588636,4.8216033,-4.903325
1356526086599,7.8861814,11.223166,1.2258313
1356526086638,2.6014864,7.273266,0.040861044
1356526086679,5.09401,7.6273947,-1.3756552
1356526086718,6.1291566,7.8861814,-0.42223078
1356526086758,5.7477865,7.8861814,0.38136974
1356526086798,4.9850473,8.158588,0.8036005
1356526086838,5.9793324,9.275456,1.56634
1356526086878,8.430995,9.575105,0.6537767
1356526086918,7.273266,9.915613,1.9477097
1356526086958,9.112013,9.112013,0.38136974
1356526086998,6.0882955,13.375181,0.3405087
1356526087038,4.630918,16.317177,-1.607201
1356526087078,5.8567495,14.709975,1.2666923
1356526087118,5.243834,10.991621,0.14982383
1356526087158,1.7978859,6.469665,-1.3075534
1356526087198,0.9942854,3.7864566,0.08172209
1356526087238,0.42223078,3.636633,-0.0
1356526087278,-0.50395286,3.1463003,0.92618364
1356526087343,3.336985,4.8216033,5.5571017
1356526087359,10.800936,10.760075,12.217452
1356526087399,8.430995,10.310603,8.049625
1356526087438,0.92618364,9.302697,2.6423476
1356526087478,6.0474343,18.196785,1.1849703
1356526087518,2.3699405,4.862464,-3.9090397
1356526087558,5.09401,7.3549876,-3.336985
1356526087598,6.6331096,10.95076,1.6480621
1356526087638,3.0237172,6.5922484,0.10896278
1356526087678,6.238119,7.9679036,-0.84446156
1356526087718,5.434519,8.076866,0.313268
1356526087758,5.012288,8.240311,0.6537767
1356526087798,5.175732,8.962189,1.3075534
1356526087838,6.510526,9.656827,2.8330324
1356526087878,8.771504,9.575105,0.6537767
1356526087918,7.43671,9.888372,2.152015
1356526087958,8.158588,9.384419,-0.8036005
1356526087998,4.2495484,17.311462,-2.0294318
1356526088038,4.140586,17.692831,1.2666923
1356526088078,6.4015636,12.258313,1.1441092
1356526088118,3.336985,8.308413,-1.2666923
1356526088158,0.61291564,3.8273177,-0.08172209
1356526088198,0.95342433,4.6036777,0.3405087
1356526088238,-0.19068487,3.3778462,0.10896278
1356526088278,1.0760075,3.2961242,3.0237172
1356526088344,6.66035,7.014479,9.193735
1356526088358,12.680544,13.756551,10.691973
1356526088398,5.5571017,6.3607025,6.742072
1356526088438,-0.53119355,16.467001,-0.6537767
1356526088478,5.6252036,11.141444,1.0351465
1356526088518,2.6832085,4.399372,-4.140586
1356526088558,8.19945,10.882658,0.46309182
1356526088598,3.173541,7.8861814,1.0351465
1356526088638,4.2495484,7.5456724,-0.46309182
1356526088678,6.0201936,8.049625,-0.50395286
1356526088718,4.944186,8.19945,0.23154591
1356526088758,4.8216033,8.539958,0.5720546
1356526088798,4.7126403,8.962189,1.9477097
1356526088838,6.510526,9.697687,1.9885708
1356526088878,8.62168,9.575105,0.50395286
1356526088918,9.043911,10.18802,0.61291564
1356526088958,5.366417,11.563675,0.5720546
1356526088998,3.636633,15.785983,-1.0760075
1356526089038,5.325556,16.167353,0.19068487
1356526089078,6.0882955,12.299174,0.7627395
1356526089118,3.173541,9.112013,-0.8036005
1356526089158,0.92618364,4.440233,-0.14982383
1356526089198,1.0351465,3.8681788,0.5720546
1356526089238,-0.19068487,3.5957718,-0.040861044
1356526089278,0.6537767,3.7864566,2.7649305
1356526089346,6.973618,7.273266,9.575105
1356526089358,10.501288,12.299174,12.176591
1356526089404,5.053149,15.322891,6.0201936
1356526089439,0.14982383,8.349273,-1.56634
1356526089478,2.2201166,6.3198414,-1.7978859
1356526089519,7.5865335,10.651112,-2.0294318
1356526089558,3.718355,7.205164,1.334794
1356526089598,2.6832085,7.9679036,0.23154591
1356526089638,6.8237944,7.9270425,0.040861044
1356526089678,5.284695,7.43671,0.040861044
1356526089718,4.2904096,8.689782,0.92618364
1356526089758,4.2495484,8.771504,0.95342433
1356526089798,5.366417,10.337844,2.0294318
1356526089838,7.8180795,9.956474,0.6946377
1356526089878,7.668256,11.073342,0.8036005
1356526089918,8.471856,10.882658,0.61291564
1356526089958,2.9147544,12.340035,-0.23154591
1356526089998,4.3312707,14.750836,-0.23154591
1356526090038,5.284695,14.056199,-0.23154591
1356526090078,4.440233,11.34575,1.3756552
1356526090118,1.9477097,6.973618,-0.50395286
1356526090158,2.1792557,5.829509,0.6946377
1356526090198,0.6946377,5.09401,0.61291564
1356526090238,-0.08172209,3.718355,0.88532263
1356526090278,2.1792557,3.405087,3.7864566
1356526090346,6.4015636,6.66035,8.894087
1356526090358,11.536434,11.264028,10.61025
1356526090398,5.407278,8.158588,6.5922484
1356526090438,2.9556155,17.24336,-0.53119355
1356526090478,1.4573772,8.390134,1.3075534
1356526090518,3.9499009,5.2165933,-5.284695
1356526090558,8.076866,10.882658,1.56634
1356526090599,2.6832085,6.3607025,0.9942854
1356526090639,4.0180025,7.8861814,-0.19068487
1356526090678,6.0201936,8.308413,-0.23154591
1356526090718,4.7535014,8.240311,0.53119355
1356526090758,4.140586,9.084772,1.334794
1356526090798,4.671779,9.888372,2.2201166
1356526090838,8.62168,9.615966,0.08172209
1356526090878,8.962189,11.304889,-0.29964766
1356526090918,5.407278,13.824653,1.1849703
1356526090958,1.4982382,13.565866,0.19068487
1356526090998,4.3312707,13.443283,-0.6946377
1356526091038,5.175732,13.102775,1.2258313
1356526091078,4.5628166,9.575105,0.53119355
1356526091118,2.2201166,7.0553403,-0.53119355
1356526091158,0.6946377,5.8567495,0.61291564
1356526091198,0.53119355,4.671779,0.7218784
1356526091238,0.3405087,4.099725,2.1792557
1356526091278,2.8330324,4.5628166,5.6660647
1356526091347,8.771504,7.668256,11.536434
1356526091358,6.3607025,9.384419,10.501288
1356526091399,2.8330324,10.310603,3.1054392
1356526091438,5.053149,15.935807,1.4165162
1356526091478,0.10896278,4.8216033,-2.1383946
1356526091518,6.66035,9.575105,-3.2961242
1356526091558,6.4015636,9.615966,2.070293
1356526091598,2.5606253,6.66035,0.08172209
1356526091638,5.012288,8.962189,-0.61291564
1356526091678,4.2086873,8.19945,0.50395286
1356526091718,4.671779,8.62168,1.0351465
1356526091758,4.5219555,9.615966,2.8738933
1356526091798,6.742072,9.80665,1.2258313
1356526091838,6.782933,9.997335,1.607201
1356526091878,9.152874,10.337844,0.313268
1356526091918,5.2165933,12.789507,0.10896278
1356526091958,1.7978859,16.08563,-0.46309182
1356526091998,4.6036777,14.601013,0.7218784
1356526092038,6.6331096,13.143636,1.1168685
1356526092078,1.879608,8.580819,-0.95342433
1356526092118,0.5720546,4.5219555,-0.3405087
1356526092158,0.7218784,4.671779,0.5720546
1356526092198,-0.38136974,3.636633,0.313268
1356526092238,0.7627395,3.3778462,2.3699405
1356526092279,6.469665,6.8237944,9.615966
1356526092327,10.310603,12.789507,11.563675
1356526092348,4.0180025,8.158588,6.1700177
1356526092389,-0.19068487,13.906375,0.14982383
1356526092428,5.012288,13.565866,1.2666923
1356526092468,2.1111538,3.636633,-4.8216033
1356526092508,7.4639506,11.114203,-0.42223078
1356526092548,2.8738933,8.076866,0.9942854
1356526092588,3.8681788,7.668256,-1.2666923
1356526092628,5.47538,8.390134,-0.53119355
1356526092668,5.325556,7.9679036,0.7218784
1356526092708,4.9850473,8.471856,0.6537767
1356526092748,4.3312707,9.112013,1.3075534
1356526092788,5.284695,10.18802,1.334794
1356526092828,6.782933,10.732834,1.0351465
1356526092868,6.742072,10.228881,1.4982382
1356526092908,7.5456724,11.073342,0.5720546
1356526092948,4.399372,14.47843,-0.23154591
1356526092988,3.9499009,14.601013,-0.10896278
1356526093028,6.6331096,14.206022,1.334794
1356526093068,3.445948,10.460427,-0.29964766
1356526093108,0.95342433,5.9793324,-0.61291564
1356526093148,1.2666923,5.134871,0.50395286
1356526093188,-0.5720546,3.405087,-0.040861044
1356526093228,-0.040861044,2.6014864,1.6889231
1356526093268,5.325556,5.7477865,8.62168
1356526093308,10.61025,11.727119,12.408136
1356526093349,4.2495484,11.563675,6.510526
1356526093389,3.336985,17.2025,-0.14982383
1356526093429,0.23154591,6.5513873,0.040861044
1356526093468,6.5922484,8.580819,-4.4810944
1356526093508,6.973618,10.269742,2.152015
1356526093548,1.7297841,6.891896,1.1441092
1356526093588,5.407278,8.62168,-0.10896278
1356526093628,5.09401,7.4639506,-0.14982383
1356526093668,4.372132,8.430995,0.42223078
1356526093708,4.2086873,8.471856,1.8387469
1356526093748,5.2165933,9.697687,2.8330324
1356526093788,7.9270425,9.997335,0.6946377
1356526093828,7.6273947,10.991621,0.84446156
1356526093868,8.117727,11.75436,0.8036005
1356526093908,1.6889231,14.369467,0.53119355
1356526093948,3.8681788,14.601013,-0.6946377
1356526093988,7.273266,14.137921,1.56634
1356526094029,2.3699405,9.956474,0.10896278
1356526094068,1.4165162,6.0474343,-0.5720546
1356526094108,1.6480621,5.5571017,0.27240697
1356526094148,-0.08172209,4.399372,-0.50395286
1356526094188,-0.9125633,2.9147544,1.0351465
1356526094228,3.5957718,4.6036777,6.8237944
1356526094268,10.95076,11.876944,12.598822
1356526094308,6.8237944,11.34575,7.43671
1356526094348,0.38136974,16.167353,1.6889231
1356526094389,2.5606253,14.015338,-0.19068487
1356526094428,2.7921712,4.2495484,-5.012288
1356526094468,6.4015636,10.460427,0.08172209
1356526094508,3.636633,7.9679036,1.334794
1356526094548,3.5957718,7.7363577,-0.53119355
1356526094588,6.0474343,8.471856,-0.10896278
1356526094628,4.903325,8.499097,0.7627395
1356526094668,4.2086873,8.539958,0.7627395
1356526094708,3.759216,9.534244,1.2666923
1356526094748,4.7535014,10.760075,2.3699405
1356526094788,7.504812,10.228881,1.3075534
1356526094828,7.8589406,10.651112,1.2258313
1356526094868,6.932757,12.108489,-0.6537767
1356526094908,1.4573772,17.2025,-1.56634
1356526094948,2.982856,14.982383,1.3075534
1356526094988,6.469665,12.340035,1.4165162
1356526095028,2.1792557,7.3549876,-1.2258313
1356526095068,1.1849703,4.0588636,-0.19068487
1356526095109,0.88532263,5.47538,0.61291564
1356526095148,-1.0351465,3.336985,0.38136974
1356526095189,1.1441092,3.1054392,3.405087
1356526095228,7.082581,7.8589406,10.337844
1356526095268,10.310603,13.988097,10.269742
1356526095308,2.6014864,6.701211,4.7943625
1356526095348,0.6537767,18.115063,-1.525479
1356526095388,5.829509,10.378705,1.0760075
1356526095418,2.6423476,3.9499009,-3.9499009
1356526095459,6.3198414,11.182305,-0.29964766
1356526095498,2.2609777,8.390134,0.92618364
1356526095538,3.336985,7.3141265,-0.27240697
1356526095578,6.4424243,8.349273,0.50395286
1356526095618,4.5219555,7.8861814,0.7627395
1356526095658,4.2495484,8.580819,0.95342433
1356526095698,3.8681788,9.615966,1.9477097
1356526095738,7.164303,10.691973,0.313268
1356526095778,6.5513873,11.032481,1.607201
1356526095818,8.076866,12.026767,0.38136974
1356526095858,2.6014864,12.258313,0.92618364
1356526095898,2.6423476,14.015338,-1.607201
1356526095938,5.47538,15.213928,1.2258313
1356526095978,4.2495484,12.571581,1.0760075
1356526096018,1.6480621,8.008764,-0.95342433
1356526096058,0.9942854,4.671779,0.38136974
1356526096098,0.42223078,4.2495484,0.313268
1356526096138,-0.7627395,3.0645783,0.040861044
1356526096178,1.4573772,4.440233,4.9850473
1356526096218,9.615966,9.575105,12.912089
1356526096258,6.701211,10.61025,8.580819
1356526096298,0.040861044,14.410328,2.1111538
1356526096348,4.944186,14.9006605,-0.27240697
1356526096378,1.7570249,3.5276701,-4.140586
1356526096419,6.469665,9.765789,-1.6889231
1356526096458,3.486809,9.043911,1.5390993
1356526096498,1.879608,7.8861814,-0.53119355
1356526096538,6.0882955,8.430995,-0.46309182
1356526096578,4.1814466,8.62168,0.7218784
1356526096618,4.671779,8.349273,0.46309182
1356526096658,3.6774938,9.80665,1.6480621
1356526096698,4.399372,10.528529,1.920469
1356526096738,8.349273,10.651112,0.5720546
1356526096778,7.5456724,10.95076,1.5390993
1356526096818,6.469665,11.413852,1.0760075
1356526096858,2.8738933,15.785983,-1.4165162
1356526096898,3.5276701,14.941522,1.5390993
1356526096938,5.407278,13.6748295,0.38136974
1356526096978,2.152015,9.084772,-1.2258313
1356526097018,1.0760075,4.2904096,-0.38136974
1356526097058,0.95342433,4.5628166,0.27240697
1356526097098,-0.61291564,3.405087,-0.19068487
1356526097138,-0.27240697,3.636633,2.070293
1356526097178,6.5922484,7.7363577,10.991621
1356526097218,10.079058,12.680544,11.264028
1356526097258,0.7627395,10.56939,3.255263
1356526097298,1.6889231,17.965239,1.7978859
1356526097349,4.5219555,5.09401,-2.7240696
1356526097388,4.903325,8.853226,-1.9885708
1356526097429,4.4810944,9.956474,1.334794
1356526097468,1.334794,7.246025,-0.10896278
1356526097508,5.8976107,8.471856,-0.040861044
1356526097548,4.7943625,8.308413,0.8036005
1356526097588,4.372132,8.349273,1.0351465
1356526097628,4.399372,9.575105,1.4165162
1356526097668,4.7126403,10.882658,1.879608
1356526097708,6.782933,10.841797,0.9942854
1356526097748,8.281172,11.304889,0.8036005
1356526097788,4.9850473,11.727119,0.92618364
1356526097828,2.070293,13.824653,-0.61291564
1356526097868,3.568531,14.328606,0.14982383
1356526097908,4.944186,14.369467,1.1441092
1356526097949,2.982856,10.378705,-0.19068487
1356526097988,1.1168685,5.7886477,-0.6537767
1356526098029,0.6946377,4.9850473,0.6537767
1356526098068,-0.53119355,3.486809,0.5720546
1356526098108,0.08172209,3.1054392,1.9477097
1356526098148,4.671779,6.2108784,8.430995
1356526098188,9.888372,12.980191,12.762266
1356526098228,3.214402,7.3549876,5.6252036
1356526098268,-0.040861044,14.328606,-2.3699405
1356526098308,5.7886477,15.636159,2.1792557
1356526098349,0.53119355,3.336985,-4.099725
1356526098389,7.014479,10.038197,-2.6423476
1356526098428,2.8330324,8.771504,1.3756552
1356526098468,3.636633,7.5865335,-1.1441092
1356526098508,5.243834,9.043911,-0.53119355
1356526098548,4.671779,8.662541,1.3756552
1356526098588,4.3312707,8.580819,0.84446156
1356526098628,4.2086873,9.425281,1.879608
1356526098658,5.829509,10.079058,1.56634
1356526098699,7.014479,10.378705,0.92618364
1356526098738,6.5922484,10.760075,0.8036005
1356526098778,6.0882955,11.536434,0.6537767
1356526098818,2.6014864,15.173067,-0.42223078
1356526098858,2.9147544,15.28203,0.23154591
1356526098898,5.597963,14.206022,1.5390993
1356526098938,2.3426998,9.534244,-0.5720546
1356526098978,0.7627395,4.671779,-0.9942854
1356526099018,0.92618364,4.8216033,0.5720546
1356526099058,-0.46309182,3.568531,0.53119355
1356526099098,0.23154591,3.486809,2.2609777
1356526099138,4.5628166,6.6331096,8.240311
1356526099178,9.234595,12.980191,12.067628
1356526099218,3.486809,10.310603,5.7477865
1356526099258,1.1441092,17.502148,-0.0
1356526099298,1.920469,7.504812,-0.23154591
1356526099350,5.243834,8.471856,-3.8681788
1356526099388,5.829509,10.419566,1.4573772
1356526099418,1.5390993,7.6954966,0.92618364
1356526099458,4.099725,9.084772,-0.23154591
1356526099498,5.407278,8.308413,0.08172209
1356526099538,4.3312707,8.430995,0.61291564
1356526099578,4.2495484,8.771504,1.1441092
1356526099618,3.9499009,9.343558,1.6480621
1356526099658,5.134871,10.147159,2.0294318
1356526099698,6.0474343,11.032481,1.4165162
1356526099738,6.851035,10.147159,1.8387469
1356526099778,6.851035,10.460427,0.10896278
1356526099818,3.2961242,15.213928,-1.2666923
1356526099858,2.4925237,16.507862,1.0760075
1356526099898,4.7126403,13.375181,0.88532263
1356526099938,2.2609777,10.119919,-0.27240697
1356526099978,1.5390993,5.7886477,-0.9942854
1356526100018,0.95342433,5.012288,0.84446156
1356526100058,-0.7627395,4.2904096,0.3405087
1356526100098,-0.040861044,3.636633,1.56634
1356526100138,3.9499009,6.1291566,7.014479
1356526100178,9.043911,11.917805,12.598822
1356526100218,5.243834,8.499097,6.469665
1356526100258,1.7297841,16.017529,0.53119355
1356526100298,2.8738933,11.032481,0.46309182
1356526100350,2.4925237,4.4810944,-3.9499009
1356526100389,7.5865335,12.340035,-0.6537767
1356526100429,1.9885708,7.4639506,1.56634
1356526100468,3.7864566,8.853226,-0.14982383
1356526100508,4.903325,8.771504,-0.0
1356526100548,3.7864566,8.580819,0.38136974
1356526100588,3.5276701,8.962189,1.5390993
1356526100628,4.7535014,9.956474,2.5333846
1356526100668,7.1234417,10.378705,0.92618364
1356526100708,6.782933,11.34575,0.88532263
1356526100748,6.973618,12.53072,0.7627395
1356526100789,1.3075534,12.489859,0.50395286
1356526100828,2.0294318,14.2877445,0.040861044
1356526100869,4.1814466,14.669114,1.1168685
1356526100908,3.636633,10.991621,1.1168685
1356526100948,1.4165162,7.5865335,-0.3405087
1356526100988,1.0351465,6.0882955,0.7218784
1356526101028,-0.10896278,3.7864566,0.61291564
1356526101068,-0.23154591,3.173541,0.8036005
1356526101108,1.7978859,4.372132,4.4810944
1356526101148,7.43671,10.501288,12.176591
1356526101188,7.246025,11.34575,9.956474
1356526101228,0.6946377,12.980191,3.636633
1356526101268,2.5333846,14.9006605,-0.08172209
1356526101308,1.4982382,5.053149,-2.1111538
1356526101350,5.8567495,9.575105,-3.0237172
1356526101388,4.5219555,9.915613,2.0294318
1356526101429,2.1111538,7.43671,0.92618364
1356526101468,5.597963,8.894087,-0.29964766
1356526101508,5.09401,8.308413,0.53119355
1356526101548,3.7864566,8.430995,0.95342433
1356526101588,3.568531,8.962189,0.7627395
1356526101628,3.568531,9.956474,2.070293
1356526101668,6.469665,10.760075,1.2666923
1356526101708,5.6660647,10.841797,2.0294318
1356526101748,7.7772183,11.304889,0.7627395
1356526101788,2.982856,11.958665,0.08172209
1356526101828,2.070293,15.023244,-0.50395286
1356526101868,4.0180025,15.5135765,0.61291564
1356526101908,4.1814466,12.299174,1.5390993
1356526101948,1.4573772,8.158588,-0.95342433
1356526101988,1.1441092,5.243834,1.1168685
1356526102028,0.46309182,4.3312707,0.7218784
1356526102068,-0.50395286,3.636633,0.23154591
1356526102108,1.2258313,4.0588636,3.759216
1356526102148,6.1700177,8.430995,9.80665
1356526102188,8.349273,12.176591,11.141444
1356526102228,1.920469,9.234595,5.09401
1356526102268,2.7921712,17.883516,0.19068487
1356526102308,1.334794,7.8180795,0.6946377
1356526102349,3.990762,5.7886477,-4.372132
1356526102389,6.8237944,11.223166,-0.08172209
1356526102428,1.2666923,7.3958488,0.84446156
1356526102468,3.8273177,9.112013,-0.53119355
1356526102508,5.325556,8.812365,-0.23154591
1356526102548,3.486809,8.812365,0.10896278
1356526102588,3.718355,9.343558,0.9942854
1356526102629,4.0588636,10.378705,2.3426998
1356526102668,6.469665,10.269742,1.6480621
1356526102708,5.829509,10.691973,1.9885708
1356526102748,6.701211,9.847511,1.2258313
1356526102788,4.671779,11.141444,-0.61291564
1356526102828,1.4982382,17.2025,-1.525479
1356526102868,2.7240696,15.894946,2.0294318
1356526102908,4.2086873,12.9529505,1.2666923
1356526102948,2.3699405,8.853226,-1.3075534
1356526102988,0.61291564,4.5628166,0.27240697
1356526103028,0.040861044,4.2904096,0.84446156
1356526103068,-0.9942854,2.6832085,-0.19068487
1356526103108,1.6889231,4.2086873,4.2086873
1356526103148,7.6273947,9.80665,12.14935
1356526103188,6.973618,11.141444,9.343558
1356526103228,1.6889231,15.132206,4.0588636
1356526103268,0.61291564,12.340035,-0.3405087
1356526103308,2.3018389,4.7126403,-3.6774938
1356526103353,6.6331096,11.727119,-2.0294318
1356526103388,5.938472,8.894087,1.7570249
1356526103428,1.0760075,7.8589406,-0.0
1356526103468,4.5219555,9.152874,-0.19068487
1356526103508,4.8216033,7.9679036,-0.14982383
1356526103548,3.759216,8.662541,1.3756552
1356526103588,4.4810944,8.894087,1.5390993
1356526103629,4.671779,10.18802,2.7649305
1356526103668,7.246025,10.337844,0.6946377
1356526103709,7.0553403,10.991621,0.7218784
1356526103748,5.7886477,12.14935,0.50395286
1356526103788,0.61291564,14.818938,-0.8036005
1356526103828,2.5333846,15.745122,0.95342433
1356526103868,4.7126403,13.797412,0.5720546
1356526103908,2.9556155,10.228881,-0.29964766
1356526103948,1.334794,6.0201936,-0.53119355
1356526103988,0.5720546,5.938472,0.6946377
1356526104028,-0.42223078,4.2904096,0.53119355
1356526104068,0.19068487,3.6774938,1.2666923
1356526104108,3.336985,5.597963,6.742072
1356526104148,8.049625,11.304889,11.604536
1356526104188,5.407278,8.240311,7.8589406
1356526104228,-0.08172209,12.9529505,2.4108016
1356526104268,3.759216,14.560152,0.95342433
1356526104308,-0.19068487,4.2086873,-2.8330324
1356526104350,6.973618,10.337844,-3.214402
1356526104389,5.6252036,10.147159,1.8387469
1356526104428,1.2666923,7.273266,0.46309182
1356526104468,4.7126403,9.507003,-0.29964766
1356526104508,3.9090397,8.308413,-0.0
1356526104548,3.5276701,8.962189,1.1168685
1356526104588,3.8681788,9.575105,1.5390993
1356526104628,3.990762,9.765789,2.6832085
1356526104668,6.742072,10.228881,0.6537767
1356526104708,5.6660647,11.223166,2.1111538
1356526104748,7.6954966,10.800936,0.6946377
1356526104788,2.7240696,12.299174,-0.08172209
1356526104828,1.607201,16.017529,-0.29964766
1356526104868,3.5957718,15.363752,1.1441092
1356526104908,3.568531,12.639683,1.1168685
1356526104948,1.9885708,8.19945,-1.0351465
1356526104988,0.61291564,5.47538,0.23154591
1356526105028,-0.27240697,3.568531,0.50395286
1356526105068,-0.61291564,2.6832085,0.42223078
1356526105108,1.5390993,4.140586,4.372132
1356526105148,8.921328,11.264028,12.571581
1356526105188,6.5922484,11.114203,9.302697
1356526105228,0.88532263,15.431854,3.445948
1356526105268,0.38136974,10.61025,-0.61291564
1356526105308,2.1111538,5.7477865,-3.173541
1356526105348,6.0201936,11.836082,-1.4165162
1356526105388,4.1814466,8.158588,1.6480621
1356526105429,1.920469,8.076866,0.46309182
1356526105468,5.243834,8.771504,0.23154591
1356526105508,4.671779,8.076866,0.27240697
1356526105548,3.7864566,8.771504,0.7218784
1356526105588,3.0645783,9.697687,1.1168685
1356526105628,3.6774938,11.114203,2.6832085
1356526105668,6.4424243,10.841797,1.0351465
1356526105708,6.891896,11.141444,1.1168685
1356526105748,6.851035,11.876944,0.42223078
1356526105788,0.27240697,12.830367,-0.0
1356526105828,2.8738933,15.472715,0.313268
1356526105868,4.6036777,13.865514,0.7627395
1356526105908,2.8738933,10.460427,0.46309182
1356526105948,1.4573772,7.3141265,-0.08172209
1356526105988,1.1168685,6.0201936,0.8036005
1356526106028,-0.50395286,4.0588636,0.50395286
1356526106068,-0.10896278,3.255263,1.3756552
1356526106108,2.3018389,4.099725,5.47538
1356526106148,8.308413,10.119919,12.026767
1356526106188,6.1700177,11.645397,8.430995
1356526106228,1.334794,17.543009,2.152015
1356526106268,0.61291564,7.7772183,-0.7218784
1356526106308,3.1463003,5.938472,-4.7126403
1356526106348,6.5513873,11.985906,0.53119355
1356526106388,3.0237172,7.6954966,1.3075534
1356526106428,3.336985,8.240311,-0.7218784
1356526106469,4.2086873,8.730643,-0.6537767
1356526106508,3.255263,8.771504,0.19068487
1356526106549,3.405087,9.343558,0.8036005
1356526106588,3.3778462,9.956474,1.7297841
1356526106628,4.9850473,10.923519,2.3018389
1356526106668,7.273266,10.460427,0.50395286
1356526106708,7.3141265,12.217452,0.7627395
1356526106748,3.5276701,12.571581,0.5720546
1356526106788,0.50395286,13.525005,0.08172209
1356526106828,4.399372,14.206022,-0.7627395
1356526106868,4.630918,13.0619135,1.7297841
1356526106908,1.4165162,9.302697,-0.040861044
1356526106948,1.1849703,6.5513873,-0.3405087
1356526106988,0.38136974,5.5162406,1.2258313
1356526107028,-0.3405087,4.2495484,0.46309182
1356526107068,0.313268,3.5957718,2.3699405
1356526107108,2.8330324,5.325556,6.3607025
1356526107148,9.193735,11.876944,11.073342
1356526107188,7.3549876,9.466142,8.771504
1356526107228,-1.525479,7.082581,1.9477097
1356526107268,3.636633,18.891422,2.2609777
1356526107308,2.1792557,5.09401,-2.7513103
1356526107348,3.9090397,6.0882955,-3.5957718
1356526107388,6.742072,12.830367,1.6889231
1356526107428,0.9942854,6.6331096,0.19068487
1356526107468,4.862464,9.043911,-0.10896278
1356526107508,4.2904096,8.771504,0.42223078
1356526107548,3.9499009,8.730643,0.6537767
1356526107588,3.5276701,8.962189,1.4982382
1356526107628,4.2086873,9.534244,2.6832085
1356526107668,6.8237944,10.378705,1.0351465
1356526107708,7.3958488,10.882658,0.27240697
1356526107748,5.47538,13.633968,0.50395286
1356526107788,-0.3405087,16.167353,0.5720546
1356526107828,2.9556155,14.206022,-0.38136974
1356526107868,5.597963,13.756551,1.4165162
1356526107908,2.3426998,9.656827,0.040861044
1356526107948,1.3756552,6.2108784,-0.61291564
1356526107988,0.08172209,6.0201936,1.1441092
1356526108028,0.08172209,3.759216,0.8036005
1356526108068,-0.0,3.255263,1.7297841
1356526108108,1.9477097,5.012288,5.366417
1356526108148,8.008764,10.651112,11.536434
1356526108188,7.082581,10.923519,9.507003
1356526108228,-0.7218784,10.269742,3.2961242
1356526108268,2.8738933,17.583868,2.0294318
1356526108308,1.9885708,4.903325,-2.6832085
1356526108348,5.012288,8.662541,-3.8273177
1356526108388,5.325556,10.923519,2.3426998
1356526108428,0.6946377,7.504812,0.50395286
1356526108468,4.9850473,8.730643,-0.6537767
1356526108508,4.903325,8.499097,0.7218784
1356526108548,4.4810944,8.349273,0.84446156
1356526108588,3.636633,8.921328,0.95342433
1356526108629,2.8330324,9.888372,1.4982382
1356526108668,5.434519,10.923519,0.50395286
1356526108708,5.7886477,11.304889,1.5390993
1356526108748,7.3549876,11.264028,1.4573772
1356526108788,5.284695,11.727119,0.5720546
1356526108828,1.8387469,14.369467,-1.2258313
1356526108868,3.3778462,15.173067,0.95342433
1356526108908,4.7535014,13.865514,1.3075534
1356526108948,2.0294318,9.193735,-0.61291564
1356526108988,1.1849703,5.5571017,-0.29964766
1356526109028,-0.040861044,4.3312707,0.040861044
1356526109068,-0.7218784,3.1463003,0.5720546
1356526109108,0.38136974,3.759216,3.405087
1356526109148,3.9090397,7.43671,9.112013
1356526109188,8.499097,12.912089,11.223166
1356526109228,3.0645783,10.337844,6.6331096
1356526109268,0.7627395,17.856276,0.6537767
1356526109309,1.3756552,7.7363577,0.10896278
1356526109348,4.399372,7.205164,-5.012288
1356526109378,5.938472,11.536434,1.5390993
1356526109418,2.3699405,7.8861814,1.7297841
1356526109458,3.214402,8.580819,-0.08172209
1356526109498,5.053149,8.281172,0.6537767
1356526109538,4.2495484,8.499097,0.50395286
1356526109578,3.445948,8.962189,1.0760075
1356526109618,3.3778462,9.302697,1.2258313
1356526109658,4.2086873,10.95076,2.5333846
1356526109698,6.8237944,10.841797,0.84446156
1356526109738,7.1234417,11.304889,1.2666923
1356526109778,5.5571017,11.454713,0.84446156
1356526109818,1.1849703,13.906375,-0.040861044
1356526109858,2.9147544,14.818938,-0.61291564
1356526109898,4.2086873,14.560152,1.4573772
1356526109938,2.4516625,10.800936,0.38136974
1356526109978,1.0351465,6.66035,-0.27240697
1356526110018,0.6537767,5.597963,0.84446156
1356526110058,-0.10896278,4.3312707,0.46309182
1356526110098,-0.040861044,3.6774938,0.50395286
1356526110138,1.334794,3.759216,4.440233
1356526110178,7.7363577,9.997335,11.413852
1356526110218,7.5865335,16.08563,10.841797
1356526110258,0.6537767,11.032481,5.706926
1356526110298,1.3756552,16.167353,-0.08172209
1356526110347,1.0760075,5.597963,-2.1111538
1356526110378,5.175732,8.308413,-4.440233
1356526110418,5.012288,10.882658,2.152015
1356526110458,1.1168685,7.1234417,0.53119355
1356526110498,4.630918,8.853226,-0.42223078
1356526110538,5.243834,8.689782,0.313268
1356526110578,3.5276701,8.853226,0.95342433
1356526110618,3.568531,9.00305,0.84446156
1356526110658,3.759216,9.425281,1.7297841
1356526110698,5.7477865,10.651112,1.2666923
1356526110738,5.434519,11.182305,1.3075534
1356526110778,7.1234417,12.176591,0.9942854
1356526110818,3.7864566,11.958665,0.19068487
1356526110858,1.0760075,14.519291,-0.50395286
1356526110898,3.255263,14.410328,-0.10896278
1356526110938,4.630918,13.865514,1.7297841
1356526110978,1.9477097,9.112013,-0.29964766
1356526111018,1.2258313,5.5571017,-0.29964766
1356526111058,0.040861044,5.2165933,0.5720546
1356526111098,-0.29964766,4.5628166,0.50395286
1356526111138,-0.0,3.718355,2.0294318
1356526111178,4.099725,6.8237944,8.430995
1356526111218,9.234595,13.0619135,12.789507
1356526111258,3.214402,9.697687,6.4424243
1356526111298,0.6946377,17.583868,-0.10896278
1356526111348,0.3405087,8.430995,0.27240697
1356526111379,3.2961242,6.2789803,-4.0588636
1356526111418,7.43671,11.264028,1.1441092
1356526111458,1.8387469,7.3141265,1.607201
1356526111498,3.214402,8.62168,0.313268
1356526111538,4.7943625,8.689782,0.27240697
1356526111578,3.8681788,8.349273,0.46309182
1356526111618,3.445948,8.771504,0.92618364
1356526111658,3.336985,9.724928,1.1441092
1356526111698,4.671779,10.841797,2.6423476
1356526111738,7.43671,10.923519,0.46309182
1356526111778,6.891896,12.108489,0.6946377
1356526111818,2.7921712,12.408136,1.0760075
1356526111858,1.3756552,14.560152,-0.14982383
1356526111898,3.8273177,14.056199,-0.10896278
1356526111938,4.6036777,14.056199,1.1441092
1356526111978,1.2666923,9.534244,-0.95342433
1356526112018,0.6946377,6.1700177,-0.0
1356526112058,0.46309182,5.366417,0.84446156
1356526112098,-0.29964766,3.8681788,0.6946377
1356526112139,0.3405087,3.568531,2.0294318
1356526112178,2.1792557,4.4810944,6.0474343
1356526112219,8.962189,12.340035,11.958665
1356526112258,6.510526,9.697687,8.390134
1356526112298,-1.2666923,9.466142,1.4165162
1356526112346,3.445948,18.305748,0.6946377
1356526112378,1.9885708,6.0201936,-2.3018389
1356526112418,4.8216033,7.43671,-3.5957718
1356526112458,4.4810944,11.727119,1.8387469
1356526112498,2.0294318,6.891896,-0.19068487
1356526112538,4.4810944,9.112013,-0.88532263
1356526112578,3.990762,8.771504,0.46309182
1356526112618,3.9499009,9.00305,0.8036005
1356526112658,3.486809,9.112013,0.95342433
1356526112698,3.6774938,9.915613,2.1792557
1356526112738,6.2789803,10.691973,1.2258313
1356526112778,5.09401,10.147159,2.8738933
1356526112818,7.273266,10.337844,0.88532263
1356526112858,4.944186,14.206022,-0.14982383
1356526112898,1.1168685,16.86199,-1.3075534
1356526112938,4.2495484,15.050485,1.7297841
1356526112978,3.2961242,11.413852,0.53119355
1356526113018,0.7627395,6.701211,-1.1168685
1356526113058,1.334794,5.6660647,0.50395286
1356526113098,-0.38136974,4.140586,-0.29964766
1356526113138,-0.38136974,3.8273177,0.8036005
1356526113178,1.1168685,4.399372,4.2495484
1356526113218,6.1291566,8.281172,10.61025
1356526113258,7.7772183,12.980191,9.384419
1356526113298,2.4925237,10.18802,6.1291566
1356526113338,-1.3075534,18.237646,0.53119355
1356526113379,3.6774938,5.829509,-1.4982382
1356526113418,4.8216033,7.504812,-5.09401
1356526113458,4.140586,11.141444,2.5606253
1356526113498,0.46309182,7.4639506,-0.14982383
1356526113538,5.366417,8.662541,-0.50395286
1356526113578,5.325556,8.689782,0.61291564
1356526113618,3.445948,8.812365,0.7218784
1356526113658,3.445948,9.00305,0.6946377
1356526113698,3.7864566,10.038197,1.7570249
1356526113738,4.862464,11.264028,1.607201
1356526113778,6.4424243,11.304889,1.2258313
1356526113818,7.504812,12.408136,0.92618364
1356526113858,0.8036005,13.6748295,-0.23154591
1356526113898,1.4165162,15.241169,-0.88532263
1356526113938,4.671779,14.750836,1.1849703
1356526113978,4.2904096,11.182305,1.0351465
1356526114018,1.2258313,6.4015636,-0.88532263
1356526114058,0.5720546,6.4424243,0.14982383
1356526114098,-0.42223078,4.903325,-0.040861044
1356526114138,-0.14982383,4.2086873,1.4573772
1356526114178,0.61291564,4.140586,3.255263
1356526114218,5.012288,8.240311,9.152874
1356526114258,7.8589406,12.108489,11.413852
