1356525087632,0.0,0.0,0.0
1356525087658,-0.231359,0.14970303,-0.25857744
1356525087682,-0.42066908,0.23056507,-0.3796911
1356525087727,-0.33560395,0.037880898,-0.18556938
1356525087755,-0.17597818,-0.19879246,-0.47554553
1356525087805,-0.035725117,-0.015524864,0.61744857
1356525087827,-0.097224,0.018530846,0.5135379
1356525087872,-0.030115604,0.652936,1.4176359
1356525087902,-0.08687401,-0.26472473,1.1962541
1356525087949,-0.35564184,-0.65319824,0.39426452
1356525087993,-0.6011002,-0.1250925,0.24445198
1356525088035,-1.1863704,0.5755062,-0.6560974
1356525088083,-0.38418674,-0.14450169,-0.15367106
1356525088127,0.02196312,0.29316807,0.02812795
1356525088166,0.008193731,0.11213207,-0.41073763
1356525088204,-0.61590815,0.15468884,-0.09574112
1356525088248,-1.1585293,0.14606476,-0.4695577
1356525088285,-1.0115383,0.32152176,-0.98718107
1356525088346,-1.1717188,0.48866653,-0.7469596
1356525088384,-1.1193128,0.07417965,-1.1619668
1356525088408,-1.2066633,0.120801926,-1.3089397
1356525088439,-0.93720484,0.30506897,-0.105100796
1356525088482,0.06648421,-0.5344143,0.26157433
1356525088523,0.43796945,-0.2943325,-0.28034404
1356525088565,0.2738135,0.7172003,0.83155566
1356525088605,1.333195,1.0164261,0.21572742
1356525088682,0.3184588,2.2580004,-0.7742405
1356525088685,-1.7002666,3.767291,-0.2295351
1356525088722,-0.035049915,3.0015783,-0.3011248
1356525088762,1.6419399,0.4530897,-0.158907
1356525088804,1.0696084,0.9343786,-0.12004846
1356525088843,2.209733,1.621644,1.3712978
1356525088886,1.0449369,2.099021,-0.22539318
1356525088923,1.5252676,-1.8153038,-0.029330134
1356525088965,1.0168068,-3.9388108,0.2380603
1356525089003,-0.2162342,-6.139236,-1.273818
1356525089046,-0.08769655,-7.749384,-1.2875781
1356525089085,-1.3144376,-7.5275807,-2.6197834
1356525089124,-3.4706166,-5.0596647,-6.3673735
1356525089165,-1.7309297,-1.0820017,-9.704482
1356525089204,-1.4335251,1.0613346,-8.808415
1356525089244,6.757682,7.182646,-0.60118604
1356525089283,3.9989235,-1.8744774,1.8928314
1356525089327,-1.2500478,1.1145759,7.004852
1356525089364,-0.95996237,5.5669966,2.0440702
1356525089412,-0.1437149,-1.4488006,2.3546023
1356525089455,-3.0249352,0.8011675,4.301306
1356525089494,-3.4216807,1.483634,2.974269
1356525089536,-1.8101406,0.9519758,2.5765631
1356525089573,-0.78110075,0.26086998,2.0215387
1356525089616,0.34360075,1.411129,0.646711
1356525089675,-1.0616856,3.3668127,0.17661464
1356525089695,-2.5543935,2.947114,-0.75494325
1356525089733,-3.1179404,5.711853,1.8832674
1356525089777,5.2469726,3.9442225,0.91152704
1356525089822,6.095888,2.4435806,1.2861686
1356525089856,0.9934075,5.566825,0.12953216
1356525089894,1.0736103,-0.3409052,2.2919977
1356525089934,0.9564059,-8.000595,1.2782418
1356525089975,0.95786357,-7.237923,-0.11448079
1356525090015,1.4141474,-8.342184,-0.22247499
1356525090055,-0.98810077,-9.164716,-1.762073
1356525090095,-2.7493033,-7.266696,-4.431009
1356525090135,-2.8669333,0.18585396,-11.750366
1356525090177,-2.121419,4.000228,-9.59469
1356525090214,7.601451,2.138506,0.8593173
1356525090254,5.309958,5.3982515,1.4992791
1356525090296,-2.8209474,-2.8247905,4.3563395
1356525090336,-0.49952388,3.5959287,3.4341497
1356525090374,-1.1771421,1.8547921,1.9230675
1356525090422,-1.8803847,-2.085627,3.996358
1356525090458,-3.3437676,1.5228634,2.1557784
1356525090495,-2.008059,0.15567303,2.094252
1356525090534,-2.0462823,0.033842087,1.425367
1356525090574,-0.6328304,1.2673016,-0.46932244
1356525090614,-1.6300118,2.8605576,-0.75087786
1356525090675,-3.6130588,3.0842285,-0.4666196
1356525090694,-4.5356307,5.5961533,1.3666201
1356525090737,4.2416277,5.2183104,0.45183405
1356525090775,6.663429,2.8981647,2.3841116
1356525090814,1.3487718,5.3377695,-0.27008498
1356525090857,2.0620537,-1.350831,1.686851
1356525090894,2.0172858,-8.506731,0.65530294
1356525090936,1.4615648,-7.960915,0.17024076
1356525090973,1.162144,-7.9573092,-0.49004543
1356525091015,-0.5636101,-8.124612,-2.4725914
1356525091053,-1.8996487,-6.1975703,-5.4990497
1356525091094,-2.8724136,0.74452496,-10.335266
1356525091139,-0.35532546,3.1037035,-9.513515
1356525091175,7.902096,5.652975,-2.399982
1356525091220,3.1927497,-2.2838154,2.5567732
1356525091266,-3.4400294,-0.23617315,6.2934704
1356525091305,-1.2314994,5.8017974,1.4290031
1356525091356,-1.3463459,-1.7486277,3.3532484
1356525091396,-3.5042105,1.6024599,4.7314124
1356525091436,-3.0576208,0.5960312,2.4667215
1356525091474,-1.5456545,0.19822693,2.4180913
1356525091515,-0.97763896,4.1389465E-4,1.4454397
1356525091563,-0.95704556,1.309823,-0.3801707
1356525091605,-2.080885,2.5781927,-0.22978854
1356525091674,-3.139333,3.210534,0.42501724
1356525091682,-1.2824059,5.983431,1.1674683
1356525091722,6.022599,3.6104546,0.7553152
1356525091764,6.043561,2.5235338,0.3821506
1356525091815,1.1428896,4.4099016,0.93171823
1356525091854,1.8671937,-5.68112,1.1939312
1356525091901,1.2805328,-7.252172,-0.12046832
1356525091943,0.58880305,-7.8050156,0.23200166
1356525091984,-0.6731303,-9.032184,-1.7300365
1356525092024,-2.3790133,-7.2020435,-4.4057765
1356525092064,-2.8561034,-1.3213425,-9.036624
1356525092108,-0.95529103,2.8480196,-9.926123
1356525092143,1.4971297,1.0987406,-5.5264196
1356525092185,8.209976,8.001171,1.5293847
1356525092230,-2.2214355,-3.3243613,2.9452624
1356525092265,-2.9969676,1.6271877,5.597586
1356525092303,-1.6510193,5.709975,1.4747106
1356525092344,-0.9273064,-1.3827934,2.9823794
1356525092384,-2.7197092,0.79468346,4.3336277
1356525092426,-2.3681555,0.9015093,2.5601857
1356525092485,-1.7324111,0.3948908,2.215002
1356525092501,-1.04391,0.4797802,1.1298453
1356525092543,-0.8142252,1.2109413,0.11002195
1356525092579,-2.080574,2.8621292,0.69372725
1356525092626,-1.9600186,2.0418434,-0.75756824
1356525092680,-2.284375,5.33782,1.3994517
1356525092709,5.6034536,4.1071424,1.0545696
1356525092753,6.391137,2.2078667,0.05412054
1356525092796,2.4901226,4.669958,0.671375
1356525092834,0.6095315,-3.8528652,1.6495311
1356525092876,0.6905756,-8.047304,0.402597
1356525092915,1.5105107,-8.016821,-0.14596212
1356525092953,-0.54018104,-8.841197,-1.6265106
1356525092995,-1.8824441,-7.1551003,-3.7658322
1356525093033,-2.6920366,0.8376007,-10.839866
1356525093075,-1.8635995,2.620903,-9.920926
1356525093113,3.6602323,1.6465635,-3.946288
1356525093156,7.477833,4.8160467,1.5061564
1356525093203,-2.1920764,-4.213117,3.5386715
1356525093234,-1.6075472,4.4272547,5.778219
1356525093275,-1.4671651,3.7971363,0.48515558
1356525093314,-0.49831057,-2.405706,4.2375207
1356525093362,-3.0022504,0.77015877,4.5239654
1356525093394,-2.0953264,0.13251019,2.4015698
1356525093436,-1.7898451,0.15451527,2.3446987
1356525093473,-0.67316055,0.46460438,1.1838406
1356525093514,-0.54636955,1.9289494,-0.86572456
1356525093554,-1.8863574,2.6917915,-0.3881898
1356525093594,-2.9332812,2.863738,0.04459679
1356525093642,-1.6911654,4.68402,1.7735684
1356525093679,5.515585,5.151594,1.3075585
1356525093714,6.1404924,2.596836,-0.5050106
1356525093751,0.50927377,4.320819,1.5731909
1356525093793,0.89752364,-5.1766925,1.6015828
1356525093832,1.2241508,-7.2266827,0.07390046
1356525093872,1.1879523,-6.9236407,-0.17779887
1356525093913,0.6012149,-8.637402,-0.48282346
1356525093955,-1.2743653,-8.530631,-2.7681668
1356525093993,-2.6795578,-5.2630444,-6.360297
1356525094034,-2.0921814,5.03158,-11.016969
1356525094073,-2.1127481,2.3055582,-8.275148
1356525094116,9.012676,6.8153057,2.1703277
1356525094154,2.5796776,-1.9106135,1.623134
1356525094194,-3.4560268,-2.432747,5.10262
1356525094234,-1.4186711,5.703847,2.8023415
1356525094273,-0.94529843,-0.5606041,1.3330644
1356525094315,-1.5609839,-1.1787992,3.7252505
1356525094354,-2.7337067,1.1566544,2.475205
1356525094398,-1.9239917,-0.19753456,2.4425988
1356525094433,-1.9030443,0.052853584,1.7630749
1356525094476,-0.018496275,1.2648983,0.06672168
1356525094513,-1.73847,3.8339272,-0.08520937
1356525094556,-2.1377635,2.98308,0.23593032
1356525094594,-3.2918627,5.618561,1.5412354
1356525094634,3.7430086,3.7838383,1.5717018
1356525094695,6.1540875,1.9409761,-0.0027469993
1356525094714,3.057386,3.2294064,0.11312473
1356525094755,1.0047882,2.3855934,2.2094777
1356525094793,0.77658796,-6.865,0.35755992
1356525094834,0.7851348,-6.842948,-0.13147536
1356525094875,1.1555865,-7.7948413,-0.2544437
1356525094914,-0.5118282,-9.6473875,-1.1845553
1356525094954,-1.0394106,-7.471465,-5.2297177
1356525094994,-1.5748962,0.72753143,-10.186342
1356525095036,-3.686338,3.0763416,-9.160813
1356525095075,2.4264648,-0.959115,-4.597639
1356525095117,8.872695,8.129963,2.3179603
1356525095154,-2.184391,-4.9954786,2.970973
1356525095196,-2.0192122,1.7266946,6.614968
1356525095233,-1.5816773,5.302019,0.8969073
1356525095275,-0.89340425,-2.9334197,3.4661345
1356525095313,-2.736408,1.6261978,3.4561028
1356525095354,-2.217536,0.56217,2.9040952
1356525095398,-2.0153677,0.23832035,1.8654399
1356525095435,-0.23432636,1.5902739,-0.23858118
1356525095474,-2.1765656,3.3282585,0.72012293
1356525095514,-2.6091785,3.577796,0.3751589
1356525095555,-2.4134257,4.786234,1.6542434
1356525095593,2.0041509,4.1389456,1.5437608
1356525095635,5.4449234,2.5208988,0.30166274
1356525095694,4.312528,2.5766497,-0.26974684
1356525095711,1.0954903,3.784975,2.0377114
1356525095751,1.2062972,-4.512122,0.666829
1356525095795,0.878968,-6.9279323,0.3011662
1356525095834,1.4731026,-8.494324,-0.24102548
1356525095874,0.66980696,-8.92228,-1.4417764
1356525095913,-0.9473225,-8.3623085,-3.1632895
1356525095954,-2.3727288,-2.0028944,-9.090227
1356525095994,-3.0819888,3.1640396,-10.9173355
1356525096033,2.4446058,2.9370022,-5.239554
1356525096076,7.1585755,4.675972,2.3497548
1356525096123,-1.6461163,-3.664744,3.0533242
1356525096167,-2.6746101,4.962531,5.28127
1356525096209,-1.1246643,1.5515909,-0.107637405
1356525096247,-1.3338112,-1.3607631,4.0848446
1356525096290,-3.432328,1.0357647,4.4857926
1356525096324,-1.8394291,0.16154099,2.4144304
1356525096368,-1.5149426,0.3297968,1.8230945
1356525096411,-0.9331255,0.6970434,-0.061129093
1356525096458,-2.5446403,2.9515285,0.28600216
1356525096499,-2.4077213,2.4645433,-1.844646
1356525096540,-3.0279815,4.164525,1.2060821
1356525096582,4.00187,4.6388416,0.65567863
1356525096622,6.7134986,2.7799625,1.1766012
1356525096690,3.1305456,4.410247,-0.9064201
1356525096702,0.90987873,1.522438,2.0923011
1356525096743,0.9663478,-7.5092034,1.5083656
1356525096781,0.49609578,-8.897354,-0.1877091
1356525096824,0.68355703,-9.73808,-0.048854947
1356525096862,-0.8647169,-8.7570095,-2.0137644
1356525096904,-1.2565714,-2.4372683,-8.417904
1356525096944,-2.399633,3.5728483,-12.222442
1356525096986,1.8713198,2.308178,-5.4154134
1356525097029,6.6736073,3.1032343,1.087384
1356525097067,-2.097588,-4.428674,3.0057504
1356525097107,-2.153925,2.9947653,6.3769755
1356525097143,-1.9693538,3.0895147,-0.33855486
1356525097185,-0.3469782,-2.3577414,3.1222782
1356525097223,-3.1087809,0.7248173,3.801906
1356525097267,-3.1561227,0.9589014,2.0787032
1356525097304,-1.447549,0.19018936,2.90289
1356525097346,0.07635307,-0.10239029,1.2634648
1356525097384,-0.65111005,1.7956562,-0.17357063
1356525097424,-2.3434772,3.7361631,-0.36219418
1356525097465,-3.4351592,3.8908978,0.088617325
1356525097507,-1.6960305,6.00226,1.4102553
1356525097548,5.97975,4.293968,0.6284675
1356525097599,4.9218807,2.081336,-0.4400466
1356525097634,0.2767532,4.4661074,1.747638
1356525097689,2.21982,-4.650643,1.647352
1356525097716,1.3078884,-6.8040414,0.010119379
1356525097754,1.3937609,-8.371514,0.48359832
1356525097794,0.6351142,-9.038228,0.21057776
1356525097835,-1.5881246,-6.9816165,-3.6748147
1356525097873,-1.8799199,0.30881405,-10.725156
1356525097915,-2.2740226,2.5655212,-9.758221
1356525097959,-1.7075111,-3.7553692,-5.954174
1356525097994,10.65888,5.435878,2.786408
1356525098033,1.007606,1.7778339,0.17507207
1356525098076,-3.7551093,-2.8817768,4.953573
1356525098113,-1.828218,5.842106,2.9603817
1356525098154,-0.027914762,-1.082241,2.2245145
1356525098194,-0.83829,-1.3315692,4.806836
1356525098234,-2.6633303,0.47867584,3.5438523
1356525098275,-2.259047,0.1542139,2.6702447
1356525098314,-1.4617885,0.3370943,1.2538263
1356525098356,-1.4197716,2.3480225,-0.09265685
1356525098397,-2.4324734,3.8136034,0.5533178
1356525098434,-0.80442834,2.4046078,-0.7813935
1356525098474,-2.1109233,3.8871727,0.25066453
1356525098514,-0.8321315,4.822921,1.5618975
1356525098553,6.42044,4.708083,1.8809576
1356525098594,3.4435937,3.465806,-0.90526795
1356525098634,0.9966283,0.15830612,2.3394308
1356525098690,1.0722111,-7.0936217,1.2851157
1356525098716,1.516573,-6.999518,-0.91813695
1356525098753,1.4818268,-7.8616347,-0.06966561
1356525098795,-0.28379786,-8.516224,-2.5081868
1356525098833,-2.150791,-6.122277,-6.1425414
1356525098874,-2.779084,1.5919142,-10.714451
1356525098919,-1.8114662,1.1810083,-8.62492
1356525098955,7.646137,2.0779943,0.5067626
1356525099003,6.051866,6.7397137,0.45141232
1356525099034,-3.0571547,-4.6629915,4.434968
1356525099075,-1.912816,4.249302,5.079265
1356525099114,-0.8653505,3.2563238,1.0753758
1356525099155,-0.7919352,-2.3641753,3.4357374
1356525099192,-3.4686499,1.146616,3.876868
1356525099234,-2.095188,0.33525467,2.508316
1356525099270,-2.0078034,-0.07519436,1.7805456
1356525099312,-0.90761137,0.19105911,0.40520847
1356525099353,-1.8160051,2.0539055,-0.66173625
1356525099410,-1.1008532,2.4770727,-0.5377476
1356525099446,-2.1980333,2.6925488,-4.839301E-4
1356525099494,0.66885066,5.3028536,1.9639912
1356525099540,6.600109,3.9570856,0.4590617
1356525099574,2.2741473,5.170354,-0.044850886
1356525099613,1.2976083,0.3588934,1.4733858
1356525099654,1.394139,-8.003356,1.1280469
1356525099696,0.2056588,-8.243793,-0.5695479
1356525099732,0.65873504,-9.030338,0.28959143
1356525099773,-0.2582078,-9.435263,-1.9677637
1356525099812,-2.5237617,-3.7344036,-7.9746523
1356525099853,-1.1338153,4.679225,-12.269687
1356525099903,1.7364726,1.4681377,-5.2574186
1356525099946,5.3511276,3.2582712,3.407432
1356525099991,-0.9246299,-5.2116256,2.0795603
1356525100024,-1.7908437,3.6144524,6.172415
1356525100064,-1.3628649,5.297411,1.0557325
1356525100112,-0.19869447,-2.948656,3.79297
1356525100146,-2.7011151,0.6292534,5.1986623
1356525100184,-1.9475796,0.82280445,2.682783
1356525100224,-1.5152594,0.33791637,1.2416799
1356525100289,-0.6564739,0.97151375,-0.039814472
1356525100302,-1.7462428,2.8293924,-0.29147267
1356525100343,-3.7186522,2.258479,0.3609444
1356525100379,-4.1998158,5.3647327,3.0334473
1356525100424,3.1631393,6.095537,1.0404516
1356525100472,7.647506,2.6294909,1.3405915
1356525100516,2.0850868,5.7276745,0.90803117
1356525100560,1.4637591,-2.258829,2.0609474
1356525100594,0.83232546,-8.881794,0.6086102
1356525100634,1.64939,-8.356083,1.3109984
1356525100691,1.34004,-10.082551,-0.68634915
1356525100714,-0.6212152,-7.2005935,-3.8031063
1356525100754,-2.4566731,-2.1845913,-10.015238
1356525100795,-3.2712693,1.2456083,-9.112235
1356525100835,-1.4591208,-2.0125513,-7.508395
1356525100876,10.648668,6.4392014,3.8652873
1356525100919,1.4510727,0.3185463,-1.3594137
1356525100955,-3.8159683,-3.5864415,6.174494
1356525100993,-3.1788232,7.7617083,2.60714
1356525101039,-0.84050226,-1.0489349,1.3587016
1356525101074,-0.94697,-1.322969,4.4013567
1356525101114,-2.9085555,1.3317051,3.8153176
1356525101153,-1.9744446,0.3356924,2.1298656
1356525101195,-1.2480344,0.58104134,0.47758794
1356525101236,-1.0696056,2.0761662,-0.3848014
1356525101273,-2.7827973,2.619769,0.07884002
1356525101316,-3.0335462,2.5934048,0.08991945
1356525101369,-2.5148685,4.753931,1.9974518
1356525101404,6.758221,3.726532,0.4307113
1356525101443,5.853345,2.953866,0.5285207
1356525101484,1.1756797,5.6287518,0.67405313
1356525101525,2.4615457,-3.4453936,1.0410302
1356525101657,1.1225481,-7.5534534,-0.06717765
1356525101658,1.0634079,-8.5512295,-0.45596722
1356525101659,1.4296969,-8.694283,-0.30289978
1356525101680,-0.78429997,-8.416761,-2.9180791
1356525101719,-2.4586964,-5.048002,-7.6545334
1356525101763,-3.1610827,4.092532,-11.507983
1356525101821,2.8671448,2.143568,-4.9172115
1356525101863,7.1458635,4.107913,2.0942028
1356525101906,-3.0909762,-3.3860812,4.4555063
1356525101944,-2.8969357,5.0369444,4.464687
1356525101988,-1.5149587,2.2606306,1.3435259
1356525102030,-0.25214195,-2.723773,4.281998
1356525102065,-2.9038544,0.9431095,4.9293113
1356525102103,-2.4370008,0.5187311,3.8350694
1356525102146,-2.390113,0.37761688,2.5573986
1356525102187,0.25641108,0.7169676,1.0948796
1356525102224,-0.862923,2.0956554,0.42855012
1356525102266,-2.2448378,3.2433615,0.36908758
1356525102314,-3.0328412,3.6375103,1.2300464
1356525102354,1.2613319,3.9888105,1.8903176
1356525102393,6.168556,3.2417908,1.0742006
1356525102435,5.226263,3.2530813,-1.14604
1356525102473,1.0338635,4.8036146,1.9094465
1356525102514,1.8612363,-5.4251547,1.3186008
1356525102553,-0.08265245,-7.8480597,-0.46339583
1356525102594,1.2319436,-7.9603953,-0.018045008
1356525102635,1.351938,-9.349968,-0.8226445
1356525102698,-0.4420718,-8.666126,-3.445069
1356525102714,-1.6717155,-1.4627962,-9.530935
1356525102757,-2.3939881,4.586479,-10.938439
1356525102795,5.203915,3.498701,-3.1543415
1356525102834,5.880534,3.419796,3.0145283
1356525102874,-1.6648406,-4.4450254,2.1086974
1356525102922,-3.1006072,3.2513704,6.22229
1356525102954,-2.6422014,2.792513,0.25514603
1356525102995,-0.6677108,-2.468772,2.4883099
1356525103033,-2.7900093,0.82022953,3.8571992
1356525103075,-3.1106942,0.6347971,2.0167055
1356525103113,-2.447395,0.5486746,1.5522279
1356525103154,-1.2821826,0.45075703,1.2356259
1356525103193,-0.80358505,2.0864744,-0.11505747
1356525103234,-2.196902,3.5838804,-0.26473784
1356525103273,-2.142652,2.892336,-0.8727944
1356525103317,-2.146875,5.2541313,1.5843327
1356525103355,5.110861,4.5209217,0.24161544
1356525103394,5.573195,2.7713785,-0.30533272
1356525103434,1.562128,4.1309624,0.24474335
1356525103474,1.8275917,-0.44689655,1.60093
1356525103515,1.0417297,-6.905674,1.2358835
1356525103553,0.15504563,-8.012252,-0.37838894
1356525103595,0.9384525,-9.052184,-0.46028447
1356525103633,-0.1286596,-9.279497,-2.2400763
1356525103695,-0.94344354,-4.6044407,-7.007852
1356525103713,-1.4626827,4.5585747,-13.12546
1356525103759,2.3710928,-0.6355877,-5.1211486
1356525103794,7.6175146,7.0569067,1.9044805
1356525103837,-1.4712356,-2.375804,1.5141304
1356525103884,-2.6907885,-0.49286604,5.432331
1356525103923,-2.2312074,5.108227,1.0263287
1356525103965,-0.26504755,-2.1673102,2.8483288
1356525104003,-2.9979777,0.4676361,2.9258726
1356525104044,-3.4163685,0.75790596,2.2389686
1356525104089,-1.9504325,0.0012521744,2.4980474
1356525104124,-0.7887429,0.83186626,0.44841433
1356525104164,-1.1436902,2.102148,-0.71489644
1356525104204,-1.1869742,3.1576748,-0.5787884
1356525104246,-3.6208549,4.3174086,0.7946516
1356525104299,-1.6144301,5.3187704,2.1594796
1356525104333,6.4057393,3.4741135,0.7316361
1356525104370,3.0705998,3.2760067,0.93954307
1356525104411,1.412101,2.4457235,1.4235922
1356525104452,2.324741,-5.392152,1.1743932
1356525104493,1.2431935,-7.663028,-0.20081842
1356525104533,1.7582023,-7.5306273,0.2200816
1356525104574,1.11602,-8.321143,-1.3964803
1356525104614,-0.31518424,-7.654365,-3.681558
1356525104653,-1.3521659,-2.8584776,-7.986794
1356525104695,-2.357277,4.6768494,-11.222641
1356525104733,3.4266186,4.2508135,-6.0491924
1356525104774,5.0092874,-0.5348501,3.1000803
1356525104814,-0.14566183,-4.8378887,1.423139
1356525104857,-2.3561506,5.9648,5.398387
1356525104893,-2.5837238,2.903297,0.117188215
1356525104934,-0.4628694,-1.9988456,3.600527
1356525104977,-3.03327,1.4618902,3.3517628
1356525105014,-1.4488504,0.024133682,2.4722428
1356525105055,-1.1183764,0.0023469925,1.8045361
1356525105093,-0.67762387,1.138134,0.6269839
1356525105134,-2.0011346,3.540245,0.012794256
1356525105180,-3.6259131,3.4198608,0.8225094
1356525105216,-4.534661,6.2802715,2.2699895
1356525105253,4.9245872,4.5343714,0.8420805
1356525105296,7.0289483,3.302907,0.77452624
1356525105334,1.5294125,3.8507023,1.2113273
1356525105374,1.3775384,3.0622559,1.9083027
1356525105415,2.0141866,-5.969164,1.3015478
1356525105454,1.3249028,-8.482416,0.31772673
1356525105494,0.87288284,-8.90821,-0.04804778
1356525105533,-0.12006211,-8.88984,-1.6855161
1356525105575,-0.835075,-5.6728835,-5.0221534
1356525105613,-2.2212763,4.4899254,-12.284568
1356525105652,-1.8894064,-0.8039913,-8.210426
1356525105708,6.46731,5.1888876,0.55461484
1356525105729,4.8763227,1.7498064,1.3913666
1356525105770,-2.8332636,-3.870833,3.366923
1356525105812,-2.8969274,5.2781086,4.454679
1356525105854,-1.0156958,0.5311308,0.6075766
1356525105892,-1.069683,-1.369658,3.7202804
1356525105932,-3.3968966,1.2810411,3.2214985
1356525105972,-1.650886,-0.6018858,2.4747398
1356525106016,-1.304933,-0.56526184,1.9687307
1356525106053,-1.0740067,0.45430946,0.4619063
1356525106096,-1.7172499,3.0469694,-0.43200564
1356525106133,-3.4389532,3.1980505,-0.29337835
1356525106176,-3.965908,4.6456366,0.4343474
1356525106215,1.7986668,2.9861803,0.4501069
1356525106257,5.232588,2.801732,0.65212
1356525106295,3.4911253,3.350542,-0.41643006
1356525106334,1.6740146,5.114171,1.0876361
1356525106374,1.9998075,-4.2592444,1.325464
1356525106414,0.4044335,-8.240751,-0.23211336
1356525106456,1.3503335,-7.809877,-0.21057183
1356525106493,0.99364984,-9.088134,-0.71283823
1356525106535,-0.7401906,-8.189516,-3.1299055
1356525106573,-1.248684,-0.9344082,-8.477876
1356525106619,-1.8339608,4.37199,-11.291793
1356525106654,1.1891983,-0.2415123,-4.5975647
1356525106693,6.001731,5.870675,1.9258949
1356525106732,1.6101024,-4.105112,1.9126543
1356525106774,-2.8699298,0.07576561,5.2831583
1356525106814,-3.154745,5.5132875,2.005668
1356525106853,-1.1619593,-1.2314506,3.0556605
1356525106894,-1.7484127,1.096385,4.10592
1356525106936,-2.0539665,0.55948925,3.3535068
1356525106974,-1.3156439,0.0633831,3.0779138
1356525107014,-1.3854696,0.3385229,1.29297
1356525107054,-1.0505079,1.5405293,-0.85797167
1356525107093,-1.9654139,3.0260277,-0.6626482
1356525107135,-2.817325,2.7405682,-0.44713068
1356525107175,-3.2546139,4.468876,1.1966128
1356525107216,4.2433505,5.0340605,1.21369
1356525107263,6.057235,3.761345,-0.021811247
1356525107304,2.0074525,5.256402,0.985208
1356525107347,1.9405951,-2.738863,1.6548994
1356525107383,0.74740994,-7.5309353,0.7613432
1356525107424,0.34536934,-7.390099,0.074750006
1356525107463,0.8085859,-9.203254,0.32967073
1356525107504,-0.3624221,-9.470511,-2.5011914
1356525107544,-1.9032724,-2.1600819,-8.874853
1356525107584,-2.6966507,4.441308,-12.108592
1356525107632,3.800756,-0.017971039,-2.8556874
1356525107665,4.293674,4.3025026,1.2189076
1356525107706,-1.9116404,-5.2975616,2.7339058
1356525107741,-2.5628793,1.2430382,5.320715
1356525107784,-2.3799849,5.321722,0.72232497
1356525107824,0.42699647,-2.5262518,3.1106553
1356525107865,-2.8724647,1.1756144,3.1083152
1356525107903,-2.9018424,0.7459583,2.3930223
1356525107959,-1.3966523,0.68708897,1.5255098
1356525107994,0.42434192,1.3575058,0.9461458
1356525108034,0.25866222,2.3020964,-0.40471256
1356525108073,-1.7562989,3.1944008,-0.35271204
1356525108116,-2.4204285,2.5907297,-0.22038352
1356525108154,-2.9922354,4.4496202,2.3376334
1356525108196,4.155468,4.6384754,1.4253573
1356525108235,6.297851,2.449873,-0.16555011
1356525108274,2.173149,3.9509144,0.79416573
1356525108315,1.6639789,0.19461441,1.4870738
1356525108353,1.294991,-6.5955067,0.6657061
1356525108395,0.7276112,-7.902817,-0.6422453
1356525108433,1.4414968,-8.7396145,-0.59023935
1356525108474,0.19368899,-9.272638,-1.638
1356525108513,-0.8085084,-4.651677,-6.3855886
1356525108554,-1.9255804,4.6664286,-11.888286
1356525108593,-0.7502316,-0.6350498,-6.6618204
1356525108643,6.0278587,6.1461744,1.1830368
1356525108706,1.0865421,-3.8236418,1.2325728
1356525108718,-2.82814,1.692009,5.646509
1356525108761,-2.530944,5.141032,1.6355656
1356525108801,-0.5903106,-1.156003,2.3166597
1356525108843,-2.3176968,0.78305626,3.4440768
1356525108884,-2.6086524,-0.04258442,3.1450317
1356525108923,-1.6366398,-4.529953E-4,2.8169968
1356525108973,-0.99730456,-0.00360775,1.3594534
1356525109005,-0.5194591,0.9244938,0.42947578
1356525109050,-1.815724,2.5443525,0.16310024
1356525109083,-2.2837198,2.3005695,0.16446912
1356525109126,-2.9625137,4.8942385,1.5713321
1356525109163,3.1225312,2.9280262,0.926965
1356525109205,5.4030514,2.7080755,0.22136289
1356525109243,2.8015804,3.8988724,-0.36182618
1356525109284,1.9131517,2.9021196,1.4702473
1356525109329,1.7740264,-5.196017,1.5851247
1356525109365,1.0488524,-7.452043,-0.29302776
1356525109413,1.2615955,-7.9601555,-0.20198137
1356525109441,0.5818875,-9.026608,-1.2248609
1356525109492,-1.2359419,-6.0523977,-5.5794053
1356525109542,-2.51864,4.4318867,-12.626089
1356525109584,3.4755092,2.4852066,-3.8256714
1356525109643,5.3577967,4.3416395,2.620454
1356525109710,0.26460695,-4.5677104,1.7723477
1356525109712,-2.5186145,4.514373,4.7054987
1356525109741,-2.161342,3.115491,0.6133547
1356525109781,-0.8284857,-1.6537395,2.9583836
1356525109822,-2.7598846,0.8576193,3.313215
1356525109868,-2.634384,0.17751694,2.7515762
1356525109904,-2.2135603,0.4856596,2.1676111
1356525109946,-1.7893941,0.6395111,1.2274172
1356525109983,-0.95862305,1.0674391,-0.10750198
1356525110026,-2.8564148,3.3968058,0.4585477
1356525110064,-2.1166065,2.667451,-0.9640211
1356525110106,-3.674515,4.5982723,1.4572161
1356525110153,2.3289366,4.2618217,1.1812278
1356525110185,5.735038,3.5403948,0.09953439
1356525110227,2.6782696,4.274802,-1.2021931
1356525110264,0.8835608,0.52397156,2.3510666
1356525110305,1.6511916,-7.0864854,0.7619351
1356525110343,0.5616472,-7.776185,-0.40153396
1356525110385,1.5180082,-8.124726,0.48518848
1356525110424,0.82667017,-8.92202,-1.1110522
1356525110464,-0.6552354,-7.371912,-4.4228516
1356525110503,-1.9843321,2.1240587,-11.1027565
1356525110544,-2.544905,0.2862587,-8.375346
1356525110585,6.102344,0.41714478,0.4863251
1356525110623,3.5572314,5.6760197,1.4805396
1356525110666,-0.25870562,-6.28883,2.5692265
1356525110702,-2.8865874,4.525724,5.490279
1356525110742,-1.8539971,4.099353,1.4412587
1356525110781,-0.9072939,-1.6098619,2.8663647
1356525110823,-2.3018067,2.1111717,3.426293
1356525110864,-1.7932849,0.8694248,2.466284
1356525110905,-1.6466377,0.6148882,1.0486422
1356525110944,-1.4053484,0.99733543,0.030440092
1356525110984,-2.162019,2.9519243,-0.312029
1356525111025,-2.435893,2.6838484,-0.9079336
1356525111065,-3.3092365,3.0188084,0.3218662
1356525111111,0.8171059,5.924474,1.9554322
1356525111153,6.9119873,5.066968,0.7570477
1356525111194,2.5854974,4.8517284,0.13209176
1356525111233,1.5749631,1.3640623,1.3086234
1356525111274,2.129928,-7.3372107,1.7433822
1356525111314,0.53865504,-8.041447,-0.5387521
1356525111354,1.6530782,-8.122887,0.025254607
1356525111394,0.5374913,-8.990803,-1.3514025
1356525111433,-1.2140795,-6.2905293,-6.4325247
1356525111476,-2.489824,2.8364887,-11.668507
1356525111527,-0.40925646,0.26789188,-6.508258
1356525111569,7.213381,6.809517,1.4366155
1356525111614,0.2954421,-4.340307,2.0910664
1356525111653,-3.0932786,1.0322123,6.2847567
1356525111700,-2.013677,4.6833115,0.8619516
1356525111733,-0.37322044,-1.8722081,3.2267451
1356525111775,-2.5870938,0.8497839,3.853228
1356525111813,-2.54755,0.57106686,2.9263167
1356525111854,-1.4338562,-0.039909363,2.1878786
1356525111893,-1.200741,0.6914635,1.5100275
1356525111934,-0.4183483,0.7237978,-0.5465584
1356525111976,-2.8482604,3.0479736,-0.06186688
1356525112023,-1.9772272,2.5778646,-0.48360717
1356525112064,-2.1704972,4.023261,1.6030912
1356525112108,5.5096674,3.8252344,1.0057983
1356525112148,5.0065775,3.4391737,-0.62963116
1356525112184,2.3717272,4.8175716,0.9763644
1356525112227,1.7198803,-0.91938686,0.76066613
1356525112264,0.52393353,-7.0642834,0.89044714
1356525112304,1.3163788,-8.05773,-0.05134052
1356525112344,1.243885,-8.660849,0.09317207
1356525112384,-0.1350528,-8.601283,-1.9986093
1356525112425,-1.861463,-2.8835049,-7.76143
1356525112465,-1.2110187,3.8383284,-11.011598
1356525112504,1.0604537,-0.3370037,-5.9268885
1356525112546,5.5373306,6.440612,0.9762835
1356525112584,0.68058157,-4.922805,1.9892553
1356525112627,-3.3115172,0.29514313,4.8622503
1356525112664,-2.6921027,5.657817,1.552779
1356525112702,-0.62899995,-0.998137,2.0534766
1356525112740,-1.6417217,0.6109743,3.7280157
1356525112787,-2.5995505,0.3326168,3.0291142
1356525112825,-1.4199301,-0.08482075,2.9481468
1356525112866,-0.9649415,0.41949177,0.6485983
1356525112903,-1.0622354,1.7280502,-0.046110153
1356525112945,-2.5772595,2.9552488,-0.4682033
1356525112993,-3.3672948,2.544015,-1.3911409
1356525113039,-1.6956042,4.303132,2.1906605
1356525113075,6.3877707,4.9241533,0.3244927
1356525113114,4.75567,4.2827396,0.2727952
1356525113155,0.7902456,4.596139,1.0500312
1356525113193,1.9232978,-3.450307,1.0805073
1356525113235,1.5265647,-7.7969456,1.0136536
1356525113273,1.3570987,-6.9463434,-0.6510219
1356525113315,2.3119242,-7.236684,0.49231103
1356525113353,0.74808455,-8.001469,-1.6569202
1356525113394,-1.3076807,-5.4091525,-4.6471815
1356525113433,-1.616878,2.663066,-11.497585
1356525113475,-2.2435718,-0.99540997,-7.1828156
1356525113524,1.5976729,-0.87664413,-3.3745158
1356525113555,4.3532267,4.834408,2.2797081
1356525113596,0.58161783,-5.9709454,2.5182142
1356525113635,-3.658172,4.0377645,6.371913
1356525113720,-2.9187684,6.884777,0.9875276
1356525113732,0.23369336,-2.2709694,3.0314102
1356525113752,-1.195124,1.6732025,3.8432724
1356525113789,-1.9288037,0.09910965,4.4089794
1356525113819,-1.2665665,0.6566591,3.5394974
1356525113860,-1.0177584,0.359334,0.91043663
1356525113902,-2.4513426,2.498351,-0.22114038
1356525113954,-2.2762594,3.7143116,0.3250773
1356525113992,-0.97800654,3.6602602,-0.39369905
1356525114034,-2.2921095,4.5554504,1.4557354
1356525114091,4.318864,2.3316135,0.742505
1356525114125,4.0234613,2.0134697,-0.104267776
1356525114163,3.0950837,3.129304,1.712177
1356525114204,1.2775708,-1.3593779,0.55823207
1356525114244,1.0486288,-6.3527,0.0047029853
1356525114284,2.2579856,-7.1309004,-0.58488333
1356525114324,2.1481955,-7.722557,-1.0964574
1356525114364,0.425704,-8.763039,-1.7386976
1356525114409,-1.0725826,-5.3865967,-6.1930933
1356525114451,-2.0639343,2.6463203,-11.1723995
1356525114506,2.1935055,-2.907021,-3.2989457
1356525114544,6.908509,8.902426,0.042276025
1356525114585,-1.7965605,-2.4694557,3.393499
1356525114628,-3.2536764,-0.79221344,5.772994
1356525114680,-1.902919,5.3610916,1.772603
1356525114710,-0.4881673,-0.8391981,3.4872496
1356525114749,-3.1576018,1.3763056,3.6342402
1356525114791,-2.5176258,1.1240625,2.1917596
1356525114834,-1.6276681,0.3035488,2.394454
1356525114875,-0.8478546,0.88747025,0.88903534
1356525114923,-1.0552285,1.6240578,-0.11382377
1356525114966,-2.3120902,3.6755219,-0.59768546
1356525115003,-3.065556,5.257283,1.0032731
1356525115044,2.5129952,4.73118,0.80164117
1356525115083,5.293458,2.6493406,1.3616977
1356525115127,3.6500235,3.889408,-0.9416845
1356525115172,2.218854,4.070629,2.1200309
1356525115204,1.3192453,-6.1797495,1.0150265
1356525115245,0.076589346,-7.514753,0.22861335
1356525115283,1.6736896,-7.7694545,-0.054391652
1356525115324,0.81499684,-8.759712,-1.1270636
1356525115363,-1.0438452,-7.680009,-3.743426
1356525115404,-0.3653828,0.4406824,-10.381695
1356525115443,-1.2119997,2.224697,-10.090849
1356525115484,1.6006145,-3.7378454,-1.6869557
1356525115525,8.190659,8.310385,1.0434289
1356525115565,-2.265455,-4.772833,3.3671808
1356525115611,-3.7040796,-0.03667736,5.7106547
1356525115644,-2.1374528,5.58439,1.1951708
1356525115697,0.37563848,-2.4927506,2.8809545
1356525115723,-2.0013523,0.3219118,3.345917
1356525115764,-3.1263332,1.149476,2.2602265
1356525115803,-2.500376,1.0004053,1.3527181
1356525115845,-1.2946671,1.1215801,0.7212664
1356525115883,-1.1386267,1.7258244,0.049207926
1356525115927,-1.8480188,3.7014503,-1.2514193
1356525115964,-2.0832071,3.2113342,-0.47296715
1356525116008,-1.9197756,5.6592836,1.8580194
1356525116048,3.8317642,4.246497,0.7437698
1356525116084,4.2658043,4.387727,-0.45826066
1356525116125,1.9882782,5.657502,2.1193588
1356525116163,1.7621989,-0.9082985,0.9888047
1356525116205,1.0434453,-7.1447644,0.66140217
1356525116243,1.3566942,-7.3295846,0.49906105
1356525116284,1.7249143,-8.063641,0.79041004
1356525116323,0.460006,-9.240239,-1.6939588
1356525116364,-0.9113759,-6.237939,-5.985843
1356525116403,-2.7407727,2.2752028,-11.517895
1356525116444,-0.8697599,-0.59794617,-6.7677026
1356525116489,6.416173,6.3603687,-0.5359997
1356525116527,2.2221153,-2.9983368,1.1335977
1356525116565,-3.2455537,-3.1858277,4.480791
1356525116603,-2.6460364,6.5919847,3.7593632
1356525116645,-0.3492291,-0.23325396,1.5069512
1356525116698,-1.0492018,-1.0211582,3.7441459
1356525116726,-3.411019,1.6177902,2.7632153
1356525116763,-1.943256,0.47367287,2.0005937
1356525116804,-1.6116877,0.4455557,0.5637307
1356525116844,-0.87727475,2.0597086,-0.12379551
1356525116885,-2.1285203,3.7097502,0.48599303
1356525116925,-2.0842144,3.0418491,-0.05202222
1356525116964,-2.5758328,6.141383,1.6248112
1356525117008,4.86263,4.021042,0.6751671
1356525117043,4.6339464,2.6093712,0.69566196
1356525117089,1.6978872,4.3293858,0.25975084
1356525117124,1.7565954,-0.7294016,1.1364428
1356525117164,1.6890779,-6.153787,0.48664165
1356525117203,1.7336485,-7.86683,-0.32527405
1356525117244,2.04534,-7.8940063,-0.15511078
1356525117283,0.44416285,-8.244018,-1.1049566
1356525117324,-1.2185726,-6.704042,-4.872176
1356525117364,-1.818595,2.7509546,-11.417389
1356525117404,-2.215676,2.0294075,-8.657903
1356525117444,5.3120008,3.9787712,0.055989504
1356525117483,3.4146504,3.179287,0.7971526
1356525117526,-1.7824265,-4.1144443,3.8924632
1356525117563,-2.4655156,4.9748373,4.242979
1356525117604,-1.6182699,2.5118408,1.0291324
1356525117643,-0.89992714,-1.1355762,3.2877555
1356525117698,-2.070935,0.5700178,3.7285879
1356525117743,-1.6752818,-0.22299576,3.2931685
1356525117761,-1.9244564,0.15766811,2.3893714
1356525117803,-1.0605404,0.29112053,1.2080945
1356525117838,-1.697348,1.5299549,-0.21107292
1356525117883,-1.3061199,3.070527,-0.040186167
1356525117922,-1.3614699,1.9537354,-0.09394479
1356525117974,-2.4412093,4.2182035,1.8504649
1356525118021,3.4474149,3.5213928,0.50174975
1356525118066,3.1980762,3.3950157,0.04211831
1356525118104,1.6142068,3.7605972,1.9020684
1356525118145,2.0450482,-2.8519344,0.6074049
1356525118183,1.059493,-6.2868423,-0.48002884
1356525118224,1.5114399,-6.9501104,-0.16930658
1356525118263,1.5042702,-8.12316,-0.33018112
1356525118304,0.3704368,-8.774546,-2.8919058
1356525118344,-0.71467674,-4.5415344,-6.6015215
1356525118384,-2.179242,3.568513,-11.185619
1356525118431,0.52670836,1.7358027,-7.588349
1356525118466,5.189504,2.8933487,2.3857167
1356525118505,0.76148033,-3.2568917,1.0823119
1356525118544,-2.6741972,2.373623,6.406147
1356525118585,-1.8644242,3.200532,0.05413437
1356525118624,-0.104439974,-0.8668475,3.031745
1356525118665,-2.789462,0.7351093,3.3913033
1356525118714,-2.8324776,0.41303635,2.2184687
1356525118746,-1.602112,0.27649117,2.203463
1356525118783,-0.9389485,-0.16728878,2.0045788
1356525118825,-0.29859662,1.2407236,0.24065304
1356525118866,-1.267429,3.5876112,0.659894
1356525118904,-2.7503672,4.5157146,0.68195456
1356525118946,-3.888376,6.695388,1.362246
1356525118988,4.832154,2.417492,1.0146868
1356525119028,4.9725256,2.7081394,0.48433372
1356525119064,1.3602653,4.9889393,2.0271857
1356525119105,1.7363944,1.5580406,0.7573151
1356525119143,1.5327933,-6.8728204,0.4398232
1356525119184,1.6685693,-7.05157,-0.33833668
1356525119223,1.551477,-7.5139318,-0.22569928
1356525119264,0.88897634,-8.510828,-1.276395
1356525119304,-0.029054761,-8.118733,-3.6479132
1356525119344,-1.2536753,-1.7260056,-8.903679
1356525119385,-1.99544,5.201618,-11.54649
1356525119422,0.43556738,-1.9494843,-5.0772495
1356525119466,6.8673906,8.352386,3.0057478
1356525119503,-0.93434966,-2.0713787,2.4908192
1356525119544,-2.1623538,-1.9516053,5.291285
1356525119583,-2.2343183,7.156516,2.580826
1356525119624,-0.9817848,-1.8850403,2.6355503
1356525119663,-2.6722991,-0.45341682,3.4631102
1356525119710,-2.4833298,0.9945736,2.818951
1356525119745,-1.6417732,0.07997799,2.2870278
1356525119792,-0.8788917,0.56936073,1.1362152
1356525119824,-1.3576149,1.6811934,-0.04362738
1356525119860,-2.0905683,3.192112,0.2816708
1356525119902,-0.90734404,3.3126993,0.6906603
1356525119948,-1.6300821,5.6602917,1.822444
1356525119984,4.080997,3.3273067,0.40283042
1356525120048,4.3952165,2.8728619,0.25191876
1356525120069,1.4591205,5.310609,1.9155732
1356525120111,2.0899873,-3.4347625,1.097599
1356525120152,1.0050664,-6.852689,-0.19226137
1356525120193,1.2075528,-6.9688754,-0.4691765
1356525120241,0.90341794,-9.731058,-0.42676887
1356525120283,-0.82776845,-8.272808,-4.230835
1356525120322,-1.9222084,0.11651516,-10.238837
1356525120364,-2.3115342,1.5170746,-9.990213
1356525120404,4.980972,-0.15292358,-1.4840587
1356525120444,2.416274,5.3500786,1.301377
1356525120485,-2.3006136,-4.8139763,2.5435133
1356525120525,-2.154831,3.1201487,3.5253086
1356525120565,-1.7331762,4.3560233,0.89450777
1356525120603,-0.69544065,-2.1618776,2.6199293
1356525120645,-2.3909335,0.9062023,2.7242575
1356525120698,-2.0776873,0.6838703,2.3109264
1356525120724,-1.3289999,0.6850233,2.371186
1356525120763,-0.06826544,1.2124767,0.0018117428
1356525120805,-1.4584532,3.4374065,0.08998144
1356525120843,-1.2331436,2.483632,-0.5704231
1356525120886,-3.8630342,4.597249,1.8679795
1356525120925,1.223213,5.4818964,2.1935735
1356525120965,6.3209686,3.9182634,1.3127062
1356525121005,4.362554,3.3126163,-1.1581186
1356525121043,0.8248512,3.750372,2.6662555
1356525121089,2.1543138,-5.1983943,0.66042143
1356525121123,1.0462646,-7.4301543,0.03405541
1356525121164,0.88206804,-8.486664,0.036100805
1356525121203,-0.041853547,-9.455187,-1.1092708
1356525121244,-1.4910591,-7.771433,-4.688557
1356525121283,-0.7238693,-0.40192127,-9.697565
1356525121325,-2.8430667,3.5524254,-9.318069
1356525121364,3.3778954,5.1218185,-4.6206484
1356525121404,4.479111,-0.80605984,4.322175
1356525121444,-2.8098385,-3.5923233,2.627623
1356525121483,-2.1082244,5.9410934,5.29926
1356525121524,-2.024926,1.0770044,0.8802254
1356525121563,-0.09716463,-2.269051,3.1833775
1356525121604,-1.8247367,0.87837887,2.3451626
1356525121648,-1.2237389,-0.2743616,2.4207385
1356525121695,-1.3472595,0.06507301,1.4175705
1356525121743,0.29628706,1.8184338,-0.016746283
1356525121762,-2.9558673,4.4382954,-0.4219129
1356525121803,-4.1078725,2.973957,0.056507826
1356525121839,-3.1499882,5.410123,2.5266361
1356525121879,6.0386786,4.8926573,1.1103809
1356525121923,6.546034,3.7603893,1.26807
1356525121971,1.0912431,5.175353,0.3067217
1356525122014,1.4782954,-1.3833656,2.0696788
1356525122055,1.5154297,-7.447855,0.060191095
1356525122093,0.8039706,-8.427376,-0.28099138
1356525122134,0.86483264,-9.209359,-0.21180022
1356525122175,-0.5468049,-8.738657,-2.0026546
1356525122214,-1.6350799,-4.4044313,-7.448444
1356525122255,-2.6076388,5.3357143,-11.68613
1356525122293,-1.3169518,-1.6010609,-8.162762
1356525122335,8.525066,3.7644424,2.1580133
1356525122373,1.0868983,3.7171516,1.4171811
1356525122414,-2.7204485,-5.237195,5.007903
1356525122453,-2.4168675,5.076153,3.917912
1356525122494,-1.1517386,2.3610477,1.665253
1356525122533,-1.346033,-2.3477874,3.5925112
1356525122574,-3.3121083,1.4398165,2.7378664
1356525122616,-1.8707834,0.27738667,2.6948047
1356525122654,-1.2716066,-0.28408718,2.0631194
1356525122696,-1.049997,1.0315962,0.41583598
1356525122744,-1.934609,2.9484158,-0.7532617
1356525122788,-1.9826844,2.7195597,-0.50889945
1356525122827,-3.624804,4.9617796,1.8191459
1356525122866,4.18503,4.8598166,0.7953094
1356525122906,5.795155,3.7415323,0.29231688
1356525122944,1.8587373,5.0481834,0.81144917
1356525122985,0.83105326,1.0974646,1.104991
1356525123024,1.3477232,-6.843754,0.8588482
1356525123065,1.4618126,-7.710839,-0.36786607
1356525123103,1.7503047,-7.9570384,-0.09155992
1356525123145,0.25556958,-8.98259,-0.70179623
1356525123183,-0.7357247,-7.165658,-4.8316507
1356525123225,-1.817868,2.366315,-11.215951
1356525123263,-1.6948715,3.749795,-10.168206
1356525123307,5.954265,2.822713,-1.5160701
1356525123351,4.672979,4.6107206,2.4793916
1356525123384,-2.5294423,-5.6287203,3.5323806
1356525123424,-3.051415,2.7939396,5.332161
1356525123464,-1.1576358,2.9010801,0.6379771
1356525123505,-1.2088797,-2.3604298,3.8443663
1356525123548,-3.240557,1.1329708,3.7946537
1356525123584,-2.2924592,0.21404552,2.2890737
