1356445021179,0.0,0.0,0.0
1356445021215,0.06805229,0.0,-0.10888392
1356445021248,0.04061842,-0.027233124,-0.02686423
1356445021289,0.06702137,-0.10878754,-0.2162525
1356445021329,0.10589242,-0.06709671,0.42672938
1356445021370,0.06139016,0.044013023,0.47087568
1356445021409,0.13743019,-0.21096611,-0.019249856
1356445021449,0.047845602,0.094099045,-0.48845968
1356445021491,-0.070834875,0.33202267,0.22195357
1356445021529,-0.27181506,-0.0030870438,0.018675208
1356445021569,-0.08945155,-0.082865715,0.008334637
1356445021611,-0.39231253,0.18700314,0.2326448
1356445021649,-0.38784742,-0.009814262,0.54040587
1356445021689,-0.4143815,-0.05910206,0.41046578
1356445021730,-0.42965198,0.12237358,0.9406699
1356445021771,-0.12118864,0.032094,0.36896223
1356445021808,-0.008980751,0.1472311,0.51701474
1356445021849,0.07894397,-0.13182735,0.6088195
1356445021891,-0.3403175,0.093587875,0.42992216
1356445021929,-0.11337805,0.04724121,0.43465054
1356445021969,-0.0038602352,-0.42029667,0.73653114
1356445022010,0.3568771,-0.84414196,0.76644087
1356445022049,-0.1613288,0.38690662,1.3003674
1356445022089,0.22561479,0.9458914,1.789066
1356445022129,0.30580306,1.2218728,1.0803607
1356445022169,-0.28768826,1.2278714,2.1898627
1356445022221,0.2853539,1.3291745,3.0536091
1356445022249,-0.11089754,1.9911904,2.8743227
1356445022288,0.06519079,1.6558666,2.8420272
1356445022328,0.05261755,1.4811087,2.91089
1356445022367,0.15171957,1.064074,2.5103495
1356445022409,1.1374936,0.3094492,3.5430608
1356445022447,0.89355326,-0.35481548,3.2271013
1356445022488,0.5282378,-4.075901,1.1089871
1356445022527,0.8244748,-0.30548525,-1.5290034
1356445022568,0.45931125,-0.019714355,-2.8161683
1356445022608,-1.7736452,-1.0617547,-3.8056688
1356445022647,0.6360388,-1.0664206,-3.6551247
1356445022687,0.71783376,-1.423428,-4.262716
1356445022728,-1.3970289,0.581759,-4.1609726
1356445022767,-1.0217829,1.1689167,-3.6927066
1356445022808,0.27887726,0.20575666,-3.7248502
1356445022847,-0.11017656,0.028242111,-3.9747233
1356445022888,-1.010917,-1.1952562,-2.1994178
1356445022929,-0.14423966,-1.9949245,-0.6447307
1356445022969,-1.6835251,-2.3417263,-2.8626895
1356445023009,-1.3377867,-0.10425663,0.106564164
1356445023049,-1.4842756,-3.7979918,-1.7630199
1356445023107,0.52598834,-4.856304,-4.43812
1356445023129,0.07372761,-5.0770283,0.73686516
1356445023168,-0.22527838,-1.7180138,0.563466
1356445023208,1.4893959,2.84125,-0.05867614
1356445023235,2.9175224,5.5850325,-0.06106335
1356445023275,2.9056656,8.020414,0.23945926
1356445023317,3.624776,7.2218103,1.5753632
1356445023358,2.5773401,5.6954536,5.2354097
1356445023397,-2.4866319,2.1086364,8.908988
1356445023437,-2.039421,-3.714528,9.049831
1356445023478,-0.6097586,-0.33159828,8.564259
1356445023518,-0.8972969,-3.5690155,-0.9529544
1356445023557,1.7772754,-0.40610552,-2.719453
1356445023598,-2.0274115,-1.6130857,-1.642626
1356445023638,-0.7880242,-1.3810802,-3.0213184
1356445023678,0.7259197,0.23229599,-3.3122957
1356445023717,-0.0032596588,2.1770887,-3.3353934
1356445023758,-0.7789452,2.640077,-3.7388089
1356445023798,-0.37704325,0.73796415,-3.2935698
1356445023839,0.06889033,-0.3410139,-2.7983487
1356445023879,-3.1801882,-1.4227209,-3.101643
1356445023919,-2.7527323,-2.58212,-2.538391
1356445023959,-1.0336132,-1.8805652,-1.8804483
1356445023999,-2.6709766,-3.7791634,-2.602562
1356445024039,2.4457555,-7.343157,-3.044722
1356445024079,-0.6449027,-7.0715656,0.56648433
1356445024119,-0.48093605,-1.8802004,-0.071534604
1356445024164,1.7213817,4.134169,0.16145366
1356445024220,4.671825,7.328904,-0.5460267
1356445024239,3.017735,8.362597,0.49975753
1356445024279,3.2193086,6.6776953,2.4484444
1356445024319,1.8455702,4.68372,9.194946
1356445024359,-3.2793849,-2.0950956,9.186683
1356445024399,1.8690822,-2.3688374,11.500126
1356445024439,-1.3024311,-2.2870398,3.5280955
1356445024479,-1.3272352,-2.5146952,-4.5666566
1356445024519,0.47446692,0.3637352,-0.0057629347
1356445024559,-3.0697236,-1.2764487,-4.2222652
1356445024599,1.0226496,0.6970849,-2.2561243
1356445024639,0.4017942,2.1691442,-2.7787633
1356445024679,-0.8935585,2.3018017,-4.3982096
1356445024719,-0.44494462,1.2971287,-3.7469394
1356445024759,-0.3294809,-0.68404675,-1.7819302
1356445024799,-1.50563,-1.1891794,-1.9828308
1356445024839,-2.8079038,-1.0467882,-2.9989524
1356445024880,-1.3160563,-2.4656682,-2.6485858
1356445024919,-1.5566664,-5.3355913,-2.2362018
1356445024959,1.7515389,-8.008509,-3.1776829
1356445024999,-1.4525819,-7.581395,0.72845846
1356445025038,0.4256134,-1.3405113,-0.8230965
1356445025078,2.7167742,4.9312086,0.8265299
1356445025115,4.524086,8.401493,0.5464897
1356445025158,2.9268525,8.495033,1.0660003
1356445025217,3.1412873,5.463848,2.2321687
1356445025239,0.391397,3.820437,8.193828
1356445025279,-3.325096,-1.8502102,10.711315
1356445025319,-0.3699894,-1.8209629,9.815728
1356445025359,0.7089428,-0.0028409958,3.5711012
1356445025399,0.4645145,-4.5600867,-2.7697754
1356445025439,-0.71439266,-0.060896397,0.055692673
1356445025479,-1.960365,-1.6737771,-3.5815501
1356445025519,-0.22993493,-0.80592203,-2.8317456
1356445025559,0.1958785,1.9513121,-3.8471713
1356445025599,-0.41635776,3.2721033,-3.809082
1356445025639,-0.9159517,1.9883971,-3.9433086
1356445025679,-0.09127855,-0.12323284,-3.5654774
1356445025719,-0.49451303,-1.2425442,-2.0925782
1356445025759,-3.2536502,-1.2540369,-2.665614
1356445025799,-0.38912582,-1.9957542,-1.9084322
1356445025839,-1.4455204,-2.7912202,-2.7737737
1356445025879,-1.7533209,-5.0701137,-1.4889433
1356445025919,-0.31675935,-6.718704,-2.431832
1356445025959,-1.7584856,-5.6588154,-1.3984799
1356445025999,1.6054146,-0.22646236,-0.45839787
1356445026039,3.0661192,3.8098388,0.35737038
1356445026079,4.959768,7.432042,0.015600443
1356445026120,4.1067104,6.970233,1.3286344
1356445026159,2.2365723,7.014615,5.17033
1356445026218,0.32105064,4.71736,10.207843
1356445026239,-2.9810164,-3.028386,8.7086
1356445026279,-0.2991612,0.10714722,9.374352
1356445026319,0.78350127,-1.6264734,1.519629
1356445026359,-0.1027894,-5.6235166,-2.578347
1356445026399,-0.7945826,0.009837627,-0.479863
1356445026439,0.9755658,-2.7481623,-4.9052076
1356445026479,-2.4328265,0.6451616,-0.994985
1356445026519,-0.75035477,3.853698,-2.3961473
1356445026559,-3.061689,2.1581154,-3.9209633
1356445026599,-1.0995371,3.1723032,-4.028592
1356445026639,0.46733308,0.16867638,-2.1803102
1356445026679,-1.1185317,-1.1598635,-2.6781993
1356445026719,-1.3646748,-2.7580833,-2.1962152
1356445026759,0.64030266,-2.9875627,-2.5467362
1356445026799,-1.9358952,-3.9425974,-4.1735353
1356445026839,-0.6919613,-4.707236,-1.4759836
1356445026879,0.5618112,-7.237202,-1.5861301
1356445026919,-1.7929912,-3.9649572,-0.11330587
1356445026959,-0.33023834,0.5480242,-0.45368218
1356445026999,3.208713,5.1792345,0.80239916
1356445027039,3.7597816,9.045104,0.006594181
1356445027079,3.471021,8.240618,0.9793659
1356445027119,2.4032602,6.0799994,5.857376
1356445027159,-0.9639392,-0.29121113,9.922969
1356445027218,-1.2661133,-3.6385345,11.213181
1356445027239,-0.9439595,0.7319546,7.9005356
1356445027279,0.29848504,-4.7373247,0.16176409
1356445027318,2.652578,0.1465168,-1.5860295
1356445027360,-1.2060139,-1.4979291,-2.261994
1356445027399,-1.3283973,-1.8200254,-2.821592
1356445027440,1.3530601,0.9913688,-2.4887335
1356445027479,-0.99503994,2.2479239,-3.0599833
1356445027519,-0.7287464,2.1267982,-4.6074347
1356445027578,0.49683642,1.1483254,-2.8986664
1356445027598,0.26609135,-1.269454,-2.189166
1356445027638,-2.1058145,-0.87025166,-2.7929091
1356445027675,-2.53089,-2.2050924,-2.8542485
1356445027718,-0.87135863,-2.8889952,-3.7701707
1356445027758,-0.78844285,-5.080673,-2.5358362
1356445027803,0.73440695,-6.31623,-1.6119777
1356445027847,0.23551583,-5.6907196,0.20925748
1356445027887,0.672673,0.5768585,-0.036078274
1356445027927,2.2274384,5.0126586,0.78854066
1356445027969,3.1512249,7.71098,-0.0783242
1356445028009,2.9213297,7.395958,1.1196007
1356445028049,3.4738526,4.7200522,3.802962
1356445028095,-0.5522728,3.0149097,9.181271
1356445028130,-2.781624,-2.771862,11.608729
1356445028169,0.39886093,1.6071157,8.827905
1356445028218,1.5074127,-1.3142862,1.195666
1356445028249,-2.1694326,-5.8871145,-0.9552305
1356445028289,-0.85607016,0.59987164,-0.41745198
1356445028329,-1.3401078,-2.6434703,-3.4405086
1356445028369,-0.55284095,1.4260411,-2.8071625
1356445028409,-0.98961616,3.374813,-2.6525364
1356445028449,-0.65586853,2.316955,-4.324008
1356445028489,0.07278705,1.1904569,-3.9209805
1356445028529,0.80848825,-1.1198006,-2.8578424
1356445028569,-0.6463618,-1.6418266,-2.4003575
1356445028610,-2.3541756,-1.9707346,-3.3416457
1356445028649,-0.7939563,-2.0426822,-1.9301769
1356445028689,-2.0870616,-4.41093,-2.4317179
1356445028729,0.516803,-7.0235257,-3.7111032
1356445028769,-0.7636547,-7.1146526,-0.5414751
1356445028809,0.42621088,-2.5701056,-0.28535694
1356445028849,0.73304486,2.491322,1.8648387
1356445028889,3.5806437,7.2908545,-0.042292893
1356445028929,3.5467474,9.1891575,-0.17803407
1356445028969,3.1742463,6.62697,2.994248
1356445029009,3.3744836,5.118148,6.55898
1356445029049,-3.2172863,-1.3906364,10.366472
1356445029089,-1.4373236,-1.9542208,11.027389
1356445029129,-0.2974844,2.2387547,4.482586
1356445029169,0.3792597,-7.1589823,0.3191092
1356445029218,-0.9256476,-0.18500185,-1.3736838
1356445029248,-0.3185104,0.72864294,-4.165532
1356445029289,-1.4693359,-1.4605665,-2.249868
1356445029329,-0.6174221,2.3922896,-3.7430034
1356445029369,-0.49525166,3.0728474,-4.077961
1356445029409,-0.5089841,1.6320653,-4.852555
1356445029449,0.5779544,-0.8453274,-2.9647048
1356445029489,-0.6809857,-1.7983971,-2.2990403
1356445029529,-2.195919,-2.439496,-1.9342576
1356445029569,-2.053554,-2.180993,-3.2775195
1356445029609,-2.8478055,-5.233235,-3.2727838
1356445029649,1.8466185,-6.7179394,-3.1439533
1356445029689,-1.7602742,-7.1880264,-0.24802369
1356445029729,-0.7558942,-2.9247046,-0.979402
1356445029769,0.6611233,2.8439221,0.99692565
1356445029809,3.3826416,7.0964465,0.41383535
1356445029849,4.5603995,7.2863355,-0.014682174
1356445029889,4.643888,9.577984,3.425114
1356445029929,0.24752164,5.3007846,7.773074
1356445029969,-4.57441,-1.28578,11.203469
1356445030009,0.2811587,-2.1650248,9.775784
1356445030049,0.91356564,2.3793225,5.1570206
1356445030089,-0.5729463,-5.7992296,-1.4078388
1356445030128,-0.04553771,-0.9188709,0.19512928
1356445030167,-1.6252329,-1.3486285,-4.663556
1356445030219,-1.4055672,-1.3953075,-3.409861
1356445030249,1.820661,1.2638755,-2.7735333
1356445030289,-0.63042355,3.1587377,-4.3297668
1356445030329,-0.9137709,1.2469506,-3.9242923
1356445030369,0.29784536,0.101140976,-2.5238588
1356445030409,-1.4683237,-1.1409197,-2.4411895
1356445030449,-2.2153108,-1.6952486,-2.3489826
1356445030489,-1.0824504,-2.9903631,-2.7518368
1356445030529,-2.4226475,-4.5796394,-3.4334748
1356445030569,1.2842969,-5.839036,-1.80865
1356445030609,-1.2157257,-6.2371273,-1.2424335
1356445030649,-0.758893,-2.5787039,-0.08051473
1356445030689,0.78325677,2.1207037,0.0024225712
1356445030729,2.9842725,6.14829,0.24074417
1356445030769,3.7088618,7.816554,1.2144086
1356445030809,3.3741064,7.7992573,2.3471828
1356445030849,2.3881688,5.8591366,5.5390186
1356445030889,-2.26353,-1.3556871,8.672653
1356445030929,1.4647745,-3.1346703,11.558652
1356445030969,-0.9826777,3.3494983,8.739429
1356445031009,0.23975205,-2.5961952,-1.1392493
1356445031049,0.6734561,-5.0802054,-0.28055328
1356445031089,-0.06668782,2.7322154,-1.2339569
1356445031129,-2.6444135,-3.0495734,-7.4334564
1356445031169,-0.8466761,1.2514963,-1.1843913
1356445031217,-0.9449775,2.1221733,-4.032176
1356445031249,-0.9698343,1.4726114,-4.3012004
1356445031289,0.08727479,1.339118,-3.7125642
1356445031329,0.0021822453,-1.5540628,-2.9622736
1356445031369,-2.0085864,-0.9854994,-1.9244764
1356445031409,-1.1876757,-2.5492635,-1.1772665
1356445031449,-1.6452146,-3.492662,-4.223594
1356445031489,-1.8432388,-4.6294513,-1.949739
1356445031529,2.1506968,-6.115255,-0.9427527
1356445031569,-2.4934952,-6.816637,-1.9141498
1356445031609,-0.09770346,-2.3739548,0.6749228
1356445031649,3.5511987,3.9004931,0.23755974
1356445031689,3.4769464,7.257697,0.7629967
1356445031729,3.6652668,7.7802496,1.1567404
1356445031769,2.8529692,7.5406814,2.6254678
1356445031809,1.6251045,5.196407,7.164302
1356445031849,-2.3860137,-1.6015244,10.716609
1356445031889,1.3427857,-2.3673363,10.357752
1356445031929,1.9631131,-0.97862434,4.5049944
1356445031969,-0.9993398,-2.8652706,-0.79537433
1356445032009,-0.5132458,-0.31733418,-0.051592708
1356445032048,-1.8454221,-2.4365773,-3.7674947
1356445032088,-0.40340424,0.044557095,-2.1177611
1356445032125,-0.19757175,2.1204119,-3.0265393
1356445032260,-0.9274589,3.2069335,-4.4222703
1356445032275,-1.4311926,2.1282463,-5.2507534
1356445032276,0.14837456,-0.30429268,-2.9599073
1356445032287,-1.0952296,-2.2015162,-3.0891855
1356445032315,-2.2440317,-2.7126064,-2.9369664
1356445032358,-2.7794893,-2.9301834,-3.1763396
1356445032398,-2.4590766,-4.5989947,-4.6463456
1356445032438,2.3019826,-4.5158143,-2.0031135
1356445032478,0.100554466,-7.357147,-1.3251498
1356445032517,-0.7125747,-4.5696545,-0.04914835
1356445032558,1.0043032,1.268302,0.01213491
1356445032598,3.1071365,6.221463,-0.06688106
1356445032638,3.2917807,7.831255,1.312301
1356445032678,3.0512097,8.31652,2.5821004
1356445032718,2.1671512,6.374144,5.824148
1356445032757,-1.969141,0.8688593,9.388476
1356445032798,-0.93153214,-2.411912,10.908062
1356445032837,1.0346154,-0.17699432,7.132532
1356445032878,-1.0027561,-5.7527695,0.38036665
1356445032917,0.9365661,0.38063717,-1.6078854
1356445032957,-0.81628454,-1.4355955,-1.857953
1356445032997,-1.6726809,-0.2240262,-3.7866418
1356445033037,-0.069425106,2.3409948,-3.0033379
1356445033078,-1.5213985,3.1457615,-4.9796853
1356445033118,-0.04678774,2.1682076,-4.827433
1356445033157,-0.777935,0.31746435,-2.2941172
1356445033199,-0.70158243,-1.5872955,-3.697013
1356445033239,-2.1940079,-2.903102,-1.3812562
1356445033300,-1.9578462,-2.4492617,-2.616799
1356445033319,-1.4260058,-3.013278,-2.5246394
1356445033359,-0.3961494,-7.541711,-3.9463072
1356445033399,2.2993686,-9.519143,-2.0408683
1356445033439,-0.5359957,-4.6369705,1.516896
1356445033479,1.0116863,1.4815807,0.11446005
1356445033520,2.9694364,6.1626005,-0.5368004
1356445033558,3.3332462,9.203772,0.642903
1356445033598,2.9836953,9.178803,2.0172932
1356445033636,1.8625345,6.6036696,6.1904163
1356445033678,-2.4220924,-1.6781559,10.104992
1356445033717,0.6159735,-1.6097202,11.086216
1356445033757,1.277759,1.1814346,5.4333506
1356445033798,-1.4823437,-6.3844404,-0.57473695
1356445033838,0.215209,0.3779497,0.021179974
1356445033879,-2.0967402,-2.7656603,-4.7870417
1356445033919,-0.23474455,-0.13056135,-2.42594
1356445033959,1.1172805,2.321207,-2.505291
1356445033999,-0.4461136,3.3001833,-4.825562
1356445034039,-0.9623203,2.0155845,-3.9414618
1356445034079,-1.1038907,0.0775795,-2.7362616
1356445034119,-1.977329,-1.3323641,-2.1843996
1356445034159,-3.6254108,-2.1581984,-2.1939807
1356445034198,-1.4082198,-2.700139,-1.7341998
1356445034237,-1.3413727,-5.062476,-2.993269
1356445034300,1.9187287,-5.606962,-3.5594957
1356445034319,0.9916142,-6.595025,-0.7093948
1356445034359,0.26312184,-4.176302,0.17764783
1356445034399,1.0566144,1.8577433,0.91760343
1356445034439,2.4669185,6.419278,0.50743645
1356445034479,3.588492,8.866578,-0.30208504
1356445034519,2.9060924,8.879005,2.8165708
1356445034559,2.3524594,6.4721327,5.1507783
1356445034599,-2.8541303,-1.5016785,9.669373
1356445034639,-2.2947133,-2.891304,10.678719
1356445034679,-1.1208117,-0.29458714,6.092821
1356445034719,-0.36053252,-5.56717,-2.604251
1356445034760,1.4429674,1.2974553,-0.10627091
1356445034799,-1.6360226,-2.168611,-4.143427
1356445034839,-0.15504336,0.67289734,-1.3691163
1356445034879,0.9588636,2.4698572,-3.4657245
1356445034919,-1.5652375,2.2128224,-3.1503942
1356445034959,-0.19991136,1.3141623,-3.6314921
1356445034999,-0.6288719,-0.07990074,-3.214501
1356445035039,-2.5583558,-1.6018562,-2.1704097
1356445035079,-2.0768461,-2.3649616,-2.651388
1356445035119,-0.1577928,-2.6546326,-1.313712
1356445035159,-0.425601,-4.3670764,-2.2257195
1356445035199,1.0898299,-5.444604,-3.5377915
1356445035239,1.2752489,-7.3108997,-0.17359065
1356445035298,-0.21377993,-4.46836,0.8843772
1356445035319,0.23758721,1.2309484,0.64437467
1356445035359,3.996908,5.9929924,0.539958
1356445035399,2.4265182,8.810784,1.4604486
1356445035439,1.2396804,8.999464,1.7149025
1356445035479,2.2454352,6.585598,6.356804
1356445035519,-2.508491,-0.92767525,10.049334
1356445035559,0.9156896,-2.602623,8.707191
1356445035599,0.49172282,2.2624698,7.1818542
1356445035639,-1.9096876,-5.4410496,-1.8877252
1356445035679,-0.33523035,0.798892,0.44668257
1356445035719,-2.4472704,-2.3258686,-5.589754
1356445035759,-0.115513444,-1.4537373,-1.9554335
1356445035799,-0.023838043,3.0626955,-2.6018755
1356445035839,-0.7359712,1.6941891,-4.312333
1356445035879,-0.2890036,2.7226725,-5.6564965
1356445035919,-0.4907055,0.7063165,-2.7066658
1356445035959,-0.944366,-1.3101845,-3.0288017
1356445035999,-2.1543727,-2.9290628,-2.168414
1356445036039,-1.2905884,-2.8462453,-3.1562722
1356445036079,-1.590867,-4.665914,-5.4757857
1356445036119,2.2412467,-6.777005,-1.4024295
1356445036159,0.29759264,-8.303064,-1.7521464
1356445036199,0.07294059,-5.0946865,-0.042593002
1356445036239,2.3739786,2.5983334,0.8309721
1356445036301,2.129694,6.2838926,0.91935
1356445036319,1.943035,10.681773,0.58667505
1356445036359,3.4403064,9.049454,3.7191281
1356445036399,-0.1469152,5.565471,7.2460537
1356445036439,-3.026154,0.19525814,8.805708
1356445036479,0.12821054,-1.9936161,10.644636
1356445036519,-0.122252464,-2.8293476,7.2650957
1356445036560,1.6227818,-3.4836788,-2.1974797
1356445036599,1.3004857,0.3658676,-0.42807305
1356445036639,-2.4332037,-3.6734576,-3.6611118
1356445036679,-0.66769695,0.14484596,-1.3513458
1356445036719,-0.18004179,2.0390358,-4.345547
1356445036759,-0.45203042,2.2772794,-4.595077
1356445036799,0.026079416,1.8279676,-3.1626515
1356445036839,0.4704591,0.42538118,-3.4819415
1356445036879,-1.307652,-1.6732788,-2.354601
1356445036919,-2.2479293,-1.8548117,-1.7155098
1356445036959,-1.3887861,-1.6466646,-2.5832872
1356445036999,-1.3154881,-4.292529,-4.362872
1356445037039,0.7087189,-5.958165,-3.0299528
1356445037079,1.3000069,-7.5838776,-1.6035876
1356445037136,-2.1381526,-5.5887423,0.26870525
1356445037158,1.3513732,1.4786124,-0.29741627
1356445037198,3.187693,7.0474086,-0.08642799
1356445037240,1.654676,9.016189,1.1052787
1356445037278,3.4654894,8.845791,2.9022555
1356445037307,2.500215,6.160387,5.434221
1356445037339,-1.7982459,3.2081208,8.656073
1356445037379,-3.280083,-2.2208471,9.928457
1356445037420,-1.1858099,-1.279933,10.157562
1356445037459,-1.5953209,-1.2743149,5.0722857
1356445037499,1.0538251,-3.0253534,-4.0242195
1356445037539,0.32176447,-0.28326464,1.0333439
1356445037579,-1.3436098,-2.2594128,-2.830213
1356445037619,0.98444796,1.6924319,-3.0695865
1356445037659,-0.8728502,2.2656212,-4.4784975
1356445037699,-1.309808,2.0067697,-3.7348354
1356445037739,-0.30255556,2.0213451,-4.2135997
1356445037779,0.60399604,0.17575836,-2.5191622
1356445037819,-0.38088942,-1.0689249,-3.1257586
1356445037859,-2.109815,-2.4475355,-2.723657
1356445037899,-1.6874743,-2.2795324,-2.3784804
1356445037939,-0.89650774,-4.840862,-3.8835115
1356445037979,0.9440348,-3.981831,-3.0756304
1356445038019,3.1192021,-4.470705,0.37035355
1356445038059,-0.7592871,-4.810376,-0.6661489
1356445038099,0.6775086,0.16955471,-0.52264386
1356445038139,1.6800648,3.5914388,2.314646
1356445038179,1.9073744,6.851332,1.3106512
1356445038219,2.8735442,6.1407833,1.5084468
1356445038259,2.0447793,5.8453617,2.3866
1356445038300,0.4965353,4.7680264,6.8324757
1356445038338,-2.2553847,-0.2909336,10.120225
1356445038379,-1.8101335,-2.109106,9.975051
1356445038419,-1.4967284,-2.244543,4.401927
1356445038459,0.8500563,-1.4616623,-2.857555
1356445038499,2.337083,-0.50050783,-0.45790774
1356445038539,-1.9799323,-3.2155766,-3.537133
1356445038579,-1.2849197,0.008594513,-2.5319414
1356445038619,-0.12347674,1.018609,-3.4071815
1356445038659,-0.1634779,2.6829948,-4.0965295
1356445038699,-0.4262061,1.7846966,-3.6618216
1356445038739,0.1749103,-0.11390877,-3.0239627
1356445038779,-1.8350065,-1.5085526,-2.5777028
1356445038819,-2.1608953,-1.8541908,-2.234606
1356445038859,-0.8299959,-2.504385,-3.0133235
1356445038899,-1.4367666,-4.9356794,-3.556942
1356445038939,1.7868716,-4.6608715,-0.65362334
1356445038979,1.4705304,-6.197983,-1.5011661
1356445039019,-0.47957087,-4.9933605,-0.27003098
1356445039059,2.2413793,1.7716751,1.8365662
1356445039099,2.5606284,5.193134,0.7500669
1356445039139,1.8563896,7.2357836,0.35435617
1356445039178,2.9321983,7.8244944,2.2415733
1356445039219,0.8180864,5.5849276,5.2976685
1356445039259,-1.6901698,4.3542895,8.4001665
1356445039301,-2.300356,-2.1093702,7.6383705
1356445039341,-1.9947815,0.7268982,8.619749
1356445039379,1.4633228,-2.8989563,1.0385948
1356445039421,-0.13153934,-5.305651,-1.7528658
1356445039459,-1.5008094,0.09293938,-1.5556577
1356445039499,-1.2527854,-2.6787677,-3.7824366
1356445039539,0.36938345,1.9821897,-3.795023
1356445039579,-0.683686,2.068305,-3.2358863
1356445039619,0.4349761,1.2881904,-3.8975306
1356445039660,0.22548032,1.0132117,-3.3448727
1356445039699,0.7622839,-0.9031143,-3.0696058
1356445039739,-1.459311,-1.4081364,-2.6956234
1356445039779,-2.6730223,-2.0634336,-3.1095724
1356445039819,-2.2422614,-3.2345371,-2.9619265
1356445039859,-0.8564098,-3.7299995,-3.0054178
1356445039899,2.7162468,-5.432191,-1.2221525
1356445039939,0.19724321,-6.369027,-0.14794526
1356445039979,-0.09959984,-1.8243275,0.17017543
1356445040019,2.132638,2.9215355,1.1108055
1356445040059,2.0235043,5.9630527,0.84986794
1356445040099,2.4869514,7.5094147,1.1094048
1356445040139,3.1205504,6.676586,2.7770987
1356445040179,1.9061601,6.648188,6.23734
1356445040219,-3.3240914,1.4552393,9.939855
1356445040259,-3.0929863,-3.4419708,9.748605
1356445040300,-2.1442313,1.8411498,7.3511357
1356445040339,0.55140996,-6.8216276,0.45878625
1356445040379,0.6640247,-1.6151505,-0.92689574
1356445040419,0.14243591,-2.1069942,-2.9058597
1356445040459,-1.6749656,-1.8461847,-2.6357543
1356445040499,-0.8268111,2.366273,-3.8343813
1356445040539,-0.83518124,3.5895185,-4.4037533
1356445040579,-1.1736419,2.620143,-3.9419732
1356445040619,-0.10843992,1.8604093,-3.8640668
1356445040659,0.07553363,-0.100317955,-3.057088
1356445040699,-0.567533,-1.5073452,-3.424189
1356445040739,-1.2089162,-2.1875372,-2.982699
1356445040778,-1.0697923,-2.348051,-2.7842636
1356445040819,-1.4488239,-3.831019,-3.8989506
1356445040859,1.0006213,-4.1394906,-1.2731864
1356445040899,1.4298103,-6.357414,-0.66909957
1356445040939,-1.6183555,-5.1710854,-0.7804539
1356445040979,-0.6805849,0.69218016,0.7016579
1356445041019,2.660093,4.332072,1.0994693
1356445041059,3.4838579,5.7658734,1.031946
1356445041099,2.6985798,8.036028,3.285037
1356445041139,3.2204676,5.777176,4.232327
1356445041179,0.63341355,1.9455786,8.819968
1356445041219,-2.76462,-1.5627012,8.754077
1356445041259,-2.3105254,0.2745123,9.055168
1356445041300,-0.5300765,-0.877285,4.2821765
1356445041339,-0.035220385,-2.9775896,-5.4274406
1356445041379,1.7831174,0.11583471,1.1289561
1356445041419,-1.8138099,-3.4386048,-5.059437
1356445041459,-1.1143272,0.08823347,-3.2753122
1356445041499,0.4892776,1.2719402,-3.0516498
1356445041539,-0.43930507,1.9220548,-3.6768658
1356445041579,0.16067958,2.1525855,-3.5731764
1356445041637,0.38665843,-0.36597157,-2.6706831
1356445041658,-1.440927,-1.3366404,-2.9421334
1356445041698,-1.9801593,-1.9336586,-1.4380755
1356445041735,-1.2958701,-1.7014904,-1.8464661
1356445041778,-1.3266923,-2.6017075,-2.6795487
1356445041818,-0.12543893,-5.662777,-2.0240972
1356445041858,1.367451,-7.7372675,-0.95123994
1356445041897,-1.8785579,-3.8982954,1.5583084
1356445041938,0.9285145,1.212306,-0.49824506
1356445041978,2.6072373,5.5540915,0.47472167
1356445042018,3.956456,7.5371237,0.07569909
1356445042057,3.4102,7.1670732,1.8512573
1356445042097,2.1405187,5.7346463,3.3005314
1356445042138,0.12567139,2.2108712,7.3991385
1356445042178,-1.3137989,-2.974988,10.848176
1356445042218,-0.34031916,-0.7053671,9.722984
1356445042257,-0.42073536,-2.1016788,2.9733195
1356445042301,-0.5159557,-3.4718924,-4.4025126
1356445042339,0.17506993,0.13057566,-0.24239016
1356445042379,-1.9166154,-3.1760783,-4.4076805
1356445042420,1.1959718,0.8064804,-1.4827801
1356445042459,0.05819416,2.9977446,-4.0739503
1356445042499,-0.8760481,2.6711702,-3.818795
1356445042539,-0.82513785,0.9187074,-3.522108
1356445042579,-1.1718035,0.55067587,-2.5789063
1356445042619,-1.9767416,-0.9987726,-3.678286
1356445042659,-2.7475457,-2.183013,-3.3425155
1356445042699,-0.69987464,-3.4720364,-2.2650878
1356445042739,-2.398961,-4.0444937,-1.4222349
1356445042779,1.0767504,-5.347311,-0.70219254
1356445042819,-0.55837464,-5.5234222,-1.0221572
1356445042859,-1.5002813,-3.6540232,1.1207103
1356445042899,1.9332095,1.8268633,-0.8292633
1356445042939,2.560565,6.656744,0.10522914
1356445042979,2.3363318,6.97931,0.33960104
1356445043019,5.050787,7.7856503,2.437859
1356445043059,5.276584,4.8536325,4.4062915
1356445043099,-1.4043701,-0.35416126,8.721117
1356445043139,-0.24903703,-1.6442308,10.343195
1356445043179,-0.30093026,0.41981316,6.121251
1356445043219,-0.27560687,-3.748887,2.880656
1356445043259,0.5774448,-1.5249591,-2.3375955
1356445043301,-0.37183976,0.029506683,-0.91499645
1356445043339,-3.1073236,-3.1570559,-5.707792
1356445043379,0.6328709,0.7069597,-3.0950596
1356445043420,-0.9742422,2.3524446,-3.0952346
1356445043459,-1.8926926,1.6500168,-2.8340187
1356445043499,0.1992203,1.9529705,-2.673224
1356445043539,-1.1717875,1.2286739,-3.857693
1356445043579,-1.5643482,-0.9521704,-2.2170856
1356445043619,-2.5224948,-1.7079306,-2.8609152
1356445043659,-0.7028246,-3.8459291,-1.7105435
1356445043699,-4.06121,-3.903717,-5.00548
1356445043739,0.97874415,-5.1898484,-1.8012452
1356445043779,2.7023299,-6.6169863,-1.3356936
1356445043819,-2.5360498,-4.4931183,1.1389073
1356445043859,1.4544494,0.7551422,0.38347745
1356445043899,3.2940862,5.382489,1.1433796
1356445043939,3.2129946,7.438219,0.85117173
1356445043979,3.547877,8.2210455,1.3911935
1356445044019,3.587988,7.3828573,5.5435057
1356445044059,-0.7245164,1.6856022,7.1222935
1356445044099,-1.8214118,-3.1910343,9.491685
1356445044139,-1.7502041,0.8242693,10.135982
1356445044178,-1.1601529,-3.4240036,0.5128571
1356445044218,1.8253489,-0.6879077,-0.85803986
1356445044257,-1.1184914,-0.39917326,0.52884877
1356445044301,-1.3858156,-3.4480715,-3.6289158
1356445044339,0.8754225,1.104794,-3.3896387
1356445044379,0.29226804,2.1140819,-2.7627225
1356445044419,-0.020303965,2.1607418,-3.1849551
1356445044459,-0.65588737,0.84858465,-3.6219828
1356445044499,-0.26042056,0.04876232,-3.6427965
1356445044539,-2.0959399,-2.4085855,-3.5854285
1356445044579,-0.84695005,-1.9742947,-3.251058
1356445044619,0.7134968,-3.3454146,-1.9939058
1356445044659,-2.3350368,-3.694148,-3.9784837
1356445044699,-0.036149263,-3.9368868,-1.8461407
1356445044739,1.8702114,-5.4053707,-0.6199122
1356445044779,-0.5252843,-3.5266829,-1.5183747
1356445044819,2.194946,0.11873436,-0.5579356
1356445044859,2.2333448,4.106436,2.0649157
1356445044899,2.8259618,5.63158,1.5074396
1356445044939,2.6512446,6.610217,2.6463785
1356445044979,2.1397567,7.1347914,3.8212461
1356445045019,-0.066788435,3.8587422,8.01244
1356445045059,-3.1046295,0.027339935,10.191406
1356445045099,-2.919881,-1.6217852,8.833102
1356445045139,0.16982698,-2.9185677,4.3543053
1356445045179,0.64829695,-4.2841816,-2.5383735
1356445045219,0.31433928,1.7474194,0.47135317
1356445045259,-1.0078027,-3.9135323,-4.0298605
1356445045300,0.11204493,-0.21129465,-3.1876671
1356445045339,0.39686048,2.2130365,-3.7490122
1356445045379,-1.0023654,1.6527219,-3.50456
1356445045420,0.44181395,1.6509795,-2.5847733
1356445045459,-0.13074493,0.56852484,-4.1897397
1356445045499,-1.1056871,0.061347008,-2.6978395
1356445045539,-2.280136,-2.012227,-2.8537395
1356445045579,-3.0615377,-1.9709806,-3.3543308
1356445045619,-1.3532343,-3.1449633,-1.54171
1356445045659,-2.6508083,-3.8119383,-3.1987228
1356445045699,2.6643076,-6.675048,-0.80077904
1356445045739,-0.64448094,-6.4142275,-0.35492763
1356445045779,0.37583852,-0.9267931,-0.29620403
1356445045819,1.6954421,2.8219051,0.75969535
1356445045860,2.6884756,7.9396954,0.9411265
1356445045899,3.662895,8.845471,1.6602607
1356445045939,1.5953408,6.8086014,2.533174
1356445045979,1.6467985,4.3406253,6.6058054
1356445046019,-2.2876616,-0.86701584,8.714818
1356445046059,-0.399117,-2.499342,12.373445
1356445046099,0.111288786,-1.3922873,5.4231796
1356445046139,-1.2013671,-4.4744053,-3.1952393
1356445046178,1.2248688,1.7399383,0.54822683
1356445046218,-2.8719897,-4.108118,-4.4596615
1356445046255,-0.40761006,0.28389692,-2.1565158
1356445046298,0.97454464,2.505825,-3.8457134
1356445046340,-1.1302187,2.670971,-4.041854
1356445046379,-0.8609464,1.2785702,-3.5306106
1356445046419,-0.28885078,0.049915314,-2.8519287
1356445046459,-0.6843772,-0.5262928,-2.678856
1356445046499,-2.8340878,-1.7786198,-3.335733
1356445046539,-0.9115734,-3.1899366,-2.672413
1356445046579,-2.2275844,-4.7487946,-2.690221
1356445046619,0.9375361,-5.1205206,-2.5833714
1356445046659,1.5374237,-6.987875,-1.4860852
1356445046699,-0.72338605,-4.4338427,0.1671489
1356445046739,0.89599776,1.2734232,0.26318115
1356445046779,2.1542614,5.9103594,0.9448728
1356445046819,3.8975568,7.7521896,1.3971114
1356445046859,2.6395614,7.6842327,1.9800435
1356445046899,2.1524627,6.979183,4.00965
1356445046939,-0.7630968,3.6635962,7.4779277
1356445046979,-3.6068523,-2.876834,8.786903
1356445047019,-2.399413,-1.3705053,8.195649
1356445047059,-0.06676388,0.43415976,4.582175
1356445047100,-0.025282145,-5.8020296,-3.725123
1356445047139,1.8495406,1.5946326,1.5855575
1356445047179,-2.6441393,-4.624971,-5.257954
1356445047219,-1.1713498,-0.022347927,-2.5846412
1356445047259,3.0397558,1.3204508,-3.4924371
1356445047299,-0.41000104,2.2840252,-3.8649478
1356445047339,-0.17995834,2.080564,-4.088368
1356445047379,-0.14715338,-0.07594395,-3.0640612
1356445047419,-0.8330445,-0.44993496,-2.678981
1356445047459,-2.6259146,-1.4711905,-2.740152
1356445047499,-1.9012437,-2.4780464,-2.1965194
1356445047539,-1.9525814,-4.5775795,-4.0334167
1356445047579,1.3921976,-4.33947,-1.7053618
1356445047619,2.4175456,-5.984769,-0.87945735
1356445047659,-1.0651927,-4.8615932,0.720272
1356445047699,1.1577294,0.13863182,-0.12713623
1356445047739,1.1197982,5.201042,0.5711932
1356445047779,2.4625406,7.0807476,0.41159052
1356445047819,2.527291,7.8334384,2.4467192
1356445047859,2.7420707,6.1183543,3.8602712
1356445047899,0.22209549,5.0531535,8.826493
1356445047939,-3.6956468,-0.77780914,8.13418
1356445047979,-0.87560797,-1.8747768,9.955434
1356445048019,-0.07586217,1.8555808,5.947436
1356445048059,-1.1491318,-6.6352916,-2.7316442
1356445048099,0.95190406,-1.1437297,-0.1284064
1356445048139,-0.4834659,-1.3874726,-1.9303094
1356445048179,-3.3618052,-2.692566,-5.4518447
1356445048219,0.24878168,1.768817,-2.4459305
1356445048259,-2.148987,2.3114839,-3.216443
1356445048301,-0.46468902,3.275887,-3.500405
1356445048340,1.4432526,1.3418884,-4.083764
1356445048379,1.5170444,-1.8052454,-1.6944525
1356445048419,-1.1377926,-2.1478252,-2.279184
1356445048459,-0.19022799,-2.9416866,-2.8141005
1356445048499,0.017726898,-4.473973,-3.8232458
1356445048539,-0.98760366,-4.4461136,-3.0093112
1356445048579,2.6952515,-5.4968133,-1.660419
1356445048619,-1.1561689,-6.2772846,-0.93690073
1356445048659,-1.1001945,-1.9011354,-0.62838876
1356445048699,1.2459694,3.4095192,-0.04856974
1356445048739,2.4944763,7.2674847,0.16490036
1356445048779,4.2684565,8.396137,0.9010782
1356445048819,3.173382,8.096458,3.2825847
1356445048859,0.36101937,4.26534,7.02367
1356445048899,-3.6308415,-0.22407818,9.5606785
1356445048939,-0.24061728,-2.3337069,9.930102
1356445048979,-0.99710155,-2.8994455,7.54968
1356445049019,-1.8026893,-2.1296053,-2.3354568
1356445049059,3.3833802,2.8137512,-0.44054425
1356445049099,-3.2090054,-4.3237233,-3.178863
1356445049139,-1.181,-0.9726863,-1.6173067
1356445049177,0.88868237,1.2598863,-3.4314895
1356445049217,-1.1420124,2.1848073,-4.2229123
1356445049257,0.2437458,2.2789645,-4.471147
1356445049301,0.8102795,1.2756195,-2.6614375
1356445049339,-0.22901177,-1.3334379,-2.6356127
1356445049379,-2.1294622,-1.4921999,-2.9635587
1356445049419,-1.5716453,-2.465561,-2.9063213
1356445049459,-1.460968,-2.4596844,-3.9895902
1356445049499,0.010067701,-2.84652,-2.1771176
1356445049539,3.5822268,-5.3708224,-0.40390712
1356445049580,-0.80111146,-8.517165,-0.14193118
1356445049619,-1.6493483,-4.3300896,1.4960271
1356445049659,0.19191504,1.1582751,1.9452982
1356445049699,2.7404244,5.3778534,0.72495294
1356445049739,3.4246464,7.689227,1.3829151
1356445049779,3.0189266,8.885696,2.3621535
1356445049819,2.2480655,7.117588,5.2454305
1356445049859,-2.071642,1.98878,8.934302
1356445049899,-2.4404683,-2.7558956,8.149586
1356445049939,-0.88759875,0.9738331,8.463129
1356445049979,1.5425124,-1.5131788,0.90101093
1356445050019,-0.05262363,-4.9885902,-2.5936997
1356445050059,0.15925741,0.70926523,0.4180596
1356445050099,-1.2254883,-2.8472042,-5.608242
1356445050139,-0.5148077,-0.15696716,-1.7865222
1356445050179,0.1924169,2.5824904,-3.577632
1356445050219,-1.4940856,2.0193338,-5.049012
1356445050259,0.64534295,2.0448985,-4.778498
1356445050301,0.47842324,-0.39603043,-3.2132251
1356445050339,-1.2637515,-1.1233597,-3.946566
1356445050379,-2.6756382,-1.8828697,-3.247243
1356445050419,-1.3619833,-2.7135344,-2.2481394
1356445050459,-1.9463449,-3.7261386,-2.2877507
1356445050499,-0.42169976,-4.9162736,-1.8573644
1356445050539,0.33864856,-6.40316,-1.6814073
1356445050579,-1.2475715,-4.6045103,0.32003802
1356445050619,-0.31430697,0.9525962,1.1364944
1356445050659,2.7796407,4.3215704,1.131888
1356445050698,3.1227822,7.0953636,0.72305727
1356445050738,3.355425,8.148272,1.8832943
1356445050775,3.1505275,6.4456997,4.7564
1356445050818,-0.61410904,1.870307,7.2675714
1356445050858,-2.8318582,-3.213622,10.122183
1356445050898,-0.82033014,1.089119,8.589988
1356445050937,1.4184308,-0.8122549,2.621679
1356445050978,-0.3601749,-4.805558,-3.642839
1356445051018,-0.37447238,1.4402428,1.449224
1356445051058,-1.0652125,-3.7120714,-5.150959
1356445051097,0.12042284,-0.80326796,-1.8943601
1356445051138,0.99586236,1.9569392,-3.5891259
1356445051177,-0.9535165,2.0984912,-4.2859907
1356445051218,-0.08027315,1.2127109,-3.7763464
1356445051257,-0.7913885,-0.102791786,-0.80610514
1356445051301,-1.1761348,-0.06852913,-3.2921007
1356445051339,-3.2100334,-2.3107996,-2.6343207
1356445051379,-1.96929,-2.4258585,-0.91532737
1356445051419,-0.98464656,-3.6389742,-3.072558
1356445051459,0.048984766,-3.4961243,-2.1121294
1356445051499,2.1838984,-6.1861267,-0.7669525
1356445051539,0.80543566,-5.5688486,-0.6206776
1356445051579,1.6723568,-1.281558,0.34928915
1356445051619,1.1699636,3.8056588,0.8207382
1356445051659,2.7590394,6.765482,0.1883018
1356445051699,2.9260626,7.1759443,0.7763586
1356445051739,3.9242232,7.671984,1.836544
1356445051779,0.9122933,3.9305425,7.780819
1356445051819,-3.394645,-2.872777,11.108057
1356445051859,-1.1199231,-1.0199013,8.738655
1356445051899,-0.047014594,-3.0679064,2.5724893
1356445051939,-0.15624356,1.1633453,-1.6218059
1356445051979,-2.5521538,-1.0018187,-1.1513261
1356445052019,-1.2534221,-1.8129497,-3.0157897
1356445052059,-0.08144736,1.8064651,-4.909884
1356445052099,-0.7879679,2.067327,-3.3959312
1356445052139,-0.95406675,2.9876041,-4.4510903
1356445052179,0.95899904,1.5047498,-4.585552
1356445052219,0.08147383,-0.72000885,-2.215792
1356445052259,-0.9861176,-1.5450859,-3.2617426
1356445052301,-1.5240726,-2.8557663,-2.9452527
1356445052339,-2.4710355,-3.8692493,-1.8501928
1356445052379,-2.5041084,-4.884119,-3.2968059
1356445052419,2.7901597,-4.740574,-0.22785875
1356445052459,0.98130465,-6.101596,-1.1372985
1356445052499,0.40688968,-5.1046762,0.6606187
1356445052539,1.1946194,0.41093445,1.7862607
1356445052579,2.7602172,5.7018304,0.9552196
1356445052619,3.1541278,7.826564,0.03142059
1356445052659,2.5146866,9.3400755,3.271165
1356445052699,1.7104118,6.9659505,6.0537634
1356445052739,-3.139923,1.4267826,8.90267
1356445052779,-1.4782453,-0.9205799,9.878139
1356445052819,0.63798654,0.33961773,6.4363523
1356445052859,-0.25703382,-6.271901,1.9521158
1356445052899,-0.29561663,-1.0551424,-0.92797005
1356445052939,-0.036687613,-0.89763165,-4.092592
1356445052979,-1.9298365,-1.6112986,-2.731898
1356445053019,1.6013699,1.381474,-2.795455
1356445053059,-3.6264539,0.3264389,-3.0428944
1356445053099,-0.078621626,2.6466212,-4.268463
1356445053139,1.4420948,1.7803783,-3.1432202
1356445053179,0.590767,-0.52249146,-2.5701718
1356445053219,-0.63296366,-1.2157736,-2.8875475
1356445053260,-1.6142683,-2.247878,-2.7471607
1356445053301,-1.502564,-3.151595,-2.8961127
1356445053339,-0.9446051,-4.091901,-3.304957
1356445053379,2.0944784,-3.9628344,-0.021700323
1356445053420,0.12653637,-6.178755,-2.1558242
1356445053459,-2.029771,-5.6218185,0.6112695
1356445053499,2.2725408,0.6100731,0.53852737
1356445053539,1.5443721,5.5955095,1.7167606
1356445053579,3.3056874,7.4925833,0.19960558
1356445053619,3.2597294,8.477701,0.7385148
1356445053659,2.2143936,7.2903438,4.7004437
1356445053699,0.14614987,1.9891443,7.005988
1356445053739,-3.8765278,-3.3779554,10.821988
1356445053779,-2.6908565,0.105838776,7.792064
1356445053819,0.9255606,-1.6130419,3.1290398
1356445053859,1.3253129,-3.864162,-3.0374866
1356445053899,-0.67827165,1.9416461,1.1758916
1356445053939,-1.2506378,-3.8786116,-4.318714
1356445053979,0.45740557,-0.7590127,-2.8480809
1356445054019,0.37321603,1.1710682,-2.648612
1356445054059,0.04379022,2.478866,-2.2734847
1356445054099,-0.65288234,1.3260422,-4.4723682
1356445054139,0.4871949,-0.06663227,-2.2902827
1356445054177,-0.19467044,-0.4106636,-3.6036177
1356445054217,-1.4496193,-1.6559868,-3.095018
1356445054257,-0.3914168,-2.3714228,-1.3843492
1356445054301,-1.7177358,-3.0311728,-3.2475863
1356445054339,-2.4447126,-4.8455086,-1.5571249
1356445054379,2.2588325,-5.3308554,-1.6088476
1356445054419,-2.0336084,-5.6400385,0.5853666
1356445054459,0.37943935,-1.5935049,-0.23580983
1356445054500,1.6184571,4.22245,0.6875056
1356445054539,2.05718,7.4252033,0.121828794
1356445054579,2.4607913,7.5318723,0.7380477
1356445054619,2.7786431,7.2672143,2.5157804
1356445054659,0.68222225,4.9882894,7.5402803
1356445054699,-2.4972854,-1.5410509,9.172246
1356445054739,-2.0265055,0.07417774,9.753877
1356445054779,0.4936837,-0.51442623,4.316713
1356445054819,-0.64927864,-7.8115206,-1.0516076
1356445054859,-0.69810677,2.0328608,-0.010730028
1356445054899,-1.3912607,-3.3708472,-4.381713
1356445054939,-0.7325914,-1.0364475,-2.01223
1356445054979,1.5443766,1.6570673,-3.5567904
1356445055019,-0.47181153,1.8796511,-4.253439
1356445055059,-0.3927741,1.739882,-4.010479
1356445055099,-0.60435224,0.7462492,-3.1692069
1356445055139,-0.27554083,0.6526656,-2.356597
1356445055179,-0.78596616,-2.0039587,-2.8231297
1356445055236,-1.5630653,-2.1018448,-2.3433466
1356445055258,-0.8348696,-4.888154,-4.4703183
1356445055303,-0.44040418,-3.005333,-2.6580606
1356445055335,2.400317,-3.887803,-0.5587002
1356445055365,-0.18005514,-6.9787836,-1.3985534
1356445055406,-0.026862144,-4.2696066,-0.6687037
1356445055447,2.0511642,3.0029273,0.9672027
1356445055487,1.573503,5.880242,1.5613261
1356445055528,1.9618578,6.6430817,1.3700429
1356445055568,2.5537548,7.5246706,2.0144658
1356445055607,1.8339334,5.4343076,5.6394854
1356445055647,-0.736876,2.266079,8.339704
1356445055687,-2.1676393,-1.8560772,10.169579
1356445055728,-1.0410258,0.947752,7.2076735
1356445055768,0.35946846,-3.5051384,2.2768703
1356445055808,-0.33760524,-2.9622173,-2.0974073
1356445055847,-1.7585397,0.9185753,-0.09443259
1356445055887,-1.4266747,-3.0867896,-4.3014812
1356445055927,0.5865953,-0.22958946,-2.4625177
1356445055967,-0.041673183,2.466971,-4.690385
1356445056007,0.05595398,1.5853448,-4.2204294
1356445056047,-0.46424413,1.0874553,-2.9417849
1356445056087,-0.8785641,-0.3273945,-3.6754773
1356445056127,-0.8988588,-0.28194332,-2.642971
1356445056168,-1.533823,-2.0126657,-3.0356207
1356445056207,-2.097676,-2.707756,-2.2469442
1356445056247,-0.5425086,-4.420847,-3.177258
1356445056293,0.10870767,-4.2836485,-0.12012307
1356445056332,1.993538,-4.19586,-0.6530186
1356445056369,-1.175693,-4.5070353,-0.3120876
1356445056409,1.9225514,-1.0459547,0.016060352
1356445056449,1.5167826,3.275581,1.1635473
1356445056489,2.131136,5.9330397,0.8063127
1356445056529,3.2113903,6.5585346,1.0741102
1356445056569,2.0825992,6.378169,2.4230459
1356445056609,1.7705632,5.692385,7.0896945
1356445056649,-1.4038815,0.38893318,9.252994
1356445056689,-2.0005522,-3.0979853,10.498753
1356445056729,0.31875205,1.1949387,5.1631575
1356445056769,-0.28608203,-5.67171,-2.5246482
1356445056809,-0.37880015,-0.15720844,0.94964564
1356445056849,-1.9290478,-1.4757247,-3.8314967
1356445056889,-1.2599595,-0.7288637,-2.6251857
1356445056929,0.68420124,0.9654546,-3.0735393
1356445056970,-0.51617336,2.2459245,-3.289549
1356445057009,-0.22500253,2.0762706,-3.966571
1356445057049,-0.3300593,0.57077694,-3.452437
1356445057089,0.04258418,-0.49898338,-2.251041
1356445057129,-1.192914,-1.650238,-2.860797
