1356445802195,0.0,0.0,0.0
1356445802197,0.040831804,-0.08166313,-0.027221292
1356445802226,0.040611744,0.2317915,-0.19038714
1356445802267,0.14877391,-0.040639877,0.04233566
1356445802314,-0.003116846,0.040062904,-0.4448558
1356445802360,0.0599823,-0.19439507,-0.62588227
1356445802402,0.053723097,-0.23777199,-0.11914228
1356445802442,-0.021812439,0.034832954,0.058106363
1356445802480,-0.070056915,-0.042922974,-0.3300981
1356445802523,-0.035736084,-0.10245323,-0.16834535
1356445802562,-0.23065686,0.017651558,0.020171285
1356445802602,0.15004039,0.22021198,-0.97894543
1356445802642,0.42489886,-0.23267365,-0.564243
1356445802682,0.074332,0.23741531,-0.5956991
1356445802722,-0.15673232,0.5125656,-0.3603259
1356445802760,0.15247512,0.42816448,1.1076659
1356445802803,0.8379142,0.14402866,0.59004855
1356445802841,1.121376,0.5839586,0.97334653
1356445802881,0.79453135,0.061285973,1.0716364
1356445802923,0.5148399,-0.062003136,-0.06810037
1356445802960,0.5579393,0.46676254,0.95328593
1356445803000,1.0864127,0.65584517,0.29854906
1356445803041,0.4989288,0.5330963,-0.3028695
1356445803081,0.31119084,0.2720642,-1.0955975
1356445803120,0.54743457,0.022053719,-0.3298719
1356445803161,0.44680905,0.36699963,-0.020276606
1356445803201,0.20668507,0.38552475,-0.49103725
1356445803240,-0.062247515,0.106814384,-0.0032135844
1356445803265,-0.16674232,-0.2748022,0.032429993
1356445803298,1.0091624,-1.6854067,-0.1976398
1356445803339,2.046247,-3.1237535,-0.8818758
1356445803381,2.7268019,-2.307991,0.32798705
1356445803421,-0.04901886,-1.3922033,0.25397953
1356445803461,-2.2189806,-1.8662958,-1.4207704
1356445803500,-2.953743,-4.2746115,2.9699018
1356445803540,-1.598186,-3.7799435,-2.716644
1356445803583,0.73706675,-0.9173174,-0.5564996
1356445803621,-1.0245836,4.21463,-0.69954985
1356445803663,-3.0627732,6.486086,-0.8690518
1356445803708,-3.560328,7.0823946,-1.671956
1356445803742,-1.8198099,6.9571033,-2.376429
1356445803782,1.2966533,6.2796683,-8.392391
1356445803821,2.6635373,2.6162848,-9.8819065
1356445803863,0.30516005,0.06320381,-7.9929767
1356445803902,2.5877688,-3.892085,-0.48138463
1356445803944,-1.3366452,-2.4136596,1.2455975
1356445803982,1.0628495,-5.855061,4.025219
1356445804029,1.1398814,-5.9305906,3.1405833
1356445804061,1.912612,-1.4403286,3.4404485
1356445804103,2.7014432,5.4448175,1.2347267
1356445804149,0.30842018,7.380596,3.2958078
1356445804184,-2.291864,4.7248487,3.9408338
1356445804251,-1.3497086,-0.58944607,3.3602796
1356445804263,0.65233755,-2.4301214,3.4023325
1356445804299,2.9578419,-3.586388,2.1898794
1356445804341,2.082398,-2.4824724,3.3055627
1356445804381,1.3665009,-4.3114905,6.205921
1356445804421,-5.2295947,-10.591484,2.8509636
1356445804463,-1.5371795,-10.664602,3.6809614
1356445804503,0.12989664,-1.3427186,-1.2400506
1356445804544,-1.7276719,5.5735226,-0.9313949
1356445804583,-4.277932,9.129469,0.038125515
1356445804625,-4.741132,9.324399,-0.58873194
1356445804663,-1.9150159,7.0180287,-3.5832245
1356445804701,1.0491068,5.493392,-8.24521
1356445804742,6.2720013,1.3860312,-8.626936
1356445804782,5.9392667,-0.51806927,-10.613463
1356445804826,1.1488538,-0.8970709,-1.4163606
1356445804863,-2.8211744,-6.495392,0.32980883
1356445804902,0.60306764,-8.409987,0.2942568
1356445804941,1.5935338,-6.09596,1.571061
1356445804985,0.29409337,0.98847675,0.9719181
1356445805035,-2.128091,5.2282515,2.8982427
1356445805060,-2.5577826,7.0078473,3.089584
1356445805095,-1.5866487,4.359965,3.5863116
1356445805139,-0.068621635,-0.7972975,2.9681726
1356445805178,2.0163808,-3.6003752,1.7778997
1356445805245,2.6994574,-2.4827995,1.9545842
1356445805260,0.8594253,-1.2045155,5.2756753
1356445805299,-0.23677683,-5.3543954,2.6977649
1356445805341,-1.4179094,-9.451534,3.278871
1356445805381,0.55343914,-7.7356715,1.0071995
1356445805426,1.0291147,-1.1845274,-1.8278866
1356445805461,-0.983732,6.398387,-0.016157538
1356445805504,-3.4276366,9.563723,0.6433121
1356445805542,-3.8033395,9.092486,-0.9348639
1356445805582,-2.2002764,7.1515665,-4.0224085
1356445805622,2.9798653,3.0267239,-7.282374
1356445805662,4.7829247,-2.293809,-12.216254
1356445805704,3.9182744,2.0240736,-7.371651
1356445805742,-1.7939168,-4.0955753,4.4434037
1356445805782,-0.34911728,-5.614317,-2.5417297
1356445805822,0.7206125,-4.9236174,2.5823002
1356445805862,1.6996219,-0.43883514,1.7607276
1356445805902,0.23812795,3.2833238,1.7880815
1356445805945,-3.1307888,4.5227675,4.0053043
1356445805983,-2.0722206,3.9793649,3.4622474
1356445806021,-0.6139915,-0.0284729,0.954548
1356445806061,-0.70896816,-2.0611448,3.7484276
1356445806101,3.484733,-4.0339794,1.4101291
1356445806139,4.1867347,-2.7479386,2.911858
1356445806180,-0.0015566349,-3.3433876,4.293929
1356445806246,-2.9350226,-8.59001,1.9375594
1356445806260,-0.11695576,-9.605,1.1912719
1356445806304,1.7415013,-2.2390957,-2.251683
1356445806341,-0.5166409,6.0104055,-1.2020727
1356445806383,-3.6675406,9.945343,1.8492572
1356445806421,-4.4082546,10.165931,0.3217938
1356445806463,-2.6442113,8.313937,-3.1573668
1356445806501,2.2726226,4.625825,-6.286557
1356445806561,6.189372,-2.5000877,-12.094923
1356445806578,5.3533835,-0.28680897,-8.380643
1356445806630,-0.9492786,-4.3843164,4.537887
1356445806656,-2.83563,-5.8190765,-1.405664
1356445806695,0.46880102,-5.962987,2.6558695
1356445806737,0.64772654,-0.6168437,2.173518
1356445806781,-1.5241001,3.1040716,2.2926714
1356445806823,-2.7601905,4.0818796,3.240723
1356445806861,-1.6843977,3.1618114,3.094179
1356445806904,0.18147898,0.005683899,1.2079896
1356445806940,1.4665895,-0.9361925,1.9669943
1356445806987,3.7013855,-2.2982025,0.8521695
1356445807030,2.7717812,-0.9966192,3.5113788
1356445807071,0.07481527,-4.7876263,1.4432882
1356445807110,-2.8370674,-10.878729,3.8069692
1356445807156,-0.73315,-8.971779,-0.37477595
1356445807191,0.73315287,-1.0969572,-1.8105069
1356445807267,-1.783473,7.0610294,0.48746377
1356445807270,-4.6531534,10.363256,1.4923892
1356445807309,-3.9626954,9.092306,-0.53524107
1356445807352,-2.261522,7.353183,-3.667706
1356445807392,3.514326,4.1132054,-7.017822
1356445807431,4.935869,-2.3399591,-13.027565
1356445807482,4.9915886,-1.4648647,-5.737578
1356445807507,1.1812677,-3.8330307,3.288578
1356445807550,-2.7491968,-2.9070573,-0.9958218
1356445807592,1.6023586,-1.738513,2.764712
1356445807634,0.24703693,1.0121388,1.1436031
1356445807670,-1.8326495,2.7634,2.455578
1356445807712,-1.6484497,3.2907753,3.4494634
1356445807753,-0.9971404,2.1645103,2.8801737
1356445807789,-0.85192037,-1.3009048,0.5360098
1356445807829,0.11622429,-1.1460004,2.981926
1356445807869,2.7721272,-3.1914973,1.8892993
1356445807910,3.2537417,-1.4943027,3.5366073
1356445807950,0.41224718,-3.597568,2.7848153
1356445807992,-3.1417181,-10.890449,3.5711894
1356445808030,-0.2796085,-9.445276,0.70705926
1356445808075,0.5381365,-2.137948,-1.7249516
1356445808111,-0.92504716,5.98238,-0.16874787
1356445808152,-3.9339592,9.745088,1.6789882
1356445808192,-4.2320447,9.532992,-0.08791494
1356445808260,-3.064333,8.289599,-3.2631211
1356445808268,2.9819732,5.195783,-6.2447543
1356445808308,3.625756,-3.9341488,-13.968289
1356445808352,4.85155,2.6424375,-7.8580227
1356445808391,-0.19943619,-5.384246,5.908706
1356445808437,0.6553111,-5.820602,-2.8086789
1356445808472,2.2098155,-3.6255822,2.8665187
1356445808514,-1.4789038,-0.9407172,2.9351194
1356445808556,-2.6434178,2.3669295,1.5697904
1356445808591,-2.0752761,2.0845842,3.4938185
1356445808630,-0.3241949,1.4100852,2.5827856
1356445808669,0.24570894,1.3826165,0.80347776
1356445808709,1.0407605,0.14903069,2.045406
1356445808749,2.4946527,-3.1835508,0.96248424
1356445808789,1.9344745,-3.4168835,4.7962227
1356445808829,-0.14821291,-5.71364,3.9814382
1356445808869,-4.4837365,-8.985889,4.0342946
1356445808910,1.0142035,-7.327445,0.7107208
1356445808951,0.22325182,0.3445425,-0.47026306
1356445808990,-2.353571,8.492402,-0.14332655
1356445809031,-4.910731,10.14906,1.7476457
1356445809070,-4.1643386,8.997163,-1.2769278
1356445809109,-1.0512679,7.3083277,-4.5194407
1356445809153,3.0775154,1.7275057,-7.277775
1356445809197,5.3408937,-3.2970638,-12.365892
1356445809268,4.194971,0.019210815,-5.491738
1356445809272,-2.402798,-5.1880713,4.0459566
1356445809308,-0.735548,-5.7793703,-1.1951203
1356445809350,-0.15010095,-4.020118,2.2671208
1356445809392,-0.53762555,1.1612849,2.087229
1356445809429,-2.0620534,2.6961198,1.8784925
1356445809472,-2.2350297,3.5832555,3.590517
1356445809510,-1.2415674,2.1590223,2.422351
1356445809550,-0.26022196,-1.0261908,0.51463044
1356445809590,0.9004092,-1.9578876,1.8424944
1356445809630,2.8104172,-3.1314697,0.9653907
1356445809676,2.5150046,-1.6464138,2.6361055
1356445809712,-0.7088547,-3.2635813,3.5044203
1356445809749,-3.2786016,-9.958673,2.5344691
1356445809790,-1.7776866,-9.850905,1.6319355
1356445809829,0.14492893,-1.3872681,-1.5202062
1356445809877,-0.46815848,5.2346563,0.005849391
1356445809923,-2.971822,10.316134,2.4510522
1356445809961,-3.8850048,9.9888935,-0.9001611
1356445810002,-1.7114624,7.6989937,-4.0828986
1356445810041,5.0050325,0.26172543,-8.205623
1356445810082,5.771825,-2.3251972,-10.6209
1356445810128,5.0383153,0.5615845,-6.1872478
1356445810164,-2.365931,-6.4434385,1.2336185
1356445810195,-0.938887,-5.09808,2.08987
1356445810240,-0.9773587,-1.9051642,2.613798
1356445810279,0.5808914,0.9899497,2.0375133
1356445810322,-1.1779983,3.2768016,1.9739695
1356445810358,-1.8724543,3.6334267,3.627685
1356445810401,-0.22860098,1.9180989,1.5968418
1356445810439,0.23563123,-0.14741707,0.6369246
1356445810481,0.91048837,-1.4938049,2.9025478
1356445810522,2.0722594,-3.4158201,0.9617731
1356445810560,2.0147166,-2.4047222,5.2705555
1356445810601,-0.96279955,-5.8349113,2.7038789
1356445810639,-4.7663684,-10.5246315,3.1459074
1356445810682,0.11650109,-6.1885233,-0.28255236
1356445810740,0.32802248,1.0697799,-1.8961458
1356445810762,-1.1570766,6.942499,1.0858005
1356445810802,-2.9436657,9.930509,1.2826588
1356445810841,-3.0725894,8.899785,-0.88379073
1356445810881,-1.3110931,7.7549753,-4.5178146
1356445810922,4.9805765,4.0086527,-7.1875653
1356445810961,4.773814,-2.7502136,-11.459257
1356445811001,4.54936,2.2967815,-6.952261
1356445811044,-1.0663652,-4.9978905,5.6419888
1356445811082,0.5367725,-5.6228495,-3.4431415
1356445811124,0.9238858,-3.5217366,3.1739192
1356445811162,-1.2970948,0.554584,2.440198
1356445811201,-2.2664766,2.688829,2.2405834
1356445811260,-1.4511299,2.2430487,3.0239928
1356445811279,-0.14820528,1.4633827,3.586636
1356445811319,1.0365455,0.318357,-0.08722949
1356445811359,0.38773847,-0.35071278,1.2258883
1356445811399,2.7694705,-2.3023796,1.1271197
1356445811440,3.035089,-1.708519,2.5688996
1356445811481,0.45392203,-3.787034,3.5854936
1356445811520,-4.0759735,-10.802713,3.4385266
1356445811561,-1.0096886,-9.710537,0.95682055
1356445811600,1.5747838,-1.2648907,-2.0035355
1356445811653,0.0010435581,6.4668846,0.029899642
1356445811682,-3.0344741,10.416668,2.3318615
1356445811756,-4.9477887,10.874819,1.2224228
1356445811765,-3.341533,8.895075,-3.92654
1356445811816,3.959512,2.9243274,-5.620532
1356445811850,7.093756,-4.303672,-14.636361
1356445811893,4.0507,0.5394869,-7.914256
1356445811934,-1.090761,-6.0907454,3.956223
1356445811972,0.17578506,-5.0636125,0.1820815
1356445812011,1.078574,-5.2145777,2.3865628
1356445812052,0.39894247,-2.0240483,1.4518703
1356445812092,-1.7261618,-0.05312109,1.8353379
1356445812131,-1.3954713,2.6724343,2.660386
1356445812171,0.101109505,4.159435,2.5518973
1356445812211,1.2852178,3.309115,1.00823
1356445812252,-0.5933213,1.1302443,2.187225
1356445812289,1.9917412,-2.1158772,1.971356
1356445812331,2.7048168,-3.8767443,3.1508307
1356445812373,-0.07345629,-5.2152634,6.2874937
1356445812409,-4.4114017,-9.263361,1.7057235
1356445812449,-1.7218807,-7.823485,3.9628239
1356445812489,3.1645052,-4.262783,-2.7295346
1356445812531,0.8802514,4.339769,-1.0963688
1356445812569,-3.2527473,9.0997925,0.81604636
1356445812611,-3.8784833,9.212469,0.86912477
1356445812652,-2.5870702,8.653263,-2.2009246
1356445812688,0.6731472,6.036298,-6.219898
1356445812731,5.2234535,-0.09984875,-9.92795
1356445812778,6.5241666,-2.4570494,-10.412993
1356445812811,2.247372,-4.284561,-0.6995714
1356445812853,-2.9658368,-4.361029,-0.41518867
1356445812892,-0.49311852,-4.430929,3.1543796
1356445812934,0.5375004,-1.0202293,2.5106266
1356445812972,-1.1881356,0.68218327,2.642973
1356445813012,-2.6253986,2.785862,2.9043558
1356445813049,-1.8982463,2.8889666,3.1023211
1356445813089,-0.95046973,1.638804,2.6201413
1356445813129,0.078670025,-1.0667524,1.8086745
1356445813169,1.5477738,-0.87274647,2.2622533
1356445813209,3.3534372,-2.6409817,1.2807211
1356445813269,2.32678,-2.1419125,4.386237
1356445813294,-1.7087029,-5.6161623,0.12003693
1356445813328,-1.9993719,-9.641237,2.4336169
1356445813371,0.9147012,-6.871991,-1.6333203
1356445813409,1.7833955,-0.11219311,-2.4402938
1356445813451,-1.0527885,6.152114,0.013542712
1356445813492,-3.4659166,8.971701,1.4110734
1356445813531,-4.1584454,9.6785555,-0.4470889
1356445813573,-2.5950618,8.71166,-3.2015762
1356445813612,4.044886,2.65274,-7.2667885
1356445813652,6.9073696,-3.0490217,-11.987516
1356445813695,4.296732,1.2762151,-5.4069095
1356445813737,-2.51238,-5.067093,3.6012316
1356445813783,-0.48225403,-4.3729167,1.42777
1356445813821,-0.17850184,-2.1334543,1.7287004
1356445813859,0.057990074,0.7737727,1.3892059
1356445813900,-1.8684676,2.419939,1.8095934
1356445813940,-2.0661528,3.453134,2.4940271
1356445813980,-0.43501186,2.6241784,2.1168594
1356445814020,1.3424649,0.38596344,0.91701925
1356445814060,0.60466385,-0.28083515,1.1082251
1356445814101,3.3348503,-2.1892633,1.0155768
1356445814140,3.4288297,-2.505177,2.18567
1356445814180,1.7248883,-3.812851,2.932066
1356445814218,-1.5961149,-8.302301,1.0337201
1356445814259,0.6749606,-8.750551,1.8024888
1356445814310,1.6896515,-2.824871,-2.3304996
1356445814335,-0.99011517,4.8680334,0.28187063
1356445814375,-4.2018256,8.595122,2.2200089
1356445814420,-5.0373325,9.176681,0.49250996
1356445814472,-3.8912673,7.51842,-2.0489724
1356445814511,2.769135,2.8871617,-6.468417
1356445814553,6.669627,-2.0992203,-11.029618
1356445814593,4.932148,3.2705107,-6.920174
1356445814638,-1.4613225,-5.100363,4.63775
1356445814671,-1.3497665,-4.869626,-2.7909594
1356445814711,1.2733784,-4.0062003,2.9305816
1356445814750,-0.28916335,-0.32236052,2.1013238
1356445814791,-2.0899546,2.3777375,1.5219512
1356445814830,-2.1544852,2.9076538,2.9861908
1356445814870,-1.3794303,2.5577416,2.7654045
1356445814910,0.44919348,0.6772442,0.66621864
1356445814951,-0.39380026,-0.4618702,1.3970643
1356445814989,3.3430572,-1.965395,0.9236586
1356445815030,4.032691,-2.742659,0.26198637
1356445815070,2.3484187,-1.7401857,3.9109979
1356445815110,-0.4223907,-8.089438,0.6520697
1356445815151,-0.48214364,-11.41364,4.13556
1356445815190,1.298801,-5.4405646,-1.8226242
1356445815270,0.40950537,2.1051993,-0.26839048
1356445815272,-3.9086483,7.6673107,1.7223611
1356445815295,-5.452032,9.904245,1.5670036
1356445815335,-5.4140606,9.957951,-0.12515987
1356445815380,-2.509168,7.8444233,-3.8621216
1356445815423,4.776403,1.2917824,-8.403936
1356445815462,5.572444,-1.3537655,-10.869231
1356445815509,2.1537662,2.991321,-5.8611655
1356445815540,-2.0654695,-6.205847,2.8401458
1356445815579,2.0106912,-4.9052086,0.19236791
1356445815622,1.5343237,-3.015226,2.5373874
1356445815665,-0.79847336,1.5352774,1.9010135
1356445815710,-3.3409257,2.9988706,2.471006
1356445815750,-2.6866345,2.6333814,3.749238
1356445815790,-0.78051376,1.3938665,2.3572493
1356445815831,-0.50278187,-0.7614646,1.0173484
1356445815872,0.80895424,-1.2825203,1.8251896
1356445815912,3.750515,-2.6699061,0.6656698
1356445815949,2.6449127,-3.1210456,4.39719
1356445815990,0.6104641,-5.326351,2.1348777
1356445816029,-1.8738406,-10.467623,3.8395708
1356445816078,-1.4213581,-8.65218,0.572713
1356445816113,1.6950026,0.24160528,-1.3422714
1356445816152,-1.1640687,7.062269,0.25256312
1356445816191,-5.237893,9.924029,1.618678
1356445816266,-5.34667,9.991245,0.16860592
1356445816270,-3.6568732,8.277974,-2.750113
1356445816309,2.5444098,3.6092057,-5.854288
1356445816352,5.50706,-2.6283598,-13.151898
1356445816392,6.468504,2.018118,-9.1714115
1356445816443,-0.0658195,-6.088263,4.8865848
1356445816473,-2.039074,-5.0094237,-3.3737211
1356445816512,2.0354707,-3.7940497,3.628096
1356445816552,1.0276372,-0.20446539,1.9637593
1356445816589,-1.8133802,1.6068354,1.7624657
1356445816631,-2.5025225,2.6027765,3.2047017
1356445816670,-1.8963368,2.5941238,3.5313063
1356445816710,0.887928,0.26124907,1.2662466
1356445816752,0.027850628,-0.6377673,2.0671916
1356445816794,2.2091393,-2.1361918,1.8830565
1356445816831,2.8817244,-1.4572978,3.3708987
1356445816870,1.4769416,-2.3291311,5.2088757
1356445816911,-0.34819698,-10.31752,1.4613011
1356445816965,-0.83659863,-8.707415,2.6754317
1356445816992,2.321395,-3.0462408,-2.118256
1356445817032,0.4358716,3.7508912,-0.48638743
1356445817071,-4.0358605,8.113434,0.7818316
1356445817112,-5.1642227,8.639688,0.3080628
1356445817151,-3.2025635,7.917449,-2.4617593
1356445817191,0.010396004,6.5502644,-4.5096717
1356445817270,5.1184845,1.9875407,-9.366344
1356445817272,7.8393416,1.6087999,-9.101671
1356445817306,5.719965,0.44427633,-3.2349713
1356445817350,-1.8689122,-7.8099036,-0.26971793
1356445817391,0.5284643,-5.315424,3.3718185
1356445817433,0.38842916,-2.9528775,1.5254349
1356445817472,0.18157482,0.97777796,2.2571294
1356445817512,-2.624358,3.2336807,3.379859
1356445817549,-3.599966,4.659561,3.8094196
1356445817589,-2.1093433,2.5941238,1.6533515
1356445817629,-0.8139167,-1.2368665,1.755786
1356445817669,0.36808968,-2.4403772,1.8565052
1356445817710,3.4126797,-2.4996228,0.7520652
1356445817749,3.273913,-2.7525082,4.6414585
1356445817792,0.81953764,-5.18683,2.9682684
1356445817832,-3.8180122,-11.090485,4.066272
1356445817878,-1.9045851,-6.888695,-1.8339305
1356445817912,1.3299532,-1.0543861,-1.5876158
1356445817951,-0.959075,5.9131083,-0.07872367
1356445817991,-4.9201374,8.915445,1.2808553
1356445818031,-5.854104,9.21491,-0.20508367
1356445818072,-3.974361,7.7120256,-3.2921484
1356445818110,2.7578912,1.6501265,-8.380499
1356445818151,6.365632,-1.3308058,-12.416441
1356445818191,4.5733776,4.4493036,-9.278573
1356445818245,1.1878076,-3.3893824,3.6170335
1356445818266,-0.80840373,-4.1765375,-2.088775
1356445818312,1.6350393,-5.19916,3.0709875
1356445818352,1.2200985,-1.165225,2.19824
1356445818393,-1.8944991,1.5319242,2.2325268
1356445818430,-2.658633,2.6290188,3.5115442
1356445818470,-2.2742794,2.6835046,4.2165394
1356445818509,-0.50631714,0.46503067,2.1400356
1356445818549,-1.3300643,-1.0814166,1.3402338
1356445818589,1.7144694,-1.3029952,1.939037
1356445818629,3.468215,-2.25286,0.9130733
1356445818672,3.1587987,-0.71773195,4.6862397
1356445818710,0.23888206,-6.8976583,0.5578312
1356445818751,-2.1237147,-11.572321,6.1400285
1356445818809,1.3341532,-7.523593,-1.4490445
1356445818833,0.92999125,-0.003528595,-1.4786215
1356445818872,-2.0077012,6.447587,0.051065266
1356445818911,-4.24869,8.795951,1.2506669
1356445818952,-4.9770136,8.671752,-0.20824951
1356445818991,-3.7535949,7.9011917,-4.013922
1356445819033,2.8970413,5.7605515,-7.0557284
1356445819071,5.213813,-2.3591585,-13.214258
1356445819117,3.6667728,0.1126194,-6.9555917
1356445819161,2.2512493,-4.10693,4.5445414
1356445819203,-2.1699865,-5.0092587,-1.4031341
1356445819271,2.1358066,-4.5701523,3.195119
1356445819281,-0.0529418,-1.8610663,2.0931108
1356445819318,-2.2770147,2.7818346,2.6080554
1356445819356,-1.5797977,8.427572,2.3626392
1356445819398,-1.3807707,6.8897233,1.6739806
1356445819438,-0.65087605,0.6914835,2.6318245
1356445819479,-0.34573126,-2.116909,2.9427936
1356445819519,2.2233286,-3.7173815,1.5006257
1356445819559,1.9120231,-1.6683869,2.985568
1356445819599,0.28520584,-3.294828,4.0352106
1356445819641,-1.9086545,-10.04458,2.7717981
1356445819680,-0.14590263,-9.780006,-0.021457024
1356445819722,0.9730735,-4.49273,-2.4728231
1356445819763,0.76728725,2.9761248,-1.4505558
1356445819800,-3.9735293,7.337687,0.42859316
1356445819843,-5.6820593,8.886952,0.17967248
1356445819882,-4.2784777,8.403907,-2.4101508
1356445819922,2.6782427,5.876171,-5.4628935
1356445819962,5.2844954,-1.081234,-11.497875
1356445820003,4.9099865,-1.7176609,-3.5627842
1356445820042,-0.51007915,-4.9014454,0.93801165
1356445820083,-1.848429,-4.192072,1.6943235
1356445820122,-0.15536976,-2.0704398,1.7837164
1356445820160,3.8425894,-0.009229183,1.3609345
1356445820202,-0.23093319,3.0400915,1.8896353
1356445820273,-4.181539,5.8812227,2.645998
1356445820280,-3.0148263,3.9836183,2.3352304
1356445820319,0.6969509,-0.3951478,1.4324268
1356445820358,0.8626418,-2.1099381,1.9680328
1356445820399,2.041163,-3.16111,1.6218998
1356445820440,2.7876406,-2.1001577,3.7788038
1356445820480,1.5005774,-4.5348616,3.1934721
1356445820521,-0.80664325,-10.253458,3.1167526
1356445820559,-0.5647874,-8.840477,1.9308996
1356445820602,1.2937608,-2.3616319,-1.5720108
1356445820642,-2.3627634,4.9971027,0.2060014
1356445820681,-5.0189786,8.439816,1.6018227
1356445820722,-5.4569716,8.655151,-0.1956141
1356445820760,-3.5578294,7.7592993,-2.932466
1356445820801,0.36927176,5.1385775,-8.302921
1356445820842,6.480397,-1.031662,-10.1157
1356445820881,5.7959394,0.94984627,-9.802008
1356445820919,1.4830449,-4.3603687,1.0795383
1356445820960,-3.4165978,-4.0051513,-2.4296937
1356445821000,2.4435868,-4.181611,4.331254
1356445821043,2.7782416,-0.3757348,0.951256
1356445821079,0.6890869,2.3632345,1.6424772
1356445821121,-2.573206,3.360884,3.1352093
1356445821159,-2.9966307,3.9138296,3.4842067
1356445821199,-1.5390656,1.1212878,1.7963611
1356445821265,0.4193449,-0.708611,2.7795284
1356445821279,2.22361,-2.3696656,1.2031577
1356445821321,2.2839503,-2.404499,1.9730505
1356445821360,0.9562106,-3.3260384,5.250394
1356445821401,-2.4925132,-9.397467,1.768219
1356445821440,-1.3997552,-8.699119,3.876243
1356445821483,2.5433803,-3.3978996,-3.242818
1356445821521,1.1640601,4.0041876,-1.0886104
1356445821560,-2.900707,7.2579465,0.6579262
1356445821601,-3.2537498,8.472355,-0.0038839579
1356445821640,-3.7917814,7.197035,-2.1803517
1356445821682,-1.5496252,6.049388,-5.2225695
1356445821721,4.6455035,2.7285447,-8.254779
1356445821782,6.2366457,0.36838627,-8.768572
1356445821811,0.53818226,-4.882263,0.27776313
1356445821846,0.027152538,-4.99384,-0.76176536
1356445821885,1.5041299,-3.4672203,3.0011556
1356445821926,0.57293415,-1.1064501,1.7275722
1356445821970,-0.73729324,1.3687029,2.0628386
1356445822011,-3.6291456,3.3458915,3.0173898
1356445822050,-3.1956544,3.3003132,4.2615147
1356445822090,-1.7585227,0.89922285,2.4567666
1356445822130,0.27295113,-1.1423306,1.6667984
1356445822169,2.5357275,-1.3062282,2.202054
1356445822211,2.428649,-1.9026513,0.7278205
1356445822270,2.6347723,0.42346382,4.559589
1356445822291,1.4794493,-6.9501915,1.2248633
1356445822330,-0.17536592,-10.3482895,3.9218407
1356445822372,2.4221544,-7.4517646,-0.78099036
1356445822412,0.79139423,-0.90410805,-0.87831974
1356445822451,-2.821232,6.0415144,0.80968106
1356445822492,-5.741069,8.6859045,0.9457849
1356445822531,-5.6394815,8.58386,-1.459073
1356445822571,-3.3442953,7.4454775,-4.1035976
1356445822612,0.31632757,1.8443208,-8.788737
1356445822651,5.256752,-1.0667143,-9.613471
1356445822691,4.9227476,4.156537,-9.214591
1356445822733,-1.0940027,-4.8771954,5.361554
1356445822772,0.32312584,-5.7016325,-3.0423846
1356445822813,2.0104442,-4.3371787,3.3810058
1356445822851,-0.6470113,-0.7561493,2.2450764
1356445822890,-1.8096449,2.8314762,2.5410376
1356445822929,-2.645578,3.1092858,3.86545
1356445822969,-2.3934722,2.5465574,2.9714177
1356445823009,-0.70466757,0.4842105,1.2177424
1356445823050,0.5080123,-1.6915326,2.1918426
1356445823089,2.216909,-1.9659095,0.6511249
1356445823130,2.6306114,-1.5514455,2.796165
1356445823171,1.4330592,-3.2583642,4.550333
1356445823210,-2.17321,-10.730607,1.9976009
1356445823273,-0.46934843,-9.64948,2.1994162
1356445823295,2.470549,-3.5133538,-2.0288632
1356445823333,-0.32399607,4.0690913,-1.0308326
1356445823372,-4.137712,8.48539,1.7492301
1356445823411,-5.3743186,9.235431,1.0034395
1356445823453,-5.1011386,8.429928,-1.5958159
1356445823491,0.6858039,5.7063713,-6.1568775
1356445823532,6.081334,-0.44741917,-11.541869
1356445823572,6.6260843,0.69225216,-12.280633
1356445823620,1.3690906,-2.7357874,0.010007322
1356445823651,-2.283822,-3.6607723,0.6879634
1356445823693,1.726448,-4.482299,2.7743917
1356445823732,1.7946868,-2.24471,1.2674879
1356445823772,-1.0526533,1.233048,2.1084125
1356445823809,-2.8953562,3.6501493,3.1724923
1356445823849,-3.0784297,3.5984552,4.17739
1356445823889,-1.3198564,1.584918,2.3779182
1356445823928,-0.65632725,-0.41290092,1.3975446
1356445823970,1.8827729,-2.0920877,1.5521057
1356445824013,3.4990897,-2.4560819,0.8180839
1356445824052,3.039332,-1.6875944,5.511862
1356445824090,0.3611822,-6.615452,2.3096423
1356445824131,-3.9837556,-11.589054,3.696375
1356445824168,1.1583662,-6.6974716,-0.24022816
1356445824215,1.4656887,0.20751858,-1.1104997
1356445824274,-1.0442598,5.9888783,-0.11403942
1356445824291,-4.7981243,8.918286,1.7948513
1356445824332,-5.9002557,8.761412,-0.5330787
1356445824370,-1.3307948,8.079865,-4.5115414
1356445824411,3.9693604,4.014215,-7.677941
1356445824452,5.9144864,-0.7984972,-10.222581
1356445824493,4.999223,2.231783,-7.468911
1356445824528,-0.13467598,-5.0363855,4.5612016
1356445824570,-0.58371186,-4.476606,-1.4990668
1356445824612,1.4855165,-4.7078485,3.0835516
1356445824652,0.22619009,-0.01667738,1.6091344
1356445824690,-2.70494,1.6575704,2.5618138
1356445824729,-3.358921,3.594099,3.429681
1356445824769,-2.5619678,3.2716126,2.9385133
1356445824809,-0.56210995,0.39553738,0.52439296
1356445824849,0.18580866,-1.6099854,2.1783786
1356445824890,2.318019,-2.5045862,0.622379
1356445824929,2.7499647,-2.204567,1.4733036
1356445824970,2.1014552,-0.89138746,4.4204507
1356445825011,-0.8318138,-8.761026,0.41744745
1356445825051,-0.73153377,-10.269243,3.745113
1356445825099,1.4415207,-5.627534,-3.0638714
1356445825132,1.5587215,2.9066377,-1.6469138
1356445825171,-2.4739141,7.931385,1.0392847
1356445825213,-5.21774,9.055605,1.338656
1356445825274,-4.995713,8.774424,-0.68327504
1356445825290,-2.382957,7.329975,-3.6119933
1356445825331,4.3743525,1.3823185,-8.171993
1356445825371,6.386571,-0.7045212,-10.636848
1356445825410,4.6403966,0.3854065,-6.0111666
1356445825453,-0.290699,-5.3042307,1.4350822
1356445825492,-1.2655001,-3.607966,2.0960646
1356445825533,0.3584442,-2.7848344,2.2345994
1356445825572,0.35140085,-0.25315714,2.0892992
1356445825615,-2.1622193,1.2546039,2.2359655
1356445825649,-2.463777,2.8594947,4.185382
1356445825691,-1.3712583,2.1333718,2.2623928
1356445825729,-0.24179888,-0.13776255,1.6555792
1356445825770,0.65411615,-0.5877261,2.9602842
1356445825810,2.3532772,-2.4369936,1.5181868
1356445825850,2.5885859,-1.7298193,3.1674838
1356445825890,2.1717014,-2.7590609,4.25168
1356445825930,-3.7031183,-10.79491,1.392417
1356445825971,0.5418582,-7.7502,1.3209653
1356445826012,1.6257019,-3.6748428,-1.2497369
1356445826054,0.04095936,4.204625,-1.0318055
1356445826092,-4.208083,7.8108697,1.1767687
1356445826131,-5.6106625,8.317738,0.023236752
1356445826172,-4.1123724,7.8975415,-2.046365
1356445826211,0.47684193,4.8443685,-5.2055526
1356445826270,5.7061996,0.16075516,-10.723154
1356445826291,6.4383087,1.5215197,-8.69537
1356445826337,1.6760573,1.1783867,-1.5746982
1356445826368,-1.3351808,-7.2412133,1.209622
1356445826410,1.1271839,-5.3112693,2.026025
1356445826451,-0.7005882,-2.6298952,2.4176364
1356445826491,-1.2184653,0.91821575,2.137756
1356445826529,-2.7749288,2.4414067,2.601522
1356445826569,-2.4252279,3.1097867,3.593762
1356445826609,-0.1852479,1.9043489,1.5561423
1356445826649,0.13639307,0.0824399,1.1986893
1356445826689,0.7134023,-0.5729389,2.2254922
1356445826729,2.4477978,-2.4387565,0.72325027
1356445826771,2.9609876,-1.8612223,3.9079454
1356445826810,1.3001862,-5.167421,0.48288983
1356445826851,-2.2449348,-9.227003,3.2733104
1356445826933,0.8388548,-5.493574,-0.06426428
1356445826937,1.9671779,-1.6854281,-1.6447057
1356445826968,-0.31521463,4.736517,-0.47471333
1356445827014,-4.5590363,8.182251,1.5517082
1356445827052,-5.485361,7.8640347,0.11969948
1356445827091,-4.0002966,7.0550156,-2.7580943
1356445827130,0.029783249,5.218224,-6.324706
1356445827171,5.3370237,-1.5291796,-10.92371
1356445827211,4.850349,0.70380974,-8.884638
1356445827288,3.0522013,-1.9700947,-0.8343569
1356445827291,-3.1833334,-3.4065313,-0.0057674646
1356445827327,0.66758585,-3.7479987,4.3925962
1356445827372,1.032186,-1.8400664,1.5452684
1356445827411,-0.22504425,-0.017202854,1.7807288
1356445827449,-2.4781313,1.4095984,2.386629
1356445827491,-1.5790198,2.7253556,2.9049914
1356445827529,-0.6377473,1.5245552,2.1293907
1356445827569,-0.3348527,-0.8127718,-0.1424253
1356445827609,-0.7103257,0.13940954,2.3578463
1356445827649,0.88697004,-0.59179497,2.1952176
1356445827690,2.117693,-1.0311084,4.546418
1356445827730,1.632936,-5.5773044,0.024561822
1356445827770,-1.4460082,-10.880398,3.3471699
1356445827811,3.4467363,-7.0135417,-1.2688376
1356445827856,1.8900213,-0.30044794,-1.1978625
1356445827893,-1.6650314,5.8424106,0.17989594
1356445827932,-5.3119907,8.019522,1.3212968
1356445827971,-5.904952,7.337161,-0.35574108
1356445828012,-4.117667,6.494193,-2.045552
1356445828051,2.2216473,4.1685395,-4.874241
1356445828092,7.105379,-0.10465336,-8.784731
1356445828130,7.99533,2.2995896,-7.202201
1356445828171,1.1651788,-3.7646847,4.337038
1356445828211,-3.6972291,-4.129254,-2.8980365
1356445828275,0.19587517,-3.7812324,4.5797143
1356445828290,0.05205059,-2.2711072,2.3939748
1356445828332,-1.0450993,0.88392115,1.3005371
1356445828369,-2.5098457,2.285469,2.2037003
1356445828410,-1.7796254,2.8114948,2.5017471
1356445828449,-0.76638985,1.345993,0.67115223
1356445828489,-1.2075992,-0.38524103,1.7551332
1356445828529,0.25951433,-1.7807331,1.2631484
1356445828570,2.095529,-2.6564045,1.108323
1356445828611,1.9032092,-1.868691,2.9321098
1356445828650,-0.011277676,-4.9143806,-0.23893213
1356445828692,-2.6806636,-8.948322,3.4649465
1356445828730,1.9325953,-5.7609296,-2.4439692
1356445828772,2.0616646,-0.7012415,-1.5426188
1356445828812,-0.73319054,5.297084,-0.26011235
1356445828850,-3.589283,7.226319,1.392639
1356445828893,-4.507861,6.6920786,-0.43488395
1356445828931,-3.3648996,6.3116283,-1.5997581
1356445828973,-0.8110175,4.07726,-4.300419
1356445829011,4.9014635,1.0059338,-9.080481
1356445829050,8.83816,2.1107407,-6.969007
1356445829092,3.5632052,-1.0336609,-0.45829177
1356445829138,-3.9475505,-5.4219685,-0.59627926
1356445829178,-0.020750046,-4.349611,4.573181
1356445829207,0.323164,-2.0747905,2.4817612
1356445829256,1.2657762,0.1938281,2.2043688
1356445829288,-1.3441882,1.6854968,2.558953
1356445829348,-1.7440882,3.0957267,3.163218
1356445829368,-0.72081614,1.7937336,1.1728846
1356445829408,-0.2699685,0.11912966,0.8891891
1356445829445,-0.37607193,-0.7005763,2.4909818
1356445829475,1.8161283,-2.082996,0.86524886
1356445829515,1.2033019,-2.322229,0.5200918
1356445829560,0.98582935,-0.9710293,2.9653878
1356445829598,0.31301308,-6.117509,-0.6103021
1356445829639,-2.653272,-6.680958,4.6170125
1356445829678,0.7809334,-4.5763345,-2.153029
1356445829724,0.7578554,0.5467653,-1.0061829
1356445829761,-1.2423093,5.1564937,-0.028066993
1356445829802,-3.8045838,6.807418,0.3203351
1356445829841,-3.6807075,6.491271,-1.5715728
1356445829882,-1.7235601,5.8285184,-2.5752683
1356445829922,0.85508156,2.671009,-5.1723685
1356445829962,6.2602267,0.34089375,-8.269982
1356445830003,6.804042,3.229879,-6.334194
1356445830047,0.15306854,-4.262646,2.7196825
1356445830081,-2.1901302,-5.181001,-2.7763143
1356445830122,-0.5064254,-3.8788757,4.9492493
1356445830161,-0.86627483,-1.3644776,2.393569
1356445830203,-0.3754983,0.9775305,2.094302
1356445830243,-2.673563,2.2989807,2.9846532
1356445830281,-2.7270358,2.6398735,3.4526143
1356445830319,-0.48188782,1.200778,0.78760636
1356445830359,-0.24000311,-0.6214614,1.6667869
1356445830399,1.7631545,-1.5205874,1.2542926
1356445830441,2.4927492,-2.3712435,1.4053285
1356445830480,2.7804675,-1.7234645,4.67908
1356445830521,-2.0379322,-8.4605255,0.97356343
1356445830559,-2.8186417,-9.066488,2.3307998
1356445830602,1.1138592,-4.5725574,-1.9147817
1356445830642,0.7122364,1.3738966,-1.1663966
1356445830681,-1.8178902,7.3385134,0.35220587
1356445830721,-3.9674284,8.074538,0.18016338
1356445830761,-4.369033,7.4380527,-1.0259203
1356445830802,-2.6803863,6.3165474,-3.2466977
1356445830842,3.6515074,2.8704123,-7.9850216
1356445830882,5.457836,-1.1126957,-10.312811
1356445830924,5.378521,1.7022557,-6.349834
1356445830968,-1.7289667,-6.7914915,3.1548462
1356445831013,1.5394573,-3.4182644,1.2210033
1356445831050,-0.61264896,-2.4983582,3.1150453
1356445831090,-1.4075453,0.13476563,2.6511915
1356445831129,-2.7076354,1.9277191,2.660876
1356445831169,-1.9133046,2.4323173,3.1383662
1356445831210,-0.503994,1.5192213,2.311184
1356445831265,0.4814396,0.54723454,0.3173325
1356445831289,0.6911588,0.39771366,1.3673179
1356445831329,3.0000477,-1.9799261,0.36375886
1356445831370,2.96032,-1.884203,1.4672787
1356445831411,2.2310753,-2.1992526,1.2548184
1356445831450,-1.9725568,-8.873956,3.0813308
1356445831490,0.5737214,-8.52981,1.2062563
1356445831531,2.241815,-4.2969484,-1.7839743
1356445831572,-0.5296354,3.3709564,-0.65905225
1356445831613,-4.0604267,8.21896,1.7531935
1356445831652,-4.3901796,9.037854,0.5055026
1356445831692,-4.304106,7.6714582,-1.3123903
1356445831732,-0.80730677,5.8134093,-4.6449714
1356445831775,4.5387864,0.45590687,-9.260579
1356445831812,4.306904,1.2497058,-9.243727
1356445831859,2.3262072,-0.7903385,-2.4212236
1356445831890,0.42428827,-5.874381,1.9957232
1356445831931,0.9002118,-4.078344,2.2096672
1356445831974,-0.16704416,-1.8275094,2.4749012
1356445832012,-0.99210334,0.660748,1.8564371
1356445832050,-1.8001795,1.93395,2.4111881
1356445832089,-1.7249503,2.6288877,3.3501573
1356445832129,-0.84270906,1.7027326,2.0732317
1356445832169,0.18249655,0.43321657,0.60843873
1356445832209,-0.43210793,-0.48537683,2.0291483
1356445832266,3.2282534,-2.5305586,0.7787304
1356445832290,4.3983746,-2.859942,3.3484864
1356445832329,0.37706137,-4.569776,2.3134027
1356445832370,-2.133812,-10.657444,4.2756433
1356445832413,-0.2993493,-7.526495,0.12716387
1356445832451,1.5058703,-1.7097487,-1.413749
1356445832491,-0.8424926,4.8292084,0.13321882
1356445832531,-4.139097,7.8761005,0.7760914
1356445832572,-5.2343745,8.420841,-0.036769986
1356445832611,-4.013642,7.855777,-2.0695236
1356445832653,0.7273059,5.5518208,-6.9073772
1356445832692,3.9899197,-0.9538307,-10.314531
1356445832732,3.7553968,-0.7861595,-8.167892
1356445832774,4.3870845,-4.531438,-1.013793
1356445832811,-4.106492,-2.5986524,-1.7197931
1356445832851,1.591176,-2.2982292,5.6994247
1356445832891,1.2626057,-0.8834901,1.5949259
1356445832931,0.32266283,0.4364357,1.8592548
1356445832971,-1.381949,2.1475263,2.7513018
1356445833012,-2.1888156,3.0256066,3.600761
1356445833050,-0.5627594,1.273066,1.54821
1356445833089,-0.0762949,-0.77810764,1.6202819
1356445833129,2.1920462,-0.93096924,1.785023
1356445833172,3.503636,-2.2318244,0.843784
1356445833211,2.921681,0.07043934,3.603084
1356445833270,0.7062063,-6.1889586,1.251714
1356445833290,-2.4857802,-11.335794,3.8961985
1356445833333,0.68957615,-6.6759276,-1.2559024
1356445833372,-0.34231663,-0.5754032,-1.1941475
1356445833411,-1.8937616,6.287936,0.047234297
1356445833452,-4.365733,8.049824,0.7278273
1356445833492,-4.8456006,8.278357,0.15966713
1356445833532,-3.4707828,7.3169975,-2.1102571
1356445833571,-0.28244877,4.588274,-6.485527
1356445833613,5.659177,-1.4092407,-11.000609
1356445833653,5.416739,0.81537247,-7.8693614
1356445833693,2.261023,-6.101015,1.6659721
1356445833732,-2.2873316,-3.2896338,-1.5499166
1356445833771,0.29324818,-2.223415,4.305417
1356445833813,0.17898417,-0.5914097,2.159128
1356445833851,-0.29578972,1.5374608,2.029516
1356445833892,-1.7522259,2.4503622,3.222628
1356445833932,-1.6477675,2.3028984,2.9719667
1356445833971,-0.699831,0.54410744,1.2500591
1356445834010,-0.45248556,-0.21362114,2.536587
1356445834051,2.0323362,-0.28340816,1.6907978
1356445834090,2.3546414,-2.0103664,1.8282588
1356445834133,2.4707036,-1.2496953,4.7882657
1356445834168,-0.8137851,-6.681169,0.074633375
1356445834210,-2.3419068,-10.610041,3.7437792
1356445834283,2.0465846,-7.02043,-1.4811924
1356445834291,0.5732126,-2.007164,-1.635082
1356445834315,-1.2834656,3.6898913,-0.9198569
1356445834360,-3.162975,7.166795,0.36442316
1356445834401,-4.550413,7.9575777,-0.07062435
1356445834442,-4.156458,7.4678516,-1.6965203
1356445834517,0.1293459,6.024091,-5.275964
1356445834525,4.4894447,-0.7973032,-10.874344
1356445834572,4.426332,0.90443516,-7.0525236
1356445834609,1.6231093,-5.9610357,1.0088801
1356445834653,-1.9630134,-1.7999396,-1.7092977
1356445834692,0.29288363,-1.7427826,3.8266735
1356445834730,0.7659092,-0.999629,1.6425303
1356445834771,0.15504265,-0.10273218,1.7332138
1356445834811,-1.2587366,1.4440732,2.8406482
1356445834849,-1.4771576,2.3659043,3.0017729
1356445834889,-0.06686401,1.0255232,1.7573236
1356445834929,0.025053501,-0.40819502,1.7072247
1356445834969,0.76178837,-0.78093815,1.7985541
1356445835011,2.0249143,-2.1146622,1.5313616
1356445835050,2.556933,-1.5261488,4.1634607
1356445835091,-0.07412624,-6.020819,0.046349227
1356445835129,-2.5216126,-10.292696,3.4022582
1356445835173,1.9962525,-7.3797364,-0.8648943
1356445835211,1.7405481,-1.7310038,-1.8173912
1356445835272,-1.9745381,4.6256967,0.16314489
1356445835291,-3.9459944,7.7963915,0.73675084
1356445835331,-4.256334,8.029512,-0.18836248
1356445835371,-3.7300153,6.90292,-1.4761065
1356445835412,-0.21196747,5.675583,-5.8554945
1356445835453,5.4058332,0.0568552,-9.720138
1356445835489,6.3971586,-0.18531513,-8.504562
1356445835545,1.0795004,-4.5405016,1.6511137
1356445835583,-1.921331,-2.7615294,-0.7716325
1356445835621,0.53828096,-2.2860804,3.8641393
1356445835661,0.2475605,-0.417655,2.0387988
1356445835700,-0.32572937,0.39753914,1.6117331
1356445835741,-1.1398041,1.4409137,2.3725586
1356445835780,-1.0510283,2.158484,3.003887
1356445835819,-0.93223524,1.4625459,1.6366305
1356445835859,-0.6325073,-0.2972436,1.6233195
1356445835899,0.34866524,0.32894802,1.2143972
1356445835939,1.8425941,-0.8460002,1.9812741
1356445835981,1.9675317,-1.3901658,1.7207997
1356445836020,0.9929013,-2.3935041,2.9990413
1356445836060,-2.5936582,-8.497428,2.1396515
1356445836100,1.0425339,-8.170809,2.7216554
1356445836144,3.3048816,-4.5491514,-2.3944585
1356445836183,-0.3236165,1.8093324,-0.37835684
1356445836222,-3.7277951,7.077223,1.5913101
1356445836270,-5.3921356,8.206493,0.6968449
1356445836301,-5.049092,7.51653,-0.4068967
1356445836345,-1.8021712,5.954053,-5.0600667
1356445836382,5.065993,1.5794029,-8.835905
1356445836421,4.50062,-1.0065851,-9.743265
1356445836460,3.3782988,-1.157155,-4.2020984
1356445836498,0.019420624,-4.8563294,0.054761447
1356445836552,0.2675662,-1.5443773,2.4885411
1356445836592,0.38918924,-1.9989486,2.0657969
1356445836631,0.09440279,-0.8899312,1.7027863
1356445836669,-1.4102886,1.1637263,2.3766754
1356445836709,-1.1549342,2.7139602,2.6275458
1356445836749,-0.4229684,2.5246377,2.193093
1356445836789,0.21615314,1.0846639,1.2000949
1356445836829,0.0053334236,0.754334,1.15772
1356445836869,1.2602992,-1.2259741,2.4163387
1356445836929,1.0866475,-2.7366676,1.873971
1356445836948,0.9869766,-2.4810734,4.3014026
1356445836989,-2.1670532,-5.862206,0.5489941
1356445837025,-0.007173538,-5.7999716,2.867069
1356445837065,2.9043155,-5.3106656,-2.161831
1356445837108,2.2359352,0.004552841,-0.96116245
1356445837153,-3.1216776,5.5939875,0.3903283
1356445837201,-4.4377203,6.5956945,0.24792302
1356445837241,-3.9177198,6.12829,-1.2819357
1356445837282,-1.6557128,5.6426992,-2.665932
1356445837321,2.636742,2.3530588,-6.7576046
1356445837363,5.7623014,-0.7517967,-7.993374
1356445837400,5.1201525,-0.7071371,-4.1121855
1356445837443,-0.2567935,-3.8435974,1.3730346
1356445837488,-2.442464,-1.7917266,-0.4169516
1356445837521,0.4634037,-2.8822203,3.5073557
1356445837562,0.8664136,-1.9626379,1.828921
1356445837600,-0.7121458,0.12983036,1.571238
1356445837639,-2.0301332,1.73982,2.1978736
1356445837679,-0.9596267,2.2147908,2.1321409
1356445837720,-0.3857174,0.9437642,1.0644581
1356445837759,-0.5320506,0.44326591,1.0124326
1356445837799,0.02187109,0.74230576,2.0337126
1356445837839,2.1176853,-1.5259237,1.6636565
1356445837881,2.73275,-2.0691252,2.8551192
1356445837920,0.35553455,-3.4204636,-0.7537381
1356445837962,-2.825418,-6.6332445,1.3702213
1356445837999,0.87195873,-5.899487,1.351094
1356445838050,3.2558885,-3.6629696,-2.0394948
1356445838082,-0.44456816,1.3248434,-0.57107526
1356445838121,-4.076301,5.8425894,0.2897334
