1356420804448,0.0,0.0,0.0
1356420804488,0.0,-0.23136806,-0.08165938
1356420804528,0.040828705,-0.23007727,-0.27173197
1356420804567,-0.081879616,0.19597197,0.043776512
1356420804609,-0.041130066,-0.069336414,-0.2642846
1356420804648,-0.04074669,0.021665096,-0.21429724
1356420804687,-0.08019924,0.07159805,-0.3918084
1356420804729,-0.1180563,0.14677167,-0.2914542
1356420804767,0.00935173,-0.04030347,0.30470693
1356420804807,-0.06568432,0.23141003,0.20986953
1356420804847,-0.09847069,0.10369849,0.35837507
1356420804889,-0.04887581,-0.014254093,0.56610006
1356420804927,0.0010757446,-0.36656404,-0.08533794
1356420804967,-0.07172489,0.11227679,0.2416127
1356420805009,-0.06333351,-0.04542327,-0.6294366
1356420805055,-0.0148124695,-0.15691876,0.37422785
1356420805087,-0.048732758,-0.08621073,-0.45697868
1356420805127,0.080085754,-0.31051612,0.26019102
1356420805175,0.08538246,0.05763197,0.21365497
1356420805217,0.12918282,-0.08861709,0.4866637
1356420805256,0.15592957,-0.09759617,0.023596883
1356420805297,0.042188644,0.30126667,-0.063883364
1356420805337,0.18293571,0.31546402,-0.4166987
1356420805379,0.12875175,0.58107376,0.13982522
1356420805416,0.19497967,0.9583039,-0.2947563
1356420805457,0.21811104,0.9369631,-0.5722506
1356420805497,-0.14190865,0.6758325,-0.8662592
1356420805537,0.3689289,0.1466074,-0.57342005
1356420805577,0.3077488,0.7431414,-0.5347696
1356420805617,0.24617386,0.7712629,-0.1375733
1356420805657,0.49574947,0.3338418,0.040751398
1356420805697,0.27792072,0.30711794,0.38591248
1356420805737,0.16385746,0.17832899,0.64016783
1356420805776,0.31707478,0.0735445,0.57426333
1356420805817,0.39885616,0.7308316,0.2346493
1356420805857,0.16584015,0.40607643,-0.27082622
1356420805897,-0.06718731,-0.08750701,-0.81176364
1356420805937,-0.37926865,0.5943415,-1.113332
1356420805977,-1.3233528,0.82792926,-0.9922326
1356420806017,-1.1467438,1.3989513,-0.92164993
1356420806057,-1.4862375,1.7683301,-0.94765055
1356420806097,-1.9230442,-1.4913557,-1.0568482
1356420806137,-1.3349428,-2.955827,-0.14045835
1356420806177,0.7664194,-1.7012227,0.09932351
1356420806217,-0.836565,0.07446146,1.155742
1356420806257,-0.81445026,0.7158189,2.5563443
1356420806297,0.07724285,-0.3177309,2.463439
1356420806337,0.927763,-1.1604145,2.8269022
1356420806378,2.3937201,-1.4648981,2.13613
1356420806416,3.9733295,-1.436883,2.1735308
1356420806457,4.2782044,-0.90560675,2.6243396
1356420806497,4.2922573,0.55692387,4.3014054
1356420806537,0.93614674,2.3478012,5.0408845
1356420806577,-4.0852537,4.853553,8.396033
1356420806617,4.606097,-0.9654379,2.0769863
1356420806657,-8.356884,-1.4734191,-1.6406152
1356420806697,-0.8880682,0.33127856,0.47480237
1356420806737,3.577763,-4.3737407,-5.5336876
1356420806777,-2.4064875,3.0268335,-4.149695
1356420806817,0.005695343,0.010087967,-3.4855707
1356420806857,-0.3554783,-2.3631625,-2.7540715
1356420806897,-0.03238392,2.1146722,-3.8328469
1356420806937,0.30667686,0.25328708,-2.6164062
1356420806977,0.033049583,0.012479305,-2.3423052
1356420807017,0.1365099,-0.5602546,-2.1508627
1356420807057,0.076498985,0.1776843,-2.10868
1356420807098,-0.6127691,1.6722045,-1.3676591
1356420807139,-0.33676052,2.5624251,-0.98145354
1356420807175,-1.2309055,1.1377602,-0.11298984
1356420807218,-0.66487503,3.7291408,0.46158287
1356420807257,-3.5163126,-0.08988333,-0.16862744
1356420807297,-4.443425,-3.0304792,-1.2763209
1356420807337,-2.594698,2.3867211,3.5387547
1356420807378,-0.97834015,0.24720049,1.6690848
1356420807416,2.1395187,-2.5551734,0.5307611
1356420807457,2.5255337,-2.753152,2.4696639
1356420807497,4.3874345,-3.46382,0.78980327
1356420807537,5.594119,-1.972058,1.0734549
1356420807577,5.2812567,-0.83237386,3.4436486
1356420807617,2.588633,0.3720436,5.129201
1356420807657,-4.5005407,4.1459055,9.095908
1356420807697,2.3206148,2.0594575,5.200449
1356420807737,-4.599292,-2.47422,-3.4743378
1356420807777,-4.648859,1.1294081,2.6254854
1356420807817,5.93133,-3.54637,-4.1048355
1356420807857,-1.8453517,1.6905873,-4.2168226
1356420807897,-0.4193306,2.5575385,-2.9487886
1356420807937,0.57774544,-2.4923842,-2.5319848
1356420807977,0.28762436,1.3719492,-3.9763122
1356420808017,-0.2776041,-0.3319347,-3.570816
1356420808057,0.37621307,-0.70101213,-2.7668936
1356420808097,0.027756691,-0.8126483,-2.6398346
1356420808137,-0.05942726,0.30174804,-2.3346086
1356420808177,-0.5788479,2.2054229,-1.4729176
1356420808217,-0.88686275,1.7391899,-1.1897018
1356420808257,-1.3334541,1.929863,-0.4023412
1356420808297,-3.1677094,3.596715,0.074403286
1356420808337,-3.7961369,-3.6800573,-0.5531579
1356420808381,-3.3752203,0.21530843,0.7562137
1356420808407,-2.3286705,2.7384486,3.3582587
1356420808449,-0.45251465,1.0125542,1.4717578
1356420808489,2.3338299,-1.5439305,1.7846957
1356420808529,2.8240695,-2.3230095,3.274726
1356420808569,5.0163736,-3.1303902,0.5551324
1356420808609,4.9592147,-2.8061233,1.2007976
1356420808649,4.442961,-1.2717481,3.3409715
1356420808689,0.66372395,-0.29556322,5.317871
1356420808729,-2.2685585,4.084678,8.459638
1356420808769,2.21243,2.5210507,4.464547
1356420808809,-7.558031,-1.8138856,-1.8390865
1356420808849,-0.6382494,-1.074652,0.006507635
1356420808889,3.4721503,-3.5714767,-5.390668
1356420808929,-2.2392306,2.7160702,-4.4630823
1356420808969,0.28981733,-1.083559,-2.9344993
1356420809009,0.16500092,-1.4369478,-3.0812755
1356420809048,0.45128918,1.6451027,-3.669561
1356420809089,0.21361446,0.8010819,-2.4493725
1356420809128,0.34486294,0.043552876,-2.0699482
1356420809158,0.66610336,-0.26337314,-1.906364
1356420809199,0.42453194,0.7664981,-2.0164187
1356420809239,-0.70240307,1.6357555,-1.3803351
1356420809279,-1.3451052,1.3227093,-1.8118043
1356420809319,-2.1440325,0.06953049,-0.39295793
1356420809379,-0.90532017,2.8472087,0.45237285
1356420809398,-1.1092453,2.6141214,0.6584909
1356420809439,-3.9193916,-2.9468904,-1.3536931
1356420809479,-2.8137932,1.2937312,2.443751
1356420809519,-0.9526253,3.112852,3.2310429
1356420809559,1.1098232,-1.9419041,1.2914578
1356420809599,2.8509455,-2.1517494,2.4187698
1356420809639,3.7801547,-2.5424414,1.6403978
1356420809679,5.3190064,-3.4553308,0.34346393
1356420809718,4.814463,-1.8977036,2.079085
1356420809759,2.258515,-0.28102446,4.033012
1356420809799,-0.084095955,2.284031,6.526639
1356420809839,1.2475233,6.2618284,6.418559
1356420809878,-1.0856066,-0.65505385,-0.8740346
1356420809927,-8.415135,-0.6583369,2.1936035
1356420809947,3.568357,-1.8241341,-1.5202261
1356420809985,0.3451624,-3.0844638,-5.1358833
1356420810025,-0.997107,5.004773,-3.4122856
1356420810067,0.20130062,-3.1385922,-3.1032436
1356420810107,-0.46059895,-0.5978577,-4.0676155
1356420810147,-1.0365887,-0.8018949,-3.7900186
1356420810187,-0.37746525,-0.617394,-2.542291
1356420810227,-0.342906,-0.16198683,-2.8111963
1356420810267,-0.72594166,0.31799316,-1.8802184
1356420810307,-0.32168484,1.9187629,-1.1420956
1356420810378,-0.56356144,3.1138752,-1.5622962
1356420810391,-1.9003878,1.5643775,-0.21773735
1356420810428,-2.3726807,2.8627036,0.11400205
1356420810469,-3.787077,-2.9180617,-1.6801349
1356420810509,-4.378147,-2.31539,-0.17763734
1356420810549,-1.0721569,3.0777454,5.30797
1356420810590,0.30736923,-0.29823065,1.7465396
1356420810629,2.8929172,-3.001337,1.6001728
1356420810669,2.9065776,-1.7881973,2.9228253
1356420810709,5.08372,-3.244411,-0.21811652
1356420810749,5.4783893,-1.7631955,2.0473404
1356420810789,3.6821518,0.55648136,5.1025467
1356420810829,0.6989994,-0.39279175,5.9222484
1356420810869,-2.5817022,3.9146457,8.723308
1356420810908,3.885707,-0.084448576,0.8574585
1356420810949,-10.030913,-1.4807177,-0.022934198
1356420810989,1.3308973,0.12571955,-0.963458
1356420811029,2.4653397,-3.0441546,-5.4953213
1356420811069,-1.8209643,3.6919034,-3.852701
1356420811109,0.02066946,-0.13598228,-3.8531873
1356420811149,-0.7928419,-2.1269927,-2.7719033
1356420811189,0.23805332,0.8777034,-4.540848
1356420811229,-0.40492916,0.61304927,-2.3578393
1356420811269,0.21829128,0.19618869,-2.145401
1356420811309,0.44266224,0.040306807,-2.2290306
1356420811378,-0.558054,0.88582325,-1.635503
1356420811390,-0.5951071,1.527627,-1.6297684
1356420811429,-0.7561407,1.4266822,-1.5243084
1356420811469,-1.5670862,1.0515947,-0.301845
1356420811509,-1.6752481,3.1060638,0.68148804
1356420811549,-2.0732136,-1.7413495,-0.5432898
1356420811589,-3.2395277,-2.4876318,-0.56503296
1356420811629,-0.6724386,2.7627864,4.3291264
1356420811669,-0.61315536,0.650126,2.3994446
1356420811708,1.6562262,-2.5389357,1.1268364
1356420811749,2.0421267,-1.4394572,2.949665
1356420811789,4.0223475,-2.7059174,0.697438
1356420811829,4.8383846,-2.5247378,1.552424
1356420811869,4.655643,-0.3283286,3.808394
1356420811909,0.9904623,0.5399194,5.232556
1356420811949,-3.2349663,3.1005545,7.8317785
1356420811989,2.1651888,1.229409,3.1708007
1356420812029,-8.024109,-1.7847115,-0.99829257
1356420812069,-1.4203348,0.07288456,1.3605759
1356420812098,2.3388195,-3.221656,-4.509116
1356420812129,-0.6826124,-0.07576752,-4.58525
1356420812169,-0.2668724,3.977759,-3.1879086
1356420812208,-0.11214924,-1.650332,-3.7217698
1356420812249,-0.3469677,-0.2479105,-2.9331987
1356420812289,0.7442694,-0.4367292,-4.1862726
1356420812329,0.5180073,0.4598093,-2.8623629
1356420812378,0.1369381,-0.5902176,-2.026995
1356420812409,0.46360302,-0.67108417,-2.1806624
1356420812449,0.38514328,0.61070347,-2.031682
1356420812490,-0.06542969,1.0991762,-1.8475149
1356420812529,-0.8810234,0.81024075,-1.8113825
1356420812569,-1.143074,-0.093658686,-0.8492421
1356420812609,-0.26094818,2.4086413,0.009329975
1356420812649,-0.8377905,3.202346,0.23796535
1356420812689,-3.142559,-2.7457848,-0.93800855
1356420812729,-1.5620193,-4.4365883,-0.27300477
1356420812769,-0.8196163,-0.19687176,2.2822585
1356420812807,-1.2605362,-0.30108976,2.713764
1356420812847,0.466156,-0.8550222,2.1147249
1356420812885,0.8612757,-0.3431697,3.0445747
1356420812927,2.809383,-1.4726417,2.4268756
1356420812967,4.299563,-1.6538086,1.8842857
1356420813007,4.926543,-0.83416104,2.5610461
1356420813048,2.7383819,1.78122,4.2176676
1356420813087,-0.39323044,3.303096,5.2322397
1356420813127,-1.4783783,4.244751,6.595504
1356420813167,4.059241,-0.6068299,1.1012752
1356420813207,-4.3234406,-0.5934975,-0.9619787
1356420813247,-7.56936,1.8298984,2.389545
1356420813287,4.422982,-2.6751885,-3.1854725
1356420813327,0.010255337,-2.685214,-5.683838
1356420813381,-0.6412878,3.9597955,-4.307791
1356420813419,-0.60430336,-2.8799496,-3.244619
1356420813459,-0.6897812,-1.052278,-3.7000759
1356420813499,0.20167446,-0.30135345,-3.8957968
1356420813539,-0.1360054,0.03673172,-2.3540041
1356420813579,0.29302502,0.051172018,-2.2489443
1356420813619,0.35304928,0.16954756,-1.5606959
1356420813659,-0.11197853,0.26514578,-1.5106393
1356420813699,-0.7406435,0.5861571,-1.2983929
1356420813739,-0.80057716,0.8840108,-0.7318332
1356420813779,-0.68774223,1.1855261,-0.3785932
1356420813819,-0.608819,1.396527,0.48095155
1356420813859,-0.64008045,2.8519766,1.3537511
1356420813899,-1.0002975,1.3815975,0.61151505
1356420813939,-2.3735151,-4.0206094,-0.24317586
1356420813979,-2.0759478,-0.97786117,1.4823174
1356420814019,-1.2458029,1.6026902,3.5653415
1356420814059,-0.6290016,-1.083128,2.1940956
1356420814098,1.9844861,-0.6559024,1.8150446
1356420814139,2.320376,-1.7693489,3.5620694
1356420814179,4.026469,-1.8877635,2.126572
1356420814219,5.190041,-1.5053301,2.1446342
1356420814259,3.9191885,-0.25736332,3.885395
1356420814299,0.38687706,1.1783152,4.143712
1356420814339,-1.814786,2.2322984,5.9431605
1356420814377,1.5825691,2.6231508,4.675739
1356420814417,-6.447093,0.46303368,-1.3481815
1356420814457,-2.225173,-0.37214303,1.0210799
1356420814499,4.2653193,-3.381273,-4.443842
1356420814537,-2.3110967,1.9564548,-3.5589695
1356420814577,-0.30324936,2.0657954,-3.011255
1356420814617,-0.39599514,-3.346198,-2.9889274
1356420814657,-0.5512066,-0.03091526,-4.0335217
1356420814697,0.101789474,0.27247095,-3.84522
1356420814737,0.22733593,0.25854254,-2.7957253
1356420814777,0.011387825,-0.45357323,-2.54144
1356420814817,0.24572659,-0.43650723,-2.1640153
1356420814857,0.25598335,0.04019785,-1.8294709
1356420814897,0.28257084,0.535692,-1.8145413
1356420814937,-0.48260498,-0.111264944,-1.0059607
1356420814977,-0.8170643,0.5206051,-1.0570548
1356420815017,-1.0077314,0.14180255,-0.7800641
1356420815057,-0.7823229,0.85041237,-0.29026878
1356420815097,-0.4856329,2.8090117,0.5703971
1356420815137,-1.0421638,2.7949476,-0.044831395
1356420815177,-3.02676,-2.814139,-0.6067028
1356420815217,-1.1824026,-2.2874594,0.30816472
1356420815257,-0.80447197,1.831645,2.0955105
1356420815297,-0.37104893,-0.023888588,2.005758
1356420815337,1.1647186,-0.4997375,2.6577423
1356420815383,2.019229,-0.70492816,3.3684359
1356420815418,3.1130838,-2.1040635,2.5974402
1356420815459,4.410038,-2.013683,1.4804335
1356420815499,4.3824263,-0.7020078,3.0668073
1356420815539,3.0381951,0.9469156,4.3774266
1356420815579,-0.05365753,1.40627,5.682366
1356420815619,-3.0274343,3.8707378,6.09057
1356420815677,4.620775,-1.329993,1.3644164
1356420815697,-7.2335863,-0.8182099,-0.6771895
1356420815737,-3.3269625,0.538285,1.3484182
1356420815775,3.072958,-3.8452508,-4.47073
1356420815817,-1.5519328,1.0828881,-3.7002244
1356420815857,-0.69606256,2.3877845,-3.2687423
1356420815897,-0.82124233,-2.8276212,-2.801468
1356420815937,-0.5317688,0.77142954,-3.2015483
1356420815977,0.16994476,0.013590813,-3.4824798
1356420816017,0.43617535,-0.48019624,-2.6196084
1356420816057,0.24494457,-0.43205857,-2.9667628
1356420816097,0.37096882,0.15446448,-1.9253473
1356420816137,-0.038513184,0.3799765,-1.545461
1356420816177,0.021951675,0.43331552,-1.4425641
1356420816217,-0.16829681,0.8685148,-1.2911062
1356420816257,-0.40354156,1.8563466,-1.1637838
1356420816297,-1.0518341,0.82825375,-0.48452652
1356420816337,-0.30429077,2.9111187,0.29111654
1356420816380,-0.6040125,2.1415765,0.21513337
1356420816418,-2.4034815,-1.880044,-0.5187839
1356420816458,-1.910408,-4.053225,-0.10957253
1356420816499,-1.5297804,-0.7103238,1.042606
1356420816539,-1.1502218,0.15237379,2.3588386
1356420816579,-0.014605522,0.01717186,2.636301
1356420816619,1.3005028,-0.8283894,2.7591429
1356420816659,2.3562088,-1.7468472,2.6700835
1356420816699,3.5636086,-2.2182765,1.6258466
1356420816739,3.7942824,-1.1498659,2.1663895
1356420816779,2.4881954,0.13496399,3.2743194
1356420816818,0.37798977,1.532229,4.124635
1356420816859,-0.8942175,2.9940596,4.840966
1356420816899,2.9799118,2.401295,4.532636
1356420816939,3.9351835,-0.49571228,0.0026330948
1356420816979,-5.1796074,1.3085563,-0.11876345
1356420817019,-6.065646,0.6281996,2.256331
1356420817059,3.617539,-4.501485,-4.5113363
1356420817097,-1.1493449,0.5685482,-5.9238067
1356420817137,0.040030003,1.5256915,-4.0942435
1356420817177,-0.8042145,-3.7635508,-2.9445696
1356420817217,-0.32238865,0.61782026,-4.522256
1356420817257,0.47337866,0.31371307,-3.4636292
1356420817297,-0.042904854,0.4646988,-2.2447662
1356420817337,-0.23192501,0.114999294,-2.0852635
1356420817381,0.31405258,0.05686617,-1.0709448
1356420817418,-0.13590908,0.72678447,-1.5377477
1356420817449,-0.36841393,0.9049506,-0.84509575
1356420817489,-0.7234945,1.0811596,-0.88184834
1356420817529,-1.2000084,0.6074345,-0.96396875
1356420817569,-1.2378883,1.1382058,0.25681883
1356420817609,-1.2871275,3.564412,0.6577271
1356420817649,-2.63276,-0.5580301,0.15414488
1356420817689,-1.5512552,-4.196967,-0.37563193
1356420817727,-1.4729643,-0.5442016,1.6631688
1356420817767,-0.57923126,1.3829637,2.489109
1356420817807,0.70413685,-0.80411816,1.8256744
1356420817847,1.9953613,-0.9288254,3.1884022
1356420817887,2.590643,-2.0059934,2.8062167
1356420817927,4.6441884,-2.521,1.2180926
1356420817967,5.0032773,-1.2490327,2.4083889
1356420818008,3.2575922,0.4918728,4.0055766
1356420818047,-0.26405716,1.7760649,5.629002
1356420818087,-1.3986502,5.93476,7.815591
1356420818127,2.4744067,-0.93359876,-0.16068959
1356420818167,-9.9493885,-0.27480173,-4.1806698E-4
1356420818207,1.0375619,-0.83408165,-1.0590563
1356420818247,0.8225932,-3.66795,-6.215645
1356420818287,-0.8038454,5.038742,-4.0537796
1356420818327,-0.050592422,-3.2646923,-3.5590513
1356420818379,-0.15652943,0.018632412,-4.2352753
1356420818418,0.16504955,-0.51105285,-4.0423713
1356420818449,-0.1987648,-0.023903847,-2.603412
1356420818489,0.030474663,-0.34654164,-2.2129788
1356420818547,0.75462914,0.1514039,-1.7403442
1356420818567,0.21822071,0.8000295,-1.4960208
1356420818607,-0.32291698,1.4330521,-1.0150819
1356420818645,-0.9059496,0.6185057,-0.96816885
1356420818687,-0.87240314,1.5997658,0.27103704
1356420818727,-0.9801636,3.4589994,0.69115585
1356420818767,-2.685748,-1.3654327,-0.07963896
1356420818807,-3.2396288,-3.7784767,-0.43421602
1356420818847,-1.6354265,2.2326703,3.335441
1356420818887,-1.1365671,0.9898262,2.6051326
1356420818927,1.4312644,-1.3891678,2.2070236
1356420818967,1.9594688,-1.3413231,3.3715415
1356420819007,4.293317,-3.0507822,1.5147265
1356420819047,4.4918985,-2.164748,1.8171492
1356420819087,5.3658285,-1.1663969,2.9230764
1356420819127,0.7444458,0.61182976,4.82296
1356420819167,-1.8909674,2.7786236,7.0311394
1356420819207,1.5463281,2.6215127,4.7164526
1356420819248,-7.3567696,-1.261311,-1.4455868
1356420819287,-1.252347,0.47086668,1.6554163
1356420819327,3.1339002,-3.0553002,-4.6854353
1356420819381,-1.6658444,1.6839676,-3.965568
1356420819409,0.02382183,2.1701467,-3.258271
1356420819449,-0.40581608,-2.1084943,-2.770893
1356420819489,0.24760818,1.0120115,-4.018726
1356420819529,0.36806107,0.25270844,-3.4092746
1356420819569,0.14002514,0.0787611,-2.5863068
1356420819609,0.2798071,-0.7405176,-2.409879
1356420819649,0.58859634,-0.09625697,-2.062739
1356420819689,0.26071644,0.81388664,-2.0119677
1356420819729,-0.7857046,0.16329813,-1.2375627
1356420819769,-0.69551563,0.6696005,-1.3477994
1356420819809,-1.1661129,0.28204536,-0.45258743
1356420819848,-0.61434937,3.0936317,0.37471682
1356420819889,-1.2080421,2.731526,0.41564596
1356420819929,-2.3729744,-3.1052265,-0.13704729
1356420819968,-1.8491039,-2.4933681,0.31552505
1356420820009,-1.0499687,1.8193808,2.4748352
1356420820049,-0.52748585,0.26903343,2.0290055
1356420820089,1.3229594,-0.53956795,2.760581
1356420820129,2.0889783,-1.7306037,2.1417634
1356420820168,2.6184726,-1.5545237,3.6698148
1356420820209,4.6023517,-1.9153845,0.8997621
1356420820249,3.897171,-1.474653,3.0112972
1356420820289,2.1064763,0.7348819,4.2449293
1356420820328,0.5760269,3.1175184,4.9247456
1356420820378,-0.23598957,5.6905127,6.0764365
1356420820409,-0.22532272,-0.59214664,0.3836493
1356420820449,-8.131474,-0.9373281,0.36634457
1356420820489,0.92988825,-1.4932735,-1.3931048
1356420820530,0.023962498,-2.6292071,-5.6238613
1356420820569,-0.20500803,2.6410656,-4.2566857
1356420820609,-0.8564372,-3.0452409,-3.5872984
1356420820649,-0.46952057,-0.7425723,-3.8155925
1356420820689,0.5365386,-0.34402466,-4.13667
1356420820729,-0.009985924,0.17861271,-2.4982173
1356420820769,0.20263958,-0.34368253,-2.2035801
1356420820809,0.50387096,-0.20894599,-1.7388853
1356420820849,0.5604534,0.8608179,-1.8303046
1356420820889,-0.5818758,0.94453406,-1.2115239
1356420820929,-0.8630886,0.9042003,-1.2644083
1356420820969,-1.0242519,0.28581142,-0.37051225
1356420821008,-0.41708946,1.9664357,0.7965007
1356420821049,-0.90591526,3.25241,1.1132797
1356420821089,-2.2818127,-1.9274464,-0.3554864
1356420821127,-3.8472013,-2.503703,-0.021045804
1356420821167,-1.073597,2.9689965,3.9545085
1356420821207,-0.4638834,-0.7078655,1.5524944
1356420821247,2.8697038,-2.1631162,0.983894
1356420821287,1.519,-1.6663916,4.1249604
1356420821327,3.6571689,-2.7916768,1.5514896
1356420821377,4.876404,-1.8381941,1.3046871
1356420821427,4.0888886,-0.6525912,3.5410767
1356420821447,0.26499844,0.66732407,4.5436597
1356420821487,0.19006729,2.922894,6.2415
1356420821525,2.0334272,3.5021496,4.573301
1356420821567,-4.2426205,0.59441113,0.10220301
1356420821607,-4.1699953,0.4050176,1.2958558
1356420821647,1.8078799,-2.1939998,-2.2768917
1356420821687,-0.9360709,-0.3748684,-4.6113977
1356420821728,-0.46281672,1.9425535,-3.4834228
1356420821767,-0.460783,-2.9085588,-3.0153465
1356420821807,0.11931324,0.64497375,-3.8375154
1356420821847,0.30843544,-0.2507844,-3.2286885
1356420821887,0.009539604,-0.19681025,-2.2939544
1356420821927,-0.0149850845,-0.24663687,-2.263729
1356420821967,0.26249886,-0.74581313,-1.5496019
1356420822007,0.22545719,0.17225981,-2.2724733
1356420822047,0.01037693,0.8511152,-1.5517845
1356420822088,-0.5597496,1.5135665,-1.7840252
1356420822127,-1.3341522,0.88094425,-0.74736285
1356420822167,-1.1663265,3.18966,0.39516383
1356420822207,-1.607171,1.7011166,-0.3126915
1356420822247,-3.664814,-3.819735,-1.1524229
1356420822287,-2.7914982,-1.3383927,1.0544196
1356420822327,-0.9667587,1.8490748,3.384663
1356420822377,0.03405571,-0.9755938,1.7195995
1356420822409,3.0733633,-1.4790618,1.1505136
1356420822449,1.9541636,-1.995923,4.0667458
1356420822488,4.31368,-2.7740793,1.6294488
1356420822529,5.3190575,-1.8476515,1.3467078
1356420822569,2.992198,-0.6351788,3.590692
1356420822609,-0.44984436,1.4224868,5.1906376
1356420822649,0.07133865,4.7815676,6.324669
1356420822689,3.1564832,1.7876382,3.2165763
1356420822730,-6.0763016,0.25915718,-0.68912137
1356420822769,-3.725226,0.21783566,0.84137046
1356420822809,1.8744931,-3.2997992,-3.0933104
1356420822849,-1.0635438,-0.021004438,-5.1230764
1356420822889,0.045006752,2.8824592,-4.2251945
1356420822929,-0.98701286,-3.4769118,-2.989914
1356420822969,-0.23888302,0.15212727,-4.2764115
1356420823009,0.2329731,-0.26362705,-3.8620443
1356420823049,-0.071650505,0.25138378,-2.2589855
1356420823089,0.45774078,-0.32395124,-2.4306498
1356420823129,0.363513,0.0326252,-1.8492999
1356420823169,-0.15660667,0.5965018,-1.7244146
1356420823209,-0.5319109,1.1520545,-0.9319325
1356420823249,-0.6362572,1.254082,-1.0819095
1356420823288,-1.1314087,0.8137741,-0.26995647
1356420823329,-1.6452284,2.808383,0.6110625
1356420823377,-2.2315502,0.29308796,0.071677685
1356420823409,-2.0324383,-3.9749143,-0.30010653
1356420823449,-1.5602674,0.38489294,2.2718155
1356420823489,-0.44981575,1.846869,3.190254
1356420823529,0.61326694,-1.7065296,1.7839547
1356420823569,2.8642578,-1.2335691,2.6593223
1356420823609,1.888144,-1.6987233,4.012491
1356420823649,4.9819694,-2.3941638,1.3496912
1356420823689,5.339448,-1.2878237,2.3752522
1356420823729,2.6356864,0.05297327,4.4358335
1356420823769,-0.5126171,1.3821535,5.5978837
1356420823809,0.48396873,3.8661923,6.0344296
1356420823849,-2.268547,0.7450278,0.6359153
1356420823888,-7.7977295,-0.6224153,0.32754016
1356420823929,1.4527321,-1.6199622,-2.3673384
1356420823969,0.11618996,-2.456606,-6.0154276
1356420824009,-1.045249,4.641201,-3.4264348
1356420824049,-0.24038315,-2.5620685,-3.0881746
1356420824089,-0.059417725,0.3334341,-3.6419485
1356420824129,0.5299349,0.1651516,-3.9126287
1356420824169,0.23604298,0.12762594,-2.5495944
1356420824209,0.36107063,-0.4688425,-2.6646848
1356420824249,0.6722145,-0.48809338,-2.3295894
1356420824307,0.32242107,0.461442,-2.1242738
1356420824327,-0.6834936,0.4844694,-1.0195849
1356420824383,-0.24160576,1.4127111,-1.2921596
1356420824405,-1.0372105,0.7761874,-0.44451386
1356420824447,-1.0534334,2.7358747,0.58972776
1356420824487,-0.97453403,2.4753895,0.4418198
1356420824527,-2.6473207,-3.1580377,-0.24179232
1356420824567,-2.5275698,-1.6204631,0.428015
1356420824607,-1.1570473,1.9765201,3.348528
1356420824647,-0.7723713,-0.3542428,2.1505225
1356420824688,1.9870915,-0.5658541,2.2623646
1356420824727,2.31917,-2.0002165,3.3349888
1356420824767,3.7581916,-2.5488079,1.960717
1356420824807,5.056256,-1.8384497,1.3058941
1356420824847,4.0766463,-1.2516091,2.9806917
1356420824887,0.78903294,0.5296316,4.2936873
1356420824927,-1.1476545,5.5644813,6.85798
1356420824967,3.4071188,1.5175381,3.2622058
1356420825007,-6.2552176,-0.3771999,-1.5807619
1356420825047,-4.153912,1.1732068,2.1752343
1356420825087,3.7688324,-4.7116203,-4.221103
1356420825127,-1.7619243,2.5181608,-4.877837
1356420825167,-0.6324005,1.1240654,-3.3910666
1356420825207,-0.69028044,-2.9673157,-2.8695743
1356420825247,0.015151978,0.7383027,-4.554146
1356420825287,0.39654112,-0.19506311,-2.9561
1356420825327,-0.062461853,-0.16327143,-2.4268196
1356420825380,-0.07304478,-0.6212733,-1.8299015
1356420825418,0.66014576,0.4034109,-1.9671041
1356420825459,-0.32432365,0.54772234,-1.493293
1356420825499,-0.6430483,0.36173058,-1.2558479
1356420825539,-0.83741474,0.7238345,-0.9959555
1356420825579,-1.1199875,2.2963195,0.38512766
1356420825619,-0.77925014,3.886694,0.77215546
1356420825659,-3.0450478,-1.1775007,0.29260015
1356420825699,-2.3096876,-3.7036567,0.025248528
1356420825739,-0.9095173,1.8551888,2.7551227
1356420825779,-0.61518574,1.1706662,2.3158798
1356420825819,1.3745027,-0.3015995,2.0688906
1356420825859,2.436606,-1.8150585,2.920998
1356420825899,2.907178,-1.8349469,3.4943664
1356420825939,4.933577,-2.3441446,0.9310469
1356420825979,3.658195,-2.1603816,2.6100109
1356420826019,0.6042385,-0.56884384,3.6456966
1356420826058,0.7778406,0.60982084,4.979735
1356420826099,2.682798,6.90497,4.6439285
1356420826139,0.8120489,1.3265281,0.59990144
1356420826177,-10.133423,-0.16933537,0.9257617
1356420826217,3.4912043,-1.7230675,-1.5473585
1356420826257,-0.5955343,-1.9386024,-5.390561
1356420826297,-1.0865793,2.97887,-4.260493
1356420826337,-1.1819263,-4.6080017,-2.7686825
1356420826381,-0.22877836,0.58742857,-3.934898
1356420826419,0.2713771,0.22610664,-3.2868319
1356420826459,0.2253437,0.124429226,-2.2831707
1356420826499,-0.118878365,-0.8203666,-2.320298
1356420826539,0.5071287,-0.10343027,-1.8508426
1356420826579,0.5098429,0.7562928,-1.6900125
1356420826619,-0.36187744,0.36952305,-1.5726602
1356420826659,-0.85513973,0.34748316,-1.4192078
1356420826699,-1.3588219,-0.14423275,-0.875785
1356420826739,-0.7329445,2.329628,0.44694567
1356420826779,-0.878973,4.582267,0.9350194
1356420826819,-2.6314726,-0.8744428,-0.11867225
1356420826859,-2.390355,-4.0352635,-0.043985486
1356420826899,-1.8678341,0.51803684,1.9005659
1356420826939,-1.2131643,0.30045557,1.7995565
1356420826979,0.4344921,-1.2370701,2.2419982
1356420827019,2.3265862,-1.5948565,1.9298185
1356420827059,2.310763,-2.3152444,4.3450003
1356420827097,4.4805493,-2.2173736,1.2182775
1356420827137,4.9229193,-1.1098354,2.9382489
1356420827177,3.4496536,0.31371355,4.0831847
1356420827225,-0.3615408,2.1315708,5.5897994
1356420827255,-0.46916485,4.98013,6.532542
1356420827298,2.1166697,0.5157385,1.9490571
1356420827337,-8.99256,-0.54508924,-0.71809953
1356420827380,-0.41608715,0.77166414,0.3804481
1356420827418,1.5617633,-3.636282,-4.8717012
1356420827459,-1.6979132,2.468276,-4.5223503
1356420827499,-0.20637655,0.18729877,-3.6948266
1356420827539,-0.6746144,-2.0146718,-3.4931204
1356420827579,0.14992714,0.6702361,-4.9144297
1356420827619,0.1971035,-0.16846037,-3.5545728
1356420827659,-0.25735664,-0.44329834,-2.6403058
1356420827699,0.3858223,-0.6460688,-2.380314
1356420827739,0.53832436,0.028564453,-2.0469847
1356420827779,-0.18397331,0.7288556,-1.4011807
1356420827819,-0.75851345,0.13940668,-0.7208388
1356420827859,-0.214118,1.0435996,-0.78530157
1356420827899,-0.98398685,1.1319013,0.06321591
1356420827939,-1.1871967,3.5973706,0.9169797
1356420827979,-1.3989525,0.5297122,0.13624609
1356420828018,-2.7158365,-3.4159753,-0.796129
1356420828059,-2.0377502,0.8482752,1.9212477
1356420828098,-1.0386496,2.1238108,2.7755709
1356420828139,0.3877058,-1.2821834,1.6730884
1356420828179,2.2979121,-1.0571647,1.8353927
1356420828219,2.566959,-2.4297795,3.2026076
1356420828259,4.3468866,-2.7610328,0.8983536
1356420828299,4.718693,-2.1998298,1.7539562
1356420828339,2.562842,-0.0704608,3.7399917
1356420828379,-0.51484776,1.0151324,5.2171917
1356420828418,-0.61740685,4.7234893,6.4232802
1356420828459,-0.0759325,-0.2643981,1.1468079
1356420828499,-8.094145,-0.7743819,-0.00992763
1356420828539,0.96797657,-1.5726275,-1.5157334
1356420828579,1.0187726,-2.7768583,-4.996097
1356420828619,-0.7042947,3.5776496,-3.072387
1356420828659,-0.05100441,-1.2135568,-2.6925764
1356420828699,-0.5076418,-0.7842026,-2.6158226
1356420828739,0.7210803,1.0321918,-3.6207662
1356420828779,0.43043518,-0.022437572,-2.8095174
1356420828819,0.254138,-0.45843816,-2.509034
1356420828859,0.3962841,-0.70645094,-2.0609436
1356420828899,0.37745667,0.15883493,-1.576262
1356420828938,0.21486187,1.0227838,-1.4701442
1356420828979,-0.7699156,0.7388177,-0.7795223
1356420829018,-0.500597,0.932518,-0.60609555
1356420829059,-0.6763706,1.1028609,-0.079410374
1356420829099,-1.3112469,3.380547,0.33987826
1356420829139,-2.2876835,1.4908848,-0.22830892
1356420829179,-2.672185,-3.6308293,-0.53599226
1356420829219,-1.912282,-0.33528042,1.0366927
1356420829259,-1.0810871,1.6911888,2.1853905
1356420829299,-0.011850357,-0.8708322,1.5899534
1356420829339,1.8003149,-1.0806973,2.9864376
1356420829381,2.8735495,-1.8255193,1.861769
1356420829418,3.7277102,-2.5146818,2.3521147
1356420829459,5.2680016,-1.5831289,1.4070375
1356420829499,3.7745337,-0.570941,3.4687223
1356420829539,0.028796196,0.45726776,4.939612
1356420829579,-1.1988058,4.0339136,6.866601
1356420829619,3.306116,1.0972114,3.4153476
1356420829659,-6.346304,-0.83822584,-0.90739244
1356420829699,-4.98298,0.2660036,1.0650368
1356420829739,1.818141,-3.7806792,-3.724537
1356420829777,-0.96520233,0.101884365,-4.9753304
1356420829817,0.18877172,2.3315701,-3.7985
1356420829857,-0.752697,-2.0549057,-2.4298708
1356420829897,0.03856373,0.3261509,-3.6249588
1356420829937,0.64766693,0.28135777,-3.2492237
1356420829977,0.55555916,0.56168604,-2.0687675
1356420830036,0.25433826,-0.0057058334,-1.697053
1356420830057,0.8238859,0.17407084,-1.2569245
1356420830097,0.6409645,0.8773203,-2.1123326
1356420830135,-0.46638775,0.29223824,-1.322601
1356420830177,-0.9118166,0.9121103,-1.0996525
1356420830217,-0.99740124,1.2405968,-0.22426939
1356420830257,-0.44110298,3.686936,0.23778784
1356420830297,-1.6386442,2.16687,0.2797249
1356420830337,-3.098648,-3.0718694,-0.57123744
1356420830379,-2.1610432,-3.0553565,-0.061372757
1356420830409,-1.0737076,1.2711902,2.2354836
1356420830449,-0.62459755,1.0477443,1.8571684
1356420830489,0.4099388,-1.88712,1.8226901
1356420830528,2.6720915,-1.8181992,2.2858326
1356420830569,2.4821882,-2.1657684,3.9035542
1356420830609,4.7383966,-2.6263294,1.0617112
1356420830649,4.8667936,-1.8320632,2.6026442
1356420830689,2.9668794,0.5010085,4.7510653
1356420830729,-1.1756258,1.085576,5.2946825
1356420830769,-1.7808628,2.4577947,5.9431705
1356420830809,-4.933732,0.68906856,1.1661313
1356420830849,-3.2740707,-2.238483,-0.14003456
1356420830889,2.4864674,-1.16256,-3.4253616
1356420830929,-0.31346893,0.53094435,-3.9997706
1356420830969,-1.2030649,2.9746299,-2.6125162
1356420831008,0.046069145,-1.551837,-2.5177765
1356420831049,-0.1092062,0.31154537,-3.084471
1356420831089,0.8214984,1.0046265,-3.6511939
1356420831129,0.64781094,0.26955557,-2.9163067
1356420831169,0.4893551,0.14745426,-2.5780654
1356420831208,0.11748123,-0.6569593,-1.6641906
1356420831249,0.49674606,0.10664368,-1.7898428
1356420831289,0.23143005,0.7281685,-1.723505
1356420831329,-0.84938145,0.24225998,-0.83040595
1356420831373,-0.43878937,1.0684638,-0.92924404
1356420831408,-0.83593845,1.2772903,-0.016823292
1356420831449,-0.8979845,3.1575809,0.82049286
1356420831489,-1.5597105,2.0488958,0.50836056
1356420831528,-2.8059607,-3.136303,-1.2232939
1356420831569,-2.805233,-0.5681925,0.84962213
1356420831609,-0.9951935,2.420888,3.1726704
1356420831649,0.04766655,-1.6561315,1.2963017
1356420831689,2.126917,-1.4271421,2.2135735
1356420831729,2.667993,-2.1976779,2.2102852
1356420831769,4.777791,-3.0861318,0.6180027
1356420831809,4.5233684,-2.1474268,1.5456114
1356420831849,2.7680259,-0.14082575,3.837645
1356420831889,-0.6686983,0.9164896,5.186895
1356420831929,-0.17538738,2.8926563,6.0439835
1356420831968,1.7085261,0.34032774,3.1421766
1356420832009,-8.673136,-0.1385355,-0.001858592
1356420832049,-2.0969386,-1.3226728,0.66512287
1356420832087,3.351346,-2.7264667,-4.486277
1356420832127,-1.7843547,2.9245064,-3.6700287
1356420832167,0.24222708,1.1603675,-2.89828
1356420832207,-0.29714775,-2.4806495,-2.5440278
1356420832247,0.4329071,1.1495662,-3.9415545
1356420832287,0.7205868,0.17293882,-3.1908169
1356420832327,0.11074543,0.2534275,-2.115578
1356420832379,0.51487446,-0.4389968,-2.1503544
1356420832419,0.4909296,-0.016836166,-2.0307076
1356420832459,0.010445595,0.4031,-2.0375104
1356420832499,-0.7869921,0.29028416,-1.0109539
1356420832537,-0.18006611,1.5763464,-0.7904396
1356420832577,-1.1481266,0.9440646,0.09994507
1356420832617,-1.2124062,3.625832,0.66832864
1356420832657,-1.6987696,1.2436161,-0.024479628
1356420832697,-3.4994535,-3.705062,-1.0494821
1356420832737,-2.1941204,1.0807691,2.206674
1356420832777,-1.1279831,1.9202938,2.6712122
1356420832817,0.6723566,-2.113536,1.1058574
1356420832858,1.7755537,-1.3948181,2.5826008
1356420832916,3.237965,-2.1531746,1.2133751
1356420832937,4.814643,-3.1644573,0.8323507
1356420832977,4.7650676,-2.0047848,2.1332488
1356420833015,2.9895258,0.5496402,4.275671
1356420833057,0.28642273,0.20596933,4.781534
1356420833097,-1.5833263,2.7789235,6.6023626
1356420833137,3.477386,-0.1862762,1.64655
1356420833177,-6.85748,-0.6652546,-0.8500068
1356420833217,-4.802419,1.7539525,1.932483
1356420833257,3.5848885,-3.022039,-4.5816236
1356420833297,-1.7166338,1.0161934,-3.824439
1356420833337,0.05194521,3.3576121,-3.2886825
1356420833380,-0.8217344,-2.4394693,-2.659048
1356420833419,-0.09082699,-0.017219543,-3.736475
1356420833459,0.6222472,0.058795452,-3.6536727
1356420833499,-0.067567825,0.49247932,-1.9128988
1356420833538,0.17486668,-0.10529852,-1.8388981
1356420833579,0.63103676,-0.21453834,-1.2860812
1356420833619,0.36074638,0.7029381,-1.6942344
1356420833659,-0.33560085,0.67985153,-1.0915898
1356420833699,-0.12165451,1.5876336,-1.4777944
1356420833739,-0.9963274,0.991529,-0.45193255
1356420833779,-1.1867743,3.0750694,0.8665214
1356420833819,-1.6591682,1.7938843,0.66013575
1356420833859,-2.809432,-4.095195,-0.47002888
1356420833899,-2.529004,-2.0679357,0.8019998
1356420833939,-1.028717,1.7241988,3.6779962
1356420833979,-0.24737835,-1.1514528,1.8779862
1356420834019,2.2970004,-1.6685953,2.5017788
1356420834059,2.4072714,-1.91891,3.11559
1356420834099,4.5380874,-2.7001424,1.3085951
1356420834138,4.6625533,-1.8515844,1.343245
1356420834168,3.0188694,-0.96079016,2.7844756
1356420834199,0.12440395,0.80548286,3.9299383
1356420834239,-1.0349493,2.2540448,4.7840858
1356420834279,0.2565403,3.6456316,6.0130677
1356420834319,4.0750694,-0.23761892,0.723328
1356420834372,-6.5863085,1.2074149,-0.2177552
1356420834399,-5.2814426,0.2834332,0.58586955
1356420834439,3.2969303,-4.048979,-4.515702
1356420834478,-1.3525376,1.6792295,-4.3860683
1356420834519,0.28447485,2.5743113,-3.527294
1356420834559,0.010346413,-2.6106105,-2.9378374
1356420834599,0.23282528,1.1006889,-3.4883392
1356420834639,0.7486954,0.008464336,-3.0110946
1356420834679,0.70723534,0.16314173,-1.8437204
1356420834719,0.4723692,-0.013955116,-2.1285896
1356420834759,0.33874035,-1.076479,-1.3582431
1356420834799,0.11953449,-0.56006694,-1.9966464
1356420834839,-0.12268925,1.6076546,-0.9868233
1356420834879,-0.18942356,3.2585406,-1.0032487
1356420834919,-1.5199223,0.5472388,-0.32447833
1356420834959,-1.075242,2.7246327,0.48547497
1356420834998,-1.5404825,1.059556,-0.6369787
1356420835029,-4.221319,-4.1587644,-1.8400143
1356420835069,-2.9370403,-1.3023124,0.7609464
1356420835109,-1.196888,2.1382022,3.4478383
1356420835149,0.081775665,-1.1366875,1.0163734
1356420835188,2.2040243,-1.9508808,2.262516
1356420835219,2.120728,-2.7806394,2.9713101
1356420835259,4.3592205,-3.067421,1.1532182
1356420835299,5.308594,-1.5570374,1.4884095
1356420835339,4.1049986,-0.5806968,3.6667936
1356420835381,0.8258934,0.890574,4.6815453
1356420835419,-0.64426327,4.5909367,7.170451
1356420835459,3.4537096,2.3038638,3.6102657
1356420835499,-5.5827684,-1.0804763,-1.61621
1356420835539,-5.9243507,1.4994321,2.3907337
1356420835579,3.7265491,-4.2066565,-5.574635
1356420835619,-0.9618602,0.5315504,-4.268596
1356420835659,-0.22640276,2.1807995,-4.5762506
1356420835699,-0.99513817,-2.5889575,-2.8705087
1356420835757,-0.021142006,0.11979675,-4.195409
1356420835777,-0.31545258,0.35738802,-2.6054773
1356420835817,0.22351265,-0.17150259,-2.1045842
1356420835855,0.482275,-0.38262606,-2.1137857
1356420835897,0.05114746,0.5654535,-1.7426996
1356420835937,-0.5454912,1.2704649,-0.9199218
1356420835977,-0.10934067,2.142035,-0.8726746
1356420836017,-0.8158331,1.0135598,-0.42688286
1356420836057,-1.1900024,2.7091827,0.81390715
1356420836097,-1.6380091,0.8743005,0.29549718
1356420836137,-2.8676777,-3.4319575,-1.113056
1356420836177,-2.9713373,-0.70028853,1.3708215
1356420836217,-1.2153273,1.5544233,2.9283404
1356420836257,0.30231667,-2.0705912,1.086146
1356420836297,1.9264674,-1.5974438,2.6075532
1356420836337,2.9712381,-2.3672843,2.5139544
1356420836380,4.7126117,-3.2174516,1.2058063
1356420836419,5.384218,-1.6405301,2.0533686
1356420836459,3.6303124,0.3379178,4.581161
1356420836499,-0.6652584,0.9786496,6.1241994
1356420836539,-1.4153643,5.140932,8.205599
1356420836579,1.447506,-0.29392457,0.77018285
1356420836618,-9.197598,0.8106983,0.30355895
1356420836659,3.3141885,-1.5535715,-2.33228
1356420836699,-0.5230117,-1.82005,-4.177697
1356420836739,-0.6012955,4.968161,-3.1361485
1356420836779,0.5185199,-2.6426249,-3.4653437
1356420836819,0.33344507,0.88576984,-4.153414
1356420836859,0.39590836,-0.21602082,-4.1223674
1356420836899,0.46474838,0.22290277,-3.0719469
1356420836939,-0.19756699,-1.0285532,-2.978026
1356420836979,0.31922913,-0.18796062,-2.171454
1356420837018,-0.5554981,0.5484166,-1.869154
1356420837049,-0.13420296,1.4958658,-1.0526412
1356420837090,-0.1857481,2.214366,-1.4174863
1356420837127,-1.6165752,0.56972265,-0.5790297
1356420837167,-1.4699631,3.0094004,0.3688867
1356420837207,-2.6463575,-0.48849487,-0.6828879
1356420837247,-3.9054775,-3.269717,-0.7705264
1356420837287,-1.4199677,2.009831,3.4148521
1356420837327,-1.2054024,0.22804356,2.0735106
1356420837380,1.3405166,-2.148284,1.4899544
1356420837419,2.0269418,-1.9321973,2.3736043
1356420837459,3.834281,-3.3637261,1.5421889
1356420837499,5.1486135,-1.9489079,1.540149
1356420837539,4.935499,-0.84075785,3.761773
1356420837579,1.5252609,0.6858382,4.7602463
1356420837619,-0.9793043,2.8546486,7.6224284
1356420837659,2.057475,3.1465743,5.0219607
1356420837699,-3.8832521,-0.6194334,-0.84836686
1356420837739,-4.7684383,0.8697152,2.3360252
1356420837779,3.665102,-3.4503176,-3.9678538
1356420837819,-1.7900457,1.0125844,-4.6982875
1356420837859,-0.27873755,2.5024886,-3.6786146
1356420837899,-0.6669636,-3.6614783,-3.2123857
1356420837939,-0.29588413,0.4560895,-4.3801293
1356420837979,0.26395464,-0.026597023,-3.7034795
1356420838019,-0.2804842,0.7581606,-2.2542803
1356420838059,0.14114285,-0.14760494,-1.9768927
1356420838099,0.54569817,-0.32631683,-1.5496287
1356420838139,0.10695171,0.75213003,-2.162346
1356420838178,-0.8527756,0.62856245,-1.293666
1356420838209,-0.21624088,1.9740796,-1.4141111
1356420838249,-0.9632406,1.4221473,-0.7973262
1356420838289,-1.1018038,2.465722,-0.03228742
1356420838329,-1.6655416,1.4468918,0.021111488
1356420838369,-2.8463354,-2.5723233,-0.7232163
1356420838408,-2.0307941,-3.2911844,-0.06373584
1356420838449,-1.2254257,1.4597402,2.5931954
1356420838489,-0.94039917,0.035751343,2.0856977
1356420838529,1.9783859,-1.2876773,1.561771
1356420838568,1.5969615,-1.1634128,3.9767363
1356420838627,3.4283,-2.6016982,2.3027859
1356420838647,4.893755,-2.0704315,1.4981008
1356420838687,4.2384777,-0.7539656,3.6390347
1356420838725,1.6631713,0.85122776,4.5618243
1356420838767,-0.15306759,2.3579211,5.4572535
1356420838807,0.19249535,4.393403,6.197681
1356420838847,3.1379485,-1.0565336,0.5457519
1356420838887,-9.163116,1.0304558,-0.29652405
1356420838927,-3.2689996,-0.10890055,1.3168335
1356420838968,2.5846605,-3.9495494,-4.5422225
1356420839007,-1.7093372,2.1369023,-4.608557
1356420839047,-0.21586084,1.4693289,-3.6318905
1356420839087,-0.56314754,-3.0367813,-3.4000282
1356420839127,-0.02089405,0.24331427,-4.730312
1356420839167,0.33281136,-0.9973724,-3.3792922
1356420839207,0.37878895,0.41172075,-2.2297485
1356420839247,0.055511475,0.22040129,-1.9171128
1356420839287,0.6610756,0.11429548,-0.57576144
1356420839327,0.6438694,0.86527157,-1.3965479
1356420839367,0.3326006,0.4583869,-1.2152884
1356420839407,-0.4758482,0.9978137,-1.4474471
1356420839447,-1.206831,1.0107474,-0.8984579
1356420839487,-0.80619144,2.8267593,0.3983571
1356420839527,-0.6046028,3.487298,0.75949144
1356420839567,-2.2399502,0.12496662,0.1125114
1356420839607,-2.0284672,-4.1015205,0.0123797655
1356420839647,-1.6853361,-0.631762,1.2531084
1356420839687,-1.1437607,0.043972015,1.8091569
1356420839727,-0.5230589,-0.8926997,2.1835282
1356420839767,1.3031483,-1.5115614,3.1699982
1356420839808,2.8561945,-2.6714642,3.1803746
1356420839849,4.1088824,-2.7269228,1.7043693
1356420839887,4.094832,-1.8085885,2.7102866
1356420839929,3.2612772,-0.29839516,4.3021407
1356420839977,1.2896109,1.0600772,4.8856707
1356420840029,-0.25821304,2.5467193,5.5164895
1356420840079,0.65005016,0.77026844,2.5051
1356420840117,-7.7688437,1.1526065,0.07390821
1356420840159,0.44108915,-0.79019713,-0.9498793
1356420840197,0.83317137,-1.4705036,-4.8183956
1356420840238,-1.1912847,3.2327204,-4.6782284
1356420840277,-0.3665409,-0.73313785,-3.6641567
