1356421046395,9.534244,-1.879608,-0.53119355
1356421046435,9.575105,-2.070293,-0.95342433
1356421046476,9.534244,-1.920469,-0.50395286
1356421046515,9.575105,-2.1111538,-0.88532263
1356421046554,9.575105,-2.1111538,-0.6537767
1356421046595,9.575105,-2.1111538,-0.95342433
1356421046635,9.575105,-2.1111538,-1.0760075
1356421046675,9.534244,-1.920469,-0.9125633
1356421046715,9.615966,-2.1383946,-0.38136974
1356421046755,9.534244,-1.920469,-0.42223078
1356421046795,9.575105,-1.9477097,-0.29964766
1356421046835,9.656827,-1.920469,-0.14982383
1356421046876,9.575105,-2.1792557,-1.1849703
1356421046915,9.656827,-2.2201166,-0.7627395
1356421046955,9.615966,-1.8387469,-0.08172209
1356421046995,9.656827,-2.2201166,-0.95342433
1356421047035,9.507003,-1.7297841,-0.10896278
1356421047084,9.507003,-1.6889231,-0.38136974
1356421047125,9.656827,-2.2201166,-0.61291564
1356421047165,9.575105,-2.1111538,-1.1849703
1356421047205,9.615966,-2.3018389,-0.7627395
1356421047245,9.575105,-2.1792557,-0.14982383
1356421047285,9.575105,-1.920469,-0.14982383
1356421047344,9.575105,-2.0294318,-0.50395286
1356421047365,9.615966,-2.1792557,-0.88532263
1356421047405,9.534244,-2.1383946,-0.84446156
1356421047445,9.534244,-2.3426998,-0.9942854
1356421047485,9.575105,-2.7513103,-1.2258313
1356421047525,9.724928,-3.255263,-1.3075534
1356421047565,9.575105,-2.4925237,-1.1849703
1356421047605,9.656827,-2.3426998,-0.6946377
1356421047645,9.275456,-2.6423476,-1.4165162
1356421047685,9.112013,-2.8738933,-0.84446156
1356421047725,9.302697,-2.7513103,-0.53119355
1356421047764,9.193735,-2.7513103,-0.50395286
1356421047805,9.112013,-2.9556155,-0.6946377
1356421047845,9.234595,-3.3642259,-1.0351465
1356421047885,9.466142,-3.0645783,-1.1168685
1356421047925,9.656827,-2.7240696,-1.56634
1356421047965,9.847511,-2.4925237,-1.7978859
1356421048005,9.956474,-2.6014864,-1.4573772
1356421048045,10.378705,-3.7864566,-1.920469
1356421048085,10.269742,-4.399372,-2.6014864
1356421048125,10.310603,-2.6832085,-1.7978859
1356421048165,10.079058,-1.1441092,-0.3405087
1356421048205,9.997335,-1.4573772,-0.6537767
1356421048245,10.269742,-0.84446156,-1.3075534
1356421048285,10.501288,-1.9885708,0.040861044
1356421048345,10.501288,-3.3642259,-0.14982383
1356421048365,10.269742,-2.5333846,0.3405087
1356421048405,10.147159,-2.1383946,1.1441092
1356421048435,9.302697,-1.7978859,0.95342433
1356421048465,8.771504,-1.607201,0.92618364
1356421048495,7.5456724,-1.3756552,1.920469
1356421048525,6.8237944,-1.6889231,2.3426998
1356421048565,6.4015636,-1.8387469,2.1792557
1356421048595,6.469665,-2.1792557,2.7649305
1356421048635,6.932757,-2.9556155,3.405087
1356421048665,8.812365,-4.140586,3.9499009
1356421048704,11.304889,-5.202973,5.284695
1356421048745,7.273266,-3.718355,6.3198414
1356421048785,4.862464,-0.84446156,1.7570249
1356421048825,13.252599,-2.9147544,2.7921712
1356421048865,15.5135765,-3.9771416,5.597963
1356421048905,3.568531,0.50395286,0.6537767
1356421048945,9.425281,-3.0237172,-3.214402
1356421048985,9.888372,-5.5162406,-1.3756552
1356421049025,8.62168,0.0,0.08172209
1356421049065,10.079058,-1.9477097,1.1441092
1356421049105,9.193735,-2.8330324,-1.3075534
1356421049145,8.689782,-2.7513103,-0.88532263
1356421049185,8.689782,-2.7513103,-0.3405087
1356421049225,8.921328,-1.9477097,-0.9125633
1356421049265,9.656827,-2.2201166,0.08172209
1356421049305,9.384419,-2.8738933,0.23154591
1356421049347,9.043911,-3.486809,-1.7297841
1356421049385,9.234595,-3.9499009,-2.6423476
1356421049425,9.997335,-3.6774938,0.23154591
1356421049465,10.378705,-6.782933,-1.3075534
1356421049505,12.217452,-5.938472,-2.1792557
1356421049545,12.9529505,0.46309182,-0.08172209
1356421049585,12.489859,-0.29964766,0.313268
1356421049625,12.258313,-2.4516625,-1.1849703
1356421049665,10.61025,-2.5333846,-0.95342433
1356421049705,7.9270425,-2.4925237,1.56634
1356421049745,7.5865335,-1.920469,1.2666923
1356421049785,6.5513873,-0.29964766,-0.0
1356421049825,5.706926,-0.5720546,2.5333846
1356421049865,6.1291566,-2.3426998,2.8330324
1356421049905,6.851035,-3.0237172,3.7864566
1356421049945,9.152874,-4.671779,5.434519
1356421049985,11.985906,-5.7886477,6.851035
1356421050025,3.214402,-2.3018389,3.6774938
1356421050065,11.645397,-0.5720546,1.1441092
1356421050105,15.935807,-5.175732,4.399372
1356421050145,0.50395286,2.7649305,1.0351465
1356421050185,11.304889,-3.173541,-4.372132
1356421050225,9.384419,-6.428804,-1.1849703
1356421050265,8.539958,0.040861044,0.7218784
1356421050305,9.956474,-2.5606253,1.607201
1356421050345,8.158588,-3.1054392,-2.4516625
1356421050385,8.158588,-2.8738933,-1.6480621
1356421050425,9.302697,-2.9147544,-0.6946377
1356421050465,9.084772,-2.1111538,0.10896278
1356421050505,8.962189,-2.6832085,-0.61291564
1356421050545,8.921328,-3.8681788,-1.7570249
1356421050585,9.697687,-2.7921712,-1.4982382
1356421050624,10.61025,-2.6014864,-1.2666923
1356421050665,10.501288,-2.8738933,-0.19068487
1356421050705,10.691973,-5.7477865,-1.56634
1356421050745,10.95076,-6.2789803,-2.0294318
1356421050785,11.223166,-1.0351465,-0.50395286
1356421050825,12.026767,-0.5720546,0.7218784
1356421050865,11.536434,-4.671779,-1.56634
1356421050905,10.882658,-3.759216,-1.3075534
1356421050945,8.158588,-2.4516625,1.1168685
1356421050985,7.6954966,-1.7570249,1.5390993
1356421051025,5.938472,-0.38136974,1.0760075
1356421051065,4.372132,-0.9942854,1.2258313
1356421051105,4.630918,-2.1111538,2.8330324
1356421051145,6.782933,-3.214402,4.1814466
1356421051185,11.876944,-3.8273177,5.7477865
1356421051225,11.604536,-6.8237944,7.8180795
1356421051265,2.5333846,-0.6537767,2.8330324
1356421051305,16.548723,-3.3642259,0.5720546
1356421051346,7.43671,-2.1111538,4.671779
1356421051385,1.607201,2.4516625,-2.1383946
1356421051425,13.211738,-6.238119,-4.7943625
1356421051465,8.349273,-3.0237172,1.4573772
1356421051505,8.812365,0.27240697,0.23154591
1356421051545,9.343558,-3.405087,-1.1849703
1356421051585,8.580819,-3.214402,-1.56634
1356421051625,9.084772,-3.255263,-0.38136974
1356421051665,8.962189,-2.1383946,-0.08172209
1356421051705,8.771504,-2.6832085,-0.14982383
1356421051745,9.425281,-3.2961242,-1.334794
1356421051785,10.269742,-3.0237172,-0.84446156
1356421051825,10.310603,-4.0180025,-1.334794
1356421051865,10.760075,-4.0180025,-0.10896278
1356421051905,11.304889,-7.1234417,-1.9477097
1356421051945,11.645397,-3.5957718,-1.9477097
1356421051985,11.645397,1.4165162,0.46309182
1356421052025,11.604536,-4.4810944,0.10896278
1356421052065,10.732834,-5.706926,-2.6832085
1356421052105,9.997335,-1.3756552,0.42223078
1356421052145,7.6954966,-1.6480621,2.6014864
1356421052185,6.66035,-1.607201,0.8036005
1356421052225,4.630918,-0.53119355,1.1849703
1356421052265,4.5628166,-1.4165162,2.2201166
1356421052305,5.7477865,-3.214402,3.6774938
1356421052346,10.147159,-4.2086873,4.630918
1356421052385,13.252599,-5.597963,6.8237944
1356421052425,5.175732,-3.1463003,3.9499009
1356421052465,14.09706,-1.879608,0.92618364
1356421052505,11.985906,-4.862464,4.862464
1356421052545,2.4516625,1.4982382,-1.1441092
1356421052585,11.917805,-5.5571017,-3.8681788
1356421052625,8.689782,-4.2904096,-0.0
1356421052665,8.539958,0.38136974,1.1441092
1356421052705,9.507003,-3.486809,-0.29964766
1356421052745,8.662541,-2.8738933,-2.1111538
1356421052785,8.689782,-2.8330324,-0.040861044
1356421052825,9.234595,-2.3426998,-0.6537767
1356421052865,8.962189,-2.4516625,0.10896278
1356421052905,8.771504,-3.0237172,-0.88532263
1356421052945,9.343558,-3.486809,-1.56634
1356421052985,10.228881,-3.568531,-1.2666923
1356421053025,10.528529,-3.8681788,-0.61291564
1356421053065,10.460427,-4.7535014,0.040861044
1356421053105,11.223166,-7.9270425,-2.3699405
1356421053145,12.108489,-1.8387469,-2.3018389
1356421053185,12.067628,0.8036005,1.5390993
1356421053225,11.413852,-4.7535014,-0.38136974
1356421053265,10.95076,-3.636633,-2.4925237
1356421053305,8.730643,-1.6480621,1.1849703
1356421053346,7.6273947,-2.4925237,2.2201166
1356421053385,6.0882955,-0.9942854,0.6537767
1356421053425,4.399372,-0.27240697,1.0351465
1356421053465,5.2165933,-1.6480621,2.4925237
1356421053504,7.9679036,-3.173541,4.2086873
1356421053545,9.724928,-4.5219555,5.2165933
1356421053585,9.384419,-8.267551,5.5162406
1356421053625,3.173541,-2.2609777,3.718355
1356421053665,14.2877445,-3.214402,-0.14982383
1356421053705,11.645397,-3.718355,5.012288
1356421053745,2.2609777,2.4108016,-1.9477097
1356421053785,12.067628,-6.5922484,-4.5219555
1356421053825,8.580819,-3.2961242,0.50395286
1356421053865,8.894087,0.6537767,0.19068487
1356421053905,9.193735,-3.5276701,-2.1383946
1356421053945,8.812365,-2.982856,-1.4165162
1356421053985,9.234595,-2.982856,-0.42223078
1356421054025,8.771504,-2.3699405,-0.7627395
1356421054065,9.112013,-2.6014864,-0.8036005
1356421054105,10.038197,-3.405087,-0.9942854
1356421054145,9.956474,-3.636633,-1.1849703
1356421054185,10.501288,-3.3642259,-1.0760075
1356421054225,10.841797,-4.5900574,-0.3405087
1356421054265,11.563675,-6.5513873,-2.0294318
1356421054305,11.264028,-0.9942854,-1.879608
1356421054346,11.958665,-0.5720546,1.56634
1356421054385,11.34575,-5.5571017,-0.14982383
1356421054425,10.337844,-4.2086873,-2.1111538
1356421054465,7.504812,-1.4982382,1.9477097
1356421054505,7.273266,-2.1792557,1.4165162
1356421054545,5.9793324,-0.7218784,0.46309182
1356421054585,4.862464,-1.0760075,1.9477097
1356421054625,5.366417,-2.1111538,2.8330324
1356421054665,7.5456724,-3.5276701,4.0588636
1356421054705,10.378705,-5.09401,5.5162406
1356421054745,9.765789,-8.267551,6.5513873
1356421054785,5.2165933,-1.1441092,2.4925237
1356421054825,18.237646,-3.445948,1.1168685
1356421054865,4.0180025,-0.61291564,3.8273177
1356421054905,7.205164,0.08172209,-4.5628166
1356421054945,11.114203,-8.240311,-0.95342433
1356421054985,7.8861814,-0.040861044,0.10896278
1356421055025,9.425281,-2.2609777,-0.08172209
1356421055065,8.771504,-3.0645783,-2.1792557
1356421055105,8.730643,-2.7921712,-1.0351465
1356421055145,9.152874,-2.6423476,-0.5720546
1356421055185,8.62168,-2.3699405,-0.29964766
1356421055225,9.193735,-3.255263,-1.3756552
1356421055265,9.888372,-3.636633,-0.7218784
1356421055305,10.18802,-4.0180025,-1.56634
1356421055346,10.760075,-3.173541,-0.08172209
1356421055385,11.264028,-5.366417,-0.8036005
1356421055425,11.917805,-5.6660647,-2.4516625
1356421055465,11.686258,0.7218784,-0.6537767
1356421055505,12.217452,-2.2609777,1.0351465
1356421055545,10.923519,-5.7886477,-1.879608
1356421055585,10.119919,-1.9477097,-1.0760075
1356421055625,6.6331096,-1.7978859,2.4108016
1356421055665,6.701211,-1.7297841,0.9942854
1356421055705,4.399372,-0.14982383,1.0351465
1356421055745,4.099725,-1.6889231,2.3426998
1356421055785,5.829509,-2.9147544,3.9090397
1356421055825,10.419566,-3.9499009,4.862464
1356421055865,11.604536,-7.9270425,7.5865335
1356421055905,5.6660647,-3.486809,3.7864566
1356421055945,17.543009,-2.9556155,0.8036005
1356421055985,6.2789803,-1.879608,3.3778462
1356421056025,5.5162406,1.4165162,-4.1814466
1356421056065,12.067628,-7.3958488,-2.4108016
1356421056105,7.9270425,-1.2258313,0.95342433
1356421056145,9.00305,-1.7297841,0.10896278
1356421056185,8.662541,-3.718355,-2.070293
1356421056225,8.730643,-3.0645783,-0.84446156
1356421056265,9.193735,-2.7240696,-0.19068487
1356421056305,8.62168,-2.3426998,-0.3405087
1356421056353,8.894087,-3.1054392,-1.334794
1356421056374,9.656827,-3.336985,-1.3756552
1356421056404,10.18802,-3.2961242,-1.1441092
1356421056445,10.419566,-3.6774938,-1.6889231
1356421056485,10.651112,-3.445948,0.38136974
1356421056525,11.073342,-6.469665,-1.3075534
1356421056565,11.182305,-5.284695,-2.4925237
1356421056605,12.026767,0.3405087,-0.08172209
1356421056645,12.639683,-2.8738933,0.6946377
1356421056685,10.760075,-5.8567495,-2.3699405
1356421056725,10.119919,-2.6423476,-0.61291564
1356421056765,6.66035,-1.7570249,1.6480621
1356421056805,6.4424243,-1.1441092,0.95342433
1356421056845,4.4810944,-0.23154591,1.1168685
1356421056885,4.099725,-1.2258313,1.7978859
1356421056925,5.829509,-3.0645783,3.718355
1356421056965,10.732834,-3.8273177,4.862464
1356421057005,11.958665,-7.43671,7.8180795
1356421057045,4.8216033,-3.6774938,3.9090397
1356421057085,15.554437,-2.4108016,0.61291564
1356421057125,8.076866,-2.5333846,3.9090397
1356421057165,4.1814466,0.88532263,-2.8738933
1356421057205,11.795221,-6.851035,-3.3642259
1356421057245,8.19945,-2.3426998,0.7627395
1356421057285,9.00305,-1.7570249,0.313268
1356421057345,8.771504,-3.336985,-1.7978859
1356421057365,8.689782,-2.7921712,-1.1849703
1356421057405,8.812365,-2.6423476,-0.0
1356421057445,8.730643,-2.0294318,-0.46309182
1356421057485,9.193735,-2.7921712,-1.0351465
1356421057525,10.269742,-3.1463003,-0.9125633
1356421057565,9.956474,-5.284695,-1.56634
1356421057605,10.419566,-4.862464,-0.08172209
1356421057645,10.61025,-5.8976107,0.50395286
1356421057685,10.923519,-6.428804,-2.0294318
1356421057725,13.484144,0.19068487,-1.3075534
1356421057765,12.830367,-2.4516625,0.6946377
1356421057805,11.75436,-5.434519,-1.1168685
1356421057845,9.697687,-0.46309182,-0.88532263
1356421057885,5.7886477,-1.2666923,1.879608
1356421057925,5.407278,-0.9125633,0.84446156
1356421057965,3.7864566,-0.23154591,1.1441092
1356421058005,4.5628166,-2.070293,2.5606253
1356421058045,8.076866,-4.1814466,4.630918
1356421058085,12.067628,-5.47538,6.0201936
1356421058125,8.771504,-5.706926,5.8567495
1356421058165,8.049625,-2.9556155,3.990762
1356421058205,17.62473,-4.2904096,2.2609777
1356421058245,2.6014864,-0.46309182,1.1168685
1356421058285,8.499097,-1.3756552,-4.2495484
1356421058344,11.032481,-6.782933,-0.88532263
1356421058365,8.158588,-0.88532263,0.88532263
1356421058405,9.193735,-3.2961242,0.95342433
1356421058445,8.471856,-3.636633,-2.070293
1356421058485,8.281172,-2.9556155,-0.61291564
1356421058525,8.894087,-2.6423476,-0.23154591
1356421058565,8.730643,-2.7513103,-0.040861044
1356421058605,8.689782,-3.1463003,-0.42223078
1356421058645,9.575105,-3.568531,-1.334794
1356421058685,10.18802,-4.862464,-1.0760075
1356421058725,11.563675,-5.202973,-0.95342433
1356421058765,12.789507,-7.8180795,-1.56634
1356421058805,12.4489975,-3.5957718,-1.334794
1356421058845,11.454713,1.1849703,0.5720546
1356421058885,11.182305,-3.7864566,-0.10896278
1356421058925,10.337844,-5.284695,-2.3426998
1356421058965,9.084772,-3.6774938,0.38136974
1356421059005,7.246025,-1.4165162,1.1849703
1356421059045,5.7886477,-0.84446156,0.95342433
1356421059085,4.099725,-0.7218784,1.2666923
1356421059125,4.440233,-1.0760075,2.0294318
1356421059165,7.4639506,-2.4516625,3.718355
1356421059205,10.732834,-5.7886477,6.1291566
1356421059245,8.471856,-8.471856,5.5162406
1356421059284,6.6331096,-2.070293,2.6832085
1356421059326,18.04696,-3.2961242,1.6480621
1356421059365,4.862464,-1.3756552,3.7864566
1356421059405,7.43671,-0.88532263,-4.2904096
1356421059445,10.991621,-6.6331096,-1.9885708
1356421059485,8.499097,-0.14982383,1.3075534
1356421059525,9.112013,-2.7513103,-0.040861044
1356421059565,8.430995,-3.7864566,-2.1383946
1356421059605,8.499097,-3.214402,-0.14982383
1356421059645,8.812365,-2.6832085,-0.5720546
1356421059685,8.62168,-2.7240696,-0.61291564
1356421059725,8.921328,-3.6774938,-1.0760075
1356421059765,9.997335,-3.9771416,-1.0351465
1356421059805,10.310603,-3.9499009,-1.6889231
1356421059845,11.413852,-2.982856,0.27240697
1356421059885,11.876944,-5.407278,-0.08172209
1356421059925,10.038197,-4.5628166,-2.1383946
1356421059965,12.680544,-0.61291564,0.14982383
1356421060005,12.4489975,-4.099725,0.27240697
1356421060045,10.119919,-6.2108784,-1.1849703
1356421060085,8.308413,-0.42223078,0.38136974
1356421060125,6.1291566,-0.95342433,2.4925237
1356421060165,5.5571017,-0.9125633,0.6946377
1356421060205,4.0180025,-0.50395286,1.334794
1356421060245,5.175732,-2.070293,3.3778462
1356421060285,9.724928,-4.1814466,4.2904096
1356421060343,12.176591,-7.082581,7.246025
1356421060365,7.1234417,-6.0474343,5.2165933
1356421060405,14.7916975,-1.9477097,0.50395286
1356421060445,10.61025,-2.4925237,3.173541
1356421060485,4.862464,0.313268,-2.4108016
1356421060525,11.114203,-6.238119,-3.6774938
1356421060565,8.349273,-2.5333846,0.8036005
1356421060605,8.921328,-1.4982382,-0.10896278
1356421060645,8.730643,-3.336985,-2.2201166
1356421060685,8.962189,-3.5276701,-0.6946377
1356421060725,8.894087,-2.2201166,-0.38136974
1356421060765,8.962189,-2.4108016,-1.0760075
1356421060805,9.343558,-3.0237172,-1.1441092
1356421060845,9.997335,-3.336985,-0.84446156
1356421060885,10.228881,-4.7535014,-2.2201166
1356421060925,11.032481,-3.214402,1.2666923
1356421060965,11.182305,-6.469665,-0.7218784
1356421061005,10.269742,-3.718355,-3.0645783
1356421061045,12.830367,0.14982383,1.0760075
1356421061085,12.026767,-4.8216033,0.7627395
1356421061125,11.495573,-4.630918,-1.607201
1356421061165,8.471856,-0.95342433,0.7627395
1356421061205,7.273266,-1.7570249,2.7921712
1356421061245,5.47538,-0.38136974,0.313268
1356421061285,3.718355,-0.7627395,1.5390993
1356421061345,4.372132,-1.9885708,2.9556155
1356421061365,6.4015636,-3.405087,4.0588636
1356421061405,12.721405,-5.284695,6.6331096
1356421061445,12.571581,-8.689782,7.6273947
1356421061485,5.284695,1.1849703,1.2258313
1356421061525,16.739407,-3.636633,0.46309182
1356421061565,4.7126403,-1.4165162,2.4108016
1356421061605,8.853226,-0.53119355,-5.366417
1356421061645,9.507003,-7.3549876,0.46309182
1356421061685,8.240311,-0.6537767,-0.6537767
1356421061725,9.00305,-2.7921712,-1.1168685
1356421061765,9.00305,-2.6832085,-1.607201
1356421061805,8.771504,-2.7513103,0.040861044
1356421061845,8.471856,-2.7513103,-1.1441092
1356421061885,9.384419,-3.214402,-0.9125633
1356421061925,10.147159,-3.1463003,-0.84446156
1356421061965,9.847511,-5.09401,-1.7570249
1356421062005,10.61025,-4.7943625,-0.46309182
1356421062045,11.645397,-6.0882955,-0.29964766
1356421062085,11.563675,-5.012288,-1.7570249
1356421062125,12.980191,0.10896278,-0.0
1356421062164,12.598822,-3.5276701,-0.08172209
1356421062205,10.800936,-5.407278,-2.1111538
1356421062245,8.921328,-0.7218784,-0.10896278
1356421062285,6.4015636,-1.9477097,1.9477097
1356421062343,4.7943625,0.0,0.50395286
1356421062365,3.7864566,-0.38136974,1.4165162
1356421062405,4.671779,-1.7570249,2.9556155
1356421062445,8.62168,-3.5957718,3.7864566
1356421062485,13.211738,-6.4015636,7.504812
1356421062525,7.4639506,-6.428804,5.597963
1356421062565,13.443283,-1.7570249,1.3075534
1356421062605,11.032481,-2.6014864,2.4108016
1356421062645,5.2165933,-0.27240697,-0.7627395
1356421062685,11.223166,-4.5628166,-3.9771416
1356421062725,8.539958,-4.7943625,0.50395286
1356421062765,8.662541,-1.4573772,0.88532263
1356421062805,8.499097,-3.759216,-0.61291564
1356421062845,8.390134,-2.3426998,-1.3075534
1356421062885,8.539958,-2.9147544,-0.14982383
1356421062925,9.00305,-2.4925237,-0.3405087
1356421062965,8.812365,-3.0237172,0.10896278
1356421063005,9.084772,-4.0588636,-1.2258313
1356421063045,9.384419,-4.944186,-1.8387469
1356421063085,10.841797,-3.8681788,-0.7627395
1356421063125,11.454713,-4.8216033,0.14982383
1356421063165,11.454713,-7.3958488,-1.8387469
1356421063205,12.53072,-1.3075534,-1.3756552
1356421063245,12.367276,0.23154591,1.1168685
1356421063285,11.563675,-4.5900574,-0.88532263
1356421063344,10.501288,-3.1463003,-1.0760075
1356421063365,6.891896,-1.6480621,1.6889231
1356421063405,6.891896,-0.88532263,1.1168685
1356421063435,4.5219555,-0.53119355,1.334794
1356421063475,4.2904096,-1.4165162,1.7978859
1356421063515,5.5571017,-2.3426998,3.214402
1356421063555,8.771504,-4.1814466,4.5628166
1356421063595,11.795221,-7.3141265,6.782933
1356421063635,6.851035,-6.1700177,5.829509
1356421063675,10.528529,-0.19068487,1.1168685
1356421063716,14.750836,-4.903325,2.4925237
1356421063755,3.9090397,0.38136974,0.84446156
1356421063795,10.119919,-2.6423476,-5.134871
1356421063835,8.853226,-5.47538,0.10896278
1356421063875,9.00305,0.23154591,-0.3405087
1356421063915,9.00305,-3.7864566,-1.4573772
1356421063955,8.539958,-3.3642259,-1.0760075
1356421063995,8.921328,-3.405087,-0.42223078
1356421064035,8.349273,-2.982856,-0.3405087
1356421064075,8.853226,-3.405087,-1.0760075
1356421064115,9.80665,-3.5957718,-0.9942854
1356421064155,9.847511,-4.630918,-1.6480621
1356421064195,10.732834,-4.099725,-1.1849703
1356421064235,11.727119,-5.7886477,-0.6537767
1356421064275,12.026767,-5.325556,-1.3756552
1356421064344,11.536434,-0.08172209,-0.040861044
1356421064356,12.367276,-1.56634,-0.10896278
1356421064395,11.454713,-5.938472,-1.0760075
1356421064435,10.18802,-3.636633,-1.1441092
1356421064475,6.0882955,-1.879608,2.3699405
1356421064515,5.7886477,-1.607201,1.334794
1356421064555,3.6774938,-0.53119355,1.1168685
1356421064595,4.099725,-1.607201,2.6014864
1356421064635,7.5865335,-3.405087,3.8273177
1356421064675,12.571581,-4.5900574,6.2789803
1356421064715,10.038197,-7.082581,7.0553403
1356421064755,10.269742,-2.9556155,1.9885708
1356421064795,13.906375,-2.3699405,2.4925237
1356421064835,4.5628166,-0.38136974,-0.42223078
1356421064875,10.038197,-3.173541,-4.7535014
1356421064915,8.771504,-5.597963,0.42223078
1356421064955,8.662541,-1.1849703,0.92618364
1356421064995,8.62168,-4.0180025,-0.8036005
1356421065034,8.689782,-3.0645783,-1.607201
1356421065075,8.921328,-2.1111538,-0.6946377
1356421065115,8.921328,-1.4982382,-0.53119355
1356421065155,8.962189,-2.4925237,-1.1849703
1356421065195,9.656827,-3.5957718,-1.1849703
1356421065235,10.038197,-4.2904096,-0.6946377
1356421065275,10.269742,-4.8216033,-1.334794
1356421065343,11.264028,-4.5900574,-0.29964766
1356421065355,11.727119,-6.510526,-1.2666923
1356421065395,11.727119,-2.1383946,-1.2666923
1356421065435,12.299174,-0.29964766,1.0760075
1356421065475,11.114203,-5.053149,-1.0351465
1356421065515,11.114203,-4.0180025,-1.1849703
1356421065555,6.510526,-0.9942854,2.0294318
1356421065595,5.6660647,-1.4982382,1.56634
1356421065635,4.0588636,-0.29964766,0.8036005
1356421065675,3.5276701,-1.0760075,2.0294318
1356421065715,7.5865335,-2.4925237,3.214402
1356421065755,13.143636,-6.0474343,6.238119
1356421065795,8.962189,-7.7772183,6.510526
1356421065835,12.762266,-2.5606253,1.0351465
1356421065875,11.536434,-1.7570249,2.4925237
1356421065915,4.099725,-0.08172209,-1.879608
1356421065955,10.651112,-5.8158884,-4.0180025
1356421065995,8.281172,-3.2961242,0.5720546
1356421066035,9.084772,-1.4165162,-0.5720546
1356421066075,8.921328,-3.486809,-1.7297841
1356421066115,8.662541,-2.7921712,-0.95342433
1356421066155,9.234595,-2.1111538,-0.9125633
1356421066195,9.193735,-2.2201166,-0.84446156
1356421066235,9.343558,-4.0588636,-1.0351465
1356421066275,9.112013,-5.6252036,-1.3756552
1356421066343,11.114203,-4.140586,-1.4982382
1356421066355,11.917805,-4.7126403,0.46309182
1356421066395,11.536434,-6.238119,-2.1383946
1356421066435,12.217452,-0.5720546,-1.1168685
1356421066475,13.021052,-1.4165162,0.84446156
1356421066515,11.073342,-5.6252036,-1.4982382
1356421066555,9.534244,-2.070293,-0.0
1356421066595,6.8237944,-1.4165162,2.5606253
1356421066635,6.8237944,-1.920469,-0.040861044
1356421066675,4.2495484,-0.50395286,0.95342433
1356421066715,4.2086873,-1.8387469,2.6014864
1356421066755,6.0882955,-3.0237172,3.8273177
1356421066795,10.61025,-3.445948,5.597963
1356421066835,10.732834,-10.038197,6.973618
1356421066875,8.19945,-2.8330324,1.1441092
1356421066915,15.363752,-3.5276701,1.920469
1356421066955,3.0237172,0.9942854,0.27240697
1356421066995,10.528529,-3.3642259,-4.5900574
1356421067035,9.425281,-5.243834,0.50395286
1356421067076,7.8589406,-0.14982383,-0.8036005
1356421067125,8.921328,-4.1814466,-2.1383946
1356421067165,9.193735,-2.4516625,-0.7218784
1356421067205,9.193735,-2.2609777,-0.5720546
1356421067245,8.580819,-2.7240696,-0.7218784
1356421067285,8.921328,-3.3642259,-1.1441092
1356421067344,9.275456,-3.9090397,-0.6946377
1356421067365,9.80665,-5.938472,-2.4516625
1356421067405,11.876944,-3.8273177,-0.38136974
1356421067445,13.0619135,-5.9793324,-1.0351465
1356421067485,12.299174,-2.1792557,-1.6480621
1356421067525,12.067628,1.0760075,0.8036005
1356421067565,11.686258,-4.9850473,-0.61291564
1356421067605,10.419566,-5.5162406,-1.7570249
1356421067645,7.3141265,-2.1111538,1.3075534
1356421067685,6.0474343,-1.6889231,2.2201166
1356421067725,4.6036777,-0.29964766,1.3075534
1356421067765,3.3778462,-0.8036005,2.1111538
1356421067805,4.1814466,-1.525479,3.0645783
1356421067845,9.697687,-3.7864566,4.2086873
1356421067885,11.645397,-7.8180795,7.7772183
1356421067924,5.5162406,-6.4015636,4.372132
1356421067965,11.304889,-1.3075534,0.7218784
1356421068005,11.264028,-4.099725,4.2086873
1356421068045,2.3426998,1.6480621,-1.7297841
1356421068085,11.917805,-6.1700177,-4.372132
1356421068125,8.349273,-2.5333846,1.1849703
1356421068165,8.390134,-1.4982382,0.14982383
1356421068205,8.662541,-4.3312707,-2.8330324
1356421068245,8.076866,-3.214402,-0.7627395
1356421068285,9.193735,-2.8738933,-0.5720546
1356421068343,8.771504,-2.8330324,-0.46309182
1356421068365,9.112013,-3.9090397,-1.3075534
1356421068405,9.847511,-3.9499009,-0.7627395
1356421068445,10.310603,-4.0180025,-1.334794
1356421068485,11.223166,-4.099725,-0.46309182
1356421068525,12.299174,-6.2789803,-1.0760075
1356421068565,11.495573,-2.982856,-1.1168685
1356421068605,12.14935,0.8036005,0.46309182
1356421068645,11.264028,-5.407278,-0.27240697
1356421068685,10.378705,-5.09401,-1.0351465
1356421068725,7.0553403,-1.7978859,1.2258313
1356421068765,6.66035,-1.6889231,1.6480621
1356421068805,5.243834,-0.53119355,0.7218784
1356421068845,4.2086873,-1.0351465,1.7570249
1356421068885,5.325556,-2.7240696,3.6774938
1356421068925,9.343558,-5.202973,5.5162406
1356421068965,12.340035,-6.932757,8.308413
1356421069005,6.0201936,-3.336985,4.8216033
1356421069045,13.402422,-0.29964766,0.9942854
1356421069085,10.56939,-3.5957718,3.486809
1356421069125,3.405087,0.5720546,-1.3756552
1356421069165,11.917805,-5.938472,-4.140586
1356421069205,8.662541,-4.7535014,0.7218784
1356421069245,8.894087,-0.6537767,0.95342433
1356421069285,9.043911,-3.6774938,-0.14982383
1356421069343,8.19945,-2.7921712,-1.4165162
1356421069365,8.390134,-3.486809,-0.29964766
1356421069405,8.662541,-2.9556155,-0.14982383
1356421069445,8.62168,-3.0645783,0.10896278
1356421069485,9.00305,-4.099725,-1.0760075
1356421069525,9.084772,-4.7126403,-2.070293
1356421069565,11.032481,-3.2961242,-0.61291564
1356421069605,11.34575,-4.372132,-0.10896278
1356421069645,11.876944,-7.4639506,-2.0294318
1356421069685,11.836082,-3.0645783,-1.607201
1356421069725,11.114203,0.38136974,0.61291564
1356421069765,11.413852,-2.982856,-0.14982383
1356421069805,10.800936,-4.440233,-1.56634
1356421069845,8.158588,-2.7921712,0.84446156
1356421069885,6.4424243,-1.4573772,2.3018389
1356421069925,6.701211,-1.607201,1.607201
1356421069965,4.3312707,-1.0351465,1.3756552
1356421070005,4.9850473,-1.879608,2.982856
1356421070045,8.158588,-3.636633,3.9090397
1356421070085,10.378705,-4.140586,5.325556
1356421070125,7.7772183,-7.3141265,5.012288
1356421070165,5.053149,-4.862464,3.336985
1356421070209,13.988097,-4.372132,1.4165162
1356421070255,10.841797,-2.2609777,3.568531
1356421070295,4.862464,1.7978859,-3.486809
1356421070342,10.882658,-7.246025,-2.6832085
1356421070375,8.308413,-1.8387469,-0.040861044
1356421070415,8.921328,-1.7978859,-0.5720546
1356421070455,9.302697,-3.759216,-1.8387469
1356421070495,9.152874,-3.1054392,-0.7627395
1356421070535,8.812365,-2.8738933,-0.14982383
1356421070575,8.662541,-2.8738933,-1.1849703
1356421070615,9.615966,-3.445948,-0.8036005
1356421070655,9.534244,-4.099725,-0.6537767
1356421070695,10.310603,-4.944186,-1.879608
1356421070735,11.876944,-3.9499009,0.46309182
1356421070775,12.14935,-5.8567495,-1.0760075
1356421070814,11.727119,-0.95342433,-1.56634
1356421070855,13.184497,-1.1849703,0.46309182
1356421070895,10.841797,-6.782933,-1.0760075
1356421070935,9.302697,-1.7297841,-0.7218784
1356421070975,6.0474343,-0.9125633,2.4925237
1356421071015,5.938472,-1.4165162,0.53119355
1356421071055,4.399372,0.0,0.42223078
1356421071095,4.7943625,-2.6423476,3.255263
1356421071135,7.668256,-4.0180025,4.372132
1356421071175,11.727119,-1.4573772,5.5162406
1356421071215,12.217452,-5.407278,6.851035
1356421071255,7.6273947,-2.0294318,3.568531
1356421071295,15.976667,-1.56634,0.84446156
1356421071343,7.3958488,-2.0294318,2.6014864
1356421071375,5.47538,-0.7218784,-1.4165162
1356421071415,11.454713,-6.238119,-2.982856
1356421071455,8.308413,-3.759216,2.0294318
1356421071495,8.730643,-0.95342433,0.14982383
1356421071535,9.193735,-3.405087,-1.4165162
1356421071575,8.962189,-3.173541,-0.84446156
1356421071615,8.662541,-3.255263,-0.29964766
1356421071655,8.853226,-2.5606253,-0.88532263
1356421071695,9.00305,-3.173541,-0.42223078
1356421071735,9.888372,-3.445948,-0.9942854
1356421071775,10.228881,-3.8273177,-0.88532263
1356421071815,10.95076,-4.5219555,-0.6946377
1356421071855,11.958665,-5.9793324,0.27240697
1356421071895,11.413852,-5.284695,-1.1849703
1356421071935,12.067628,-0.38136974,0.040861044
1356421071975,11.795221,-4.3312707,-0.46309182
1356421072015,10.079058,-5.47538,-1.525479
1356421072055,8.894087,-0.95342433,0.040861044
1356421072095,6.6331096,-0.61291564,1.6480621
1356421072135,6.0882955,-0.88532263,0.19068487
1356421072175,4.399372,-0.88532263,1.5390993
1356421072215,5.47538,-1.7570249,2.982856
1356421072255,9.915613,-3.0645783,4.140586
1356421072295,12.53072,-5.47538,7.4639506
1356421072341,8.499097,-6.782933,6.0882955
1356421072375,6.3198414,-0.84446156,1.2258313
1356421072415,16.3989,-2.8330324,1.4573772
1356421072455,7.0553403,-0.9125633,2.8330324
1356421072495,7.6954966,-0.46309182,-4.7126403
1356421072535,9.847511,-6.2108784,-1.0351465
1356421072575,8.430995,-2.070293,0.38136974
1356421072615,9.80665,-2.5333846,-0.5720546
1356421072655,9.043911,-3.255263,-0.61291564
1356421072695,8.894087,-2.7921712,-0.8036005
1356421072735,8.812365,-2.6014864,-0.95342433
1356421072775,8.921328,-2.7240696,-0.42223078
1356421072815,9.234595,-3.2961242,-0.38136974
1356421072855,9.80665,-4.0180025,-1.1849703
1356421072895,10.269742,-3.336985,-0.9125633
1356421072935,11.073342,-2.9556155,-0.46309182
1356421072975,11.182305,-5.053149,-0.88532263
1356421073015,11.032481,-5.6660647,-2.1111538
1356421073055,11.985906,-0.7627395,-0.7627395
1356421073095,12.4489975,-2.0294318,0.7627395
1356421073135,10.528529,-5.134871,-2.4516625
1356421073175,10.419566,-2.4925237,-0.19068487
1356421073215,6.510526,-1.2258313,1.6889231
1356421073255,6.1700177,-1.2258313,0.7627395
1356421073295,4.372132,-0.14982383,1.0760075
1356421073336,4.7535014,-1.56634,2.8738933
1356421073375,6.0474343,-3.214402,4.140586
1356421073415,10.760075,-3.5276701,5.325556
1356421073455,13.143636,-7.3141265,8.049625
1356421073495,5.9793324,-1.920469,3.568531
1356421073535,16.249075,-3.336985,1.1168685
1356421073575,4.671779,-1.7570249,1.0351465
1356421073615,8.308413,-0.46309182,-4.140586
1356421073655,10.337844,-6.891896,-0.9125633
1356421073694,8.281172,-0.9942854,0.313268
1356421073735,8.662541,-3.1054392,-0.42223078
1356421073775,8.308413,-2.7513103,-2.1792557
1356421073815,8.812365,-3.5276701,-0.08172209
1356421073855,9.084772,-2.2201166,-0.10896278
1356421073895,8.771504,-3.173541,-0.38136974
1356421073935,9.507003,-3.3642259,-1.0351465
1356421073975,9.656827,-5.09401,-1.0760075
1356421074015,10.147159,-6.1291566,-1.525479
1356421074055,11.032481,-5.597963,0.19068487
1356421074095,11.304889,-5.8567495,-0.88532263
1356421074135,12.762266,-0.5720546,-1.4982382
1356421074175,13.988097,-0.53119355,0.6537767
1356421074215,11.495573,-6.238119,-0.95342433
1356421074255,10.119919,-2.8330324,-1.4165162
1356421074295,5.829509,-0.6946377,1.6480621
1356421074335,5.8567495,-0.95342433,1.56634
1356421074375,4.399372,0.46309182,0.38136974
1356421074415,4.4810944,-1.1168685,2.2201166
1356421074455,6.5922484,-3.5276701,4.0588636
1356421074495,10.269742,-4.399372,5.2165933
1356421074535,11.264028,-8.19945,7.3958488
1356421074575,5.9793324,-2.5333846,3.636633
1356421074615,17.474907,-2.5606253,1.3075534
1356421074655,6.66035,-2.4108016,2.9147544
1356421074695,5.47538,-0.19068487,-4.7535014
1356421074735,11.114203,-7.164303,-2.3699405
1356421074775,8.349273,-0.38136974,0.7627395
1356421074815,9.384419,-1.6480621,-0.38136974
1356421074855,8.812365,-3.3642259,-2.1111538
1356421074895,8.730643,-3.445948,-0.5720546
1356421074935,8.921328,-2.6014864,-0.6537767
1356421074975,8.894087,-2.9556155,-0.46309182
1356421075015,9.697687,-3.445948,-0.9942854
1356421075055,9.724928,-4.099725,-0.7627395
1356421075095,10.18802,-4.399372,-1.4573772
1356421075135,10.800936,-3.636633,0.6537767
1356421075175,11.563675,-6.0474343,-0.61291564
1356421075215,10.378705,-4.3312707,-2.3426998
1356421075255,13.211738,-0.7627395,0.50395286
1356421075295,12.571581,-4.140586,-0.29964766
1356421075335,11.413852,-5.6660647,-1.334794
1356421075375,8.19945,-0.50395286,0.23154591
1356421075415,5.597963,-1.7570249,1.8387469
1356421075455,4.671779,-0.46309182,0.50395286
1356421075495,3.8273177,-0.23154591,1.2258313
1356421075535,5.325556,-2.6832085,4.0180025
1356421075575,11.114203,-4.7126403,5.175732
1356421075615,11.604536,-6.782933,7.8589406
1356421075655,6.5922484,-3.568531,4.2495484
1356421075695,16.88923,-2.4108016,1.4982382
1356421075735,5.597963,-1.525479,2.152015
1356421075775,6.5922484,-0.42223078,-3.255263
1356421075815,11.304889,-7.3958488,-2.7240696
1356421075855,7.9270425,-2.9147544,0.5720546
1356421075895,8.812365,-2.2201166,0.38136974
1356421075935,8.390134,-3.173541,-1.6889231
1356421075975,8.308413,-2.7921712,-0.50395286
1356421076015,8.921328,-2.9147544,-0.23154591
1356421076055,8.853226,-2.3699405,0.50395286
1356421076095,9.234595,-3.445948,-1.2258313
1356421076135,9.997335,-5.434519,-1.3075534
1356421076175,10.56939,-5.09401,-0.6537767
1356421076215,10.800936,-4.140586,1.0351465
1356421076255,10.760075,-6.66035,-0.95342433
1356421076295,11.114203,-2.5333846,-2.7240696
1356421076335,15.213928,-0.7627395,0.95342433
1356421076375,12.680544,-5.243834,0.10896278
1356421076415,11.686258,-4.5219555,-1.879608
1356421076455,6.469665,-0.27240697,0.88532263
1356421076495,5.2165933,-1.0351465,2.7240696
1356421076535,4.0180025,0.6946377,0.10896278
1356421076574,3.636633,-0.27240697,1.4165162
1356421076615,6.5513873,-3.0645783,4.2086873
1356421076655,11.686258,-5.407278,5.7886477
1356421076695,10.119919,-8.049625,6.5513873
1356421076735,4.4810944,-3.0645783,4.3312707
1356421076775,16.548723,-2.982856,1.7297841
1356421076815,8.662541,-2.5606253,3.5957718
1356421076855,4.862464,1.0760075,-2.4516625
1356421076895,10.651112,-6.1291566,-3.9090397
1356421076935,8.349273,-3.255263,0.6946377
1356421076975,8.962189,-1.2666923,-0.08172209
1356421077015,8.471856,-3.7864566,-1.7297841
1356421077055,8.349273,-3.0237172,-1.1441092
1356421077095,9.112013,-3.2961242,-0.42223078
1356421077135,8.539958,-2.6014864,0.61291564
1356421077175,8.771504,-3.445948,-1.0760075
1356421077215,9.724928,-4.0588636,-1.1849703
1356421077255,9.534244,-4.372132,-0.9942854
1356421077295,10.18802,-5.407278,-1.1168685
1356421077335,10.732834,-4.944186,0.53119355
1356421077375,11.264028,-6.428804,-0.88532263
1356421077415,11.413852,-2.3426998,-2.5606253
1356421077455,14.628253,-1.1168685,0.9942854
1356421077495,11.917805,-6.0882955,-1.56634
1356421077535,11.223166,-3.336985,-2.070293
1356421077575,6.1291566,-1.4982382,1.7297841
1356421077615,6.2789803,-1.2666923,-0.10896278
1356421077655,4.0180025,0.46309182,0.7627395
1356421077695,4.2904096,-1.4982382,2.152015
1356421077735,6.5922484,-2.8330324,3.2961242
1356421077775,9.765789,-4.3312707,5.597963
1356421077815,12.217452,-10.991621,6.891896
1356421077855,5.7886477,-3.445948,3.9090397
1356421077895,16.821129,-2.2609777,0.84446156
1356421077935,5.7886477,-1.3075534,2.070293
1356421077975,8.158588,-0.8036005,-4.4810944
1356421078015,9.997335,-6.3607025,-1.1849703
1356421078055,8.62168,-0.61291564,0.23154591
1356421078095,8.921328,-2.6014864,-0.14982383
1356421078135,8.19945,-3.636633,-1.525479
1356421078175,8.430995,-3.759216,-0.88532263
1356421078215,8.771504,-2.7921712,-0.14982383
1356421078255,8.853226,-1.9885708,-0.27240697
1356421078295,9.697687,-3.0645783,-1.3075534
1356421078335,10.038197,-4.5900574,-0.95342433
1356421078375,10.18802,-6.742072,-1.8387469
1356421078415,11.141444,-3.8273177,0.42223078
1356421078455,10.61025,-5.6660647,-0.7218784
1356421078495,10.841797,-4.0180025,-2.6832085
1356421078535,13.402422,0.313268,0.08172209
1356421078575,12.639683,-4.440233,-0.42223078
1356421078615,11.686258,-5.47538,-1.9477097
1356421078655,7.9679036,-1.4165162,0.040861044
1356421078695,6.2789803,-2.1792557,1.9885708
1356421078735,5.134871,-0.19068487,-0.27240697
1356421078775,4.2086873,-0.6946377,1.3075534
1356421078815,5.053149,-3.568531,3.5276701
1356421078855,8.921328,-3.8681788,4.372132
1356421078895,9.888372,-5.7477865,7.205164
1356421078935,6.5513873,-7.273266,4.944186
1356421078975,7.0553403,-1.7297841,1.7570249
1356421079015,17.856276,-5.6660647,1.4982382
1356421079055,1.4982382,1.4165162,3.1463003
1356421079095,9.343558,-1.56634,-6.1700177
1356421079135,10.18802,-7.014479,-0.9125633
1356421079175,8.008764,0.7627395,0.23154591
1356421079215,9.152874,-4.2086873,-0.53119355
1356421079255,8.281172,-3.405087,-1.7570249
1356421079295,8.539958,-3.759216,-0.08172209
1356421079335,8.539958,-2.7921712,-0.5720546
1356421079375,8.662541,-3.0237172,-0.6946377
1356421079415,9.765789,-3.9090397,-1.1441092
1356421079454,9.997335,-4.630918,-1.525479
1356421079495,10.841797,-3.486809,-1.2258313
1356421079535,11.495573,-4.5900574,-0.23154591
1356421079575,11.727119,-5.9793324,-1.4982382
1356421079615,11.686258,-0.9125633,-0.7627395
1356421079655,12.871228,-2.1383946,0.88532263
1356421079695,10.528529,-6.932757,-1.1849703
1356421079735,9.847511,-2.4108016,-1.3075534
1356421079775,6.66035,-1.1168685,2.3426998
1356421079815,5.8976107,-1.56634,0.95342433
1356421079855,4.0180025,-0.10896278,1.0351465
1356421079895,3.9499009,-1.9477097,2.5606253
1356421079935,6.782933,-4.0180025,3.990762
1356421079975,10.841797,-3.718355,6.0882955
1356421080026,10.691973,-6.932757,7.1234417
1356421080065,13.824653,-2.0294318,2.152015
1356421080105,11.75436,-2.1383946,2.5333846
1356421080145,3.990762,-0.23154591,-1.334794
1356421080185,10.882658,-5.5571017,-4.2904096
1356421080225,9.00305,-3.568531,0.7627395
1356421080265,8.471856,-0.6946377,1.4982382
1356421080305,8.771504,-3.9771416,-1.525479
1356421080345,8.539958,-3.445948,-1.4982382
1356421080385,8.662541,-3.568531,0.040861044
1356421080425,8.771504,-2.0294318,-0.27240697
1356421080465,8.921328,-3.0237172,-0.42223078
1356421080505,9.697687,-3.718355,-1.0760075
1356421080545,9.507003,-4.7943625,-1.334794
1356421080585,10.501288,-4.2904096,-1.2258313
1356421080625,11.454713,-5.5162406,-0.10896278
1356421080665,11.536434,-6.428804,-1.4165162
1356421080705,11.563675,-0.50395286,-1.1441092
1356421080745,11.958665,-2.2609777,1.3756552
1356421080785,10.56939,-6.0201936,-1.334794
1356421080825,9.615966,-2.4108016,-0.61291564
1356421080865,6.932757,-1.8387469,2.9556155
1356421080905,6.973618,-1.607201,1.334794
1356421080945,4.7535014,-0.38136974,1.1441092
1356421080985,4.630918,-1.7978859,2.4108016
1356421081025,5.7886477,-3.0237172,3.9499009
1356421081065,9.084772,-4.099725,5.012288
1356421081105,9.915613,-7.43671,6.3607025
1356421081145,7.668256,-5.434519,4.5219555
1356421081185,17.052675,-2.0294318,1.56634
1356421081225,7.504812,-1.4165162,3.486809
1356421081265,4.9850473,-0.040861044,-3.1054392
1356421081305,11.34575,-7.082581,-3.6774938
1356421081345,8.499097,-1.9477097,1.4165162
1356421081385,9.275456,-1.607201,0.8036005
1356421081425,8.539958,-4.399372,-1.6480621
1356421081465,8.308413,-3.0645783,-1.2666923
1356421081505,8.921328,-3.2961242,-0.3405087
1356421081545,8.499097,-2.6423476,0.10896278
1356421081585,8.771504,-3.718355,-1.1168685
1356421081625,9.534244,-3.9090397,-0.9125633
1356421081665,9.80665,-4.1814466,-1.4573772
1356421081705,10.732834,-3.7864566,-1.1168685
1356421081745,11.563675,-4.7943625,-0.50395286
1356421081785,11.75436,-6.0474343,-1.3075534
1356421081825,11.073342,-1.1441092,-1.2258313
1356421081865,11.604536,-0.3405087,1.920469
1356421081905,10.691973,-6.5922484,-0.46309182
1356421081945,9.384419,-3.718355,-1.6480621
1356421081985,6.701211,-1.9885708,3.1054392
1356421082025,7.0553403,-1.920469,2.3018389
1356421082065,4.903325,-0.6537767,0.92618364
1356421082105,4.7943625,-1.2258313,2.2609777
1356421082145,6.0201936,-2.7513103,3.445948
1356421082185,8.430995,-3.7864566,4.372132
1356421082225,10.18802,-6.1291566,5.7886477
