1356594199328,0.0,0.0,0.0
1356594199368,-0.06805086,9.536743E-7,0.081661224
1356594199410,0.082019806,-0.34024143,0.12205231
1356594199449,0.19130707,-0.37922907,0.22924554
1356594199489,0.12265396,-0.2912283,0.26554024
1356594199529,0.11963463,-0.31831264,0.065815926
1356594199570,0.031273365,-0.06413078,-0.13891149
1356594199610,0.021011353,-0.30592012,0.45618808
1356594199650,0.15834808,-0.27059984,0.586227
1356594199690,0.1176672,-0.34196377,0.6041478
1356594199729,0.022271633,-0.30340958,-0.07912457
1356594199770,0.04979801,-0.033486843,0.41509497
1356594199810,-0.04445839,0.15378666,0.14032483
1356594199850,-0.164155,0.14661074,-0.96684337
1356594199890,0.05975008,0.022928715,-0.7057401
1356594199930,0.58685637,-0.0020375252,0.8788378
1356594199970,0.08022642,-0.037231922,0.53531986
1356594200010,-0.26527977,0.08314848,-0.911742
1356594200050,-0.12424326,-0.04624033,-0.052473307
1356594200090,-0.1343565,0.2584238,0.07204354
1356594200129,-0.06010866,0.1676302,-0.48382485
1356594200170,0.046676636,-0.2641573,0.37749815
1356594200210,0.21329165,-0.27369595,-0.06883633
1356594200257,0.096609116,-0.008367062,-0.16297412
1356594200277,0.060712337,-0.05261135,-0.5326251
1356594200308,-0.31793165,0.2616315,-0.90438163
1356594200349,-0.27755308,0.3363948,-0.21096992
1356594200390,0.22564936,0.0030441284,-0.06750393
1356594200429,0.06383133,0.046568394,-0.39008176
1356594200470,0.1493721,0.19234276,-0.22741163
1356594200510,-0.16008997,0.18197632,-0.22361481
1356594200549,-0.1850686,0.01684618,-0.45030832
1356594200590,-0.3469987,-0.042573452,-0.8951998
1356594200630,0.20109797,-0.3745594,-1.0799257
1356594200670,0.67048407,-0.9200535,-0.5630231
1356594200709,0.51309824,-0.54182863,0.2650355
1356594200749,0.5118518,-0.67662716,-6.2811375E-4
1356594200790,0.23792791,-1.333569,-1.1230063
1356594200830,0.16595793,-1.1895819,-0.3985238
1356594200870,-0.42245483,0.014395237,0.01987052
1356594200910,0.0338068,-0.110455036,0.3371042
1356594200949,-0.47110653,0.6159992,-0.29349804
1356594200989,0.38601303,1.3580799,-0.44490385
1356594201029,2.6328077,0.5979934,0.8087357
1356594201069,4.184521,-0.765152,1.6283275
1356594201109,5.63371,-2.0749176,1.3537257
1356594201149,4.999915,-2.9530067,2.1247172
1356594201190,1.9173851,-1.1273298,2.9609942
1356594201230,1.5838928,0.60108757,-0.91267824
1356594201282,0.5866661,6.8916626,1.784772
1356594201311,0.51480293,3.927908,0.12272966
1356594201351,-0.5541887,-0.24479675,-0.16532576
1356594201391,-2.3791237,-0.7847667,0.9565809
1356594201431,-5.7668753,-0.16054773,0.9147438
1356594201471,-9.755152,-0.8123579,1.0719386
1356594201501,-7.640155,-2.773618,2.2887697
1356594201531,-3.4970202,-5.614045,3.273342
1356594201561,0.78079605,-7.773511,4.774051
1356594201591,2.5528631,-7.57979,5.4380407
1356594201621,2.1692972,-5.2031884,5.60069
1356594201653,1.4736795,-3.1593792,6.1394734
1356594201690,-1.4518948,-1.108777,5.144688
1356594201730,3.1997805,6.2622805,3.1423779
1356594201770,-3.9597836,4.220346,-1.9998698
1356594201809,0.92421484,3.222834,-8.629725
1356594201849,4.6204967,0.7338548,-4.549918
1356594201890,-0.26578093,3.4880266,-3.1483803
1356594201929,-1.1013627,3.1917377,-3.522144
1356594201970,-0.943274,0.23026752,-3.512519
1356594202009,-0.86318684,-0.38866854,-4.0111914
1356594202050,0.08060646,-1.0106263,-1.3971468
1356594202090,2.6882763,-2.4513726,-0.38464493
1356594202129,1.4407454,-0.64381504,0.9772856
1356594202170,2.3216848,-1.1529489,-3.2596161
1356594202210,2.949113,-1.3478932,0.17948395
1356594202282,3.7379732,-1.5145459,0.80859804
1356594202292,3.632204,-4.2927074,1.1870754
1356594202329,1.1865749,-1.2536945,0.36275238
1356594202370,2.4098797,4.7232027,-0.10731971
1356594202410,3.0253754,5.2128916,0.7226188
1356594202450,1.3916788,5.3911324,-0.70594263
1356594202490,-0.8437052,0.13391256,0.51764643
1356594202529,-4.875437,0.2547698,-0.08561778
1356594202570,-9.631144,0.381979,-0.028766632
1356594202610,-11.859982,0.54818535,0.28048438
1356594202649,-10.504027,-1.5673122,0.7696055
1356594202690,-2.0027647,-5.3432345,6.505348
1356594202729,9.66736,-8.612241,9.442587
1356594202770,4.809412,-5.038027,5.198992
1356594202810,0.8361702,-3.9488995,4.550226
1356594202850,2.78935,4.432088,4.1010714
1356594202890,-2.2602453,4.2515526,1.1579092
1356594202929,-3.3574865,4.3573694,-6.869195
1356594202971,5.471393,0.6711941,-6.8122334
1356594203010,0.80893946,1.9238605,-3.7231913
1356594203050,-0.4523797,4.079768,-3.491419
1356594203090,-1.0038414,1.7501707,-3.7874084
1356594203128,-1.6542788,-0.34902477,-3.7805166
1356594203170,-1.5276923,0.16695404,-2.594959
1356594203210,0.60699654,-1.703248,-0.674648
1356594203279,1.645422,-0.8389602,-2.41118
1356594203292,2.7359114,-2.5573056,-0.29067248
1356594203331,4.382536,-3.2800763,-2.545926
1356594203371,4.0556345,-0.6044669,0.6308545
1356594203411,5.8350077,-3.7734861,3.0577123
1356594203451,3.1822872,-1.5851665,2.3884504
1356594203491,0.60672855,6.981105,-0.11128652
1356594203531,5.1854515,7.435895,2.5493922
1356594203571,2.1528254,5.866418,-2.2352023
1356594203611,-1.579998,-1.3599081,0.0069794655
1356594203650,-6.5558624,-1.450253,-0.8239225
1356594203689,-11.6673155,-0.45735407,-0.80870414
1356594203729,-14.385685,0.7790594,-0.6068809
1356594203770,-9.057189,-1.5926561,3.1738653
1356594203810,6.6981783,-9.211187,8.951499
1356594203850,7.0438805,-7.1933727,9.286735
1356594203890,1.0250473,-1.4044514,5.403339
1356594203930,1.8154469,0.97211075,2.6070528
1356594203970,-1.034183,5.385766,2.093185
1356594204010,-3.0929985,2.513514,-7.721878
1356594204050,2.7971988,1.560966,-5.4141293
1356594204089,0.4721098,2.0437489,-4.1878023
1356594204130,-0.45560312,2.2793999,-3.405439
1356594204170,-1.4771471,-0.03988409,-3.0435774
1356594204210,-1.3259649,0.29916,-3.31995
1356594204281,0.47735405,-0.71493006,-0.9738133
1356594204308,1.1005106,0.4873743,-2.7161305
1356594204340,2.5917873,-2.27955,0.49752158
1356594204380,5.912595,-4.043648,-1.8248281
1356594204420,6.301613,-3.1104088,1.1650032
1356594204460,5.681878,-2.8688967,2.6941848
1356594204500,2.2243671,2.089548,-0.18956137
1356594204540,2.0057793,8.761431,0.49178058
1356594204579,3.7268906,6.822817,0.2811346
1356594204619,0.23923302,1.4820504,-1.4800404
1356594204660,-2.611288,-2.5530937,-0.8416839
1356594204699,-9.069461,-0.15315628,-0.3677109
1356594204740,-13.094856,0.534976,-0.7150116
1356594204779,-11.8046465,-0.043510437,0.7092756
1356594204820,-5.9723125,-3.0809276,5.2370057
1356594204860,7.6397896,-11.087368,11.363048
1356594204900,6.3484774,-5.0165777,5.521954
1356594204940,-3.0192842,-2.9331636,3.1528463
1356594204980,1.1426563,9.824728,8.183213
1356594205020,-0.25415945,2.3083167,-6.732791
1356594205060,-0.4442196,3.369214,-8.413401
1356594205100,4.0061216,0.6120119,-4.1108947
1356594205140,1.1935644,2.3717527,-2.8306403
1356594205180,-1.7755642,2.7694492,-2.3485878
1356594205220,-0.77304983,-0.40862322,-4.6529083
1356594205283,-0.19970942,-1.6379545,-2.4079952
1356594205301,0.14621639,-0.68433905,0.3088715
1356594205341,1.445735,-1.9838891,-1.0250919
1356594205381,3.6099796,-3.0778308,-1.8794343
1356594205421,4.645583,-3.2775548,-0.89176357
1356594205461,5.1733427,-4.201247,0.85992867
1356594205502,4.9997597,-2.2244747,2.2375083
1356594205541,0.4548416,4.364958,0.53924257
1356594205581,4.1139164,7.9009094,0.7856307
1356594205621,3.685958,6.0368776,-0.84270895
1356594205661,-0.44604778,2.3219037,-0.7216371
1356594205701,-2.7385268,-1.8546646,0.0037067533
1356594205740,-9.079636,-0.1814127,-0.13279617
1356594205780,-12.530356,0.18613005,-0.14796287
1356594205820,-12.654086,-0.48159742,0.63999367
1356594205860,-2.916277,-5.352799,7.198681
1356594205900,8.828737,-11.06893,9.785257
1356594205940,4.597045,-3.1743221,7.3671045
1356594205980,0.79685974,0.8373966,4.970071
1356594206020,1.9711533,4.322681,3.22608
1356594206060,-5.4056664,2.125464,-5.9835243
1356594206098,2.1805568,3.7244143,-6.5457997
1356594206140,2.9242678,0.64104795,-4.0469275
1356594206180,0.33506107,3.044238,-3.9517055
1356594206220,-1.030119,1.3946652,-3.7483642
1356594206284,-1.2205977,-0.39935637,-3.7781973
1356594206301,-1.54597,0.16275787,-2.5640476
1356594206341,0.11762905,0.22832489,-0.5699294
1356594206381,1.7576742,-1.4491014,-2.9376001
1356594206421,3.4160976,-4.3401423,1.1583526
1356594206461,5.244031,-3.5415785,-1.0191666
1356594206501,6.573847,-4.916613,-0.07313126
1356594206541,4.984045,-1.8379359,2.8894582
1356594206581,0.39262104,5.171944,-0.1444372
1356594206622,2.934291,7.1717567,0.8543947
1356594206661,2.4143133,6.6555104,-0.8686348
1356594206701,-0.41426086,0.14005756,0.40259385
1356594206741,-2.3146791,-1.7948065,0.38552147
1356594206771,-9.47687,0.86735487,-0.14175296
1356594206811,-11.716295,0.21390247,-0.21880406
1356594206851,-12.176419,0.31898117,0.007506728
1356594206891,-8.030597,-2.0933022,3.0521593
1356594206931,5.735551,-9.110058,10.157531
1356594206971,6.3134365,-5.120337,7.671678
1356594207011,7.9912624,3.3674002,10.559731
1356594207051,-5.1203537,1.3302593,-1.486763
1356594207091,-7.4165254,4.794031,-6.1417437
1356594207131,7.288282,-1.1905627,-5.6791983
1356594207171,2.1171632,-0.9317088,-3.3196712
1356594207211,-0.77373743,3.0053034,-3.186552
1356594207283,0.12932634,0.25766373,-3.6946728
1356594207291,0.031092644,-1.4659591,-4.3753715
1356594207317,-0.706614,-0.18487501,-3.470017
1356594207360,-0.05317974,-0.53316355,-0.7600763
1356594207400,0.43298435,-0.20466614,-3.734125
1356594207440,1.9424658,-0.86265945,1.7115026
1356594207480,3.5901337,-2.7695498,-1.9837091
1356594207520,4.3798103,-2.8153427,-0.08631748
1356594207560,5.146675,-3.2000082,2.0206132
1356594207599,3.7361403,-1.4119253,3.8471332
1356594207639,0.7429695,3.9686823,-1.4263963
1356594207680,3.769948,8.170847,0.39228106
1356594207719,2.2515726,5.68608,-0.67126244
1356594207759,0.06375885,-0.053286076,-0.14107537
1356594207799,-4.121599,-1.5706162,-0.83316046
1356594207840,-8.855601,0.3189273,-0.34850824
1356594207880,-11.019567,0.73825884,-0.17366904
1356594207920,-10.371769,-0.031769276,0.34060293
1356594207960,-4.3951726,-4.1931725,4.755957
1356594208000,6.4340496,-9.648024,9.909327
1356594208040,7.060257,-5.507698,7.377014
1356594208079,0.07630253,-0.121171,7.1529665
1356594208119,0.51275873,1.6663609,4.281617
1356594208160,-3.324294,5.4911933,0.06766945
1356594208200,0.41896725,2.6237879,-8.603107
1356594208239,3.6669636,-0.9871938,-7.413326
1356594208286,2.8882446,-0.29632092,-4.0583134
1356594208321,-0.8684969,3.3515315,-3.015165
1356594208361,-1.3226166,1.6191154,-3.2592704
1356594208401,-0.8929057,-0.84659314,-4.175329
1356594208441,-1.2473397,-0.16788864,-2.6006694
1356594208480,-0.25258923,1.4956532,-0.51045376
1356594208520,1.505641,-0.1006155,-1.1329566
1356594208560,3.2114592,-3.3778358,-0.0066794828
1356594208599,4.9646463,-3.6421611,0.5349233
1356594208640,5.897312,-2.7155902,0.73454714
1356594208680,2.5162582,1.2686057,4.9939857
1356594208720,-0.11240101,5.0780253,-1.0453854
1356594208759,4.107233,5.6383686,1.8533602
1356594208799,1.3074064,5.741862,-0.82307714
1356594208840,-1.2756615,0.33101082,0.09829342
1356594208880,-4.2649555,-1.0313745,-0.2648907
1356594208920,-8.305236,-0.30530262,-0.393683
1356594208960,-9.860109,-1.5537181,0.11074438
1356594209000,-7.328266,-3.4131486,1.5471867
1356594209038,-0.40528393,-7.247948,7.5555577
1356594209080,4.0634394,-6.579338,8.410303
1356594209120,0.70454025,-2.694796,5.666874
1356594209160,-2.1252613,1.1389456,2.344013
1356594209200,2.125021,6.700122,0.4466647
1356594209240,-1.9955626,2.224595,-5.329986
1356594209287,1.6535206,1.6950359,-6.925729
1356594209321,2.8224626,-0.1240468,-3.2843482
1356594209361,1.2703848,1.7435384,-3.366493
1356594209401,-1.0729418,1.479362,-2.7515755
1356594209441,-0.43982983,-0.49094725,-4.174073
1356594209481,0.67648315,-0.91045904,-2.793943
1356594209521,0.9042072,-0.07285309,-0.3579687
1356594209561,2.7845516,-1.5441952,-1.4682622
1356594209601,5.3853836,-2.6191826,-0.81195027
1356594209641,6.168871,-3.9149184,-0.012200922
1356594209681,6.603279,-5.7691965,0.844653
1356594209721,2.8490124,0.3647709,3.2273312
1356594209761,0.096030235,7.0718813,-2.542637
1356594209799,4.781706,7.9187098,3.259232
1356594209840,-1.060523,6.0104685,-1.3762407
1356594209880,-3.3161726,-2.0740676,0.5962754
1356594209920,-7.1016746,-0.10334253,-0.3673746
1356594209959,-12.129634,0.73745775,0.32074988
1356594210000,-12.275525,-0.55945873,1.1074862
1356594210040,-4.0368905,-5.3333464,4.0726767
1356594210080,3.936325,-8.811969,10.139525
1356594210120,4.0379276,-1.7669916,7.026999
1356594210160,-0.070342064,2.8567553,6.7531962
1356594210200,1.4155226,3.4932914,-4.428722
1356594210239,-3.5431926,2.0283484,-7.843609
1356594210288,4.809786,1.8166032,-4.2151737
1356594210322,1.6392064,2.3669262,-3.6420155
1356594210361,0.5280738,1.2178531,-3.6054058
1356594210401,-0.55790377,0.51427364,-3.4128911
1356594210441,-0.32953596,-0.11425114,-3.466411
1356594210481,-0.24077463,-1.5260696,1.051533
1356594210521,-0.68711376,-0.87419796,-4.9561214
1356594210561,1.0716162,2.6407523,1.2635384
1356594210600,4.0713243,-2.037177,-1.3120378
1356594210642,6.119194,-5.9798074,-0.18446958
1356594210681,5.881441,-6.7334514,0.10136843
1356594210720,4.2403994,-3.6983752,0.38545424
1356594210759,1.2094736,6.019101,0.70061016
1356594210799,2.7100353,8.1174135,0.94535685
1356594210840,2.8248978,6.9882097,-0.27811515
1356594210880,-1.2883825,2.1068487,-0.075057745
1356594210920,-4.18698,-0.7551365,0.1847716
1356594210959,-11.51738,1.1968489,-0.3116594
1356594211000,-12.969788,0.7415633,-0.027200937
1356594211040,-9.925933,-0.9349475,1.4776782
1356594211080,1.9229174,-6.3933544,7.963956
1356594211119,7.6770725,-9.897434,7.8666887
1356594211160,1.3264971,0.53302765,8.31844
1356594211200,1.7476969,3.1630096,1.8545952
1356594211239,-11.282935,3.0689197,-4.605336
1356594211289,4.5011373,3.0081387,-5.388256
1356594211321,5.505211,1.2074676,-3.9137418
1356594211361,-0.65554523,2.1149807,-3.6035526
1356594211402,0.8453164,1.4709425,-4.084471
1356594211441,0.3147502,-1.0362873,-3.6429987
1356594211481,-0.9256301,-1.1768856,-2.5290854
1356594211521,-0.95453405,0.14538002,0.8382796
1356594211561,0.65649986,-1.0611033,-4.002753
1356594211601,2.369195,-1.7461114,2.6092536
1356594211641,3.7876225,-3.1729531,-0.59540534
1356594211681,5.902626,-4.427022,-0.29231453
1356594211721,6.4467096,-4.562805,1.3713492
1356594211761,3.3984709,-2.4466414,3.0187607
1356594211801,1.3897982,6.2731776,-0.7496904
1356594211841,3.6260157,7.9394894,1.3254291
1356594211899,1.1890669,4.7265186,-1.1565944
1356594211920,-0.5219946,-0.9026263,-0.41028905
1356594211960,-4.9427266,-0.5982733,-0.9351981
1356594211998,-10.338282,0.9820051,-0.83833206
1356594212040,-11.158307,0.703392,-0.5965435
1356594212080,-10.835143,-0.099401,0.3035036
1356594212120,-6.623733,-3.1650991,2.825688
1356594212160,6.653736,-9.00717,11.790365
1356594212200,7.5984364,-6.095071,6.377503
1356594212239,0.66902065,-0.840117,6.5580454
1356594212290,3.1784115,6.0343533,2.8206325
1356594212321,-6.379247,3.7483206,-1.9961227
1356594212361,0.74879265,2.7151542,-8.924299
1356594212401,5.849759,-1.2082477,-3.6552625
1356594212441,-0.5267253,1.9229493,-3.5838904
1356594212481,-0.12813139,2.1324444,-3.5474806
1356594212521,0.37452555,-0.4964075,-2.968636
1356594212561,-0.21023321,-0.47875834,-2.98538
1356594212601,-0.90815496,0.014140606,-2.4648108
1356594212641,-0.581594,0.010979652,0.81270325
1356594212681,0.9550991,-0.37997007,-2.0824435
1356594212721,3.3167877,-3.0735672,1.781569
1356594212761,4.9532156,-3.8343458,1.4291109
1356594212801,5.630784,-2.5213592,0.26324868
1356594212842,4.768811,-2.189693,2.3439007
1356594212881,0.5273466,4.6182327,-2.3373039
1356594212921,3.6787863,6.553319,1.8774343
1356594212961,2.1875925,6.630379,-0.53403944
1356594213001,-1.2569027,2.2568831,-0.5983109
1356594213041,-3.0085611,-2.4520938,0.4705541
1356594213081,-9.384068,0.47288322,0.015045375
1356594213121,-12.083024,0.048686028,0.4717767
1356594213161,-10.173295,-1.8597155,0.8603517
1356594213201,-4.9604263,-4.848151,2.6194108
1356594213241,6.4049625,-10.924356,7.0005555
1356594213290,8.071089,-8.426945,5.734463
1356594213321,1.4015036,-1.3366432,5.2377973
1356594213361,2.6912007,9.063297,4.930696
1356594213401,-8.9199295,4.8394756,-4.9891434
1356594213441,3.8566165,3.5076084,-7.523122
1356594213481,5.0708804,-1.4287701,-3.903603
1356594213521,-0.842546,3.2212434,-2.6275117
1356594213561,-1.3075461,3.6130967,-2.8002226
1356594213601,1.7166138E-5,-0.9393759,-2.9147553
1356594213641,-2.89917E-4,-0.8578534,-2.9753563
1356594213681,-0.10230255,-0.28599977,-1.4212323
1356594213721,0.535532,-0.17002916,-1.821759
1356594213761,1.2546921,-2.0074084,0.2693866
1356594213801,3.154808,-3.2661383,0.7581575
1356594213841,4.1938353,-2.354946,2.2802048
1356594213880,6.92667,-3.546262,2.9471898
1356594213920,2.2775078,0.4427104,-2.8461215
1356594213960,1.9082413,5.692724,-0.45053875
1356594214000,3.585846,6.833804,0.75938374
1356594214040,-0.8008156,6.0673323,-0.52217925
1356594214080,-1.724019,-0.8075228,0.65847445
1356594214119,-4.969843,-0.42390013,-0.029175043
1356594214160,-11.630576,0.834363,0.6681108
1356594214200,-10.437055,-1.7250848,0.4638272
1356594214239,-6.3372607,-4.2290306,1.2215422
1356594214292,1.8095427,-8.689566,4.610931
1356594214321,5.7628307,-8.425438,6.2038326
1356594214361,3.7656746,-4.2925444,5.454359
1356594214401,-0.43142986,-1.155828,2.484627
1356594214441,2.7318063,10.340369,5.9561157
1356594214481,-3.597772,1.6177711,-5.748539
1356594214521,2.0873523,3.4556365,-8.24434
1356594214561,3.171647,0.28302765,-2.3091826
1356594214601,-0.8039284,3.647618,-2.844523
1356594214641,0.55421257,1.2401357,-3.3067422
1356594214681,-0.49232817,-0.3797834,-3.2172432
1356594214721,-1.7803011,0.79354143,-1.7594373
1356594214761,-1.0870028,0.5268955,0.7103944
1356594214801,-0.16175652,-0.85043526,-2.4961197
1356594214858,1.4626474,-1.3615475,0.9680738
1356594214880,3.9989471,-1.9392569,-0.53263414
1356594214920,4.7141123,-3.113478,2.4509237
1356594214958,6.2135916,-3.4068952,3.1605556
1356594215000,2.2138042,-0.76868725,-0.8816204
1356594215040,3.9587135,7.4554234,0.02712816
1356594215080,1.7762976,6.452799,-0.6168481
1356594215121,1.0285244,-0.49702215,-0.72101855
1356594215160,-1.8122787,-0.9774282,-0.40426692
1356594215200,-7.1592875,0.89901686,-0.22450759
1356594215240,-9.040164,1.0654044,-0.41905075
1356594215291,-10.121904,0.75641775,0.16854866
1356594215331,-6.8579664,-3.632548,2.1796174
1356594215371,3.252161,-8.507466,7.4911394
1356594215411,8.401165,-7.91775,5.796259
1356594215451,2.265318,-4.7976665,5.8163214
1356594215491,0.5501776,7.3738623,3.7596347
1356594215531,-1.575285,3.989277,0.6461226
1356594215571,-0.004892826,2.60856,-7.1031327
1356594215611,3.5408483,-0.010139465,-5.508935
1356594215651,1.9097152,0.45041227,-3.228333
1356594215691,0.23602581,2.3810725,-3.5481153
1356594215731,-1.1483397,0.63861465,-2.6569715
1356594215771,-1.5315814,0.33017254,-2.9660022
1356594215816,-1.6482654,0.5859604,-1.3983324
1356594215849,-0.23069954,0.05133152,-1.521579
1356594215890,1.4189339,-1.3918693,-0.90598524
1356594215930,4.2481318,-2.7320912,-1.4462054
1356594215970,4.8027477,-3.546997,0.65507823
1356594216010,5.797477,-3.6047294,3.8879256
1356594216050,3.8545437,-2.3790433,1.4334221
1356594216090,1.161108,4.3275466,-2.654337
1356594216131,4.946993,7.3995695,-0.54419416
1356594216170,1.8201752,4.4481606,-1.1855637
1356594216210,0.58449745,-1.952785,0.9701159
1356594216249,-3.7801065,0.41664886,0.8609607
1356594216292,-10.329811,2.5182905,0.261264
1356594216331,-12.540234,2.4589467,0.55690587
1356594216371,-11.131593,0.65966463,0.8984881
1356594216411,-3.8337197,-4.214945,4.9446154
1356594216451,8.193028,-12.020731,8.157809
1356594216491,5.6072884,-6.47003,4.9063134
1356594216531,0.06372166,-3.330324,3.4637737
1356594216571,1.4185696,7.693925,6.7820377
1356594216611,-3.4957252,4.2228136,-4.549921
1356594216651,1.81564,2.966642,-9.510468
1356594216691,3.4942627,-0.92287636,-3.9738688
1356594216731,-0.08243656,3.4669404,-3.232729
1356594216771,0.3326044,1.9899611,-3.843202
1356594216811,-0.6747923,-0.39976454,-3.8196917
1356594216851,-0.81785345,6.494522E-4,-2.6664085
1356594216891,-0.35812664,-0.96909165,-1.2841469
1356594216931,-0.6216402,0.28793192,-1.905322
1356594216970,0.6445894,0.217978,1.8303837
1356594217010,2.7225103,-4.6801195,-1.8779374
1356594217050,3.2306337,-2.5971477,0.55730367
1356594217090,4.7887383,-1.812506,2.1177707
1356594217130,5.562483,-3.9239159,3.5236719
1356594217169,2.1088343,3.2134542,-1.2874442
1356594217210,3.9522114,7.1595984,1.1744865
1356594217249,2.2763205,5.693041,-1.06779
1356594217293,-0.1331892,0.7524705,0.19881678
1356594217331,-2.2202177,-1.5412526,-0.34535336
1356594217371,-7.8078823,0.46546173,-1.2616773
1356594217411,-9.903774,1.7605805,-0.4699193
1356594217451,-10.79724,1.8165021,-0.014340907
1356594217491,-8.682713,-0.7297764,0.2699806
1356594217531,-2.1231966,-5.0189486,6.8534675
1356594217571,9.531895,-11.2622,9.76898
1356594217611,5.4303646,-6.882193,6.715764
1356594217651,0.66705227,-0.9380741,3.005558
1356594217691,1.410286,5.1103325,2.146628
1356594217731,-4.0723753,4.4526453,-1.5282447
1356594217771,0.86043024,5.052049,-8.118106
1356594217828,3.0563703,-1.7822771,-5.1101475
1356594217850,0.38115644,2.5752494,-3.6436198
1356594217890,0.20161724,2.908764,-2.8353434
1356594217928,-0.69077396,0.6602812,-3.1335866
1356594217970,-0.5226784,-0.5043094,-3.2813525
1356594218010,0.3431816,-1.5383732,-1.5739708
1356594218050,-0.42774963,0.30875397,-2.4424672
1356594218090,0.08999252,0.26301193,-1.0430188
1356594218130,1.0851803,-1.7703416,-1.4540112
1356594218170,3.540742,-4.3694053,-1.7616701
1356594218210,2.7531776,0.76411057,1.3856891
1356594218249,5.700245,-2.8074994,3.0652914
1356594218293,3.8209038,-2.3269088,4.4176216
1356594218331,1.3740797,2.7795334,-1.0819081
1356594218371,4.590413,5.666708,1.2730507
1356594218411,2.251545,4.8579073,-0.8575871
1356594218451,-1.0374117,0.5837283,-0.31526756
1356594218491,-3.0460372,-0.82960653,-0.18254852
1356594218531,-7.0170293,0.112689495,-0.38199311
1356594218571,-10.3623495,1.259305,-0.5835159
1356594218611,-11.116349,1.4942131,0.07012129
1356594218651,-8.442835,-0.77505636,1.2928851
1356594218691,0.90181065,-5.1039934,11.100251
1356594218731,9.553336,-10.659031,8.7488165
1356594218771,3.631629,-4.831312,7.3705263
1356594218811,-1.1566777,-2.4097607,2.1312563
1356594218851,2.2991147,3.7147694,-0.15957665
1356594218891,-3.7038653,6.3093214,1.0556415
1356594218931,1.3809705,3.9352493,-8.938027
1356594218971,4.0207644,-1.5479381,-5.4242067
1356594219011,-0.06291342,2.8357108,-4.116464
1356594219051,0.65091705,2.7838767,-3.8017776
1356594219091,0.33292484,-0.24081302,-3.5656035
1356594219131,-0.41437244,-0.5925958,-3.2793415
1356594219171,-0.90111876,-0.34602976,-2.008867
1356594219211,-0.07531071,-0.38730288,-0.73916894
1356594219251,0.35759544,0.23776627,-1.311461
1356594219294,1.7855101,-2.1111588,-0.95454663
1356594219331,2.929142,-0.7823429,-1.3003778
1356594219371,4.268239,-1.1041336,1.4408472
1356594219411,5.430848,-4.931507,2.7619252
1356594219451,2.8536968,-3.4092746,2.8785787
1356594219491,1.459959,3.6283274,-1.6677614
1356594219531,4.1943083,6.8843236,0.7146346
1356594219571,2.3927317,4.8737392,-0.33139235
1356594219611,-0.9045429,1.224761,-0.077890456
1356594219651,-1.4847393,-1.6243441,-0.45261776
1356594219691,-8.318071,1.5553861,-1.3531921
1356594219731,-10.966312,2.1806846,-0.65878505
1356594219771,-12.060315,1.4079232,0.5418502
1356594219811,-9.321337,-1.1776643,2.3284178
1356594219849,2.267231,-7.954916,13.379619
1356594219890,8.092812,-9.72039,5.927317
1356594219930,0.2249546,-3.7182472,5.6725187
1356594219970,2.1395063,7.863596,7.9241996
1356594220010,-1.8656645,0.7897754,-3.9387481
1356594220050,-2.215322,5.9402432,-8.268098
1356594220090,6.399601,-0.31406403,-5.2305145
1356594220130,0.5756974,1.9422116,-3.8529334
1356594220169,0.6646104,2.993287,-4.07036
1356594220210,1.378469,-0.92379737,-3.9001908
1356594220249,0.4717369,-1.8016171,-3.3312345
1356594220296,-0.06288338,-0.8651142,-3.0599198
1356594220331,-0.80510044,-0.65077305,-0.797022
1356594220371,0.06790733,0.17064428,-0.4881094
1356594220411,1.3311329,-3.2946682,0.15516448
1356594220451,2.9026089,-2.3243876,-1.4063311
1356594220491,3.345564,0.027812958,-0.446599
1356594220531,5.704999,-2.1158884,2.1648154
1356594220571,4.8512,-4.014264,3.918374
1356594220611,1.0747366,3.028295,-1.6818682
1356594220651,3.6858454,6.1830335,0.5915946
1356594220691,3.8360605,7.3002367,-0.92963564
1356594220731,-0.7315788,2.134347,0.101599336
1356594220788,-2.5022402,-2.6747541,-0.21677518
1356594220815,-7.307963,-0.15210152,-1.1404226
1356594220860,-10.373375,1.8664393,-1.0791667
1356594220898,-11.131203,2.0605621,0.28206778
1356594220940,-7.3334227,-2.1624956,1.4240408
1356594220980,2.0590553,-7.2935944,10.963959
1356594221020,9.232407,-8.284333,6.1051397
1356594221060,5.578105,-6.3406515,6.1426096
1356594221100,-1.1557751,-3.260231,2.1361804
1356594221140,5.808101,4.1898384,1.187531
1356594221179,-5.425658,5.0132833,3.93745
1356594221220,-0.0156002045,5.275392,-7.2772527
1356594221259,3.4223642,0.7965803,-5.9773345
1356594221303,0.31439018,2.4417996,-4.5122433
1356594221341,-0.018819809,2.8406298,-3.4220226
1356594221381,-0.69401073,0.9980898,-3.2675946
1356594221420,-1.2390304,-0.5694897,-3.4766283
1356594221460,-2.1165724,0.012145996,-2.6087034
1356594221501,-0.22640419,-0.6638179,0.09974158
1356594221541,0.27824688,-0.7736411,-2.7215805
1356594221581,1.5498753,-2.6228783,-0.063040555
1356594221621,3.8334866,-3.0623233,-2.0778751
1356594221661,3.946103,-1.2552004,1.7980115
1356594221701,5.2826643,-3.6049256,3.5077648
1356594221741,2.2602358,-0.6139798,1.4307908
1356594221781,1.9729509,5.7425356,-0.34586275
1356594221820,4.9322634,6.729374,0.8590277
1356594221859,1.6623173,5.3891163,-0.63962877
1356594221899,-0.79169273,-0.5937259,1.015977
1356594221940,-5.536736,0.18738222,0.0037421584
1356594221980,-9.514938,0.8952155,0.061453044
1356594222020,-11.961717,0.8043375,-0.45287222
1356594222060,-11.577559,-0.17928362,0.6791905
1356594222100,-5.4359994,-4.0409403,4.41377
1356594222140,6.5673313,-9.237307,11.356844
1356594222179,7.674836,-7.4356194,7.5997086
1356594222220,1.9729261,-4.3307576,6.755809
1356594222259,2.788271,0.76976013,6.957692
1356594222301,-0.5812216,2.3739948,-2.1412423
1356594222341,-5.7379036,5.0415325,-5.2857924
1356594222381,7.106997,0.58563447,-5.6432204
1356594222421,0.5840869,2.3275738,-5.052438
1356594222461,0.20042896,3.837855,-5.1451163
1356594222500,1.4118862,1.5107536,-4.921667
1356594222540,-0.60637283,-0.07907748,-4.1801157
1356594222579,-1.1842642,0.8460531,-3.4249535
1356594222620,-0.8609381,0.090013504,-2.6795838
1356594222659,-0.13850021,-0.30678654,-1.4348102
1356594222700,0.866539,1.0429287,-2.118503
1356594222739,2.294219,-2.7809565,0.26296735
1356594222780,4.106575,-3.7703254,-1.6602618
1356594222819,4.1983957,-2.4819145,1.8325343
1356594222860,4.15397,-4.0417013,3.7200685
1356594222899,2.602394,0.7734971,-0.970435
1356594222940,3.6206675,8.656609,0.5318106
1356594222980,3.2986107,6.3015194,0.20737624
1356594223020,0.77645683,1.6052327,-0.21298254
1356594223060,-2.018571,-1.1118467,0.058870137
1356594223100,-7.584378,0.49733067,-0.29750395
1356594223140,-11.584997,1.7249084,0.18985075
1356594223180,-11.816598,2.2077289,0.3783279
1356594223220,-8.267279,-1.2607255,0.36746126
1356594223259,-1.7869196,-5.454374,5.0417676
1356594223303,9.254934,-12.315692,10.005522
1356594223341,6.76188,-5.427679,7.3191075
1356594223381,-1.0331721,-1.7712343,4.594504
1356594223421,2.565094,1.8885384,0.56436074
1356594223461,-1.2904105,4.599042,0.8784143
1356594223501,-0.6321087,4.436452,-6.9894447
1356594223541,3.3263407,1.1660962,-5.633305
1356594223581,0.32424068,2.253031,-4.79373
1356594223620,-0.09208298,3.8138425,-4.4207807
1356594223659,-0.2332964,0.70383906,-4.170319
1356594223700,-0.67507935,-0.22137856,-3.489839
1356594223758,-1.0284266,0.26696682,-2.0992799
1356594223780,-0.4535799,-0.41840172,-0.54882324
1356594223820,-0.04050827,0.58712435,-2.882622
1356594223858,1.1126938,-1.2666781,0.44225216
1356594223900,3.6145096,-4.4373465,-2.4182785
1356594223940,3.7582903,-0.60871077,1.0336663
1356594223980,5.391736,-3.527186,3.2087348
1356594224020,3.0664778,-2.6484425,3.4064252
1356594224060,1.613883,5.667433,0.11284757
1356594224100,5.4759417,8.400489,1.3549138
1356594224140,2.5530949,4.6123753,-1.0675182
1356594224180,0.24009323,-1.4882777,-0.06771517
1356594224220,-4.372548,0.25448513,-0.3509121
1356594224259,-10.396339,1.6106033,-0.78984946
1356594224301,-11.436388,0.7876153,-0.73826814
1356594224341,-11.710816,0.5469799,-0.37046093
1356594224381,-8.902365,-1.9622467,1.1062168
1356594224421,4.031786,-8.596443,12.240287
1356594224461,7.8614607,-8.98733,8.278229
1356594224501,-0.37049675,-2.7213302,6.3459406
1356594224541,0.762239,-1.0332255,0.53783834
1356594224581,2.731175,6.425591,1.9193218
1356594224621,-3.3511891,4.183675,-7.533425
1356594224661,5.293508,1.0497122,-6.9170914
1356594224701,2.006308,0.65259194,-4.590518
1356594224741,-0.3395028,4.9193535,-4.140822
1356594224780,0.81019115,2.4339,-4.128639
1356594224820,0.08602142,-0.37716746,-3.0450172
1356594224859,0.019136429,-0.6355343,-2.8413668
1356594224899,1.1579494,-2.9991786,-0.43759614
1356594224940,0.8838644,-1.3931131,-2.6766086
1356594224979,1.2334156,-0.648221,1.412493
1356594225020,0.49020767,-2.9505045,-1.7393659
1356594225060,2.9738388,-2.673242,0.6705364
1356594225100,5.1872797,-0.79811716,2.5623941
1356594225139,6.0233545,-5.4890223,4.250272
1356594225179,2.122779,-0.2950306,-1.4482212
1356594225220,4.5373964,8.32414,1.634898
1356594225259,3.4414663,6.45567,-0.060541034
1356594225303,0.78532696,2.9544725,0.22237414
1356594225341,-1.4502411,-1.0554438,0.4777977
1356594225381,-6.9685287,0.92728853,-0.5764116
1356594225421,-11.29482,1.1698933,-0.2727496
1356594225461,-11.897334,1.202414,0.38267347
1356594225501,-9.779951,-0.33296537,2.19812
1356594225541,0.28946114,-7.199936,7.285322
1356594225581,7.8933506,-9.500414,8.167571
1356594225621,3.2710972,-4.7453656,7.0847545
1356594225661,0.3938532,-1.926799,5.7102747
1356594225701,-0.015461445,7.4544983,1.3878746
1356594225741,-4.203949,2.471487,-5.937253
1356594225781,4.9655404,0.70233583,-6.9268565
1356594225821,3.2084527,0.15336013,-3.6189446
1356594225860,-1.4048562,4.126564,-3.6553168
1356594225899,0.9998169,1.7420592,-4.2830276
1356594225940,0.22400093,-0.58204246,-3.4545066
1356594225980,-0.6457119,0.67623806,-3.2210617
1356594226020,-0.431489,-0.5285442,-1.5524999
1356594226059,-0.06633186,-0.103550434,-0.96718
1356594226100,0.6213064,0.1784277,-0.80974907
1356594226140,2.6199512,-2.9093127,-0.82294685
1356594226179,4.7506247,-4.25613,0.4513374
1356594226219,6.1867256,-3.3111129,3.3498805
1356594226259,4.297573,-2.6402466,1.6384046
1356594226302,1.7712498,3.1094894,-2.269382
1356594226341,4.3750563,7.5289145,1.809779
1356594226381,1.7661371,6.6243706,-0.049070477
1356594226420,-0.84913254,1.5813844,-0.6666226
1356594226460,-3.32724,-1.0760334,-1.0749493
1356594226500,-9.360986,1.1758609,-1.5085739
1356594226540,-11.296719,1.661972,-0.5889193
1356594226580,-11.474479,0.6223984,0.47541904
1356594226620,-7.6297703,-2.909846,2.554587
1356594226660,3.1629248,-8.907958,9.407617
1356594226718,8.563657,-7.4766135,6.5667553
1356594226740,2.5137262,-4.7078357,6.0830793
1356594226780,0.11964846,0.1914916,4.791696
1356594226818,1.5010133,7.3854756,3.2952528
1356594226860,-5.095819,3.4682126,-5.2182865
1356594226900,6.016652,-0.122629166,-7.932258
1356594226939,3.4583015,0.10992074,-3.444497
1356594226980,-2.0644522,4.7388735,-3.031528
1356594227020,0.32976437,2.686256,-3.759778
1356594227060,0.3742504,-0.547914,-3.7317548
1356594227100,-0.0041923523,-0.63814044,-2.8329234
1356594227140,-0.112882614,-1.3528061,-2.339018
1356594227179,0.29991627,-1.7077906,-0.93717194
1356594227219,-0.6755047,0.0762372,-1.056669
1356594227259,0.41451073,-0.8468361,-0.89773005
1356594227301,3.0461874,-2.7603116,0.1942997
1356594227341,3.1750488,-0.3796563,1.4243245
1356594227381,5.9803305,-3.7691436,2.6199734
1356594227421,3.300787,-3.968829,2.858107
1356594227461,2.0712624,3.4503431,-1.4895694
1356594227501,3.9782887,7.394701,1.0494
1356594227541,2.1458378,6.002074,-1.5119516
1356594227581,0.4033804,0.07067609,-0.98036146
1356594227621,-3.5274057,-1.0095046,-0.55533844
1356594227661,-9.075672,1.355638,-1.4628623
1356594227701,-11.138536,1.8411865,-0.5506462
1356594227741,-11.505822,1.1996603,0.25253686
1356594227781,-8.925552,-1.1204529,1.5491538
1356594227821,0.6139326,-5.5509768,9.671544
1356594227862,9.610556,-10.07766,8.328237
1356594227901,2.7071047,-4.5452166,5.926038
1356594227941,-4.51377,-3.7027617,2.8326209
1356594227981,5.918661,3.950572,1.7786403
1356594228021,-1.6504493,5.5673504,2.0875032
1356594228061,-3.2440765,5.2912245,-8.57841
1356594228101,6.8522787,-0.13409114,-6.1155176
1356594228141,0.4477358,2.2119138,-4.081629
1356594228181,-0.60525227,4.4833508,-4.078945
1356594228221,1.1103249,0.9332466,-4.1659927
1356594228261,0.68658066,-1.5567796,-3.4159513
1356594228301,0.083506584,-0.6338301,-2.8998256
1356594228341,0.52528954,-1.8405869,-0.62549114
1356594228381,0.5184374,-0.4401827,-1.7757497
1356594228421,0.88102245,-0.6670704,0.17309126
1356594228461,2.7543526,-3.3855913,-0.893805
1356594228501,3.0381937,-1.0200858,0.6368394
1356594228541,5.013438,-2.9010425,1.7905087
1356594228581,4.806611,-3.6864376,4.3655524
1356594228621,0.8667345,2.4600892,-0.6453663
1356594228661,2.6157656,6.9406486,1.9139268
1356594228701,2.9093542,6.8685036,-1.0428433
1356594228741,0.6965265,1.9933906,-0.22870743
1356594228781,-2.5105467,-0.95926285,-0.0139583945
1356594228821,-8.444507,1.2424202,-0.8553092
1356594228860,-10.668473,1.4493637,-0.3381272
1356594228899,-11.204066,0.53345585,0.28355786
1356594228939,-8.437187,-1.6890695,0.6440914
1356594228980,0.29605103,-6.0830336,8.572321
1356594229020,9.5633335,-11.794653,8.347409
1356594229060,2.0160398,-4.241294,5.866116
1356594229100,-2.6946836,-1.450357,4.3400292
1356594229140,3.840032,3.6383343,3.1122417
1356594229180,0.7116103,5.3851643,-0.73890054
1356594229219,-4.0729375,5.6438427,-7.821581
1356594229259,6.5246143,-1.5781118,-6.502295
1356594229301,1.0262699,1.7461832,-3.9388742
1356594229341,-1.4113827,4.341817,-3.4691696
1356594229381,0.4479189,1.4486864,-3.2969942
1356594229421,0.63846016,-1.3189292,-3.1269422
1356594229461,0.32073784,-1.1725156,-2.3936582
1356594229501,-0.24826717,-1.086335,-2.0153866
1356594229541,0.4987793,-0.9057312,-0.75392556
1356594229581,-0.16404438,-0.91746426,0.038746715
1356594229621,2.1192188,-3.2913845,-0.8287636
1356594229679,2.0854855,-1.65851,-0.37007725
1356594229700,3.7011538,-2.0793684,0.51512617
1356594229740,6.281069,-2.2463043,4.2437687
1356594229778,2.4670105,0.15506172,3.3644707
1356594229820,1.1850834,3.6243663,-0.77808404
1356594229860,3.4868984,7.6754665,0.02476871
1356594229900,1.5064316,5.387843,-0.3813836
1356594229939,-0.7065172,-1.1658688,0.20207447
1356594229980,-4.6148705,-0.28556228,0.08466402
1356594230020,-9.651421,0.9489088,-0.42691502
1356594230060,-10.516132,0.34113407,-0.15782207
1356594230100,-10.198377,-0.61246824,-0.055348903
1356594230140,-5.5350475,-2.9359012,2.493581
1356594230180,6.4922085,-9.27588,10.276379
1356594230219,7.47563,-8.435473,8.900623
1356594230259,0.33726978,-2.0286856,5.646066
1356594230302,2.3213558,-0.12818718,5.2723894
1356594230342,3.9729114,1.963347,-0.5604836
1356594230381,-8.812766,9.1042385,-3.111103
1356594230421,6.4414124,1.7007995,-8.965691
1356594230461,2.828998,-0.9872091,-5.6214314
1356594230501,-1.2733912,3.9753222,-4.0957775
1356594230541,-0.36034012,3.3566413,-3.9010487
1356594230581,-0.19122124,0.10312486,-3.3391192
1356594230621,-0.44631958,-0.07099819,-3.2651653
1356594230661,-0.49442387,-0.346107,-2.6181552
1356594230701,-0.59237385,-0.530128,-0.33894515
1356594230742,-0.006761551,0.0044116974,-2.4263206
1356594230781,1.1005955,-0.8839388,0.3929948
1356594230820,2.8266535,-3.4881415,-0.9842928
1356594230859,3.788334,-3.1364706,0.33743757
1356594230899,5.266531,-3.635322,2.223187
1356594230939,3.681614,-2.6845531,3.6402493
1356594230979,1.125144,5.0540767,-1.36849
1356594231020,3.9403305,7.791024,2.203084
1356594231060,2.563221,5.281003,-1.092311
1356594231100,0.089821815,-0.6020744,-0.05101347
1356594231140,-3.2963877,-0.9651017,-0.4944781
1356594231180,-8.895737,1.5661082,-0.7466228
1356594231219,-10.740021,1.4420509,-0.315639
1356594231259,-11.223853,0.7997918,-0.030963361
1356594231302,-8.443682,-1.1420641,1.4316373
1356594231341,0.4973154,-4.6904473,8.942038
1356594231381,9.693932,-10.466484,10.060616
1356594231421,2.36092,-3.2722194,6.017297
1356594231461,3.0751243,1.0995445,8.927706
1356594231501,-0.595387,1.7460065,-4.1453805
1356594231541,-3.7123625,5.2311573,-4.520864
1356594231582,6.072499,0.36448336,-6.8000383
1356594231621,1.3075557,0.6050894,-4.276798
1356594231661,-1.2563486,4.394143,-3.5662527
1356594231701,0.6577158,1.8702068,-3.5911174
1356594231741,0.71045876,-1.2258239,-4.110422
1356594231781,0.6740446,-1.891782,-3.9447365
1356594231821,-0.2522745,-1.3704133,-1.7737205
1356594231862,-1.0992517,0.33319807,-1.3360099
1356594231901,-0.18119907,0.7124672,0.24196333
1356594231941,1.3215904,-1.2096353,-0.4781504
1356594231981,3.2270346,-2.122957,-0.49169266
1356594232021,4.194379,-1.2218122,1.0401493
1356594232061,6.4119663,-4.529611,2.8261478
1356594232101,2.8576698,-2.4025166,2.3480685
1356594232141,2.0442934,5.677644,-0.70732296
1356594232181,4.431546,7.055134,1.0093577
1356594232221,1.867856,4.1326485,-0.47752804
1356594232261,-0.83786774,-0.7490988,-0.09999704
1356594232302,-4.994608,-0.57188344,-0.6051048
1356594232341,-9.266351,1.0183234,-1.1811504
1356594232381,-10.660884,1.436265,-0.23843578
1356594232421,-11.067591,0.5694308,0.15183221
1356594232461,-7.152515,-1.8247011,2.586671
1356594232501,4.1046696,-8.346303,10.910229
1356594232541,8.011226,-8.124725,8.147271
1356594232581,0.39214897,-2.0435593,6.43572
1356594232638,4.593032,5.3452644,5.73548
1356594232660,-5.7457895,3.2775965,-3.5937958
1356594232700,-0.17024994,5.2710485,-8.6895685
1356594232738,6.7649665,-2.420858,-5.2788515
1356594232780,-0.51636124,2.1214356,-3.7246048
1356594232820,-0.57942486,4.4816475,-3.493357
1356594232860,1.067174,-0.20407963,-4.075401
1356594232900,0.9106245,-2.073895,-4.17019
1356594232940,0.59435844,-1.5617967,-2.4054966
1356594232980,-0.085196495,-1.424813,-0.58676165
1356594233020,-0.34743118,0.1915884,-3.46394
1356594233060,0.097307205,0.1315465,1.1790954
1356594233100,2.559739,-4.195375,-1.1342679
1356594233140,3.3021994,-2.3008046,0.02819097
1356594233180,5.1783123,-2.3044841,1.687902
1356594233219,4.79403,-3.9009023,4.320552
1356594233259,1.3627672,1.9311824,0.49661618
1356594233302,2.8226805,6.6137924,1.155694
1356594233341,2.8669586,6.9566994,0.090189815
1356594233381,0.4840479,2.3970387,-0.6637299
1356594233421,-1.5049162,-1.5463767,-0.2337752
1356594233461,-6.7051797,0.388134,-1.0308064
1356594233501,-9.89822,1.0517068,-0.8773285
1356594233540,-11.065161,1.3794703,-0.2814815
1356594233580,-9.796322,-0.19824648,0.014960557
1356594233620,-4.1305914,-2.8427143,4.9870396
1356594233659,8.338446,-10.530939,11.492211
1356594233700,5.7056265,-5.2267547,6.6692095
1356594233740,-1.8442516,-2.7482808,3.923234
1356594233780,-2.408471,0.020010471,3.4832337
1356594233820,7.7806783,3.876892,1.5138823
1356594233859,-5.796214,6.1711273,-1.5269405
1356594233900,2.215073,3.1403956,-9.413389
1356594233939,6.016753,-1.7944936,-5.5014668
1356594233979,-1.2923336,3.6087818,-3.8347476
1356594234020,0.25092602,3.7424715,-4.4489374
1356594234060,0.71453667,-0.31672812,-4.13911
1356594234100,0.25689507,-1.1855445,-3.5159054
1356594234140,0.4686308,-1.611073,-2.1488729
1356594234180,-0.3413477,-0.8708968,-1.1716559
1356594234219,0.051965714,0.15363789,-2.6284838
1356594234259,0.24888706,-0.49059105,1.570185
1356594234300,2.75593,-4.9756804,-0.97165275
1356594234340,2.8251495,-1.747421,0.41677433
1356594234380,4.319847,-2.5050669,2.1219738
1356594234419,3.8943205,-3.3217783,3.914785
1356594234460,1.1548328,3.4533167,-0.5670433
1356594234500,3.467721,7.9462953,2.0111237
1356594234540,2.628107,6.810191,-0.7047044
1356594234580,0.09925938,1.5569894,-0.082321644
1356594234620,-2.2269087,-1.4645739,-0.18244034
1356594234659,-7.4698205,0.41793013,-0.8377853
1356594234700,-9.737799,1.5482578,-0.110643566
1356594234740,-9.948992,1.8047705,-0.1779244
1356594234779,-8.178062,-1.025218,-0.24643302
1356594234840,-3.8948603,-3.919943,3.8477335
1356594234879,9.940044,-10.43581,7.0371566
1356594234919,2.5223885,-4.4239335,7.1820903
1356594234960,4.1350026,6.6512337,6.102452
1356594234999,-1.6596689,2.8189955,-2.242189
1356594235040,-2.7884927,4.2092195,-5.9446673
1356594235080,6.961252,-0.5588615,-6.4677
1356594235120,1.9056911,0.5778141,-3.0053153
1356594235160,-0.8073807,4.9392214,-2.382926
1356594235199,1.5105214,1.5816474,-2.764544
