1356594019599,8.430995,5.8976107,-1.0760075
1356594019747,8.349273,5.6252036,-0.5720546
1356594019787,8.240311,5.938472,-1.2258313
1356594019827,8.281172,5.8976107,-1.0760075
1356594019867,8.19945,5.829509,-0.88532263
1356594019908,8.117727,5.938472,-0.84446156
1356594019947,8.308413,5.706926,-0.7627395
1356594019987,8.430995,5.7886477,-0.88532263
1356594020027,8.349273,5.829509,-0.5720546
1356594020067,8.390134,5.597963,-1.4982382
1356594020107,7.9679036,5.5162406,-1.3075534
1356594020147,8.076866,5.8567495,-1.1168685
1356594020187,8.076866,6.510526,-1.334794
1356594020227,8.049625,6.1291566,-0.5720546
1356594020267,8.008764,6.0882955,-0.6537767
1356594020307,8.076866,6.238119,-1.56634
1356594020347,8.117727,6.0474343,-1.525479
1356594020387,8.049625,6.0474343,-1.9477097
1356594020427,8.281172,5.7477865,-0.9942854
1356594020467,8.19945,5.829509,-0.9125633
1356594020507,8.049625,6.1291566,-0.7627395
1356594020547,8.049625,6.2789803,-1.4982382
1356594020587,8.158588,6.1700177,-1.4982382
1356594020638,8.158588,6.1291566,-1.4982382
1356594020667,8.19945,6.0474343,-1.525479
1356594020707,8.240311,6.0474343,-1.1168685
1356594020747,8.308413,5.8976107,-1.4982382
1356594020777,8.308413,6.0882955,-1.3756552
1356594020822,8.430995,6.1700177,-1.2666923
1356594020857,8.539958,6.0474343,-1.1849703
1356594020897,8.730643,6.0201936,-0.6946377
1356594020937,9.507003,5.2165933,-0.10896278
1356594020977,8.580819,5.325556,0.27240697
1356594021017,7.8861814,5.597963,-0.9125633
1356594021057,8.008764,5.284695,-1.1441092
1356594021097,8.471856,5.5571017,-0.5720546
1356594021137,8.281172,5.9793324,-0.5720546
1356594021177,8.158588,5.8976107,-0.8036005
1356594021217,8.771504,4.8216033,-1.6480621
1356594021257,8.430995,5.47538,-1.4573772
1356594021297,8.471856,6.510526,-1.7570249
1356594021337,8.008764,5.7477865,-0.8036005
1356594021377,8.539958,5.243834,-1.56634
1356594021417,8.894087,4.630918,-1.7978859
1356594021457,8.158588,4.7943625,-1.6889231
1356594021497,8.049625,5.175732,-1.4165162
1356594021537,8.471856,5.284695,-1.3075534
1356594021577,8.812365,6.1291566,-1.2666923
1356594021638,11.304889,4.4810944,0.14982383
1356594021657,12.912089,3.8273177,1.0351465
1356594021697,14.206022,2.9556155,0.6537767
1356594021737,14.206022,3.255263,1.1168685
1356594021767,9.507003,5.597963,1.2258313
1356594021807,9.656827,6.932757,-2.5333846
1356594021837,11.795221,9.534244,-1.4573772
1356594021867,11.182305,8.539958,-0.42223078
1356594021907,10.228881,5.829509,-0.95342433
1356594021937,9.425281,4.0180025,-1.3075534
1356594021967,7.8589406,5.053149,-0.27240697
1356594021997,5.175732,5.325556,-0.23154591
1356594022027,3.336985,5.012288,-0.08172209
1356594022057,1.6480621,5.366417,0.38136974
1356594022097,1.7297841,4.9850473,1.4573772
1356594022127,5.829509,2.2201166,3.5957718
1356594022167,11.141444,-0.50395286,5.5162406
1356594022197,14.818938,-1.607201,7.3958488
1356594022227,13.443283,-0.61291564,6.742072
1356594022257,10.378705,0.14982383,6.2108784
1356594022287,7.6273947,4.2086873,6.0201936
1356594022328,9.997335,12.489859,4.5219555
1356594022368,1.3756552,8.853226,-0.9125633
1356594022407,8.853226,7.3958488,-5.012288
1356594022448,12.598822,6.0474343,-3.0237172
1356594022487,7.5456724,6.469665,-1.2666923
1356594022527,8.894087,6.1291566,-1.525479
1356594022567,8.349273,4.372132,-0.42223078
1356594022639,7.082581,5.134871,-0.3405087
1356594022650,7.082581,5.5571017,-1.4573772
1356594022687,8.430995,5.47538,0.313268
1356594022727,9.847511,5.2165933,-1.6480621
1356594022767,10.923519,3.5957718,0.5720546
1356594022807,13.293459,3.173541,-0.88532263
1356594022847,13.906375,3.1463003,1.0760075
1356594022887,14.2877445,1.7297841,1.3756552
1356594022927,9.615966,8.008764,-1.3075534
1356594022967,12.108489,10.691973,-1.7297841
1356594023007,13.988097,11.454713,-1.6480621
1356594023047,11.917805,7.504812,-1.7978859
1356594023087,9.615966,3.255263,-0.46309182
1356594023127,3.0645783,4.7943625,-1.2258313
1356594023167,0.08172209,5.938472,-1.879608
1356594023207,-0.6946377,6.2789803,-0.27240697
1356594023247,0.3405087,5.012288,0.9942854
1356594023287,9.534244,0.92618364,7.0553403
1356594023328,19.504337,-3.1463003,11.536434
1356594023367,13.525005,2.9556155,6.1291566
1356594023407,8.430995,6.1700177,4.1814466
1356594023447,3.445948,11.495573,2.6014864
1356594023487,5.325556,10.18802,-5.053149
1356594023527,12.299174,5.012288,-4.2495484
1356594023567,8.894087,5.7886477,-2.0294318
1356594023637,8.894087,7.5865335,-1.334794
1356594023657,8.008764,4.6036777,-1.1168685
1356594023698,6.0474343,5.938472,-1.334794
1356594023737,6.701211,5.7477865,-0.6946377
1356594023778,8.962189,4.7943625,1.0760075
1356594023817,10.038197,3.9090397,-1.6480621
1356594023857,12.299174,2.070293,-1.920469
1356594023898,12.830367,4.0180025,-0.84446156
1356594023938,13.375181,4.5628166,0.313268
1356594023977,13.633968,3.9499009,3.6774938
1356594024017,8.853226,8.19945,-0.9942854
1356594024057,12.980191,9.697687,-1.3756552
1356594024097,13.715691,9.956474,-1.7297841
1356594024137,11.34575,7.9270425,-1.6889231
1356594024177,9.234595,5.706926,-1.4982382
1356594024217,3.8273177,5.597963,-1.3075534
1356594024257,0.3405087,5.829509,-1.1849703
1356594024297,-0.3405087,6.3198414,-0.7627395
1356594024337,1.1849703,4.2086873,0.92618364
1356594024377,8.499097,0.6946377,7.164303
1356594024417,19.19107,-3.0237172,10.310603
1356594024457,12.571581,2.7240696,4.2086873
1356594024497,6.469665,4.8216033,4.440233
1356594024537,10.800936,12.871228,5.09401
1356594024577,1.3756552,9.507003,-1.9885708
1356594024640,10.147159,7.9270425,-6.891896
1356594024657,11.958665,3.8681788,-3.255263
1356594024697,6.701211,7.5865335,-1.4573772
1356594024737,8.390134,6.5513873,-1.1849703
1356594024778,7.3141265,4.2904096,-1.2258313
1356594024818,7.082581,5.243834,-1.56634
1356594024858,7.9679036,4.5628166,-0.6946377
1356594024897,9.152874,4.944186,-0.23154591
1356594024937,10.528529,4.903325,-0.6537767
1356594024977,12.367276,3.1463003,-2.0294318
1356594025017,13.293459,3.3778462,0.38136974
1356594025057,14.9006605,1.9477097,1.334794
1356594025097,11.304889,5.5571017,0.95342433
1356594025137,10.56939,10.528529,-2.6423476
1356594025177,14.560152,10.501288,0.6537767
1356594025217,12.067628,10.228881,-2.5333846
1356594025257,9.152874,5.7886477,-1.334794
1356594025297,5.5571017,3.8273177,-1.4165162
1356594025338,1.2258313,6.2108784,-1.334794
1356594025377,-0.61291564,6.469665,-0.6537767
1356594025418,0.23154591,4.7126403,1.334794
1356594025457,11.182305,-1.0351465,7.9270425
1356594025497,18.087822,-2.0294318,8.308413
1356594025537,10.760075,3.9499009,5.366417
1356594025577,8.158588,7.43671,8.730643
1356594025641,8.662541,10.732834,0.7627395
1356594025657,1.2666923,8.962189,-4.399372
1356594025698,11.727119,7.164303,-4.7535014
1356594025738,11.032481,5.597963,-1.7978859
1356594025778,7.8589406,6.742072,-1.6480621
1356594025817,8.471856,4.9850473,-0.8036005
1356594025858,6.66035,5.175732,-1.0760075
1356594025897,6.3198414,5.8567495,-0.9942854
1356594025937,8.308413,5.407278,2.152015
1356594025977,9.997335,4.862464,-2.0294318
1356594026017,11.604536,4.099725,0.84446156
1356594026057,14.859799,1.6889231,0.08172209
1356594026097,15.091345,2.0294318,1.879608
1356594026137,13.375181,2.7649305,0.8036005
1356594026177,10.269742,11.454713,-4.2495484
1356594026217,14.560152,12.108489,0.61291564
1356594026257,12.571581,11.223166,-3.173541
1356594026297,9.888372,6.238119,-1.4165162
1356594026337,4.5219555,4.6036777,-0.7218784
1356594026377,0.23154591,5.9793324,-1.4982382
1356594026417,-0.95342433,5.9793324,-0.08172209
1356594026457,-0.23154591,5.175732,1.1441092
1356594026497,9.466142,0.313268,6.238119
1356594026537,17.965239,-2.7240696,9.466142
1356594026577,13.824653,3.1463003,6.1291566
1356594026642,9.956474,4.440233,8.117727
1356594026657,6.4424243,13.375181,3.759216
1356594026697,3.0237172,8.349273,-3.486809
1356594026737,9.575105,7.6954966,-6.0474343
1356594026778,13.143636,3.9090397,-2.7240696
1356594026817,6.973618,6.3607025,-1.4573772
1356594026857,8.158588,6.4424243,-0.6537767
1356594026897,6.891896,4.5219555,-0.6946377
1356594026937,6.1291566,6.1291566,-0.46309182
1356594026977,8.049625,6.0474343,0.88532263
1356594027017,10.147159,4.5219555,-1.0760075
1356594027057,12.408136,2.9556155,1.2258313
1356594027097,13.375181,4.4810944,-1.4982382
1356594027137,13.865514,2.4925237,1.1168685
1356594027177,13.021052,3.3778462,2.3699405
1356594027217,9.466142,10.269742,-1.920469
1356594027257,12.340035,11.75436,-0.5720546
1356594027297,13.021052,10.460427,-0.46309182
1356594027337,9.425281,6.510526,-1.4573772
1356594027377,6.4424243,2.9556155,-1.3756552
1356594027417,2.4925237,5.6252036,-0.9125633
1356594027457,0.14982383,5.9793324,-0.53119355
1356594027497,-0.19068487,5.053149,-0.23154591
1356594027537,5.829509,2.5333846,4.140586
1356594027577,18.619015,-3.6774938,10.61025
1356594027643,14.818938,3.405087,7.3549876
1356594027658,7.4639506,8.008764,5.8976107
1356594027697,8.853226,10.95076,3.445948
1356594027737,1.4573772,7.8589406,-3.8273177
1356594027777,10.378705,6.891896,-6.238119
1356594027817,12.489859,4.7126403,-3.336985
1356594027857,6.932757,8.049625,-1.6480621
1356594027897,7.5865335,6.66035,-0.9942854
1356594027938,6.4015636,5.366417,-1.334794
1356594027978,6.1700177,5.407278,-2.6014864
1356594028017,7.273266,5.829509,0.5720546
1356594028057,9.697687,4.2086873,-0.53119355
1356594028097,13.375181,1.4982382,-0.84446156
1356594028137,12.489859,5.706926,-1.920469
1356594028177,14.859799,2.7921712,-0.38136974
1356594028217,15.173067,2.5606253,0.8036005
1356594028257,10.923519,5.8976107,0.6537767
1356594028298,9.697687,12.762266,-0.95342433
1356594028337,13.293459,11.223166,-0.0
1356594028378,10.991621,9.343558,-2.9556155
1356594028417,9.425281,3.8273177,-1.56634
1356594028457,3.445948,4.2495484,-1.2666923
1356594028497,0.27240697,6.510526,-1.334794
1356594028537,-1.0351465,6.891896,-0.10896278
1356594028577,1.4165162,4.7943625,1.334794
1356594028644,11.876944,-1.6889231,7.9270425
1356594028657,19.109348,-3.255263,8.349273
1356594028698,11.876944,4.7535014,6.3198414
1356594028737,11.304889,10.56939,7.8589406
1356594028777,1.1849703,10.419566,-2.7240696
1356594028817,6.2789803,9.915613,-6.66035
1356594028858,12.598822,5.434519,-3.0645783
1356594028897,7.6954966,6.4424243,-1.3756552
1356594028937,7.504812,6.5513873,-0.8036005
1356594028977,7.5865335,3.9499009,-0.5720546
1356594029018,6.3607025,4.862464,-1.2666923
1356594029057,7.6273947,6.1291566,1.1849703
1356594029097,9.043911,5.134871,-1.56634
1356594029137,11.304889,4.671779,1.1441092
1356594029177,13.252599,3.5276701,-2.5606253
1356594029217,14.560152,2.2201166,-0.38136974
1356594029257,14.1787815,2.3018389,1.7297841
1356594029297,10.61025,7.43671,-0.7627395
1356594029337,11.223166,13.633968,-0.9942854
1356594029377,12.762266,11.563675,-0.46309182
1356594029417,10.378705,7.8180795,-2.5606253
1356594029457,8.008764,4.2495484,-0.9942854
1356594029497,3.5276701,5.09401,-1.1168685
1356594029537,-1.1168685,6.0474343,-1.1849703
1356594029577,-0.84446156,6.0474343,-0.95342433
1356594029645,2.6832085,5.2165933,1.2258313
1356594029657,13.0619135,-0.50395286,8.539958
1356594029698,19.272793,-2.9147544,7.9270425
1356594029738,9.384419,3.7864566,5.2165933
1356594029777,10.079058,11.604536,6.3198414
1356594029817,5.706926,9.00305,-2.6423476
1356594029858,4.440233,10.269742,-7.7363577
1356594029897,11.917805,5.8976107,-2.7513103
1356594029937,7.668256,6.6331096,-1.6480621
1356594029977,7.8861814,6.469665,-1.920469
1356594030017,7.205164,4.630918,-1.7297841
1356594030057,4.671779,7.3958488,0.61291564
1356594030097,7.5456724,5.9793324,1.2258313
1356594030137,9.425281,4.372132,-2.7921712
1356594030177,11.563675,3.718355,1.0351465
1356594030217,13.33432,3.255263,-1.4982382
1356594030257,14.2877445,3.214402,1.5390993
1356594030297,14.1787815,3.8273177,2.7649305
1356594030337,12.14935,6.1700177,-2.4516625
1356594030377,11.454713,13.211738,-2.4108016
1356594030417,11.958665,13.0619135,0.23154591
1356594030457,8.771504,8.580819,-2.1383946
1356594030497,8.076866,3.2961242,-0.53119355
1356594030537,1.920469,4.2495484,-0.29964766
1356594030577,-0.95342433,4.7535014,-1.1441092
1356594030647,-0.040861044,6.0474343,-0.53119355
1356594030658,3.990762,3.990762,1.5390993
1356594030698,16.43976,-2.3426998,9.275456
1356594030737,17.311462,0.50395286,5.8567495
1356594030777,6.2108784,6.1700177,0.61291564
1356594030818,13.143636,13.797412,6.5922484
1356594030858,0.50395286,8.117727,-4.862464
1356594030897,7.014479,9.043911,-6.891896
1356594030937,11.413852,3.0645783,-2.4108016
1356594030978,8.19945,6.66035,-1.0351465
1356594031017,5.597963,7.7363577,-1.1168685
1356594031057,6.6331096,5.2165933,-2.2201166
1356594031097,7.5456724,4.944186,-0.10896278
1356594031137,8.281172,5.012288,0.50395286
1356594031177,9.888372,5.597963,-1.7570249
1356594031217,11.917805,3.255263,-1.3075534
1356594031258,13.484144,3.445948,0.27240697
1356594031297,14.056199,4.140586,2.3018389
1356594031338,13.211738,5.2165933,1.2258313
1356594031377,12.14935,8.689782,-4.5900574
1356594031417,13.402422,11.645397,-1.1849703
1356594031457,9.915613,10.038197,-1.1168685
1356594031497,5.706926,7.6954966,-0.29964766
1356594031537,4.7943625,3.2961242,-0.46309182
1356594031577,2.4516625,4.2086873,-1.334794
1356594031647,0.10896278,6.3607025,-0.29964766
1356594031658,2.3699405,5.325556,0.46309182
1356594031698,11.141444,-0.3405087,4.0180025
1356594031738,18.918663,-3.405087,6.932757
1356594031777,11.75436,3.7864566,6.0882955
1356594031818,7.014479,6.891896,3.0645783
1356594031858,9.343558,12.9529505,3.486809
1356594031897,2.2201166,8.812365,-5.175732
1356594031937,12.176591,5.6660647,-4.372132
1356594031977,10.378705,4.140586,-1.6889231
1356594032017,6.4424243,6.973618,-0.8036005
1356594032057,6.4424243,6.851035,-1.0351465
1356594032097,7.1234417,4.671779,-1.607201
1356594032137,7.8589406,4.6036777,-1.920469
1356594032177,8.240311,4.7126403,0.84446156
1356594032217,8.471856,5.9793324,-2.2201166
1356594032257,10.991621,5.597963,-0.7627395
1356594032297,12.639683,4.1814466,-2.4108016
1356594032337,13.375181,4.372132,-0.95342433
1356594032377,14.7916975,1.9885708,0.3405087
1356594032417,11.495573,4.5628166,-0.46309182
1356594032457,9.847511,12.026767,-2.6832085
1356594032497,12.9529505,11.413852,-0.7627395
1356594032537,11.223166,10.61025,-3.7864566
1356594032577,8.921328,4.2904096,-1.7570249
1356594032648,4.7943625,4.2086873,-1.0760075
1356594032659,-0.50395286,6.0474343,-0.84446156
1356594032698,-1.3756552,6.851035,-0.6537767
1356594032737,1.4165162,4.4810944,1.3075534
1356594032777,14.056199,-1.0760075,5.8976107
1356594032818,18.34661,-0.23154591,5.597963
1356594032858,12.639683,3.718355,4.4810944
1356594032897,7.205164,6.469665,3.636633
1356594032937,9.302697,14.328606,3.445948
1356594032977,2.4108016,6.66035,-4.630918
1356594033017,7.9270425,5.706926,-5.325556
1356594033057,10.228881,5.47538,-2.070293
1356594033097,6.469665,8.308413,-0.5720546
1356594033137,7.5865335,5.938472,-1.7297841
1356594033177,7.8861814,3.568531,-2.1383946
1356594033217,7.504812,5.366417,0.10896278
1356594033257,8.19945,5.6660647,-0.040861044
1356594033297,10.038197,5.012288,-0.88532263
1356594033337,11.985906,3.9090397,-2.6423476
1356594033377,12.871228,2.7649305,-1.2258313
1356594033417,15.431854,2.4925237,1.0760075
1356594033457,13.293459,4.7126403,1.9477097
1356594033497,8.962189,11.75436,-4.0588636
1356594033537,13.593107,11.958665,0.8036005
1356594033577,10.95076,11.114203,-2.982856
1356594033647,7.5456724,5.053149,-1.525479
1356594033667,4.2086873,3.636633,-1.1168685
1356594033707,-0.61291564,5.8567495,-0.88532263
1356594033748,-1.2258313,7.082581,-0.46309182
1356594033787,3.8681788,3.568531,1.4982382
1356594033828,15.554437,-2.3699405,6.782933
1356594033868,18.428331,-0.38136974,5.9793324
1356594033907,8.240311,5.175732,4.399372
1356594033947,9.997335,12.067628,5.09401
1356594033987,3.9499009,9.724928,-2.070293
1356594034027,3.3778462,7.3958488,-6.0882955
1356594034067,12.408136,5.6252036,-2.7240696
1356594034107,7.4639506,5.8567495,-0.61291564
1356594034147,7.205164,7.3141265,-1.1849703
1356594034187,7.8861814,4.6036777,-2.2201166
1356594034228,7.9270425,4.372132,-1.56634
1356594034267,7.5456724,5.9793324,0.7627395
1356594034308,8.771504,6.851035,-2.1383946
1356594034347,9.507003,4.862464,0.7218784
1356594034387,13.6748295,1.1168685,-1.1168685
1356594034427,13.484144,2.6423476,0.23154591
1356594034467,12.789507,2.5606253,3.0237172
1356594034507,11.917805,4.4810944,-3.336985
1356594034547,12.639683,12.762266,-2.5606253
1356594034587,12.980191,14.137921,0.19068487
1356594034651,9.507003,9.534244,-1.607201
1356594034667,9.00305,3.8681788,-1.0351465
1356594034707,3.5276701,4.7126403,-1.525479
1356594034747,-0.040861044,5.7886477,-1.2666923
1356594034787,-0.88532263,6.66035,-0.9125633
1356594034828,2.8738933,3.7864566,1.2666923
1356594034868,14.628253,-1.7570249,8.894087
1356594034907,17.883516,1.1441092,4.5219555
1356594034947,8.430995,2.7921712,3.8681788
1356594034987,7.4639506,11.795221,4.862464
1356594035027,8.539958,12.026767,1.0760075
1356594035067,2.6014864,7.3549876,-6.0474343
1356594035107,10.95076,7.5456724,-3.9771416
1356594035147,9.425281,5.09401,-1.334794
1356594035187,6.6331096,7.504812,-1.2258313
1356594035227,7.3958488,5.09401,-1.4165162
1356594035267,7.4639506,4.1814466,-1.879608
1356594035307,8.19945,4.862464,0.38136974
1356594035347,8.499097,6.238119,-1.607201
1356594035387,10.61025,4.671779,0.23154591
1356594035427,13.6748295,2.4925237,-2.4925237
1356594035467,13.756551,2.7921712,-0.14982383
1356594035507,14.137921,3.214402,3.0237172
1356594035547,11.686258,5.325556,-1.6889231
1356594035587,10.841797,13.633968,-2.4108016
1356594035649,13.293459,12.789507,1.1168685
1356594035667,9.615966,8.771504,-2.7513103
1356594035707,8.539958,3.486809,-1.6889231
1356594035747,3.336985,5.597963,-1.334794
1356594035787,-0.61291564,5.8976107,-1.2666923
1356594035827,-1.4165162,6.5922484,-0.95342433
1356594035867,1.9477097,4.2495484,1.3756552
1356594035907,14.9006605,-0.84446156,11.495573
1356594035947,17.733692,-1.0351465,4.399372
1356594035987,5.7477865,7.164303,3.1463003
1356594036027,8.076866,14.206022,5.829509
1356594036067,2.5333846,7.6954966,-6.973618
1356594036107,7.164303,8.076866,-6.973618
1356594036147,11.604536,4.671779,-1.7570249
1356594036187,6.0882955,7.6273947,-0.3405087
1356594036227,5.8976107,7.7363577,-1.1441092
1356594036267,7.3549876,4.372132,-2.3426998
1356594036307,8.962189,4.1814466,0.10896278
1356594036347,8.771504,6.0474343,-1.2666923
1356594036387,9.425281,5.407278,1.607201
1356594036427,12.639683,2.4108016,-2.7921712
1356594036467,14.328606,1.607201,-0.19068487
1356594036507,13.988097,2.5606253,0.92618364
1356594036547,10.923519,5.8976107,1.1168685
1356594036587,8.812365,11.454713,-4.671779
1356594036650,14.859799,11.686258,0.14982383
1356594036667,11.304889,10.923519,-3.5957718
1356594036707,8.921328,4.9850473,-1.334794
1356594036747,5.134871,4.0588636,-1.2258313
1356594036787,-0.50395286,6.0474343,-1.1849703
1356594036827,-1.3075534,6.851035,-1.1441092
1356594036858,0.7627395,5.829509,0.23154591
1356594036897,9.343558,2.0294318,5.325556
1356594036937,19.381754,-1.7978859,7.205164
1356594036977,10.923519,3.1054392,3.7864566
1356594037017,4.3312707,3.255263,0.10896278
1356594037057,10.460427,16.08563,6.1291566
1356594037097,6.5922484,6.1291566,-4.5219555
1356594037137,3.636633,8.430995,-7.6954966
1356594037178,11.876944,5.47538,-3.759216
1356594037217,8.281172,6.238119,-1.0351465
1356594037258,5.175732,8.499097,-1.525479
1356594037297,6.3198414,5.053149,-1.56634
1356594037337,9.724928,2.7649305,-0.53119355
1356594037377,9.193735,6.469665,-0.08172209
1356594037417,9.615966,3.718355,-0.50395286
1356594037457,13.375181,1.4982382,-3.8273177
1356594037497,13.252599,3.718355,-0.50395286
1356594037537,13.947236,3.336985,1.4982382
1356594037577,11.454713,3.9090397,0.53119355
1356594037618,9.847511,10.501288,-4.4810944
1356594037657,13.715691,12.53072,1.4573772
1356594037697,10.882658,11.454713,-2.4108016
1356594037737,9.00305,4.372132,-1.4165162
1356594037778,6.8237944,3.255263,-1.3075534
1356594037817,-0.3405087,6.2789803,-1.2258313
1356594037857,-1.607201,7.1234417,-0.88532263
1356594037897,1.6889231,4.399372,0.61291564
1356594037938,12.53072,-1.7570249,6.851035
1356594037977,19.15021,-0.7627395,6.782933
1356594038017,8.894087,3.255263,3.8273177
1356594038057,4.2086873,6.238119,-2.2609777
1356594038097,12.217452,13.211738,2.070293
1356594038137,2.9556155,6.1291566,-3.336985
1356594038177,7.7772183,9.507003,-5.134871
1356594038217,9.80665,4.903325,-2.3426998
1356594038257,7.3958488,6.0474343,-1.1441092
1356594038297,6.851035,6.0474343,-1.6480621
1356594038337,7.43671,4.862464,-1.1441092
1356594038377,7.9679036,4.862464,0.88532263
1356594038417,8.812365,6.8237944,-2.3699405
1356594038457,9.575105,5.9793324,1.0760075
1356594038497,13.797412,0.5720546,-1.7570249
1356594038537,14.669114,1.4165162,-0.29964766
1356594038577,14.669114,3.1463003,1.9477097
1356594038618,10.61025,6.851035,-1.525479
1356594038657,12.571581,13.33432,-0.8036005
1356594038698,13.443283,12.217452,-0.040861044
1356594038737,9.656827,8.771504,-2.5333846
1356594038777,8.499097,3.255263,-1.1168685
1356594038817,2.3018389,5.284695,-1.334794
1356594038857,-1.1168685,5.47538,-1.607201
1356594038897,-1.1849703,6.2789803,-1.1849703
1356594038937,2.8738933,4.5628166,2.1792557
1356594038977,18.115063,-2.5606253,10.923519
1356594039017,15.363752,0.46309182,5.706926
1356594039057,6.1700177,6.6331096,3.255263
1356594039097,10.378705,12.340035,3.405087
1356594039137,1.4573772,8.962189,-3.3642259
1356594039177,7.4639506,9.193735,-7.164303
1356594039217,11.604536,4.0588636,-1.9885708
1356594039257,7.0553403,6.891896,-0.9942854
1356594039297,6.4424243,7.668256,-0.7627395
1356594039337,6.851035,5.134871,-1.920469
1356594039377,7.4639506,4.3312707,-0.6946377
1356594039417,8.539958,5.284695,-0.08172209
1356594039457,8.921328,4.9850473,-1.4165162
1356594039497,11.413852,4.372132,-1.525479
1356594039537,13.797412,3.0237172,-1.4982382
1356594039577,14.560152,3.445948,-0.5720546
1356594039618,13.906375,2.5606253,2.0294318
1356594039659,9.302697,8.662541,-1.6889231
1356594039697,11.836082,12.762266,-1.7978859
1356594039737,12.367276,11.34575,-1.0760075
1356594039777,9.724928,8.771504,-2.8738933
1356594039817,8.62168,3.1054392,-1.0760075
1356594039857,2.8330324,6.0474343,-0.84446156
1356594039897,-0.27240697,5.8976107,-0.9942854
1356594039937,-0.61291564,6.2108784,-1.1849703
1356594039977,1.4982382,4.0180025,0.50395286
1356594040017,13.375181,-1.1849703,7.7772183
1356594040057,19.463476,-1.0351465,6.851035
1356594040097,10.732834,2.3699405,5.366417
1356594040138,5.706926,9.575105,1.4165162
1356594040177,9.112013,11.985906,1.8387469
1356594040218,2.1792557,8.730643,-3.9771416
1356594040257,9.724928,8.281172,-4.862464
1356594040297,9.112013,4.372132,-2.0294318
1356594040337,7.014479,7.4639506,-0.6946377
1356594040377,7.205164,5.706926,-1.3075534
1356594040417,7.5456724,4.3312707,-2.2609777
1356594040457,7.5456724,5.053149,0.23154591
1356594040497,9.00305,5.8976107,-0.88532263
1356594040537,10.228881,4.9850473,0.8036005
1356594040577,13.293459,2.3018389,-3.9771416
1356594040618,14.246883,2.3426998,-0.5720546
1356594040658,14.560152,1.7297841,1.4982382
1356594040686,11.536434,5.6660647,1.6480621
1356594040727,8.471856,11.958665,-1.879608
1356594040767,12.871228,13.443283,1.1441092
1356594040812,11.917805,11.34575,-2.7513103
1356594040847,9.043911,5.175732,-1.334794
1356594040887,6.701211,3.636633,-0.84446156
1356594040927,-0.7627395,5.6660647,-1.2258313
1356594040967,-2.3426998,5.706926,-1.0351465
1356594041007,-0.10896278,4.5219555,0.7218784
1356594041047,11.495573,-2.1383946,7.7772183
1356594041087,19.504337,-3.486809,9.084772
1356594041127,7.6954966,7.1234417,4.862464
1356594041167,5.2165933,10.95076,4.099725
1356594041207,8.471856,10.460427,1.879608
1356594041247,3.7864566,7.3549876,-5.597963
1356594041287,11.604536,5.366417,-4.671779
1356594041327,8.62168,6.1291566,-2.1111538
1356594041367,6.238119,8.812365,-1.1168685
1356594041407,6.5513873,6.5513873,-1.7978859
1356594041447,6.5513873,5.09401,-2.3018389
1356594041487,7.504812,5.5571017,0.84446156
1356594041527,8.921328,4.099725,-2.1111538
1356594041567,11.304889,4.1814466,0.53119355
1356594041607,12.14935,4.6036777,-2.4516625
1356594041651,13.252599,3.5957718,-1.0351465
1356594041687,14.519291,3.0645783,0.23154591
1356594041727,12.299174,3.718355,1.334794
1356594041767,9.656827,11.686258,-2.8738933
1356594041807,13.402422,13.756551,0.3405087
1356594041847,11.727119,11.182305,-2.9147544
1356594041887,9.425281,5.5162406,-1.3756552
1356594041927,5.284695,4.7126403,-1.4573772
1356594041967,-0.6946377,5.407278,-1.2666923
1356594042007,-1.9885708,5.6252036,-1.0351465
1356594042047,-0.08172209,4.7126403,0.14982383
1356594042087,9.765789,-0.23154591,7.0553403
1356594042127,19.15021,-1.7570249,8.689782
1356594042167,11.495573,4.630918,5.9793324
1356594042207,10.841797,5.6252036,5.938472
1356594042247,0.23154591,12.108489,0.7218784
1356594042287,6.469665,8.281172,-7.014479
1356594042327,11.34575,9.343558,-3.445948
1356594042367,8.471856,6.238119,-1.6480621
1356594042407,6.6331096,7.0553403,-1.2666923
1356594042447,7.9270425,5.8976107,-0.3405087
1356594042487,7.205164,5.134871,-0.6946377
1356594042527,6.701211,5.284695,-1.7978859
1356594042567,7.7772183,6.1291566,2.0294318
1356594042607,8.730643,4.944186,-3.336985
1356594042652,11.032481,3.5276701,0.7218784
1356594042687,13.443283,4.1814466,-2.070293
1356594042727,16.3989,2.6423476,-1.8387469
1356594042767,14.437569,4.903325,3.759216
1356594042807,8.962189,9.534244,-1.4573772
1356594042847,11.604536,12.680544,-1.1441092
1356594042887,11.917805,12.299174,-0.7218784
1356594042927,8.240311,8.117727,-1.7570249
1356594042967,7.8180795,2.070293,-0.53119355
1356594043007,1.334794,5.09401,-1.2666923
1356594043054,-1.334794,5.9793324,-0.7218784
1356594043096,-1.0351465,5.5571017,0.19068487
1356594043127,8.049625,1.1849703,4.5219555
1356594043168,19.041246,-4.671779,8.499097
1356594043207,13.021052,3.9499009,6.4424243
1356594043247,4.440233,4.4810944,2.5333846
1356594043287,10.882658,15.704261,6.932757
1356594043327,4.903325,6.3607025,-5.5162406
1356594043367,5.243834,8.471856,-8.349273
1356594043407,11.836082,5.407278,-1.607201
1356594043447,6.1700177,7.5456724,-0.84446156
1356594043487,6.0474343,8.730643,-0.8036005
1356594043527,7.4639506,4.862464,-1.56634
1356594043567,7.4639506,4.440233,-1.6480621
1356594043607,8.19945,4.903325,0.88532263
1356594043650,9.043911,4.862464,-1.1168685
1356594043687,10.18802,6.0882955,-0.14982383
1356594043727,11.686258,3.568531,-1.9477097
1356594043767,12.980191,2.982856,-1.879608
1356594043808,14.560152,2.6832085,-0.23154591
1356594043847,13.102775,2.8330324,1.7978859
1356594043887,9.697687,9.997335,-3.0237172
1356594043927,13.021052,13.756551,0.6537767
1356594043967,11.985906,14.056199,-2.6014864
1356594044007,8.853226,6.891896,-1.9885708
1356594044047,7.164303,3.255263,-0.9942854
1356594044087,-0.5720546,5.47538,-1.2258313
1356594044127,-3.1054392,5.434519,-1.525479
1356594044167,-1.0351465,4.9850473,-0.27240697
1356594044207,9.915613,-0.27240697,7.273266
1356594044247,19.504337,-3.2961242,7.9679036
1356594044287,11.686258,5.09401,6.0201936
1356594044327,6.1700177,7.9270425,5.706926
1356594044367,6.5513873,13.33432,-0.38136974
1356594044407,3.8681788,7.273266,-5.597963
1356594044447,11.686258,7.8861814,-3.759216
1356594044487,9.043911,7.205164,-1.0760075
1356594044527,6.3607025,7.668256,-0.95342433
1356594044567,6.5513873,6.238119,-1.2258313
1356594044607,6.510526,4.7943625,-1.2666923
1356594044654,6.238119,6.510526,0.6537767
1356594044687,8.689782,6.5922484,0.42223078
1356594044727,10.882658,4.2086873,-1.1441092
1356594044767,12.912089,3.1463003,-1.3075534
1356594044807,15.28203,2.5606253,-0.84446156
1356594044847,15.854085,0.88532263,0.27240697
1356594044887,10.923519,8.390134,0.53119355
1356594044927,10.760075,13.593107,-0.50395286
1356594044967,13.252599,13.0619135,0.27240697
1356594045007,9.084772,11.454713,-2.8738933
1356594045047,7.8589406,3.990762,-0.7218784
1356594045087,3.3778462,4.5628166,-0.6946377
1356594045127,-2.0294318,5.175732,-0.9942854
1356594045167,-2.1111538,5.012288,-1.0760075
1356594045207,3.0237172,2.7649305,2.070293
1356594045247,17.774553,-2.070293,8.771504
1356594045287,15.431854,3.214402,7.43671
1356594045327,5.134871,5.366417,4.5219555
1356594045367,8.349273,13.021052,5.434519
1356594045407,7.8180795,8.894087,-3.486809
1356594045447,2.1792557,6.851035,-6.5922484
1356594045487,13.633968,6.1700177,-2.7240696
1356594045527,7.8180795,6.3198414,-0.7627395
1356594045567,6.0201936,7.43671,-0.9125633
1356594045607,6.4015636,6.0201936,-0.7218784
1356594045652,6.782933,5.012288,-1.7297841
1356594045687,7.5456724,5.243834,-0.46309182
1356594045727,9.112013,6.238119,-0.9942854
1356594045767,9.80665,4.2904096,0.61291564
1356594045809,12.408136,3.8681788,-2.9556155
1356594045847,15.745122,1.607201,-1.4982382
1356594045887,15.023244,2.8330324,1.3756552
1356594045927,8.471856,10.991621,-0.6537767
1356594045967,11.114203,14.09706,-0.0
1356594046007,13.0619135,13.0619135,-0.7627395
1356594046048,9.575105,9.043911,-2.982856
1356594046087,8.662541,2.6423476,-0.84446156
1356594046128,2.6014864,5.8567495,-0.95342433
1356594046167,-1.7978859,5.407278,-0.95342433
1356594046207,-1.2258313,5.243834,-0.42223078
1356594046247,3.8681788,2.0294318,2.4108016
1356594046287,17.692831,-3.9499009,7.668256
1356594046327,16.930092,2.5606253,6.6331096
1356594046367,6.891896,6.6331096,5.938472
1356594046407,9.656827,11.75436,5.366417
1356594046447,3.214402,9.534244,-0.10896278
1356594046487,5.243834,8.308413,-6.891896
1356594046527,14.137921,6.66035,-3.3642259
1356594046567,6.782933,5.829509,-1.8387469
1356594046607,6.932757,7.205164,-1.607201
1356594046648,7.7363577,5.175732,-0.8036005
1356594046687,6.0201936,5.829509,-0.9942854
1356594046727,6.3198414,6.742072,0.08172209
1356594046767,9.152874,5.5571017,-1.2258313
1356594046807,11.536434,2.8330324,0.46309182
1356594046847,13.293459,3.255263,-3.255263
1356594046877,15.091345,2.2201166,-1.1168685
1356594046917,14.859799,2.6832085,0.53119355
1356594046957,10.651112,7.8180795,2.152015
1356594046997,8.730643,14.369467,-2.0294318
1356594047037,12.980191,13.443283,1.56634
1356594047077,10.038197,12.108489,-4.2086873
1356594047117,8.921328,3.173541,-1.8387469
1356594047157,5.938472,3.336985,-0.9942854
1356594047197,-1.4573772,5.2165933,-1.6889231
1356594047237,-2.5606253,5.5571017,-1.6889231
1356594047277,0.313268,3.8273177,0.7627395
1356594047317,14.601013,-2.6014864,8.158588
1356594047357,18.305748,-0.61291564,8.049625
1356594047397,8.539958,5.47538,5.434519
1356594047437,4.7126403,10.378705,4.4810944
1356594047477,9.534244,11.304889,0.8036005
1356594047517,3.7864566,6.742072,-4.2904096
1356594047557,11.223166,8.008764,-4.440233
1356594047597,8.240311,6.1700177,-1.879608
1356594047646,6.5513873,8.19945,-1.3075534
1356594047677,7.9679036,6.4015636,-1.1849703
1356594047717,6.742072,4.2904096,-1.525479
1356594047757,5.8567495,5.7477865,-0.5720546
1356594047797,7.9679036,6.701211,0.92618364
1356594047837,9.575105,4.2086873,-1.1849703
1356594047877,12.408136,4.2086873,-0.7218784
1356594047917,13.6748295,4.2086873,-2.1111538
1356594047957,16.276316,1.1441092,0.08172209
1356594047997,13.402422,3.1054392,0.8036005
1356594048037,9.724928,10.760075,-2.2609777
1356594048077,12.680544,13.947236,0.38136974
1356594048117,11.876944,12.912089,-1.920469
1356594048157,9.084772,7.7363577,-1.3756552
1356594048197,7.082581,2.6423476,-0.8036005
1356594048237,0.10896278,5.243834,-1.1849703
1356594048277,-2.4108016,6.2108784,-1.4573772
1356594048317,-1.525479,5.9793324,-0.7218784
1356594048357,5.7477865,2.6423476,3.9090397
1356594048397,18.768839,-2.7513103,10.501288
1356594048437,14.206022,2.9556155,4.7943625
1356594048477,8.158588,8.281172,5.6252036
1356594048517,8.894087,11.454713,2.6832085
1356594048557,1.4165162,9.00305,-4.7943625
1356594048597,9.466142,9.00305,-6.0882955
1356594048647,10.079058,4.9850473,-2.5333846
1356594048677,6.742072,6.782933,-1.525479
1356594048717,6.891896,6.701211,-0.88532263
1356594048757,5.597963,5.47538,-1.879608
1356594048797,7.0553403,5.47538,0.3405087
1356594048837,8.117727,5.9793324,-0.27240697
1356594048877,9.275456,5.9793324,-0.14982383
1356594048917,12.026767,3.9090397,-2.1383946
1356594048957,13.565866,4.2086873,-0.7218784
1356594048998,14.709975,2.3018389,0.7627395
1356594049037,13.6748295,3.255263,1.1849703
1356594049078,10.18802,10.419566,-4.0588636
1356594049117,14.015338,14.519291,0.10896278
1356594049157,10.56939,12.340035,-3.0237172
1356594049197,8.308413,5.8976107,-1.607201
1356594049237,4.7943625,2.9556155,-0.7627395
1356594049277,-0.46309182,5.6252036,-1.0760075
1356594049317,-1.3756552,7.43671,-0.9942854
1356594049357,1.0760075,5.175732,1.1849703
1356594049397,12.53072,-0.88532263,7.164303
1356594049437,18.768839,-2.7513103,4.630918
1356594049477,10.147159,4.1814466,5.2165933
1356594049517,11.604536,12.217452,5.407278
1356594049557,2.0294318,9.765789,0.8036005
1356594049597,3.568531,9.697687,-5.8158884
1356594049649,13.824653,4.671779,-4.4810944
1356594049677,9.466142,3.718355,-2.7921712
1356594049717,7.6954966,6.973618,-0.9942854
1356594049757,6.3198414,6.932757,-1.2258313
1356594049797,5.47538,6.510526,-1.3075534
1356594049838,7.4639506,5.434519,-0.23154591
1356594049877,9.275456,5.6252036,-1.6889231
1356594049918,9.275456,5.175732,0.6537767
1356594049957,13.021052,2.4516625,-2.9147544
1356594049997,13.525005,5.47538,-0.29964766
1356594050038,14.628253,2.070293,0.88532263
1356594050077,12.721405,2.6832085,0.27240697
1356594050117,11.536434,11.182305,-3.718355
1356594050157,13.756551,13.824653,-0.27240697
1356594050197,10.882658,12.408136,-4.1814466
1356594050237,8.962189,4.2904096,-1.7978859
1356594050277,3.6774938,4.4810944,-1.0760075
1356594050317,-2.4516625,5.407278,-0.8036005
1356594050357,-2.6832085,6.66035,-0.6946377
1356594050397,2.1111538,4.140586,1.56634
1356594050437,16.657684,-2.4925237,7.0553403
1356594050477,17.62473,0.5720546,3.9090397
1356594050517,7.5865335,2.3018389,3.173541
1356594050557,13.0619135,14.206022,8.539958
1356594050597,-2.0294318,8.962189,-3.255263
1356594050649,5.8567495,9.112013,-6.5922484
1356594050677,15.173067,6.0201936,-4.671779
1356594050717,7.8180795,5.407278,-1.9477097
1356594050757,6.3607025,7.7363577,-0.9125633
1356594050798,6.6331096,6.66035,-1.2666923
1356594050837,5.8976107,5.47538,-0.6946377
1356594050877,8.117727,5.7886477,1.334794
1356594050917,9.193735,4.862464,-3.486809
1356594050957,10.882658,4.862464,0.27240697
1356594050997,13.865514,2.5606253,-1.1168685
1356594051037,14.369467,2.4108016,-0.42223078
1356594051077,13.525005,2.8738933,1.2666923
1356594051117,9.724928,7.8861814,-1.6889231
1356594051157,12.14935,14.2877445,-0.46309182
1356594051197,14.015338,13.021052,-0.42223078
1356594051237,9.343558,9.00305,-1.7570249
1356594051277,7.9270425,3.1054392,-0.19068487
1356594051317,1.2666923,5.47538,-0.7218784
1356594051357,-1.9885708,5.597963,-0.61291564
1356594051398,-1.1441092,5.053149,-0.040861044
1356594051437,5.012288,1.0760075,2.4925237
1356594051477,17.474907,-3.255263,7.7772183
1356594051517,17.120777,3.1463003,6.4424243
1356594051557,8.158588,6.6331096,4.0588636
1356594051597,10.61025,12.680544,5.2165933
1356594051650,-0.7218784,7.5456724,-4.7535014
1356594051677,8.281172,8.19945,-7.04172
1356594051717,10.147159,5.9793324,-2.7513103
1356594051757,5.5571017,7.8861814,-0.7218784
1356594051797,7.4639506,6.0474343,-0.5720546
1356594051838,6.973618,5.325556,-1.3075534
1356594051877,6.6331096,5.597963,-0.95342433
1356594051917,8.008764,5.8976107,1.7297841
1356594051957,8.771504,7.1234417,-2.2201166
1356594051998,11.563675,4.903325,0.08172209
1356594052037,14.859799,1.607201,-0.19068487
1356594052078,14.982383,1.3756552,0.3405087
1356594052117,11.686258,5.407278,0.7218784
1356594052157,8.962189,12.871228,-2.2609777
1356594052197,14.246883,13.756551,0.7218784
1356594052237,11.304889,10.528529,-2.6423476
1356594052277,8.771504,5.09401,-0.6946377
1356594052317,5.47538,4.8216033,-1.2258313
1356594052357,-0.6946377,5.938472,-1.0760075
1356594052397,-2.1792557,5.7886477,-1.0760075
1356594052437,0.19068487,4.944186,0.6946377
1356594052477,13.021052,-0.8036005,5.7886477
1356594052517,18.496431,-1.4573772,8.240311
1356594052557,11.604536,5.5571017,3.255263
1356594052597,7.3549876,6.932757,3.0645783
1356594052651,8.894087,14.246883,3.7864566
1356594052677,2.070293,7.205164,-5.012288
1356594052717,9.302697,7.4639506,-5.6252036
1356594052757,10.228881,4.671779,-1.7978859
1356594052797,7.082581,7.273266,-1.3075534
1356594052838,7.43671,6.0201936,-1.3075534
1356594052877,6.8237944,4.944186,-1.7570249
1356594052918,6.66035,6.0882955,-0.10896278
1356594052958,7.668256,6.851035,-0.10896278
1356594052997,9.534244,6.0201936,0.27240697
1356594053037,12.4489975,2.6423476,-1.6480621
1356594053077,14.47843,1.3075534,0.9942854
1356594053117,14.09706,0.7218784,1.920469
1356594053157,13.211738,5.053149,-1.1849703
1356594053197,11.223166,12.299174,-3.5957718
1356594053237,14.941522,14.369467,0.84446156
1356594053277,10.378705,11.454713,-2.4925237
1356594053317,8.921328,4.862464,-0.88532263
1356594053357,4.903325,4.5219555,-0.95342433
1356594053397,-1.4982382,5.434519,-1.4165162
1356594053437,-2.3699405,5.434519,-1.6480621
1356594053477,0.5720546,5.09401,0.10896278
1356594053517,13.865514,-0.6946377,8.962189
1356594053557,19.272793,-0.42223078,7.5456724
1356594053597,9.724928,4.099725,3.568531
1356594053650,8.281172,6.4015636,1.7978859
1356594053677,6.891896,14.818938,3.445948
1356594053717,1.7978859,7.6273947,-4.671779
1356594053757,11.073342,8.349273,-5.407278
1356594053797,10.882658,3.718355,-1.7297841
1356594053837,6.5513873,8.049625,-1.0760075
1356594053878,7.3958488,6.891896,-1.4573772
1356594053917,7.205164,4.5219555,-1.7570249
1356594053957,6.3607025,5.8976107,-0.19068487
1356594053997,8.894087,5.325556,0.50395286
1356594054037,10.228881,4.671779,-0.14982383
1356594054077,13.484144,3.9090397,-1.9477097
1356594054117,15.935807,0.88532263,1.607201
1356594054157,12.980191,2.4925237,2.4925237
1356594054197,10.56939,6.2789803,-1.1849703
1356594054237,10.800936,14.2877445,-2.4516625
1356594054277,14.859799,11.876944,-1.7297841
1356594054317,10.923519,8.158588,-2.7240696
1356594054357,9.697687,4.7535014,-0.61291564
1356594054397,2.8738933,5.706926,-0.61291564
1356594054437,-2.8738933,6.2789803,-0.53119355
1356594054477,-1.6889231,5.7477865,-0.3405087
1356594054517,3.405087,2.7240696,2.7649305
1356594054557,16.930092,-2.9147544,7.082581
1356594054597,17.24336,1.6480621,6.0474343
1356594054637,8.076866,4.2086873,5.053149
1356594054677,8.539958,11.563675,5.134871
1356594054717,5.2165933,9.302697,-1.1168685
1356594054757,4.440233,7.504812,-6.469665
1356594054797,12.789507,7.43671,-3.214402
1356594054837,7.668256,6.1700177,-1.4573772
1356594054877,7.082581,7.8180795,-1.879608
1356594054917,7.6954966,5.407278,-2.070293
1356594054958,6.3607025,4.944186,-0.9942854
1356594054997,6.782933,6.742072,0.27240697
1356594055038,9.575105,6.1700177,-1.7570249
1356594055077,10.269742,2.7649305,-0.42223078
1356594055117,12.53072,3.636633,-1.4165162
1356594055157,12.721405,3.8273177,-1.525479
1356594055197,14.369467,2.152015,0.5720546
1356594055237,11.34575,6.6331096,0.61291564
1356594055277,9.724928,13.293459,-1.4573772
1356594055317,13.525005,13.0619135,0.08172209
1356594055357,11.372991,10.732834,-2.9556155
1356594055397,9.425281,3.5957718,-0.6537767
1356594055437,4.671779,4.7943625,-1.1168685
1356594055477,-0.53119355,5.6252036,-1.1168685
1356594055517,-1.4982382,6.0882955,-0.95342433
1356594055557,-0.42223078,5.053149,0.10896278
