1356766281064,8.308413,5.829509,0.92618364
1356766281105,8.390134,5.6252036,1.4165162
1356766281145,8.349273,5.6252036,0.6946377
1356766281184,8.308413,5.829509,0.7218784
1356766281224,8.349273,5.7886477,1.0760075
1356766281265,8.349273,5.829509,1.1168685
1356766281304,8.308413,5.8976107,1.2258313
1356766281344,8.349273,5.6252036,1.1849703
1356766281385,8.308413,5.6660647,0.53119355
1356766281424,8.349273,5.6252036,0.7218784
1356766281464,8.390134,5.6252036,1.2666923
1356766281504,8.349273,5.5571017,1.334794
1356766281545,8.281172,5.7477865,0.46309182
1356766281585,8.349273,6.0474343,1.0351465
1356766281625,8.308413,5.8976107,0.6946377
1356766281664,8.390134,5.6252036,0.46309182
1356766281705,8.349273,5.5162406,0.53119355
1356766281744,8.430995,5.706926,1.56634
1356766281784,8.471856,5.7886477,1.2666923
1356766281824,8.430995,5.706926,0.27240697
1356766281864,8.240311,6.0882955,0.84446156
1356766281904,8.158588,6.0882955,0.14982383
1356766281944,8.117727,5.7886477,0.8036005
1356766281999,8.158588,5.47538,0.6946377
1356766282034,8.19945,5.829509,0.88532263
1356766282074,8.499097,5.829509,1.1849703
1356766282104,8.158588,5.47538,1.1441092
1356766282134,7.8861814,5.9793324,1.0351465
1356766282174,7.8589406,6.238119,1.56634
1356766282204,7.7772183,5.938472,1.334794
1356766282244,7.668256,6.4015636,1.3075534
1356766282274,7.205164,7.0553403,1.56634
1356766282305,7.1234417,7.3549876,1.607201
1356766282344,7.3958488,7.014479,1.4573772
1356766282374,7.8180795,6.4424243,1.1168685
1356766282414,7.5456724,6.4015636,0.84446156
1356766282444,7.1234417,6.782933,1.1849703
1356766282484,7.205164,6.5513873,1.4573772
1356766282514,7.3141265,6.701211,1.334794
1356766282544,7.3141265,6.891896,1.1441092
1356766282584,7.5456724,6.510526,1.0351465
1356766282624,8.308413,6.4424243,1.2666923
1356766282654,8.158588,7.205164,1.1168685
1356766282694,8.076866,8.349273,0.92618364
1356766282734,8.308413,8.662541,0.19068487
1356766282774,8.894087,8.117727,-0.27240697
1356766282814,7.164303,8.349273,-1.0760075
1356766282854,6.742072,8.390134,-0.42223078
1356766282894,9.043911,6.5513873,-1.1168685
1356766282934,9.425281,6.238119,1.3756552
1356766283007,9.384419,8.240311,-0.46309182
1356766283017,10.800936,6.4015636,-0.7627395
1356766283054,9.724928,5.366417,-0.38136974
1356766283094,8.471856,5.9793324,-0.9125633
1356766283134,7.4639506,5.407278,-1.3075534
1356766283174,6.510526,4.440233,-0.5720546
1356766283214,5.09401,3.173541,-0.61291564
1356766283254,4.372132,3.336985,-2.7921712
1356766283294,4.2495484,5.8567495,-5.09401
1356766283334,5.7477865,9.234595,-6.5513873
1356766283374,8.281172,8.662541,-6.1700177
1356766283414,13.211738,8.471856,-3.8681788
1356766283455,8.19945,7.668256,4.099725
1356766283494,5.012288,0.38136974,2.2201166
1356766283534,9.343558,11.876944,3.759216
1356766283574,7.9270425,6.1700177,0.8036005
1356766283614,8.390134,3.1054392,-0.040861044
1356766283654,7.4639506,6.8237944,1.0760075
1356766283694,6.469665,8.158588,1.0760075
1356766283734,6.510526,8.580819,-0.42223078
1356766283774,7.504812,7.3549876,0.313268
1356766283814,8.19945,6.510526,0.7627395
1356766283854,7.8861814,7.014479,-0.42223078
1356766283894,6.782933,8.853226,0.10896278
1356766283935,7.5456724,8.580819,-0.50395286
1356766283997,7.9679036,8.894087,-1.525479
1356766284014,8.580819,9.697687,-1.1441092
1356766284054,9.234595,6.2108784,0.08172209
1356766284094,13.6748295,6.469665,2.6014864
1356766284135,9.765789,9.575105,-0.95342433
1356766284174,8.771504,6.973618,-1.334794
1356766284214,7.9679036,4.5219555,-0.040861044
1356766284254,6.5922484,5.175732,-0.23154591
1356766284294,6.5513873,3.6774938,-0.8036005
1356766284324,5.8567495,2.1792557,-0.7218784
1356766284354,5.175732,2.9556155,-1.3756552
1356766284385,5.175732,4.4810944,-3.486809
1356766284424,5.5162406,6.238119,-5.09401
1356766284465,6.2108784,8.158588,-5.407278
1356766284505,5.7477865,9.084772,-5.597963
1356766284545,9.084772,7.9270425,-4.8216033
1356766284584,14.369467,13.211738,-0.14982383
1356766284625,6.0882955,-2.7921712,4.2904096
1356766284664,7.8861814,6.1291566,4.7126403
1356766284704,7.4639506,12.912089,1.8387469
1356766284744,6.973618,4.903325,-0.10896278
1356766284784,7.43671,6.3607025,-0.27240697
1356766284824,7.205164,7.8861814,0.8036005
1356766284864,7.164303,7.6273947,0.6537767
1356766284904,7.014479,7.668256,0.95342433
1356766284944,7.205164,6.510526,0.88532263
1356766284996,8.499097,6.1700177,-0.10896278
1356766285034,6.0201936,8.430995,0.08172209
1356766285074,7.0553403,8.308413,0.38136974
1356766285114,7.8589406,8.349273,-0.61291564
1356766285154,7.9270425,10.419566,-0.14982383
1356766285194,9.00305,7.9270425,-1.3756552
1356766285234,10.732834,5.597963,1.607201
1356766285274,11.454713,9.425281,0.42223078
1356766285314,9.112013,10.228881,-1.525479
1356766285354,9.152874,5.325556,0.10896278
1356766285394,7.082581,4.903325,-0.46309182
1356766285434,6.973618,4.3312707,-1.7297841
1356766285474,6.891896,3.336985,-0.53119355
1356766285514,5.134871,3.445948,-0.6537767
1356766285554,3.8273177,3.5276701,-2.4108016
1356766285594,4.440233,5.325556,-4.399372
1356766285634,7.3549876,7.0553403,-5.47538
1356766285674,7.3958488,9.384419,-6.851035
1356766285714,5.47538,7.9679036,-5.5571017
1356766285754,15.894946,12.598822,-2.7240696
1356766285794,5.8567495,4.903325,3.8273177
1356766285834,6.1291566,-1.6480621,1.1168685
1356766285874,8.771504,13.947236,4.2495484
1356766285914,7.082581,7.5865335,0.3405087
1356766285954,7.9270425,3.336985,-0.23154591
1356766285996,7.504812,7.0553403,1.1168685
1356766286034,6.5922484,7.8180795,1.5390993
1356766286074,6.66035,7.7363577,0.14982383
1356766286114,7.273266,7.6273947,0.19068487
1356766286154,7.7772183,6.5922484,0.42223078
1356766286194,6.891896,6.742072,-0.0
1356766286234,6.3198414,8.049625,0.6537767
1356766286274,8.281172,7.3141265,0.6946377
1356766286314,7.3141265,9.507003,-0.50395286
1356766286354,7.9679036,10.95076,-0.38136974
1356766286394,9.384419,7.4639506,-1.9477097
1356766286434,9.534244,5.5162406,1.334794
1356766286474,10.923519,9.724928,0.27240697
1356766286514,9.997335,10.038197,-1.1168685
1356766286554,9.112013,6.0474343,-0.14982383
1356766286594,7.273266,5.407278,-0.3405087
1356766286634,6.8237944,4.7126403,-1.525479
1356766286674,6.238119,3.336985,-0.46309182
1356766286714,5.175732,2.9147544,-0.14982383
1356766286754,4.3312707,2.7921712,-2.7921712
1356766286794,4.8216033,6.0474343,-6.1700177
1356766286834,6.66035,9.084772,-6.4015636
1356766286874,5.938472,8.539958,-5.407278
1356766286914,10.337844,7.246025,-3.336985
1356766286954,12.176591,13.565866,0.7627395
1356766286998,6.4424243,0.38136974,0.6537767
1356766287034,6.1700177,5.012288,3.2961242
1356766287074,8.349273,12.762266,2.070293
1356766287114,7.6273947,3.9090397,-0.42223078
1356766287154,7.246025,5.597963,0.27240697
1356766287194,7.014479,7.9270425,1.0760075
1356766287234,6.66035,7.8589406,0.92618364
1356766287274,6.973618,7.5865335,0.84446156
1356766287314,7.6954966,6.782933,0.08172209
1356766287354,7.6273947,6.469665,-0.23154591
1356766287394,6.510526,8.19945,-0.08172209
1356766287434,7.3141265,8.158588,0.10896278
1356766287475,6.932757,9.343558,-1.1849703
1356766287514,7.6273947,11.604536,-1.1849703
1356766287555,9.193735,7.5456724,-1.920469
1356766287595,10.95076,5.134871,1.6480621
1356766287634,11.645397,10.269742,-0.040861044
1356766287675,9.275456,10.310603,-1.4982382
1356766287714,8.158588,5.6660647,-0.10896278
1356766287754,6.782933,4.8216033,-0.8036005
1356766287794,6.3607025,3.718355,-1.7570249
1356766287834,6.0474343,3.486809,-0.53119355
1356766287874,5.243834,3.3778462,-0.9125633
1356766287914,4.7943625,3.6774938,-3.8681788
1356766287954,5.09401,6.6331096,-6.0201936
1356766287999,5.284695,8.390134,-5.597963
1356766288034,4.140586,8.499097,-5.012288
1356766288074,11.372991,9.697687,-4.671779
1356766288114,9.697687,12.680544,2.7240696
1356766288154,6.5513873,-4.944186,1.0760075
1356766288194,7.7363577,10.923519,5.175732
1356766288234,8.390134,10.310603,0.88532263
1356766288274,7.246025,3.173541,-0.5720546
1356766288314,7.014479,6.932757,0.9942854
1356766288354,6.701211,7.7772183,1.6480621
1356766288394,7.1234417,7.7363577,0.50395286
1356766288434,7.43671,7.7772183,-0.14982383
1356766288474,7.3141265,6.851035,0.88532263
1356766288514,7.9270425,7.1234417,-0.29964766
1356766288554,6.0201936,8.962189,-0.08172209
1356766288594,7.5865335,7.8589406,0.14982383
1356766288634,7.5865335,8.662541,-0.6946377
1356766288674,7.6954966,11.304889,0.38136974
1356766288714,9.275456,7.5456724,-1.2666923
1356766288754,10.651112,5.325556,1.7570249
1356766288794,10.95076,8.580819,-0.29964766
1356766288834,9.575105,8.812365,-1.1441092
1356766288874,8.62168,5.2165933,0.040861044
1356766288914,6.782933,5.7886477,-0.3405087
1356766288954,6.3198414,4.862464,-1.6480621
1356766288997,6.0882955,3.255263,-0.7218784
1356766289034,5.2165933,2.6832085,-0.61291564
1356766289074,4.372132,3.214402,-2.982856
1356766289114,4.7535014,6.3607025,-5.243834
1356766289154,6.1291566,9.084772,-5.597963
1356766289194,6.469665,10.18802,-6.891896
1356766289234,13.988097,12.026767,-5.09401
1356766289274,8.117727,5.6252036,4.440233
1356766289314,5.8567495,-1.6480621,1.4982382
1356766289354,8.62168,12.830367,3.9499009
1356766289394,6.469665,8.62168,0.61291564
1356766289434,6.851035,4.8216033,-0.0
1356766289474,7.668256,6.4015636,0.61291564
1356766289514,6.851035,7.205164,0.88532263
1356766289554,6.701211,7.7772183,0.38136974
1356766289594,7.1234417,7.273266,0.8036005
1356766289634,7.5865335,7.0553403,0.38136974
1356766289674,7.43671,7.205164,-0.0
1356766289714,6.782933,8.812365,-0.27240697
1356766289754,7.3549876,8.962189,-0.9942854
1356766289794,7.9270425,9.847511,-0.88532263
1356766289834,8.390134,9.425281,-1.334794
1356766289874,9.234595,5.5162406,0.08172209
1356766289914,11.836082,9.084772,1.9885708
1356766289954,10.378705,10.378705,-1.334794
1356766289998,9.697687,6.5513873,-1.0760075
1356766290034,7.3549876,5.5571017,-0.14982383
1356766290074,6.3198414,5.284695,-0.61291564
1356766290114,6.4424243,3.3778462,-1.334794
1356766290154,5.9793324,2.7921712,-0.10896278
1356766290194,4.903325,3.173541,-1.4165162
1356766290234,4.5219555,4.630918,-5.09401
1356766290274,5.284695,8.689782,-6.782933
1356766290314,5.938472,9.656827,-6.0201936
1356766290354,5.284695,7.273266,-4.5219555
1356766290394,15.554437,13.525005,-2.982856
1356766290434,5.5571017,1.920469,3.486809
1356766290474,6.1700177,2.4925237,4.0180025
1356766290514,8.812365,12.789507,2.2609777
1356766290554,6.973618,6.2108784,-0.29964766
1356766290595,7.273266,4.671779,0.23154591
1356766290635,7.1234417,7.6273947,1.3075534
1356766290674,6.66035,8.076866,1.1168685
1356766290715,6.5513873,7.668256,0.38136974
1356766290754,6.973618,7.273266,0.53119355
1356766290794,7.5865335,6.2789803,-0.46309182
1356766290834,6.2108784,8.308413,-0.14982383
1356766290874,7.1234417,8.499097,0.50395286
1356766290914,7.5456724,8.471856,-1.0351465
1356766290954,7.8861814,10.651112,-0.7627395
1356766290999,8.62168,8.921328,-1.4165162
1356766291034,9.765789,5.284695,1.1168685
1356766291074,11.795221,8.689782,0.84446156
1356766291114,8.580819,11.454713,-1.8387469
1356766291154,8.539958,7.1234417,-0.50395286
1356766291194,7.014479,5.243834,0.3405087
1356766291235,6.469665,4.440233,-1.1849703
1356766291274,6.8237944,3.214402,-0.6537767
1356766291314,6.1291566,3.2961242,-0.040861044
1356766291354,4.4810944,3.5276701,-2.2201166
1356766291394,4.5219555,5.434519,-5.053149
1356766291434,6.0474343,8.471856,-5.8567495
1356766291474,6.0474343,10.18802,-7.1234417
1356766291514,3.759216,9.112013,-5.434519
1356766291554,15.173067,9.765789,-1.7297841
1356766291594,8.921328,7.6954966,1.9477097
1356766291634,4.7943625,-2.3018389,2.8738933
1356766291674,7.8589406,12.680544,4.0588636
1356766291714,7.273266,9.915613,-0.040861044
1356766291754,7.205164,2.9556155,-0.3405087
1356766291794,7.273266,7.3958488,1.1441092
1356766291834,6.3198414,8.308413,0.53119355
1356766291874,6.3198414,7.9270425,-0.10896278
1356766291914,6.973618,7.3549876,0.46309182
1356766291954,7.246025,6.891896,0.8036005
1356766292001,6.932757,7.164303,0.10896278
1356766292034,6.4015636,8.008764,0.7218784
1356766292074,8.049625,7.4639506,0.14982383
1356766292114,7.3141265,8.580819,-0.61291564
1356766292154,7.7772183,11.073342,-0.6946377
1356766292194,8.62168,7.6954966,-1.334794
1356766292234,11.34575,6.5922484,1.7297841
1356766292274,10.691973,10.691973,-0.3405087
1356766292314,9.343558,10.732834,-1.1441092
1356766292354,8.390134,6.2108784,0.10896278
1356766292394,6.469665,4.903325,-0.23154591
1356766292434,5.938472,3.445948,-1.3756552
1356766292474,6.1291566,2.8330324,-0.040861044
1356766292514,4.9850473,3.1054392,-0.42223078
1356766292554,4.2086873,4.099725,-3.759216
1356766292594,5.325556,7.9270425,-6.510526
1356766292634,7.3958488,9.697687,-6.5922484
1356766292674,6.0474343,8.662541,-6.0201936
1356766292714,10.923519,7.7363577,-3.486809
1356766292754,9.956474,11.073342,1.3756552
1356766292794,5.407278,-0.040861044,1.2258313
1356766292834,6.932757,8.499097,2.7240696
1356766292874,7.5865335,10.61025,1.4982382
1356766292914,7.246025,4.2495484,0.08172209
1356766292954,7.504812,6.3607025,0.38136974
1356766293009,6.782933,7.273266,1.3075534
1356766293035,7.0553403,7.504812,1.3075534
1356766293074,7.205164,7.9270425,0.46309182
1356766293114,7.273266,7.504812,-0.14982383
1356766293154,6.8237944,7.3958488,-0.19068487
1356766293194,6.1700177,8.853226,-0.46309182
1356766293234,7.5456724,8.117727,-0.29964766
1356766293274,7.6954966,8.19945,-1.0760075
1356766293314,8.240311,11.032481,-0.61291564
1356766293354,8.471856,7.8861814,-0.9942854
1356766293394,11.34575,5.407278,1.879608
1356766293434,10.501288,9.302697,-0.50395286
1356766293475,8.308413,9.302697,-1.920469
1356766293514,7.7772183,5.8567495,0.040861044
1356766293554,6.3198414,5.434519,-0.27240697
1356766293594,6.742072,4.7943625,-1.4573772
1356766293635,6.782933,3.1463003,-0.53119355
1356766293675,5.366417,2.7649305,-0.6946377
1356766293714,4.399372,4.1814466,-3.636633
1356766293755,4.3312707,7.246025,-5.8158884
1356766293794,5.8567495,10.079058,-5.8567495
1356766293834,6.1291566,8.539958,-5.8158884
1356766293874,11.413852,7.5865335,-2.5333846
1356766293914,11.836082,11.836082,1.9885708
1356766293954,5.6252036,-1.9885708,2.2609777
1356766294002,7.1234417,6.851035,4.862464
1356766294034,7.6273947,13.565866,1.7297841
1356766294074,7.082581,4.4810944,-0.19068487
1356766294114,6.8237944,6.891896,0.6537767
1356766294154,6.66035,8.008764,1.1849703
1356766294195,6.510526,8.049625,0.7218784
1356766294234,6.3198414,8.539958,0.23154591
1356766294274,7.6273947,6.891896,0.95342433
1356766294314,7.4639506,6.0474343,0.040861044
1356766294355,5.8567495,8.240311,0.27240697
1356766294394,7.3958488,7.5456724,0.38136974
1356766294434,7.164303,7.8589406,-0.7218784
1356766294474,6.701211,10.501288,0.38136974
1356766294514,7.7772183,10.95076,-0.84446156
1356766294554,8.390134,6.0882955,-0.88532263
1356766294594,10.419566,7.6273947,1.879608
1356766294634,9.765789,9.956474,-0.61291564
1356766294674,10.147159,8.689782,-0.38136974
1356766294714,8.049625,6.4015636,-0.27240697
1356766294754,6.4424243,6.5513873,-0.53119355
1356766294794,6.2108784,4.2495484,-0.9125633
1356766294834,5.7886477,3.6774938,0.10896278
1356766294874,4.944186,2.7240696,-0.6537767
1356766294914,4.903325,4.140586,-3.7864566
1356766294954,5.6660647,7.6273947,-6.0201936
1356766295001,5.2165933,9.575105,-5.938472
1356766295034,4.0588636,9.112013,-4.440233
1356766295074,14.669114,10.991621,-3.8273177
1356766295114,8.390134,6.6331096,2.982856
1356766295154,6.238119,-2.1111538,2.3426998
1356766295194,7.8861814,11.563675,3.8681788
1356766295234,6.701211,8.921328,0.42223078
1356766295274,7.1234417,4.6036777,0.19068487
1356766295314,7.164303,7.1234417,0.6537767
1356766295354,6.3607025,8.240311,0.61291564
1356766295394,6.238119,8.240311,0.19068487
1356766295434,6.5922484,8.158588,0.040861044
1356766295474,7.082581,6.973618,0.53119355
1356766295514,7.5456724,6.66035,-0.14982383
1356766295554,5.5162406,8.580819,0.7627395
1356766295594,7.9679036,7.6273947,0.040861044
1356766295634,8.158588,8.62168,-0.61291564
1356766295674,7.6954966,11.536434,-0.27240697
1356766295704,8.349273,8.499097,-1.6889231
1356766295744,9.343558,5.012288,0.040861044
1356766295784,10.95076,8.281172,0.6946377
1356766295824,9.043911,10.651112,-1.0351465
1356766295864,8.689782,8.008764,-0.42223078
1356766295904,6.742072,5.243834,-0.3405087
1356766295944,5.829509,4.4810944,-1.1441092
1356766296001,5.8567495,3.336985,-0.53119355
1356766296025,5.243834,2.8330324,-0.19068487
1356766296064,4.7943625,3.405087,-2.6423476
1356766296104,4.944186,6.66035,-5.6660647
1356766296144,6.5513873,10.378705,-6.5513873
1356766296184,6.1291566,8.853226,-5.5571017
1356766296224,3.6774938,5.407278,-2.7513103
1356766296264,15.6634,12.217452,-1.1849703
1356766296304,6.66035,8.076866,0.7218784
1356766296344,7.082581,-3.1054392,3.636633
1356766296384,8.076866,14.601013,4.630918
1356766296424,7.6954966,5.9793324,-0.040861044
1356766296464,7.273266,5.012288,0.8036005
1356766296504,6.742072,8.076866,0.92618364
1356766296544,5.938472,8.771504,0.88532263
1356766296584,6.469665,7.8180795,0.7627395
1356766296624,7.6273947,6.782933,-0.040861044
1356766296665,7.5865335,6.238119,0.27240697
1356766296705,5.6660647,8.158588,0.14982383
1356766296744,7.3141265,7.9270425,0.313268
1356766296785,7.8861814,7.668256,-1.4982382
1356766296824,6.782933,11.454713,-1.0351465
1356766296864,8.158588,9.302697,-1.0351465
1356766296904,11.454713,5.8567495,1.4982382
1356766296944,11.563675,9.765789,0.3405087
1356766297000,8.240311,11.413852,-1.7978859
1356766297025,8.580819,6.782933,-0.46309182
1356766297064,6.5513873,4.8216033,0.10896278
1356766297104,6.0201936,4.7126403,-1.1168685
1356766297144,6.4424243,3.636633,-0.23154591
1356766297184,5.5571017,2.9556155,0.08172209
1356766297224,4.944186,3.405087,-2.5333846
1356766297264,5.284695,6.8237944,-5.8158884
1356766297304,5.5162406,9.656827,-6.3607025
1356766297344,4.7535014,9.765789,-5.47538
1356766297384,6.782933,7.43671,-3.7864566
1356766297424,15.745122,12.14935,-1.1849703
1356766297464,5.434519,0.6946377,2.6832085
1356766297504,6.4015636,4.903325,4.5219555
1356766297544,8.008764,13.102775,2.1792557
1356766297584,7.3141265,4.8216033,-0.08172209
1356766297624,7.5865335,5.47538,0.23154591
1356766297664,6.5922484,7.4639506,1.0760075
1356766297704,6.3607025,8.049625,1.4165162
1356766297744,6.5513873,8.730643,-0.0
1356766297784,6.510526,7.668256,0.50395286
1356766297824,8.158588,6.0474343,-0.23154591
1356766297864,6.66035,7.8589406,-0.27240697
1356766297904,6.4015636,8.281172,0.9942854
1356766297944,7.3549876,8.281172,-0.3405087
1356766298007,7.3141265,10.732834,0.27240697
1356766298024,8.962189,9.80665,-0.9942854
1356766298064,9.00305,5.366417,-0.8036005
1356766298104,10.038197,7.273266,1.607201
1356766298144,10.147159,10.038197,-1.1441092
1356766298184,10.119919,7.8180795,-0.46309182
1356766298224,7.8589406,6.238119,-0.23154591
1356766298264,6.851035,5.366417,-1.0351465
1356766298304,6.1291566,3.990762,-1.1441092
1356766298344,5.325556,3.6774938,-0.3405087
1356766298384,4.671779,3.0237172,-1.1441092
1356766298424,4.372132,4.671779,-4.099725
1356766298464,5.8976107,8.62168,-6.851035
1356766298504,5.597963,9.915613,-6.742072
1356766298544,5.6252036,7.164303,-3.9499009
1356766298584,16.08563,12.026767,-3.2961242
1356766298624,4.140586,4.440233,3.5957718
1356766298664,6.5513873,2.3426998,2.4516625
1356766298704,8.281172,12.340035,1.8387469
1356766298744,6.4424243,6.469665,0.3405087
1356766298784,7.273266,5.134871,-0.0
1356766298824,7.0553403,7.246025,0.53119355
1356766298864,6.6331096,7.7772183,0.84446156
1356766298904,6.66035,7.504812,0.61291564
1356766298944,6.8237944,7.504812,0.23154591
1356766299001,7.0553403,6.973618,0.46309182
1356766299025,7.246025,7.3141265,-0.23154591
1356766299064,6.8237944,8.539958,-0.040861044
1356766299094,7.8589406,8.049625,0.10896278
1356766299134,7.4639506,8.921328,-0.7627395
1356766299174,7.0553403,11.413852,-0.040861044
1356766299214,8.62168,9.193735,-1.6480621
1356766299254,9.765789,4.944186,0.7627395
1356766299294,11.182305,8.430995,0.6537767
1356766299334,9.507003,9.507003,-1.0351465
1356766299374,8.853226,6.932757,-0.53119355
1356766299414,7.3141265,5.6252036,-0.14982383
1356766299455,6.4015636,5.053149,-1.3075534
1356766299494,6.0474343,3.568531,-0.95342433
1356766299534,5.8976107,2.8738933,-0.42223078
1356766299574,4.5628166,3.445948,-2.5333846
1356766299614,4.671779,6.2789803,-5.134871
1356766299654,5.5571017,9.302697,-5.706926
1356766299694,5.7886477,9.656827,-6.1700177
1356766299735,5.134871,7.6954966,-4.3312707
1356766299774,16.017529,12.258313,-1.879608
1356766299815,5.053149,3.445948,2.8738933
1356766299854,6.469665,3.255263,3.405087
1356766299894,7.9270425,13.6748295,1.9477097
1356766299934,6.973618,5.5571017,-0.10896278
1356766300004,7.3141265,4.7126403,-0.27240697
1356766300015,7.014479,8.049625,1.1168685
1356766300054,6.3198414,8.117727,0.88532263
1356766300094,6.4424243,7.8180795,0.7218784
1356766300134,7.43671,7.0553403,0.5720546
1356766300174,7.504812,6.510526,0.50395286
1356766300214,7.164303,6.973618,-0.14982383
1356766300254,5.7886477,8.771504,0.38136974
1356766300294,7.7363577,7.6954966,-0.38136974
1356766300335,7.668256,9.193735,-0.6946377
1356766300374,8.19945,10.991621,-0.61291564
1356766300414,9.193735,6.8237944,-0.9125633
1356766300454,10.337844,6.851035,1.7297841
1356766300494,9.80665,10.147159,-0.95342433
1356766300534,9.765789,9.425281,-0.8036005
1356766300574,8.499097,6.238119,-0.19068487
1356766300614,6.4424243,5.325556,-0.50395286
1356766300654,6.0474343,3.7864566,-1.1441092
1356766300694,5.706926,3.3778462,-0.27240697
1356766300734,5.053149,3.6774938,-0.42223078
1356766300774,4.7535014,3.486809,-3.3642259
1356766300814,5.243834,6.891896,-5.8158884
1356766300854,5.47538,9.915613,-6.510526
1356766300894,5.7477865,9.152874,-5.938472
1356766300934,14.369467,10.732834,-5.5571017
1356766301004,8.349273,9.724928,3.0237172
1356766301015,4.671779,-2.2201166,1.2666923
1356766301054,8.62168,10.61025,3.0237172
1356766301094,7.5456724,10.460427,0.6537767
1356766301134,7.3958488,4.399372,-0.27240697
1356766301174,7.504812,6.6331096,0.6946377
1356766301214,6.510526,7.668256,1.6480621
1356766301254,6.2108784,8.076866,0.7218784
1356766301294,7.0553403,7.6273947,-0.0
1356766301335,7.9270425,7.164303,-0.040861044
1356766301374,6.851035,7.8861814,0.19068487
1356766301414,6.0882955,8.921328,-0.19068487
1356766301455,7.0553403,8.281172,-0.08172209
1356766301494,7.5865335,8.19945,-1.0760075
1356766301534,7.8861814,10.269742,-0.38136974
1356766301574,8.921328,7.8589406,-1.3075534
1356766301614,10.269742,5.47538,1.334794
1356766301654,10.310603,9.384419,-0.0
1356766301694,9.302697,10.079058,-1.525479
1356766301734,9.043911,6.782933,-0.46309182
1356766301774,7.3141265,5.6252036,0.08172209
1356766301814,6.932757,4.862464,-1.56634
1356766301854,6.1700177,3.405087,-0.61291564
1356766301894,5.366417,3.568531,-0.23154591
1356766301934,4.903325,3.173541,-2.3426998
1356766302005,5.284695,6.1291566,-5.7886477
1356766302024,5.366417,9.656827,-5.7477865
1356766302064,4.7535014,9.043911,-6.1700177
1356766302104,10.651112,9.152874,-4.630918
1356766302144,9.575105,10.882658,2.6423476
1356766302184,6.0474343,-1.6889231,1.2258313
1356766302224,8.117727,9.384419,3.7864566
1356766302264,7.5865335,10.882658,0.88532263
1356766302304,7.205164,4.4810944,0.19068487
1356766302344,7.4639506,6.2789803,0.61291564
1356766302384,6.742072,7.5865335,0.6537767
1356766302424,5.9793324,8.471856,0.61291564
1356766302464,6.469665,8.117727,0.61291564
1356766302504,6.891896,7.164303,0.7218784
1356766302544,7.668256,6.932757,-0.3405087
1356766302584,6.4015636,7.8861814,0.5720546
1356766302624,6.851035,7.9270425,0.50395286
1356766302664,7.5456724,7.668256,-0.10896278
1356766302704,8.281172,9.507003,-0.10896278
1356766302745,8.539958,10.147159,-0.88532263
1356766302785,8.853226,5.6660647,-0.53119355
1356766302824,10.882658,8.008764,1.3075534
1356766302865,9.152874,10.119919,-0.9942854
1356766302904,9.234595,8.008764,-0.46309182
1356766302944,7.273266,6.3607025,0.040861044
1356766303010,6.3607025,5.6660647,-0.9942854
1356766303024,6.5513873,3.990762,-1.2258313
1356766303064,5.9793324,3.7864566,-0.46309182
1356766303104,4.7535014,3.6774938,-1.1441092
1356766303144,4.4810944,4.399372,-3.3642259
1356766303184,5.134871,6.5922484,-4.630918
1356766303224,6.3607025,9.656827,-6.1700177
1356766303264,5.134871,10.841797,-6.1291566
1356766303304,12.53072,9.00305,-3.5276701
1356766303344,10.61025,9.043911,2.2609777
1356766303384,5.6660647,-1.0351465,2.2609777
1356766303424,8.049625,9.997335,4.399372
1356766303464,6.6331096,11.032481,0.8036005
1356766303504,6.973618,4.2495484,0.23154591
1356766303544,6.701211,6.6331096,0.6946377
1356766303584,6.2108784,8.771504,0.8036005
1356766303624,6.469665,7.8861814,0.84446156
1356766303664,7.1234417,7.4639506,0.61291564
1356766303704,7.1234417,6.782933,0.53119355
1356766303744,7.43671,6.891896,-0.0
1356766303784,5.829509,8.771504,0.6946377
1356766303824,6.973618,8.117727,0.313268
1356766303864,7.205164,8.580819,-0.38136974
1356766303904,7.43671,10.95076,0.08172209
1356766303944,8.853226,8.390134,-1.879608
1356766304006,10.038197,5.09401,0.9942854
1356766304025,10.691973,9.00305,1.5390993
1356766304064,9.615966,10.800936,-1.3756552
1356766304104,9.80665,7.8180795,-0.3405087
1356766304144,7.4639506,5.8976107,-0.14982383
1356766304184,6.3607025,4.944186,-1.3756552
1356766304224,5.6660647,3.6774938,-0.53119355
1356766304264,4.9850473,3.214402,-0.0
1356766304304,4.440233,2.7921712,-2.4516625
1356766304344,5.134871,6.2789803,-5.8158884
1356766304384,6.4015636,9.575105,-6.851035
1356766304424,4.7126403,9.112013,-6.1291566
1356766304464,5.325556,7.014479,-2.9556155
1356766304504,14.982383,14.09706,-1.334794
1356766304544,6.0474343,0.38136974,1.9477097
1356766304584,6.851035,3.759216,4.7126403
1356766304624,7.6954966,13.797412,1.4982382
1356766304664,7.0553403,4.944186,-0.5720546
1356766304704,7.082581,5.5571017,0.14982383
1356766304744,6.3198414,8.539958,0.88532263
1356766304784,5.8567495,8.19945,0.42223078
1356766304824,6.782933,7.8861814,0.23154591
1356766304864,6.973618,7.6954966,0.313268
1356766304904,7.668256,6.5513873,0.84446156
1356766304944,7.1234417,7.4639506,-0.27240697
1356766305004,6.0201936,8.580819,0.6946377
1356766305024,7.9270425,7.205164,-0.53119355
1356766305064,7.1234417,9.575105,-0.29964766
1356766305094,7.9270425,10.228881,-1.0351465
1356766305134,9.615966,6.5513873,-1.4165162
1356766305174,10.800936,7.3141265,1.56634
1356766305214,9.888372,10.501288,-0.53119355
1356766305254,9.534244,10.079058,-0.9125633
1356766305294,8.390134,5.829509,-0.10896278
1356766305334,6.782933,4.862464,-0.61291564
1356766305374,6.66035,3.759216,-1.6480621
1356766305414,6.0201936,3.486809,-0.3405087
1356766305455,4.8216033,3.5957718,-0.38136974
1356766305494,4.0588636,3.6774938,-3.3642259
1356766305534,4.7126403,7.8180795,-6.0882955
1356766305574,5.6660647,10.147159,-6.238119
1356766305614,5.243834,8.62168,-5.407278
1356766305654,14.941522,11.876944,-5.012288
1356766305694,6.782933,6.6331096,5.284695
1356766305734,6.0882955,-1.9885708,1.0760075
1356766305775,8.471856,11.876944,4.099725
1356766305815,7.164303,9.234595,0.42223078
1356766305854,7.014479,4.7126403,-0.14982383
1356766305895,7.3549876,6.891896,0.7218784
1356766305934,6.0882955,8.158588,0.92618364
1356766306005,6.0201936,8.076866,0.7627395
1356766306024,6.701211,7.8861814,0.040861044
1356766306064,7.164303,6.932757,0.53119355
1356766306104,7.273266,6.66035,-0.42223078
1356766306144,5.8976107,8.430995,0.5720546
1356766306184,7.5865335,7.668256,0.313268
1356766306224,7.9270425,7.7363577,-1.2258313
1356766306264,7.6273947,10.61025,-0.46309182
1356766306304,8.049625,9.193735,-1.4982382
1356766306344,10.56939,6.742072,1.1441092
1356766306384,10.732834,9.915613,0.53119355
1356766306424,8.539958,10.310603,-1.1168685
1356766306464,9.193735,5.9793324,-0.19068487
1356766306504,6.469665,5.8567495,0.313268
1356766306544,6.3607025,5.325556,-0.6946377
1356766306584,6.8237944,3.214402,-0.19068487
1356766306624,5.7886477,3.0645783,-0.46309182
1356766306664,4.862464,3.214402,-2.1792557
1356766306704,5.434519,6.0474343,-5.053149
1356766306744,6.1700177,10.337844,-6.932757
1356766306784,6.1291566,9.384419,-5.8976107
1356766306824,7.246025,6.4015636,-3.718355
1356766306864,14.437569,11.604536,-0.6537767
1356766306904,6.8237944,2.4925237,1.3756552
1356766306944,6.932757,3.8273177,3.5957718
1356766307001,6.701211,13.375181,2.4108016
1356766307025,6.3607025,6.2789803,0.040861044
1356766307064,7.3958488,5.7477865,-0.0
1356766307104,6.6331096,7.6273947,0.7627395
1356766307144,6.1291566,8.076866,0.7627395
1356766307184,6.6331096,7.6954966,0.46309182
1356766307224,7.273266,7.082581,0.313268
1356766307264,7.6954966,6.701211,0.7627395
1356766307304,7.014479,8.281172,-0.6537767
1356766307344,6.1291566,9.302697,0.46309182
1356766307384,7.5865335,7.7363577,-0.6946377
1356766307424,7.205164,10.501288,0.53119355
1356766307464,8.894087,9.275456,-0.46309182
1356766307504,9.997335,4.372132,-0.10896278
1356766307544,10.95076,7.504812,1.4982382
1356766307584,10.528529,9.193735,-1.334794
1356766307624,8.894087,8.499097,-1.0760075
1356766307664,7.3958488,6.510526,0.23154591
1356766307704,6.8237944,4.7943625,-1.2258313
1356766307744,6.4015636,3.7864566,-1.7978859
1356766307784,5.47538,3.9499009,-0.42223078
1356766307824,4.1814466,3.568531,-1.4982382
1356766307864,4.4810944,4.8216033,-4.5219555
1356766307904,5.407278,8.539958,-6.66035
1356766307944,6.5922484,8.894087,-6.66035
1356766308004,4.0588636,6.0882955,-3.5957718
1356766308025,14.601013,10.378705,-3.445948
1356766308064,7.246025,8.921328,2.1111538
1356766308104,5.7886477,-2.1383946,2.2609777
1356766308144,7.7772183,13.988097,3.405087
1356766308184,6.932757,8.539958,-0.14982383
1356766308224,7.014479,4.3312707,-0.29964766
1356766308264,7.164303,7.1234417,0.88532263
1356766308304,6.701211,7.668256,0.84446156
1356766308344,6.5513873,7.9679036,0.50395286
1356766308384,6.4424243,7.8180795,0.61291564
1356766308424,7.1234417,6.5922484,0.14982383
1356766308464,7.1234417,7.014479,-0.27240697
1356766308504,6.1700177,8.580819,0.84446156
1356766308544,7.4639506,7.8589406,-0.19068487
1356766308584,8.076866,7.4639506,-1.3075534
1356766308624,7.5865335,10.61025,-0.6946377
1356766308664,7.5456724,9.193735,-0.84446156
1356766308704,11.536434,5.829509,1.1441092
1356766308744,12.14935,9.275456,0.6537767
1356766308784,8.812365,10.310603,-1.607201
1356766308825,8.390134,7.668256,-0.5720546
1356766308865,7.0553403,5.284695,0.08172209
1356766308904,6.4424243,4.630918,-0.88532263
1356766308945,6.6331096,3.173541,-0.5720546
1356766308996,5.7477865,3.636633,-0.3405087
1356766309025,4.630918,3.9499009,-2.2201166
1356766309064,5.434519,5.284695,-4.5628166
1356766309104,5.829509,8.158588,-6.0201936
1356766309144,5.09401,9.724928,-6.742072
1356766309184,3.1463003,8.049625,-4.099725
1356766309224,14.859799,9.847511,-2.3426998
1356766309264,8.240311,9.00305,1.7297841
1356766309304,6.0474343,-5.012288,3.8273177
1356766309344,8.771504,14.628253,4.099725
1356766309384,6.510526,8.308413,-0.29964766
1356766309424,6.973618,4.671779,0.3405087
1356766309464,6.701211,7.43671,0.92618364
1356766309504,6.2789803,8.471856,0.7218784
1356766309544,6.4424243,7.7772183,0.19068487
1356766309584,7.1234417,7.9270425,-0.040861044
1356766309624,7.43671,6.782933,0.6537767
1356766309664,6.701211,7.1234417,-0.23154591
1356766309704,5.6252036,8.662541,0.8036005
1356766309744,7.7363577,7.8589406,-0.27240697
1356766309784,6.8237944,9.888372,-0.8036005
1356766309824,7.8861814,11.182305,-0.42223078
1356766309864,9.466142,6.1700177,-1.2666923
1356766309904,10.528529,6.0474343,1.6480621
1356766309944,10.337844,10.119919,-0.38136974
1356766309997,9.234595,9.847511,-0.84446156
1356766310025,8.812365,6.0201936,-0.3405087
1356766310064,6.66035,5.7886477,-0.50395286
1356766310104,6.3607025,4.2495484,-1.2258313
1356766310144,6.510526,3.214402,-0.5720546
1356766310184,5.325556,3.8681788,-0.88532263
1356766310224,4.099725,4.2495484,-3.0237172
1356766310264,4.1814466,6.742072,-4.7126403
1356766310304,6.2789803,9.152874,-5.47538
1356766310344,5.8976107,9.275456,-6.3198414
1356766310384,11.876944,8.730643,-4.5219555
1356766310424,10.528529,10.732834,2.5606253
1356766310464,5.284695,-1.2666923,1.5390993
1356766310504,7.43671,9.234595,4.099725
1356766310544,6.932757,10.841797,1.1168685
1356766310584,7.504812,4.4810944,0.14982383
1356766310624,7.246025,6.4015636,0.50395286
1356766310664,6.1291566,8.008764,0.7218784
1356766310704,6.0882955,8.430995,0.8036005
1356766310744,6.1700177,8.62168,0.19068487
1356766310784,6.66035,7.164303,0.7218784
1356766310824,7.9270425,6.5513873,-0.27240697
1356766310864,5.829509,8.539958,0.3405087
1356766310904,6.66035,8.240311,0.6537767
1356766310944,7.504812,8.730643,-0.46309182
1356766310997,7.7363577,11.536434,-0.0
1356766311025,9.466142,8.580819,-2.2201166
1356766311064,8.730643,5.7477865,0.50395286
1356766311105,10.147159,9.656827,0.95342433
1356766311144,9.615966,9.847511,-0.61291564
1356766311184,9.00305,6.6331096,0.08172209
1356766311224,7.0553403,5.7886477,-0.23154591
1356766311264,6.510526,4.862464,-1.2666923
1356766311304,6.3198414,3.173541,-0.6946377
1356766311344,5.6660647,3.336985,-0.29964766
1356766311384,5.175732,3.255263,-2.3018389
1356766311424,4.9850473,6.4424243,-5.134871
1356766311464,5.434519,9.915613,-5.9793324
1356766311504,4.903325,9.765789,-5.202973
1356766311544,9.507003,9.234595,-4.4810944
1356766311584,11.536434,12.340035,1.2258313
1356766311624,6.8237944,-1.879608,1.4982382
1356766311664,7.6273947,7.9679036,3.9090397
1356766311704,6.973618,11.563675,1.56634
1356766311744,6.932757,5.2165933,-0.10896278
1356766311784,7.273266,6.4015636,0.10896278
1356766311824,6.510526,7.8589406,1.1441092
1356766311864,6.469665,7.8589406,1.2666923
1356766311905,6.4424243,8.19945,0.46309182
1356766311944,6.891896,7.0553403,0.53119355
1356766311991,7.9679036,6.3198414,-0.14982383
1356766312024,6.238119,8.390134,-0.08172209
1356766312064,6.510526,8.771504,0.38136974
1356766312104,7.5865335,8.076866,-1.2666923
1356766312144,7.3549876,11.34575,-0.88532263
1356766312184,7.9679036,10.147159,-1.1168685
1356766312224,9.956474,5.8976107,1.0351465
1356766312264,11.264028,9.112013,0.95342433
1356766312305,9.384419,10.079058,-0.95342433
1356766312344,8.580819,7.1234417,-0.10896278
1356766312384,6.2789803,6.0201936,0.14982383
1356766312424,6.238119,4.862464,-1.0351465
1356766312464,6.2789803,3.405087,-0.3405087
1356766312504,5.5162406,3.214402,-0.27240697
1356766312544,4.862464,3.5276701,-2.1792557
1356766312584,5.053149,5.8976107,-4.5900574
1356766312624,6.851035,8.894087,-6.2108784
1356766312664,5.434519,10.269742,-6.2108784
1356766312704,6.0882955,8.539958,-3.6774938
1356766312744,15.023244,12.762266,-1.6889231
1356766312784,5.938472,1.4573772,2.2609777
1356766312824,6.66035,2.5606253,3.7864566
1356766312864,7.3549876,13.988097,1.9885708
1356766312904,5.7886477,6.5922484,-0.040861044
1356766312944,7.3958488,5.47538,0.27240697
1356766313002,6.701211,7.5865335,1.0760075
1356766313025,6.3607025,8.076866,0.5720546
1356766313064,6.5922484,7.43671,0.23154591
1356766313104,6.973618,7.5865335,0.50395286
1356766313144,7.082581,7.0553403,0.27240697
1356766313184,6.932757,8.158588,-0.3405087
1356766313224,6.2108784,8.730643,0.46309182
1356766313264,7.5865335,7.8180795,-0.9125633
1356766313304,6.701211,9.847511,-0.84446156
1356766313344,7.5865335,10.800936,-1.2258313
1356766313384,9.724928,6.2789803,-0.23154591
1356766313424,11.876944,8.008764,1.7570249
1356766313464,9.112013,10.800936,-0.8036005
1356766313504,9.384419,8.62168,-0.8036005
1356766313544,8.390134,5.938472,0.040861044
1356766313584,6.510526,5.243834,-0.95342433
1356766313624,6.2789803,3.5276701,-1.0351465
1356766313664,5.8976107,3.2961242,-0.27240697
1356766313704,4.8216033,3.1054392,-1.1849703
1356766313744,4.2904096,4.7943625,-4.399372
1356766313784,5.47538,8.390134,-6.3198414
1356766313824,6.2789803,10.228881,-6.2108784
1356766313864,5.5571017,8.240311,-5.243834
1356766313905,14.818938,12.108489,-1.7297841
1356766313944,5.053149,3.568531,2.7649305
1356766313998,6.66035,3.445948,2.7921712
1356766314024,7.8180795,12.026767,2.4925237
1356766314064,7.0553403,5.829509,0.27240697
1356766314104,7.6954966,4.862464,0.08172209
1356766314144,6.851035,7.3141265,1.3075534
1356766314184,6.238119,8.19945,0.92618364
1356766314224,6.3198414,7.9679036,0.3405087
1356766314264,7.246025,7.5456724,0.50395286
1356766314304,7.668256,6.66035,0.3405087
1356766314344,6.510526,8.076866,0.14982383
1356766314384,6.3198414,8.771504,0.7218784
1356766314424,7.4639506,8.117727,-0.84446156
1356766314464,7.6273947,10.419566,-0.29964766
1356766314504,9.384419,9.084772,-1.8387469
1356766314544,9.697687,5.5162406,0.53119355
1356766314584,10.56939,8.962189,0.7627395
1356766314624,9.343558,9.507003,-1.4573772
1356766314664,8.962189,7.4639506,-0.61291564
1356766314704,6.932757,5.5162406,0.040861044
1356766314744,6.3607025,5.09401,-0.95342433
1356766314784,6.3607025,3.8273177,-1.2666923
1356766314824,5.8976107,3.5276701,-0.29964766
1356766314864,4.9850473,3.255263,-1.6889231
1356766314905,4.7943625,5.053149,-4.5900574
1356766314945,4.9850473,9.507003,-6.2789803
1356766314984,5.706926,10.18802,-6.1291566
1356766315013,5.7477865,8.008764,-5.053149
1356766315055,14.2877445,11.182305,-4.7943625
1356766315094,7.164303,5.5571017,3.8273177
1356766315134,6.0201936,-0.46309182,1.9477097
1356766315174,8.240311,13.021052,3.0645783
1356766315214,6.782933,8.240311,0.08172209
1356766315254,7.5456724,4.7126403,-0.46309182
1356766315294,7.4639506,7.164303,0.84446156
1356766315334,6.238119,7.8861814,1.1441092
1356766315374,6.2108784,7.9679036,0.84446156
1356766315414,6.973618,7.5865335,0.10896278
1356766315455,6.973618,6.8237944,0.27240697
1356766315494,7.273266,7.246025,-0.6537767
1356766315534,5.5571017,8.580819,-0.3405087
1356766315574,6.973618,8.308413,-0.38136974
1356766315614,7.5456724,8.580819,-1.3756552
1356766315654,7.3141265,11.795221,-0.53119355
1356766315694,8.62168,9.152874,-1.56634
1356766315734,9.915613,5.053149,0.84446156
1356766315774,11.372991,8.771504,0.6946377
1356766315814,8.158588,11.454713,-1.4982382
1356766315854,8.580819,6.66035,-0.3405087
1356766315894,6.742072,5.5162406,-0.0
1356766315934,6.2789803,5.2165933,-1.1441092
1356766315974,6.932757,3.3778462,-0.6946377
1356766316014,5.8976107,3.405087,-0.6946377
1356766316054,4.5219555,4.5219555,-2.6832085
1356766316094,4.5628166,6.1291566,-5.053149
1356766316134,5.6252036,8.689782,-5.407278
1356766316174,5.597963,8.730643,-5.938472
1356766316214,4.3312707,7.1234417,-4.140586
1356766316254,15.28203,11.114203,-2.4108016
1356766316294,8.008764,9.152874,1.8387469
1356766316334,7.1234417,-4.4810944,1.5390993
1356766316374,7.43671,14.2877445,4.5219555
1356766316414,6.891896,8.689782,0.46309182
1356766316454,7.3141265,4.099725,-0.38136974
1356766316494,6.66035,7.5865335,1.1441092
1356766316534,6.2789803,8.349273,1.2258313
1356766316574,6.2108784,8.471856,0.3405087
1356766316614,7.082581,7.7363577,0.19068487
1356766316654,7.504812,6.510526,0.27240697
1356766316694,6.851035,7.082581,-0.38136974
1356766316734,5.284695,8.730643,1.1441092
1356766316774,7.6954966,7.3958488,-0.19068487
1356766316814,7.273266,8.19945,-0.61291564
1356766316854,6.8237944,11.75436,-0.27240697
1356766316894,8.662541,9.043911,-1.1849703
