1356766156609,0.0,0.0,0.0
1356766156647,0.0,0.06805611,0.76223135
1356766156690,-0.04082668,0.040468216,-0.15369725
1356766156738,3.504753E-4,0.14770031,0.36504167
1356766156778,0.0010285378,0.06265259,0.30570585
1356766156817,-0.06595814,0.17964363,-0.058852702
1356766156857,0.0037648678,0.40240002,0.062246084
1356766156900,0.0058841705,0.26677418,-0.26709315
1356766156937,-0.032482505,0.17971802,0.7414517
1356766156978,-0.0571481,0.34575367,0.25664985
1356766157020,-0.02717638,-0.039276123,0.15533298
1356766157059,0.05744517,0.13192368,0.6791446
1356766157098,0.10123825,-0.023593903,0.5707242
1356766157137,0.02165234,0.1380167,0.5362549
1356766157180,0.021960258,0.2639761,-0.23203188
1356766157230,-0.17119205,-0.28638554,-0.33542112
1356766157268,-0.13289869,-0.19182014,-0.007859945
1356766157310,0.01589632,-0.03747654,-0.50926757
1356766157348,-0.023145556,-0.20351505,0.12599409
1356766157390,0.10400915,-0.3079691,-0.10458851
1356766157428,0.02821076,-0.02388382,-0.12920332
1356766157469,-0.15712106,-0.04729843,-0.21380144
1356766157558,-0.003393054,0.055609703,0.303787
1356766157559,0.16270876,-0.004693985,-0.20190829
1356766157585,-0.14885545,0.054376602,0.24036688
1356766157626,-0.25680935,-0.35472965,0.90595853
1356766157668,-0.6360841,-0.1962738,0.6330537
1356766157707,-0.7924986,-0.27074623,0.38523376
1356766157747,-1.2638614,-0.13855171,0.09051263
1356766157789,-1.6045744,-0.055743217,-0.0037885308
1356766157827,-1.1172318,-0.105358124,-0.06199175
1356766157868,-1.140795,-0.396842,-0.049311876
1356766157907,-1.0106115,-0.10084152,0.26012218
1356766157948,-0.43543196,-0.45710278,0.2564466
1356766157987,-0.27254868,-0.23923588,0.20994437
1356766158028,0.2655747,0.09008217,-0.11589068
1356766158069,-0.06065631,-0.068525314,-0.31629282
1356766158109,-0.02550149,0.38332844,0.20734859
1356766158148,-0.23278522,0.37960625,0.1754055
1356766158187,0.18228292,0.8822174,-0.4398678
1356766158229,-0.15007377,0.6441746,-0.18110192
1356766158267,0.11770463,0.99942017,-0.94014496
1356766158309,-1.4722948,1.9416752,-0.42396194
1356766158348,-1.0134013,1.475687,-0.8598434
1356766158389,1.8309397,0.6427479,-2.3150382
1356766158429,0.7583865,0.8789816,-1.0188999
1356766158467,-0.36634493,2.0936546,0.9979217
1356766158546,1.2573701,2.017603,0.020993352
1356766158554,1.0591385,0.08798313,-1.3334992
1356766158586,0.6536398,-1.1310406,-0.889323
1356766158627,1.0174733,-2.0738277,-0.96140754
1356766158668,2.0049605,-3.1449118,-1.4426007
1356766158708,2.1604273,-5.0783987,-1.335491
1356766158748,1.9767051,-5.9187565,-2.057035
1356766158788,1.1833833,-4.9064727,-3.73763
1356766158828,-1.3187939,-2.5280495,-6.263949
1356766158868,-3.7903824,-1.3662405,-7.1002007
1356766158907,-1.3608207,-0.22297573,-3.8107436
1356766158948,-0.18217576,5.7238836,-1.6206322
1356766158987,-2.734233,3.4113731,2.9666944
1356766159030,6.5194516,-4.716218,4.392291
1356766159072,-3.1361976,2.5059204,5.5692415
1356766159111,-4.982539,3.7899427,5.7216973
1356766159149,2.2984858,0.18340397,2.4158368
1356766159189,0.39781332,0.99400234,2.3027196
1356766159229,-0.84495926,0.5904579,3.6518116
1356766159270,-1.5710111,0.3824091,3.5396848
1356766159310,-2.1173997,0.81596184,1.1400489
1356766159347,-0.67254186,0.3268118,-0.259876
1356766159390,1.0242383,-0.10357952,0.24904038
1356766159429,0.17479706,-0.0040254593,-0.3935769
1356766159470,-1.3259482,0.42893505,-0.01900208
1356766159535,0.6740048,0.7096157,-0.44499815
1356766159550,-0.016124249,1.3295603,-1.7190222
1356766159588,-2.3343973,3.9188223,0.041196167
1356766159629,1.3803,1.33039,-1.3325969
1356766159669,3.2483492,1.9579239,-0.2634675
1356766159716,-1.6407621,4.488302,0.9840474
1356766159751,-0.003451109,1.926796,-0.24547991
1356766159789,2.4079313,-0.36767864,0.052148342
1356766159829,1.9219409,-2.4900112,-0.47378457
1356766159869,2.7424965,-3.2205105,-1.6289309
1356766159910,2.9263947,-4.248675,-0.9182266
1356766159950,2.004921,-5.55024,-1.2079409
1356766159988,1.6225666,-6.4907827,-3.4488313
1356766160031,-0.39359963,-4.5669804,-5.393154
1356766160068,-1.2566645,-2.5961723,-5.259935
1356766160110,-3.0879486,0.38867092,-6.2614136
1356766160149,-1.6716557,5.2771006,-5.910346
1356766160189,-3.5077074,4.7168703,2.8860226
1356766160231,5.2384257,-7.1496572,6.4815435
1356766160269,-3.6245618,2.9772358,3.5975704
1356766160314,-5.499218,4.9510202,6.488744
1356766160349,0.88667977,-0.004389763,2.4565215
1356766160390,0.82340336,1.078845,2.8092506
1356766160428,-0.17191458,1.1523705,3.5054197
1356766160471,-1.1226094,0.7137785,3.026908
1356766160540,-0.58170867,0.521904,1.4986748
1356766160549,0.22362947,0.42264366,0.73320574
1356766160586,0.5693202,-0.28063297,0.12321209
1356766160626,0.44804025,-0.021512032,-0.31456417
1356766160666,-0.53173685,0.8557749,-1.7846863
1356766160705,-0.6875124,0.8959503,-1.3945954
1356766160748,-2.5398345,3.4716377,-0.98151386
1356766160787,0.4423089,2.0585108,-0.93278986
1356766160828,4.038192,0.6271534,-0.48418695
1356766160867,1.393261,4.2517796,0.87238777
1356766160908,-0.42803454,1.7909718,-0.2555775
1356766160947,2.4177861,-1.14153,-0.3346511
1356766160987,1.3404809,-2.7559986,0.12816241
1356766161027,1.6712819,-3.1777058,-1.00646
1356766161070,2.9815114,-3.8420773,-0.8533031
1356766161111,2.7389116,-4.567866,-0.9599749
1356766161149,1.9520597,-5.0585966,-2.354138
1356766161189,0.34286976,-3.9178286,-4.7131968
1356766161229,-1.5265708,-1.8249283,-5.0276737
1356766161270,-3.175733,0.1901331,-6.1976056
1356766161313,-2.8350916,-1.4592838,-4.5751247
1356766161350,0.6303752,6.7171183,0.23696697
1356766161388,-3.4403133,2.8612413,3.1782246
1356766161429,6.3542566,-5.0459466,5.8337107
1356766161469,-3.9808416,3.81775,6.7359304
1356766161536,-2.767622,2.5585794,3.8934703
1356766161554,0.8153619,-0.20883274,2.3634343
1356766161587,-0.96752167,0.99735546,2.8183978
1356766161637,-1.9787784,0.6887474,2.8619065
1356766161677,-2.2129624,0.47735882,2.0074317
1356766161718,-1.4740062,-0.39056683,1.3761363
1356766161757,1.4322927,-0.033673286,0.28719467
1356766161798,-0.33040714,-0.2248621,-0.91178185
1356766161837,-0.6253419,0.3496275,-0.04224783
1356766161877,0.8404695,0.9965248,-0.6856971
1356766161917,-0.6298394,0.3912859,-1.8852443
1356766161959,-2.7614691,2.654522,-0.9518391
1356766161997,-1.5625296,2.0178185,-0.49014392
1356766162037,3.685218,1.4863119,-0.8235319
1356766162077,0.7988517,5.2275534,0.44720975
1356766162129,-1.3024821,2.4108858,0.115881175
1356766162167,1.8623635,-0.42139626,0.2914851
1356766162208,1.4148847,-2.951582,-0.2770324
1356766162247,2.5355217,-4.1362457,-0.9316047
1356766162288,3.6512203,-4.9660153,-0.6516346
1356766162327,3.0647004,-5.6530986,-0.8047962
1356766162367,2.3736057,-5.235977,-3.3302763
1356766162407,0.47426438,-2.652423,-6.6490035
1356766162448,-2.455679,-0.65931606,-5.9999886
1356766162488,-1.2441666,-1.388792,-5.477749
1356766162537,0.9053961,-2.845089,-2.6468303
1356766162571,-0.47814286,8.254282,1.4531133
1356766162608,-2.9951863,0.09473324,1.1929181
1356766162649,4.8725567,-5.564087,6.931267
1356766162692,-7.989428,6.3004513,5.857189
1356766162730,0.8133077,1.1867094,2.793279
1356766162768,1.4847276,-0.11684036,1.6505353
1356766162810,-1.190795,1.2913456,3.7382545
1356766162848,-2.330434,1.0708504,3.5873857
1356766162889,-2.0410903,0.62524796,2.2914758
1356766162929,-1.2131779,0.43331337,0.7348329
1356766162970,0.45389616,0.31188583,0.6048806
1356766163010,-0.048918724,0.1826601,-0.5850059
1356766163047,-1.2784908,0.50759983,-0.21809639
1356766163090,1.0323168,1.1724415,-0.55651486
1356766163128,-1.5034513,2.682537,-1.2460144
1356766163170,-2.1837995,2.9193563,-0.4598784
1356766163209,2.5148318,0.7662306,-1.625208
1356766163249,2.0424895,3.8368711,-0.10071865
1356766163299,-0.9822607,4.424365,0.8450619
1356766163330,0.71485734,1.2862606,-0.20230919
1356766163370,1.6354623,-1.0322208,-0.059195615
1356766163408,2.1029696,-3.2999024,-1.0401679
1356766163450,2.844106,-3.998804,-1.1146489
1356766163488,2.5975924,-5.134515,-0.23816426
1356766163569,2.0946045,-6.3525143,-0.7372482
1356766163570,1.9343919,-6.703721,-3.6064196
1356766163596,-0.91449344,-3.4214892,-6.461949
1356766163652,-2.4126291,-0.41946507,-7.0261145
1356766163686,-2.2647948,-1.0147018,-6.007334
1356766163725,0.921998,4.2014027,-2.428929
1356766163766,-4.265074,4.7422953,2.5741222
1356766163807,5.883277,-6.8838916,4.9040627
1356766163847,-6.5694027,5.128415,6.635421
1356766163889,-2.5103142,3.4878492,4.310463
1356766163927,1.9806194,-0.044164658,2.310014
1356766163969,0.41900504,0.8509283,3.247454
1356766164007,-1.2521946,0.94820595,3.8733268
1356766164049,-1.4891596,0.43977928,2.9292598
1356766164088,-1.1800704,0.7840948,1.5348616
1356766164129,-0.011250734,-0.3335228,0.9553129
1356766164169,1.2958332,-0.19970703,0.3998265
1356766164209,-1.0430095,-0.029108047,-0.39134133
1356766164250,0.3902855,0.8537369,-0.07685283
1356766164288,-0.41376066,1.3697529,-1.3425026
1356766164330,-2.5252872,4.0036182,-0.011161923
1356766164368,1.4764885,1.9144087,-1.4683626
1356766164409,3.0053535,1.3615417,-0.2977779
1356766164449,0.23940897,4.1137695,0.65504074
1356766164489,-0.033188343,2.7648973,0.54406273
1356766164542,1.4654546,-0.065984726,0.1195654
1356766164567,1.4990985,-2.6577787,-0.08007726
1356766164610,2.233656,-4.233532,-1.273491
1356766164648,3.1731462,-5.084451,-1.0763941
1356766164690,2.8073802,-5.481408,-1.0765443
1356766164729,2.3141088,-5.706613,-2.8981564
1356766164769,-0.3632517,-3.693162,-6.2035604
1356766164808,-2.918335,-1.50846,-6.9543753
1356766164849,-2.1996417,-0.040109634,-5.9683166
1356766164889,-0.94378483,0.4173193,-4.124511
1356766164930,-1.9577605,9.148855,1.3643209
1356766164971,3.9498754,-4.1208525,3.9305217
1356766165007,0.22059792,-1.513722,5.721801
1356766165050,-7.6000857,5.593195,6.636595
1356766165088,0.023007154,0.29016972,2.6599298
1356766165129,0.36772144,0.51584053,2.684686
1356766165168,-0.6473894,0.71790504,3.5888305
1356766165210,-1.4392889,0.54175663,3.346022
1356766165248,-1.8851678,0.27572346,2.1030207
1356766165290,-0.5718758,-0.17355442,1.4266539
1356766165329,1.3321841,-0.17513943,-0.028097838
1356766165370,-0.7537308,-0.14017582,-0.106142305
1356766165409,-0.3020177,0.4416418,0.41410202
1356766165449,0.4332955,0.6714821,-0.81888086
1356766165490,-0.08710909,1.2545671,-2.0821812
1356766165539,-2.5099802,3.5578194,-0.46004617
1356766165569,1.4568548,1.6036892,-1.181529
1356766165610,2.7668,2.9253912,-0.18003863
1356766165648,-1.2403212,3.9218302,0.3040523
1356766165689,0.21024585,1.9122372,-0.269477
1356766165728,1.2854909,-0.5719328,0.15916938
1356766165770,1.7836066,-3.1329093,-0.88880706
1356766165808,2.9007492,-3.7217274,-1.3977036
1356766165849,2.8408158,-4.976554,-0.44254094
1356766165889,2.1435075,-6.0252824,-1.0835004
1356766165929,1.8694322,-5.6957083,-3.291866
1356766165969,0.30229354,-2.8919563,-5.6171536
1356766166009,-2.1226804,-1.016715,-5.973774
1356766166050,-2.3976107,-0.32981014,-5.674743
1356766166088,-0.38431072,1.9536676,-3.844387
1356766166130,-3.707899,6.629116,1.4183502
1356766166168,6.230994,-6.5188813,4.6484833
1356766166210,-4.0476637,1.7018499,4.737236
1356766166248,-6.626693,5.2712994,6.0989084
1356766166289,1.170185,-0.1693325,1.829692
1356766166329,0.40365434,1.0105047,2.7604535
1356766166369,-0.37060487,0.9220772,4.034486
1356766166409,-1.1507816,0.5646353,3.4971395
1356766166447,-1.1161804,0.48487473,2.3049061
1356766166490,0.91148806,0.18127632,1.3165588
1356766166542,1.3632729,0.41230392,-0.089512646
1356766166570,-0.21463537,0.37374783,-0.91461575
1356766166608,-0.56666493,0.95498085,-0.17938507
1356766166667,0.22832727,0.67333126,-1.5584913
1356766166687,-1.3266747,1.8147221,-1.8130723
1356766166727,-2.3907413,3.3393745,0.37666303
1356766166765,3.308969,1.7117796,-1.0224968
1356766166808,2.060748,4.7187624,0.51431847
1356766166848,-0.40728402,3.3910732,-0.058989674
1356766166896,1.5371017,0.596406,-0.37299383
1356766166939,1.1073457,-2.661337,0.8522873
1356766166986,1.6690277,-3.9263906,-0.6257193
1356766167019,2.9240355,-4.9796114,-0.3966486
1356766167060,2.8400335,-5.8399024,0.21132112
1356766167099,2.0254326,-6.425047,-2.0368013
1356766167140,0.4662341,-4.2330613,-5.9345737
1356766167178,-2.8299863,-0.67320347,-7.0485315
1356766167222,-2.595903,-0.761075,-6.880066
1356766167269,0.27302355,-2.49786,-2.3913326
1356766167310,-5.2555594,8.685062,-0.14125872
1356766167356,5.644574,-7.0604124,5.359461
1356766167389,-2.5608304,0.9463997,5.691806
1356766167430,-6.837636,7.0740843,6.190078
1356766167468,2.3000884,-0.51488304,2.1130283
1356766167498,1.0207665,0.7300129,3.013043
1356766167539,-0.9837762,1.7495127,3.077845
1356766167578,-2.0995116,1.1182232,2.7948077
1356766167618,-0.71865344,0.96725845,2.5548398
1356766167658,0.20869875,0.4514904,0.92708737
1356766167698,1.9166472,0.2131176,0.0365528
1356766167738,-0.99038076,0.0019292831,0.17344919
1356766167779,-0.56388354,0.95114326,-0.027481973
1356766167818,-0.5050795,0.9310541,-1.2850528
1356766167858,-1.9159198,3.318056,-0.77862537
1356766167898,-0.14634418,3.1009293,-0.93846303
1356766167938,3.685061,0.7387581,-0.8343604
1356766167978,2.0359821,3.945221,0.23070735
1356766168017,-0.7114403,3.0030117,0.023210287
1356766168058,1.1371654,0.26917458,0.34329784
1356766168097,1.7524549,-2.311123,0.10657346
1356766168139,2.476741,-3.240303,-1.3644992
1356766168177,3.1912253,-5.0552316,-0.7563863
1356766168218,2.9287505,-6.8173246,-0.7356117
1356766168258,1.9866633,-6.684901,-2.7657902
1356766168297,-0.09216571,-3.8340044,-6.5138197
1356766168338,-2.0520372,-0.77905464,-6.500436
1356766168377,-3.2646098,-0.874423,-7.1621017
1356766168418,-0.63050574,1.0838051,-4.555217
1356766168457,-5.413311,7.218483,2.0665889
1356766168497,8.46089,-6.76149,5.511115
1356766168540,-3.3595161,1.880682,5.0590563
1356766168577,-7.622843,7.112974,7.889861
1356766168617,1.6733165,0.078113556,1.9060321
1356766168657,0.83251125,1.1125259,2.6234493
1356766168697,-1.444555,1.3278866,3.4914758
1356766168737,-1.8399996,0.74299335,3.147099
1356766168777,-1.8218896,0.98074245,1.5006814
1356766168817,-0.022657633,0.13689613,0.8159893
1356766168857,1.6170595,-0.35519886,-0.24576458
1356766168897,-1.2113957,-0.7054453,-0.7419017
1356766168937,-0.074726105,0.80398655,-0.6087541
1356766168977,0.41827297,0.86953926,-2.2673662
1356766169017,-2.1800103,3.6239223,-1.0848954
1356766169057,-0.12188482,2.42595,-0.787805
1356766169097,3.4723568,1.8263617,-0.07196599
1356766169137,-0.34657955,5.078349,0.41189104
1356766169177,-0.49198413,2.3344393,0.06531575
1356766169217,2.0191233,-0.3701458,0.9122004
1356766169257,1.8201163,-2.980627,-0.063982636
1356766169307,3.0906641,-4.584314,-0.73077875
1356766169357,3.0671663,-4.7313304,0.011788733
1356766169401,2.6863704,-5.959895,-2.073568
1356766169438,1.5274363,-5.4538493,-5.4628024
1356766169487,-0.19332528,-2.4839382,-5.3878117
1356766169538,-2.294618,0.87751484,-7.511641
1356766169564,-1.9136549,-0.0799799,-6.1870923
1356766169607,-4.1239944,9.114145,2.0006986
1356766169648,4.1182747,-5.7271194,3.4672508
1356766169688,-2.4156384,0.37859535,4.584073
1356766169727,-5.300081,5.46035,5.9834104
1356766169767,0.6022755,0.4578104,2.4466963
1356766169805,0.8725591,0.59585476,2.9574769
1356766169847,-1.7194697,0.8628626,3.6899502
1356766169887,-2.3007731,1.0895777,2.8839772
1356766169927,-1.0461521,0.68300533,2.361189
1356766169967,0.38794577,0.53388214,1.4645026
1356766170007,0.65846145,0.484375,0.2854036
1356766170047,-1.1782892,0.27297783,-0.05248852
1356766170087,-0.42879033,1.1314173,-0.0084168315
1356766170127,0.021738768,1.2908478,-1.1502707
1356766170167,-1.6159964,3.7573757,0.12665814
1356766170207,2.525704,1.941556,-1.7515507
1356766170247,3.7151203,0.9407215,-0.55615693
1356766170287,0.7617136,4.6246786,0.25667185
1356766170327,-0.9779203,2.7778778,-0.11477792
1356766170367,1.0676248,-0.23769951,0.15632123
1356766170407,1.7285388,-2.5522394,-0.16309083
1356766170447,2.4568822,-3.518896,-0.85216403
1356766170487,2.8626027,-5.129023,-0.42481792
1356766170543,2.2968426,-6.416437,-0.32806724
1356766170569,1.4298981,-6.732316,-2.1419296
1356766170611,0.21040797,-3.9574456,-6.2670946
1356766170649,-2.8368416,0.1881361,-7.5979977
1356766170690,-2.568929,0.19530773,-6.134063
1356766170727,0.015235662,3.2772894,-2.7756357
1356766170770,-3.9109802,6.5002003,1.8610188
1356766170808,5.407344,-6.405321,4.8271484
1356766170849,-4.163692,2.49335,4.7778273
1356766170888,-4.9496026,4.742797,5.191355
1356766170928,1.4472771,0.13372135,2.1459508
1356766170968,0.4501285,0.15670204,2.9954178
1356766171008,-1.9060014,0.55366135,3.229727
1356766171048,-2.3713164,0.32139397,2.2729473
1356766171088,-1.0184371,-0.016579628,2.318472
1356766171128,0.4449054,0.114414215,1.4085255
1356766171168,1.1232046,-0.1828661,-0.22655177
1356766171208,-1.3083026,0.30911922,0.54059017
1356766171248,-0.5545516,0.93507576,-0.20655847
1356766171288,0.006157398,1.1710558,-1.4151125
1356766171328,-1.2381594,3.5804834,-0.7223158
1356766171368,1.5519583,1.9791374,-2.0085301
1356766171408,3.1482532,1.2321577,-0.61669505
1356766171448,0.70455813,4.828722,0.002347052
1356766171478,-1.259934,2.8006077,-0.103048265
1356766171537,0.9538623,1.1621952,-0.1648769
1356766171548,2.569359,-0.56314945,0.924337
1356766171588,2.8364344,-3.4653344,-0.90915936
1356766171628,2.8288503,-5.13075,-1.1415875
1356766171668,3.2869792,-5.878932,-0.24637128
1356766171708,2.307911,-7.0180936,-1.0966362
1356766171748,1.1708368,-5.6873255,-4.3412414
1356766171788,-1.4844841,-0.061275482,-6.915181
1356766171828,-3.795248,0.9791374,-7.9691477
1356766171868,-2.5720472,-2.7507577,-5.921854
1356766171908,-0.5243808,5.4025517,-1.6086582
1356766171949,-3.5894597,1.7571507,4.6131487
1356766171989,4.3447313,-4.9562616,4.120773
1356766172030,-6.038647,5.559968,6.9167156
1356766172068,-1.8347305,2.5759468,3.4524517
1356766172108,0.7972033,-0.6124368,2.6314769
1356766172148,-0.4334563,1.1277208,3.9034145
1356766172188,-1.974673,1.2166624,2.8387442
1356766172228,-1.1683874,1.3108015,3.0142796
1356766172268,0.29862165,0.47714615,2.0385478
1356766172308,1.084172,0.13960648,1.0707113
1356766172348,-0.39280653,0.49089146,-0.34320825
1356766172388,-0.5821669,0.7537861,-0.5485371
1356766172428,0.8715215,0.70490646,-2.0852213
1356766172468,-1.1180897,2.0902147,-1.4980803
1356766172535,-0.76502347,2.740654,-0.12624806
1356766172549,3.2896638,2.1149683,-0.43946078
1356766172588,1.9068048,5.805626,0.49876207
1356766172628,-1.3467219,2.808465,-0.41471282
1356766172668,1.470756,0.09812832,0.73147684
1356766172725,1.889057,-2.773738,0.6151113
1356766172747,2.1609616,-4.171765,-1.1166402
1356766172787,3.4410515,-5.1160192,-0.8238697
1356766172825,2.3831882,-5.674386,-0.5306385
1356766172867,1.5501908,-6.2095,-2.6770144
1356766172907,0.2527001,-4.640022,-5.763766
1356766172947,-0.7965287,-1.106514,-6.8650017
1356766172987,-2.0648828,0.34687042,-6.980736
1356766173029,-0.9075367,0.88312817,-4.218094
1356766173069,-4.054333,7.737932,1.8021557
1356766173107,5.26877,-6.59795,4.1722193
1356766173148,-4.415846,1.0845213,4.746911
1356766173187,-5.1904454,4.6098413,5.832898
1356766173227,1.0766326,-0.072340965,2.3831387
1356766173267,0.9091459,0.8540869,2.8980777
1356766173307,-0.8506471,0.9727001,3.6236343
1356766173347,-1.6059952,1.1639214,3.367692
1356766173387,-1.4984814,0.9214392,2.1726246
1356766173427,-0.90674853,0.37930202,1.310288
1356766173467,1.0531733,0.49398232,0.43180907
1356766173536,-0.5917251,0.51100636,-1.2980338
1356766173549,-0.31161547,0.82870674,-0.91470814
1356766173588,-0.16405892,0.9766264,-1.6399927
1356766173628,-1.3163753,3.543851,-0.86033374
1356766173668,1.2928121,1.6190205,-1.2118753
1356766173708,3.240201,2.8474169,0.065163195
1356766173748,1.408411,4.09182,0.9150797
1356766173788,-0.46430254,1.5558023,-0.09397705
1356766173828,1.8211516,-0.7259741,0.3929949
1356766173868,1.6530228,-2.9299574,0.1892006
1356766173908,2.4890795,-4.1144743,-0.7632432
1356766173949,2.767981,-5.230045,-0.6546262
1356766173988,2.0927036,-6.429942,-1.0973253
1356766174028,1.3595365,-5.8457766,-3.4810548
1356766174068,-0.32415247,-2.514742,-6.2482004
1356766174108,-2.0507522,-0.056842804,-6.6878066
1356766174148,-2.027387,-1.1635132,-5.228992
1356766174189,1.4602422,3.4319239,-1.5048711
1356766174230,-4.542691,6.3438606,1.5928524
1356766174268,4.1690373,-6.2532625,4.05315
1356766174311,-2.3234565,0.23478603,5.054989
1356766174348,-6.023471,5.048458,4.772618
1356766174388,0.94879353,-0.21182156,1.9525218
1356766174428,0.27742672,0.47601414,2.0043197
1356766174468,-1.3698084,0.8527937,3.5625277
1356766174536,-1.7504966,0.45714378,3.4346304
1356766174549,-2.0334365,0.9159117,1.4577808
1356766174588,-0.5308775,0.046405792,0.77059764
1356766174628,1.8921872,0.6262083,0.4702801
1356766174668,-0.669049,0.457551,-0.8916745
1356766174708,-0.94284964,1.2757292,0.13957918
1356766174748,-1.3873155,1.7068558,-1.3046755
1356766174788,-3.8153188,4.280487,-0.20561072
1356766174828,1.3465588,2.230383,-1.4704368
1356766174868,3.6280203,0.23328018,-0.78992444
1356766174908,1.5303342,3.8818436,0.5465388
1356766174948,-0.3129375,2.726637,0.06323749
1356766174987,1.6781518,-1.1738968,0.56779146
1356766175027,1.6963688,-3.0279055,-0.52135414
1356766175067,2.147569,-3.456192,-1.3467573
1356766175107,3.6262364,-5.053561,-0.8928547
1356766175147,2.7979476,-6.3880415,-1.1018636
1356766175187,2.032177,-5.869916,-2.8647237
1356766175227,-0.02784288,-2.3318405,-6.13105
1356766175268,-2.5422602,0.46371937,-7.475725
1356766175307,-2.483263,-1.089014,-5.928604
1356766175348,-0.13856006,-2.6871042,-1.1974149
1356766175388,-2.7279584,9.49637,1.0396329
1356766175428,1.743666,-4.0631275,3.9410093
1356766175467,4.265495,-3.3688097,5.9541817
1356766175538,-9.077838,6.5552015,6.0942802
1356766175554,1.651317,-0.22440243,2.6268024
1356766175586,0.74892807,0.25153732,2.492732
1356766175627,-1.2694577,1.6199713,3.3912563
1356766175667,-1.7766249,1.3930511,2.8897252
1356766175707,-1.4098387,0.90293884,2.087222
1356766175747,-0.51112235,0.9024086,0.9846774
1356766175787,0.73828703,0.6036043,0.15339352
1356766175825,-0.52565527,0.41944504,-1.017904
1356766175867,-0.9634441,1.1708555,-0.08500737
1356766175907,-0.17579436,1.0490837,-1.6934869
1356766175947,-2.1257274,2.8824081,-1.3753229
1356766175987,-1.6695392,3.5245342,-0.95178604
1356766176027,2.4306297,0.6664438,-1.8254813
1356766176067,1.8390641,3.9888926,0.22510928
1356766176107,-0.3455279,3.4879656,0.73073375
1356766176147,1.1503451,0.93432236,-0.12151626
1356766176187,1.4797988,-2.543501,0.024936944
1356766176227,2.072771,-3.9509416,-1.1448364
1356766176267,2.767315,-4.3663697,-0.98324245
1356766176307,2.5271707,-5.761518,-0.5746981
1356766176347,2.440722,-6.380659,-1.5037899
1356766176388,1.3356714,-4.8013754,-3.7215784
1356766176428,-1.8258936,-0.7630024,-6.7035975
1356766176468,-3.067732,1.6088638,-6.96354
1356766176543,-1.4432939,3.8678236,-6.2965255
1356766176550,-2.5443687,3.289091,5.1947412
1356766176588,5.8820295,-6.5315313,4.677127
1356766176629,-4.204068,3.4680614,4.297101
1356766176668,-4.5446067,3.4424753,5.4618707
1356766176707,0.9592687,-0.08231163,1.9127312
1356766176747,0.5383636,0.9846535,2.5323153
1356766176787,-1.298553,0.5495224,3.1256857
1356766176827,-1.846282,0.59210014,2.684886
1356766176867,-1.2069683,0.5903826,1.8687314
1356766176907,-0.42170978,0.51458645,0.8863049
1356766176947,0.4231969,0.052799225,-0.084459275
1356766176987,-0.22468519,0.26328087,-0.88175726
1356766177027,-0.4652431,0.7446499,-0.6097791
1356766177067,0.75770473,0.38530064,-1.316886
1356766177107,-0.33139753,1.2997122,-2.341742
1356766177147,-2.2188683,2.6716747,-0.035371304
1356766177187,3.3164515,2.264656,0.019967347
1356766177227,2.4128683,6.0641556,0.4449055
1356766177268,-2.394355,3.9308014,0.2768299
1356766177307,1.2826452,0.5169401,0.37625557
1356766177349,1.9326655,-2.1141338,0.84530765
1356766177387,2.227709,-4.4511533,-0.26374087
1356766177427,3.1524434,-5.6765513,0.019600667
1356766177467,3.4023502,-6.4852624,0.5160985
1356766177541,2.5078475,-6.4199224,-1.5860467
1356766177555,0.6775574,-3.3088017,-5.781507
1356766177586,-1.7922527,-0.029202461,-7.340407
1356766177627,-1.9190485,0.49543762,-7.324216
1356766177668,-1.7413104,-1.919229,-5.3956695
1356766177708,-1.553698,7.1623344,-3.1158645
1356766177747,-1.4796861,-1.8330164,5.0361843
1356766177789,4.855768,-7.3059034,2.3880363
1356766177827,-8.61126,8.501802,7.502076
1356766177869,-1.0432508,2.5769749,3.4408426
1356766177907,1.6121712,0.1141119,2.4518843
1356766177947,-0.8453989,0.8043232,3.9703512
1356766177987,-2.419045,0.9838848,4.6301036
1356766178027,-1.494148,0.9202385,1.8540376
1356766178067,-0.27901042,0.80555344,-0.18906355
1356766178107,0.07413709,1.0094652,1.0335631
1356766178147,-0.8837774,0.16020489,-0.30584228
1356766178187,-0.79946256,0.48873615,-0.21245399
1356766178227,0.06812668,1.0635586,-0.9038943
1356766178267,-1.2603719,1.7125988,-1.5828044
1356766178307,-1.2242467,3.2377787,-0.25274852
1356766178347,3.7911994,1.1771727,-1.9525778
1356766178387,3.385739,3.6141005,-0.05125931
1356766178427,-0.9961827,4.6903954,1.4445535
1356766178467,0.33407283,1.398859,-0.0031547695
1356766178536,1.9331881,-1.1449137,0.5486822
1356766178549,2.4078896,-3.792636,-0.44443327
1356766178588,2.9727292,-4.5562534,-0.65094376
1356766178628,2.832593,-5.6122246,-0.16396004
1356766178668,2.3034773,-7.0659933,-0.7020446
1356766178710,1.3584398,-6.3740673,-3.4793324
1356766178747,-0.9291941,-1.7901106,-6.4266148
1356766178787,-3.1690302,1.5625229,-8.053401
1356766178824,-1.960435,-2.6506743,-4.963247
1356766178869,0.37533024,2.086794,-1.5475817
1356766178918,-3.4237099,3.5216465,1.1145191
1356766178957,5.7420506,-5.2822447,5.4018526
1356766178998,-6.7505064,5.465331,6.2241716
1356766179047,-0.8479542,1.9425888,3.612057
1356766179087,2.2457695,0.3350315,2.030188
1356766179127,-0.36092186,1.0969887,3.2726293
1356766179167,-2.337083,0.90120316,3.4161668
1356766179207,-2.248193,0.831604,2.553209
1356766179247,-1.4570546,0.3676529,0.9328753
1356766179287,0.15421653,0.107774734,0.68084586
1356766179327,-0.24930227,-0.22912788,-0.69772625
1356766179367,-0.4937234,0.6232519,-0.59477884
1356766179407,1.9663101,1.1329384,-0.9973984
1356766179447,0.3152063,2.8230696,-1.8809341
1356766179487,-2.6155977,3.2016087,-0.46853355
1356766179537,1.5913755,0.3571596,-1.6461679
1356766179568,1.9304715,2.1017885,-0.22836885
1356766179608,0.0023052692,4.74226,1.0288439
1356766179648,0.49018872,1.8538246,0.04943484
1356766179688,1.45992,-1.3814173,0.53494096
1356766179728,1.606955,-3.0043955,-0.43435353
1356766179768,2.9595423,-4.6635776,-1.1975601
1356766179808,3.057283,-5.7294345,-0.19980374
1356766179848,2.4179692,-6.6945987,-0.48213592
1356766179888,2.339292,-6.7256956,-3.1667533
1356766179928,-0.96168613,-2.5581923,-6.2686687
1356766179968,-3.4408164,2.0374012,-8.319724
1356766180008,-2.1462138,0.47337437,-5.9160624
1356766180048,0.46023387,2.4060688,-2.0671215
1356766180089,-5.45888,7.1767435,1.1959122
1356766180130,6.816455,-6.6187763,4.5521364
1356766180168,-3.9183552,2.3432636,4.387876
1356766180208,-4.8758564,3.6773825,6.159217
1356766180248,2.4413404,-0.13115406,1.9690871
1356766180288,1.1070858,0.56275845,2.9448535
1356766180328,-1.4848232,0.27178097,4.943461
1356766180368,-1.6894991,0.4463415,3.4355345
1356766180408,-0.78786707,0.15305519,1.753562
1356766180448,0.3913033,0.40482903,0.8532118
1356766180478,0.0068041086,0.24700165,-0.37987626
1356766180535,-1.4271762,0.38955975,-0.18222746
1356766180558,-0.98144794,1.1967344,-0.7464335
1356766180588,-1.2605335,1.764863,-1.5834463
1356766180618,-2.5446773,3.8131418,-0.79007006
1356766180648,0.2929654,3.8013716,-1.5770545
1356766180688,4.681916,1.5639133,-2.3190005
1356766180728,2.1344862,3.5017996,-0.031915426
1356766180768,-1.4956326,4.1634817,1.1608955
1356766180808,0.12666404,0.6687336,-0.2385997
1356766180848,2.747561,-2.4665098,0.13026765
1356766180888,3.3104649,-4.1454453,-0.847545
1356766180928,2.7627437,-4.281003,-0.70829916
1356766180968,2.664407,-5.4675717,-0.281297
1356766181008,2.2186277,-6.7658954,-1.6968234
1356766181049,1.15742,-5.6079555,-4.004792
1356766181090,-1.9632115,-0.96928024,-6.3537803
1356766181128,-4.1099977,0.73422337,-7.483056
1356766181170,-2.8904736,-2.2809734,-4.9797983
1356766181208,1.3493538,7.1958733,0.53331935
1356766181250,-1.6891205,1.7887449,1.9320495
1356766181288,4.700103,-5.6652527,4.8701515
1356766181330,-7.218601,5.5895853,6.526413
1356766181370,-3.1076908,2.887045,3.3424034
1356766181408,1.3380795,-0.47516537,2.277268
1356766181448,-0.52581,0.45693874,3.5903802
1356766181478,-2.4047382,0.8663864,3.6784778
1356766181536,-1.7072023,0.5001173,2.422352
1356766181558,-1.1764135,0.47730255,1.5585328
1356766181598,0.087866664,0.11689758,0.95188284
1356766181638,0.73283815,-0.3058424,-0.24594292
1356766181678,-0.71250033,-0.2760105,0.010899484
1356766181725,1.2119612,1.140172,-0.19061452
1356766181757,1.0206008,1.166215,-1.7485906
1356766181794,-2.9228659,3.7577677,-0.8648982
1356766181837,-0.63760495,2.1151686,-1.0295552
1356766181877,3.991879,1.1142359,-0.9753691
1356766181917,-0.055110693,4.701351,0.5402049
1356766181957,-1.7532008,2.9734707,0.54604083
1356766181997,1.1124312,-0.032842636,0.72863126
1356766182037,1.5735962,-2.9089785,-0.584772
1356766182078,2.3296647,-4.7661705,-1.223587
1356766182118,2.752471,-5.9382906,-0.28157333
1356766182157,2.6512823,-6.02691,-0.82512724
1356766182198,2.4613242,-6.41267,-2.4652555
1356766182237,-0.016364217,-3.559795,-5.2228656
1356766182278,-1.360177,1.1429338,-7.5349135
1356766182317,-1.0996606,1.5184488,-7.3356647
1356766182357,0.39965758,-0.07039547,-1.9990416
1356766182398,-1.9747095,8.940232,0.42092568
1356766182437,2.8588567,-4.8355436,3.7460506
1356766182477,0.98043936,-1.5888362,3.8756523
1356766182533,-6.947508,5.855276,5.834417
1356766182559,-0.0341419,0.9546213,2.7704904
1356766182598,1.7062118,-0.13557816,2.232552
1356766182638,-0.96168315,0.6326637,4.216322
1356766182678,-2.1580882,0.25639915,4.2646875
1356766182718,-1.7218661,0.2746992,1.7163916
1356766182758,-0.8514199,0.26466465,0.9564133
1356766182798,0.7721836,-0.14134026,0.5065881
1356766182838,-0.23217678,0.029509544,-0.49336985
1356766182878,-2.0645137,0.5750179,0.2396859
1356766182918,-0.56347394,0.86830235,-1.2430378
1356766182958,0.10705519,1.1789293,-3.2551508
1356766182987,-0.8013065,2.9257536,-1.3201917
1356766183027,0.65711415,2.2694435,0.15939021
1356766183067,3.6848755,6.0139685,0.34621626
1356766183107,-1.6776958,4.953871,1.0336385
1356766183147,0.73448825,0.7681074,-0.71290976
1356766183187,2.8025923,-1.6768351,0.91552424
1356766183227,1.875961,-4.592673,-0.006053485
1356766183267,3.020227,-4.8519416,-0.64134544
1356766183307,3.9528835,-6.5904975,0.41365367
1356766183347,2.1183362,-6.9101863,-1.2060871
1356766183387,0.7973187,-4.7646704,-5.1767683
1356766183427,-2.049066,0.28095055,-8.16518
1356766183467,-3.9794397,0.47095013,-8.287506
1356766183533,-0.45111233,-2.203794,-4.6516643
1356766183549,-1.8199465,8.963843,1.0919949
1356766183588,1.4339283,-5.5734744,5.200164
1356766183628,2.3072715,-2.897688,3.6004028
1356766183668,-6.678975,6.8700466,6.9379215
1356766183708,0.2406953,0.3199997,2.0378773
1356766183748,1.1784941,-0.03463459,2.654851
1356766183789,-1.718257,1.4079847,3.6101477
1356766183828,-1.9481386,0.8517494,3.1006668
1356766183868,-1.541436,0.8428354,1.9521208
1356766183908,-0.75926113,0.7426901,1.2672753
1356766183948,0.9395778,0.3535118,0.5123465
1356766183988,-0.7651168,0.26256084,-0.7280086
1356766184028,-0.30069733,1.0406542,0.054131985
1356766184068,0.034183145,0.9125395,-1.4070432
1356766184108,-0.7990571,2.1701517,-1.9425384
1356766184138,-0.820889,3.064021,-0.63395536
1356766184168,1.7572429,1.5526295,-1.3431767
1356766184208,2.8475971,2.6950407,0.08195841
1356766184248,-0.3663547,4.6313667,0.58919656
1356766184287,0.6695291,1.5253239,0.3404944
1356766184327,2.2765946,-0.71121407,0.457647
1356766184367,1.5470921,-2.9526978,-0.18440968
1356766184407,2.5441093,-4.0955153,-1.0169657
1356766184447,2.8287168,-5.403092,-0.4460961
1356766184487,1.6626418,-6.673344,-0.5048479
1356766184530,1.101849,-6.3195724,-2.817506
1356766184568,-0.08048141,-3.147541,-5.548042
1356766184608,-2.3912456,1.5597944,-7.2718716
1356766184648,-2.8369126,0.037223816,-8.090365
1356766184687,0.61231875,0.43722248,-1.4908354
1356766184727,-4.4115543,8.210279,0.87319404
1356766184765,5.2698636,-6.724407,4.7081385
1356766184807,-1.6711367,1.2910728,4.3173094
1356766184848,-4.803615,4.972807,4.4948797
1356766184887,1.2111815,-0.11857891,2.029912
1356766184927,-0.12451571,0.70387745,3.6802104
1356766184967,-2.367672,0.77461624,3.7198277
1356766185006,-2.3047569,0.45528984,3.037592
1356766185047,-0.9482863,0.60087395,2.1273117
1356766185087,0.7191122,-0.17923641,1.2881021
1356766185127,0.9111458,-0.23365784,0.6591
1356766185167,-1.7378271,-0.0812912,-0.15256965
1356766185207,0.1779455,1.1441555,-0.029547751
1356766185247,1.027268,1.1691284,-1.3847632
1356766185287,-1.4362223,3.4453144,-1.3320582
1356766185327,-0.4927076,2.9174461,-1.4882321
1356766185367,2.437026,0.64598465,-1.6908652
1356766185407,-0.85451245,5.22209,0.76446295
1356766185447,-2.2356956,3.567459,0.5506556
1356766185487,1.8814476,0.57428074,0.64121926
1356766185530,2.3789208,-1.8209391,-0.12965673
1356766185568,1.7552134,-3.3384695,-0.35265586
1356766185608,2.4798203,-5.297539,0.2704137
1356766185638,3.301045,-5.8842063,0.49838787
1356766185678,3.352973,-7.0056524,-0.55949134
1356766185718,1.9100723,-5.32624,-3.9597547
1356766185758,-0.7866374,-0.55422974,-6.932052
1356766185798,-3.369652,0.7723446,-7.8690667
1356766185838,-1.830169,-3.7606916,-4.2277794
1356766185878,2.2044294,5.9134216,1.5497341
1356766185920,-3.8691473,-0.6349993,2.162404
1356766185958,5.873991,-5.5036955,5.7809033
1356766185998,-5.4357357,6.2592573,4.708664
1356766186038,-1.1453998,1.7608604,2.4157133
1356766186078,0.96366894,-0.26328468,2.115837
1356766186118,-1.6339016,1.2606258,3.198007
1356766186158,-2.1197066,1.3374414,2.9473882
1356766186198,-1.4884195,0.97789764,1.7259536
1356766186238,-0.31859446,0.20281696,0.84364396
1356766186278,0.5212736,0.55085754,0.34577143
1356766186318,-1.5646942,0.5457449,-0.036485612
1356766186358,0.1937083,1.3064985,-0.2353611
1356766186398,0.9518569,1.1244555,-2.324907
1356766186438,-2.238277,3.4856377,-1.552618
1356766186478,-1.2578578,2.6609516,-0.744607
1356766186524,2.5553348,1.6353483,-0.37967893
1356766186558,0.99437237,5.2402143,0.11196691
1356766186598,-1.1274179,2.5575666,0.13524106
1356766186638,1.36924,-0.052776337,0.94972855
1356766186678,1.6863443,-2.8006144,0.34909588
1356766186718,2.329035,-4.338551,-0.7819794
1356766186758,3.112164,-5.325358,-0.4521145
1356766186798,2.3618264,-5.972263,-0.0462893
1356766186838,2.2069876,-6.5139713,-2.2514808
1356766186878,0.7293359,-3.789291,-5.9100866
1356766186918,-2.4596097,0.04780674,-7.4680047
1356766186958,-3.1362662,0.2484703,-6.951763
1356766186998,0.44365177,2.5328941,-2.1871598
1356766187040,-4.6545105,5.7101755,3.4389079
1356766187078,6.275822,-7.1151137,3.6437774
1356766187119,-2.3951902,2.1702576,4.963485
1356766187158,-4.4027767,4.623415,5.0885134
1356766187198,1.6880509,-0.5820875,2.1729574
1356766187238,-0.23254657,0.6247015,2.895221
1356766187278,-2.380319,1.2113304,3.158111
1356766187318,-1.3412881,1.0204496,2.1275215
1356766187358,-0.8820808,0.4818945,1.3993458
1356766187398,0.23301578,0.5033293,1.073908
1356766187438,-0.024363995,0.21505356,-0.8359482
1356766187478,-1.8527231,0.6371412,-0.80530363
1356766187524,-0.13703406,1.0972853,-1.3452561
1356766187558,-2.257932,2.865055,-0.8701948
1356766187598,0.100548506,3.0196657,-0.9162992
1356766187638,3.7546887,0.60958195,-1.4934547
1356766187695,2.6548538,4.170538,0.2538708
1356766187717,0.43130112,3.071289,0.69700336
1356766187757,1.0879099,0.4304514,-0.29310617
1356766187795,2.077139,-2.1422348,0.38729173
1356766187837,2.4047732,-3.532281,-0.7495085
1356766187877,2.7986112,-4.9676657,-0.5547615
1356766187917,2.585512,-6.07985,-0.5810462
1356766187957,1.8394487,-6.5962424,-1.8431147
1356766187997,0.5406268,-4.8944216,-5.038671
1356766188037,-2.3274295,-0.373415,-7.340995
1356766188079,-2.3882425,0.538784,-6.5251536
1356766188117,-0.75077546,1.4798002,-4.6807857
1356766188158,-5.6598353,7.397398,1.22607
1356766188197,5.7931,-6.9348125,5.0741253
1356766188238,-3.44983,2.3563843,4.376848
1356766188278,-6.496216,5.280429,6.300252
1356766188318,0.7491999,-0.61992645,2.2011266
1356766188357,0.2683185,0.891984,3.244364
1356766188397,-1.1160479,0.72038555,3.9190543
1356766188437,-1.5092037,0.8835783,2.8027248
1356766188477,-0.42508066,0.45985603,1.9023595
1356766188524,0.13016808,0.3776703,0.77953845
1356766188558,0.7291117,-0.10788345,0.67283595
1356766188598,-0.08699095,0.3625927,-0.686483
1356766188638,-0.302958,0.8420439,-0.8056246
1356766188679,0.3722316,1.440567,-2.3575478
1356766188718,-2.1630065,3.7046423,-0.26479256
1356766188758,2.308337,1.7642031,-1.9252665
1356766188798,2.5307302,4.417012,0.64280176
1356766188838,-0.3192048,4.9528675,1.5041902
1356766188878,0.8251157,0.89247036,-0.4613534
1356766188918,2.5512602,-1.8456297,0.48168725
1356766188958,1.072434,-3.1493912,-0.046172656
1356766188998,2.8163333,-4.8074794,-0.9418215
1356766189038,2.8359349,-5.875555,-0.40545022
1356766189081,1.391423,-6.2670965,-0.78490543
1356766189118,0.99880314,-5.909921,-4.0139484
1356766189160,-0.77256125,-2.5587473,-6.246235
1356766189198,-2.3424726,1.0471535,-7.407463
1356766189239,-2.58592,-0.7849703,-6.132239
1356766189279,0.83913875,-0.29787636,-1.4363528
1356766189320,-3.6240366,7.6956024,1.2714713
1356766189358,4.295953,-6.262149,5.262619
1356766189399,-0.346927,-0.31927013,5.689951
1356766189438,-6.8265023,6.130224,5.6235456
1356766189478,0.71571136,-0.20533752,2.4524915
1356766189524,0.5629473,0.54179573,2.8291771
1356766189558,-1.2857814,1.3307266,2.910609
1356766189598,-1.8556464,1.1139517,2.7050822
1356766189638,-1.7106204,0.9886122,1.5836143
1356766189678,-0.49169505,0.14784718,0.983753
1356766189718,0.87928694,0.55816936,-0.11414091
1356766189758,-1.0486394,0.08376503,-0.49076667
1356766189798,0.15460598,1.2444296,-0.21141711
1356766189838,0.13462889,1.079133,-1.7281456
1356766189878,-2.2413268,3.4971771,-0.5183852
1356766189919,0.11609256,2.4834328,-1.3287998
1356766189958,3.5665653,0.75097847,-1.3366568
1356766189998,0.53424644,4.6727247,0.9178912
1356766190038,0.15485227,2.9397182,0.19184616
1356766190078,2.1431866,0.19866657,0.33843663
1356766190118,1.2135718,-2.3094673,0.026888862
1356766190157,2.0152917,-4.049733,-0.8616191
1356766190197,2.7265217,-5.485426,-0.57791024
1356766190237,2.0420628,-5.8223815,-0.6433778
1356766190277,1.624172,-6.530759,-2.8612664
1356766190318,-0.009029686,-3.9407616,-5.40603
1356766190357,-1.304558,-0.09385109,-6.12193
1356766190398,-2.5088708,-0.034763336,-6.7294445
1356766190437,0.50255185,1.0583143,-3.0539615
1356766190477,-5.030724,7.8953285,1.9502606
1356766190521,4.0290847,-5.916237,4.387539
1356766190559,1.6349751,-1.6221976,4.405691
1356766190598,-6.9160295,6.8228664,6.1443777
1356766190638,0.3113898,-0.02327156,2.5222301
1356766190678,0.79818845,0.45214272,2.4561412
1356766190735,-0.8913839,1.1163054,3.4072247
1356766190757,-1.5791724,0.8021755,2.6843688
1356766190797,-1.6398945,0.77549076,1.4494423
1356766190835,-0.49724615,0.35639095,0.3662591
1356766190877,0.65793914,0.053785324,-0.26186007
1356766190917,-1.8664377,0.31778908,-0.25391877
1356766190957,0.43780065,0.88646317,-0.310202
1356766190997,0.5377108,1.2882595,-1.8191868
1356766191037,-1.9524612,4.216876,-0.218606
1356766191077,2.0222998,1.5693264,-2.0140266
1356766191117,2.6798162,1.8038082,0.16517091
1356766191157,-0.5215564,4.837059,0.84284043
1356766191197,0.4017439,2.7100964,0.42368117
1356766191237,2.059688,-0.623188,0.55139446
1356766191277,0.77113986,-2.8923664,0.060225397
1356766191317,2.1283941,-3.7569022,-0.67369217
1356766191357,2.7151728,-5.226821,-0.65849847
1356766191397,1.7658622,-6.156583,-0.79815084
1356766191437,1.4961694,-6.33555,-3.0416608
1356766191478,0.50525546,-3.5423374,-6.4331303
1356766191519,-2.2737384,-1.2639046,-6.754848
1356766191558,-3.104746,-2.1819448,-4.4753933
1356766191599,0.758258,4.259388,-3.3273456
1356766191637,-2.6042075,2.376462,3.497119
1356766191677,6.9994283,-6.867777,3.2309718
1356766191717,-6.9281,4.7880964,5.8352976
1356766191756,-3.714233,4.0933104,4.406246
1356766191797,1.7750219,-0.11087608,1.9528694
1356766191837,-0.3386262,1.6367054,3.581169
1356766191877,-1.8209667,1.6156492,3.2471116
1356766191917,-1.7762523,1.5922556,2.3197656
1356766191957,-1.4235728,0.98417854,0.7966825
1356766191997,0.38377947,0.56223106,0.9971128
1356766192037,-0.33168685,0.09723854,-0.68445927
1356766192077,-1.3437598,0.55458355,0.23163664
1356766192117,1.0442355,1.1635885,-1.4935739
1356766192157,-0.99024546,2.8175802,-1.2561861
1356766192197,0.3145423,3.5207586,-0.78399146
1356766192237,3.1999645,0.06864929,-1.922238
1356766192277,0.3857907,3.9454613,0.7787368
1356766192317,-0.5651828,3.7397108,0.7912955
1356766192357,2.0086384,0.90525436,-0.040495723
1356766192397,1.3351984,-1.5811424,0.19919959
1356766192437,1.442118,-3.440875,-0.71267927
