1356765358336,-9.193735,2.8330324,-0.5720546
1356765358374,-9.302697,2.9556155,-0.8036005
1356765358414,-9.084772,2.8330324,-1.7978859
1356765358454,-8.962189,2.9147544,-1.1168685
1356765358495,-9.084772,2.9147544,-1.2258313
1356765358534,-9.112013,3.0237172,-1.56634
1356765358574,-9.193735,3.0645783,-1.334794
1356765358616,-9.084772,2.7649305,-1.0351465
1356765358654,-9.084772,2.6423476,-1.2666923
1356765358694,-9.112013,2.7921712,-0.6537767
1356765358736,-9.043911,2.7649305,-1.6480621
1356765358774,-8.853226,2.7921712,-1.1441092
1356765358814,-9.043911,3.405087,-1.2258313
1356765358854,-9.043911,3.2961242,-2.3018389
1356765358895,-8.880466,3.1054392,-2.1792557
1356765358934,-8.962189,3.6774938,-1.9477097
1356765358974,-8.853226,4.0180025,-1.4165162
1356765359014,-8.771504,4.099725,-1.607201
1356765359054,-8.880466,3.5957718,-1.4165162
1356765359094,-8.771504,4.099725,-0.95342433
1356765359134,-8.730643,4.0180025,-1.3756552
1356765359174,-8.539958,3.8681788,-1.1168685
1356765359214,-8.539958,3.5276701,-1.6480621
1356765359283,-9.043911,3.568531,-1.6480621
1356765359296,-9.00305,3.9499009,-1.9477097
1356765359334,-9.425281,3.718355,-1.7978859
1356765359375,-9.384419,3.568531,-1.4165162
1356765359415,-9.275456,4.2086873,-1.4165162
1356765359455,-9.425281,4.903325,-1.3075534
1356765359494,-9.888372,6.6331096,-0.9125633
1356765359535,-9.615966,5.7886477,-0.6537767
1356765359574,-10.61025,2.3699405,0.53119355
1356765359614,-9.493382,1.4165162,-0.50395286
1356765359654,-10.501288,2.7649305,-1.1849703
1356765359694,-11.563675,3.718355,-0.46309182
1356765359734,-11.141444,2.6423476,0.88532263
1356765359774,-9.384419,2.5606253,0.92618364
1356765359814,-8.308413,2.1111538,0.7218784
1356765359854,-8.267551,1.920469,1.1849703
1356765359894,-6.1700177,1.334794,1.1849703
1356765359934,-4.944186,1.4165162,1.607201
1356765359974,-6.1291566,2.4925237,3.173541
1356765360025,-7.3958488,3.1463003,5.09401
1356765360064,-10.800936,5.284695,6.4015636
1356765360104,-8.880466,4.671779,5.053149
1356765360144,-13.375181,0.7218784,1.7297841
1356765360184,-11.413852,4.7943625,-1.2666923
1356765360224,-6.1291566,-0.6946377,-1.1168685
1356765360281,-8.853226,2.6832085,-1.1849703
1356765360304,-9.765789,7.8180795,-2.1111538
1356765360344,-8.539958,2.6832085,-0.9125633
1356765360384,-9.193735,2.3426998,-0.46309182
1356765360424,-8.730643,3.8273177,-1.3756552
1356765360454,-8.430995,4.903325,-1.1441092
1356765360494,-8.430995,5.7477865,-0.7218784
1356765360524,-8.349273,4.7126403,-0.9125633
1356765360564,-8.390134,3.255263,-1.0351465
1356765360604,-9.112013,3.1054392,-0.53119355
1356765360634,-8.962189,4.4810944,-0.84446156
1356765360664,-9.193735,4.4810944,-2.1111538
1356765360704,-9.765789,3.8273177,-1.525479
1356765360734,-9.575105,4.4810944,-0.6946377
1356765360774,-10.147159,4.3312707,-0.27240697
1356765360804,-11.413852,6.0201936,0.08172209
1356765360844,-10.691973,5.366417,0.7218784
1356765360874,-8.771504,1.8387469,-0.23154591
1356765360914,-10.691973,2.4108016,-0.08172209
1356765360944,-12.53072,5.2165933,0.53119355
1356765360984,-11.645397,3.405087,-0.08172209
1356765361014,-9.193735,1.7297841,0.3405087
1356765361054,-8.117727,1.920469,0.92618364
1356765361084,-7.43671,2.0294318,1.5390993
1356765361114,-6.932757,1.4573772,0.84446156
1356765361154,-6.5513873,0.7218784,0.5720546
1356765361184,-5.597963,0.5720546,1.920469
1356765361224,-5.706926,1.7570249,3.8681788
1356765361284,-7.3958488,3.9090397,5.284695
1356765361295,-9.615966,4.7943625,6.0474343
1356765361334,-9.384419,7.082581,6.3607025
1356765361364,-7.014479,4.671779,3.2961242
1356765361394,-15.826844,1.5390993,0.95342433
1356765361434,-12.721405,3.0645783,-1.1849703
1356765361464,-4.0588636,-1.8387469,-1.56634
1356765361504,-7.273266,2.2609777,-3.405087
1356765361544,-11.413852,7.8180795,-1.607201
1356765361584,-7.8861814,1.2258313,-0.88532263
1356765361624,-8.880466,2.9147544,-0.7218784
1356765361664,-8.771504,4.399372,-0.84446156
1356765361704,-8.430995,4.903325,-0.84446156
1356765361744,-9.193735,4.372132,-0.5720546
1356765361784,-8.471856,3.5276701,-1.1441092
1356765361824,-9.193735,3.5957718,-0.46309182
1356765361864,-9.043911,5.012288,-1.1849703
1356765361904,-9.765789,3.636633,-0.9942854
1356765361944,-10.106298,4.5219555,-0.23154591
1356765361984,-10.991621,5.6252036,-0.53119355
1356765362024,-11.073342,4.5219555,0.14982383
1356765362064,-9.534244,0.61291564,-0.61291564
1356765362104,-11.495573,2.6423476,-0.27240697
1356765362144,-12.176591,4.440233,0.88532263
1356765362184,-10.95076,2.8330324,0.42223078
1356765362224,-8.308413,1.920469,0.08172209
1356765362311,-7.7363577,1.2258313,1.1849703
1356765362312,-7.1234417,1.56634,1.1441092
1356765362344,-6.2108784,0.84446156,0.6946377
1356765362385,-5.366417,0.7218784,2.2201166
1356765362424,-6.428804,3.0645783,4.862464
1356765362464,-8.430995,5.134871,5.7477865
1356765362504,-10.106298,5.9793324,7.014479
1356765362544,-6.1700177,5.5571017,4.630918
1356765362584,-9.847511,1.56634,0.19068487
1356765362624,-14.437569,4.9850473,0.6537767
1356765362664,-3.5957718,-1.1441092,-1.3075534
1356765362704,-7.9270425,5.053149,-3.8273177
1356765362744,-11.413852,6.973618,-1.334794
1356765362784,-8.19945,-0.040861044,-0.29964766
1356765362824,-8.62168,2.7921712,-0.6537767
1356765362864,-8.689782,4.7943625,-1.525479
1356765362904,-8.539958,4.862464,-1.3075534
1356765362944,-8.962189,4.140586,-0.84446156
1356765362984,-9.112013,3.486809,-0.6946377
1356765363024,-9.275456,3.214402,-0.88532263
1356765363064,-8.812365,4.0180025,-1.7570249
1356765363104,-9.384419,3.9090397,-1.1168685
1356765363144,-9.575105,4.140586,-0.0
1356765363184,-10.378705,4.862464,0.46309182
1356765363224,-10.651112,6.1700177,0.5720546
1356765363284,-10.337844,2.0294318,-0.7218784
1356765363304,-13.021052,2.7649305,-0.5720546
1356765363344,-12.067628,4.9850473,1.0351465
1356765363384,-11.727119,2.9147544,0.313268
1356765363424,-8.662541,1.6889231,-0.38136974
1356765363464,-7.6546354,1.0760075,0.7627395
1356765363504,-6.8237944,0.9942854,1.3075534
1356765363534,-6.2108784,0.92618364,0.5720546
1356765363564,-5.6252036,1.1168685,1.4573772
1356765363594,-5.407278,1.7978859,3.255263
1356765363634,-6.0474343,2.9556155,4.7535014
1356765363674,-8.62168,4.7126403,6.0474343
1356765363714,-10.56939,5.597963,7.8589406
1356765363754,-5.053149,4.140586,4.3312707
1356765363794,-16.507862,-0.3405087,1.2666923
1356765363834,-7.9270425,6.4015636,-1.9885708
1356765363874,-4.5628166,-1.8387469,-2.8330324
1356765363914,-11.795221,7.9679036,-2.070293
1356765363954,-9.084772,3.7864566,-0.95342433
1356765363994,-8.076866,1.2258313,0.19068487
1356765364024,-8.662541,3.7864566,-0.88532263
1356765364064,-8.662541,4.630918,-1.7297841
1356765364104,-9.724928,3.5276701,-0.08172209
1356765364144,-7.9270425,4.7126403,-1.525479
1356765364184,-8.539958,3.759216,-1.0760075
1356765364224,-9.152874,3.5957718,-0.53119355
1356765364284,-8.730643,3.9499009,-1.0760075
1356765364304,-9.534244,3.718355,-1.1849703
1356765364344,-10.147159,4.5219555,0.08172209
1356765364384,-10.651112,6.0474343,-0.14982383
1356765364424,-10.691973,5.434519,0.6946377
1356765364464,-9.466142,1.6889231,-0.6537767
1356765364504,-12.789507,3.255263,-0.61291564
1356765364544,-12.639683,4.7535014,0.7218784
1356765364574,-11.114203,2.1792557,0.3405087
1356765364614,-9.084772,1.334794,-0.53119355
1356765364654,-7.6546354,2.070293,0.5720546
1356765364694,-7.3958488,1.6480621,1.4165162
1356765364734,-6.782933,0.7627395,0.7218784
1356765364774,-6.238119,1.2258313,2.070293
1356765364814,-6.510526,2.3699405,4.2086873
1356765364854,-7.082581,3.568531,5.175732
1356765364894,-8.390134,4.8216033,7.205164
1356765364934,-9.152874,4.630918,7.43671
1356765364974,-6.851035,2.7649305,1.9477097
1356765365024,-18.0061,1.1441092,1.4165162
1356765365064,-2.6014864,0.3405087,-1.7978859
1356765365104,-8.267551,6.3607025,-4.440233
1356765365144,-11.413852,6.3198414,-0.42223078
1356765365184,-7.6954966,0.3405087,-0.27240697
1356765365224,-8.812365,2.5333846,-0.88532263
1356765365275,-8.812365,4.3312707,-1.7978859
1356765365294,-8.539958,4.903325,-0.88532263
1356765365324,-8.771504,4.9850473,-0.61291564
1356765365365,-9.193735,4.2904096,-0.5720546
1356765365404,-8.662541,3.1054392,-1.0760075
1356765365444,-8.962189,2.6423476,-0.61291564
1356765365484,-8.580819,4.7535014,-1.1849703
1356765365524,-9.084772,4.630918,-0.9125633
1356765365564,-10.269742,5.6252036,0.23154591
1356765365604,-11.182305,6.932757,-0.23154591
1356765365644,-10.501288,2.7240696,0.3405087
1356765365684,-10.991621,1.0760075,-1.4165162
1356765365724,-13.293459,3.0645783,0.23154591
1356765365764,-11.795221,5.434519,0.61291564
1356765365804,-9.724928,2.7649305,0.08172209
1356765365844,-7.6546354,1.8387469,0.6946377
1356765365884,-7.1234417,1.3756552,1.1441092
1356765365924,-6.701211,0.61291564,0.19068487
1356765365964,-6.0474343,0.42223078,1.0351465
1356765366004,-5.7477865,1.879608,3.990762
1356765366044,-7.04172,3.486809,5.6252036
1356765366084,-8.921328,4.140586,5.7886477
1356765366124,-8.730643,6.0474343,6.973618
1356765366164,-9.493382,5.5571017,5.053149
1356765366204,-16.739407,2.8738933,0.88532263
1356765366244,-4.2086873,-1.1441092,-1.4165162
1356765366285,-7.273266,3.718355,-3.405087
1356765366325,-12.217452,7.3549876,-1.920469
1356765366364,-7.7772183,2.982856,-0.5720546
1356765366405,-8.539958,1.4573772,-0.50395286
1356765366444,-8.853226,3.759216,-1.334794
1356765366484,-8.662541,4.944186,-0.95342433
1356765366524,-8.771504,4.7943625,-0.7218784
1356765366564,-9.00305,3.8273177,-0.27240697
1356765366604,-8.771504,3.5276701,-1.0351465
1356765366644,-9.724928,3.5957718,-0.23154591
1356765366684,-8.430995,5.175732,-1.1441092
1356765366724,-9.534244,3.718355,-0.9125633
1356765366764,-10.228881,3.1463003,-0.29964766
1356765366804,-10.800936,5.47538,-1.0351465
1356765366844,-10.378705,4.399372,0.313268
1356765366884,-9.765789,0.23154591,-0.50395286
1356765366926,-13.1708765,2.982856,-0.3405087
1356765366964,-12.721405,4.4810944,0.53119355
1356765367004,-11.182305,2.982856,-0.0
1356765367044,-8.267551,1.8387469,0.3405087
1356765367084,-7.6546354,1.4165162,1.7570249
1356765367124,-6.891896,0.8036005,0.61291564
1356765367164,-6.1291566,1.5390993,0.88532263
1356765367204,-5.243834,1.6889231,2.4108016
1356765367244,-6.0474343,2.070293,4.1814466
1356765367285,-8.076866,4.4810944,5.7886477
1356765367324,-9.956474,5.175732,7.014479
1356765367364,-8.430995,5.706926,6.782933
1356765367404,-6.2108784,3.1463003,3.0237172
1356765367444,-17.079916,2.4108016,1.1441092
1356765367484,-7.273266,3.3778462,-0.6537767
1356765367524,-5.5162406,0.14982383,-2.7240696
1356765367564,-11.413852,8.390134,-2.1792557
1356765367604,-8.430995,2.982856,-0.53119355
1356765367644,-8.430995,2.070293,-0.29964766
1356765367684,-8.853226,4.2086873,-1.0351465
1356765367724,-8.689782,4.862464,-1.3756552
1356765367764,-8.921328,4.630918,-0.6537767
1356765367804,-8.921328,4.099725,-0.6537767
1356765367844,-8.771504,2.982856,-1.334794
1356765367884,-9.112013,3.1054392,-0.6537767
1356765367924,-8.771504,4.7943625,-2.070293
1356765367969,-9.425281,2.8738933,-0.88532263
1356765368004,-9.656827,3.636633,-0.10896278
1356765368044,-10.419566,5.7886477,-0.50395286
1356765368084,-10.95076,6.0201936,0.23154591
1356765368124,-10.079058,1.56634,-0.84446156
1356765368164,-12.912089,3.2961242,-0.6946377
1356765368204,-12.14935,4.7535014,0.7627395
1356765368244,-10.991621,3.0645783,-0.08172209
1356765368300,-7.3958488,2.1111538,0.14982383
1356765368324,-7.082581,1.5390993,1.4982382
1356765368365,-7.205164,1.1441092,1.2258313
1356765368404,-6.891896,1.1168685,0.53119355
1356765368444,-5.325556,1.4573772,2.3018389
1356765368484,-6.0474343,3.255263,4.630918
1356765368524,-7.7363577,4.4810944,5.5162406
1356765368564,-10.147159,4.671779,6.3198414
1356765368604,-9.534244,5.134871,7.082581
1356765368644,-5.366417,2.9556155,3.8273177
1356765368684,-12.53072,3.336985,0.92618364
1356765368724,-15.009624,4.5219555,0.88532263
1356765368764,-3.336985,-3.1463003,-1.607201
1356765368804,-8.539958,5.5571017,-4.099725
1356765368844,-11.75436,8.539958,-0.6537767
1356765368884,-7.43671,0.92618364,0.10896278
1356765368924,-8.499097,2.8330324,-1.56634
1356765368964,-9.302697,4.7126403,-1.56634
1356765369004,-8.880466,4.944186,-0.46309182
1356765369044,-9.152874,4.7943625,-0.27240697
1356765369084,-8.771504,3.214402,-2.070293
1356765369124,-9.234595,2.2609777,-0.84446156
1356765369164,-8.662541,3.718355,-0.6537767
1356765369204,-8.390134,4.440233,-1.4165162
1356765369244,-9.466142,3.8273177,-0.84446156
1356765369298,-9.697687,5.134871,-0.42223078
1356765369334,-10.95076,6.4015636,-0.53119355
1356765369374,-10.528529,3.568531,-0.0
1356765369414,-10.18802,0.7218784,-1.6889231
1356765369455,-13.143636,3.486809,-0.27240697
1356765369494,-12.258313,4.6036777,0.42223078
1356765369534,-9.888372,2.0294318,-0.3405087
1356765369574,-7.9679036,1.6889231,0.42223078
1356765369614,-7.5456724,1.7570249,1.3756552
1356765369654,-6.742072,0.88532263,0.38136974
1356765369694,-5.706926,0.61291564,0.7627395
1356765369734,-5.243834,1.9885708,3.486809
1356765369774,-6.851035,4.0588636,5.284695
1356765369814,-9.302697,5.325556,6.510526
1356765369854,-9.302697,5.9793324,7.3958488
1356765369894,-6.701211,2.6014864,3.214402
1356765369934,-17.924377,1.3756552,1.1849703
1356765369974,-6.0882955,4.6036777,-1.334794
1356765370014,-5.053149,-0.88532263,-2.5333846
1356765370054,-11.917805,8.62168,-1.607201
1356765370094,-8.049625,3.5957718,-0.88532263
1356765370134,-8.158588,1.4982382,-0.08172209
1356765370174,-8.962189,3.9499009,-1.1441092
1356765370214,-8.62168,4.903325,-1.0760075
1356765370254,-8.539958,5.366417,-0.61291564
1356765370296,-9.193735,4.2904096,-0.08172209
1356765370334,-8.499097,3.1054392,-1.2258313
1356765370374,-9.302697,2.7240696,-0.7627395
1356765370414,-8.853226,4.2086873,-1.2666923
1356765370454,-9.152874,3.718355,-1.4982382
1356765370494,-9.765789,3.2961242,-0.6537767
1356765370534,-9.956474,5.938472,-0.6537767
1356765370574,-11.264028,7.164303,-0.50395286
1356765370614,-10.800936,1.3756552,-0.08172209
1356765370654,-11.141444,1.4982382,-1.0351465
1356765370694,-12.830367,4.5628166,0.88532263
1356765370734,-11.454713,4.4810944,-0.10896278
1356765370774,-8.471856,2.070293,-0.27240697
1356765370814,-7.014479,1.4982382,1.0351465
1356765370854,-7.04172,1.607201,1.0760075
1356765370894,-6.701211,0.7218784,0.6946377
1356765370934,-5.7886477,1.334794,1.920469
1356765370974,-6.4015636,2.1792557,3.405087
1356765371014,-8.471856,3.759216,4.671779
1356765371054,-9.534244,5.8567495,6.0474343
1356765371094,-9.534244,6.2108784,7.1234417
1356765371134,-7.04172,3.6774938,4.1814466
1356765371174,-15.935807,2.0294318,0.19068487
1356765371214,-10.079058,2.3018389,0.8036005
1356765371254,-3.568531,-0.6537767,-2.1383946
1356765371297,-10.651112,7.504812,-2.9556155
1356765371334,-10.228881,5.8567495,-0.23154591
1356765371375,-7.8589406,1.2666923,-0.61291564
1356765371414,-8.689782,3.214402,-1.525479
1356765371455,-8.62168,5.284695,-1.4573772
1356765371494,-8.730643,5.053149,-0.42223078
1356765371534,-8.962189,3.8273177,-0.7218784
1356765371574,-9.152874,3.1054392,-0.9125633
1356765371614,-9.384419,3.5276701,-0.9125633
1356765371654,-8.499097,4.372132,-0.6946377
1356765371694,-9.343558,4.372132,-1.0351465
1356765371734,-9.80665,3.9499009,-0.10896278
1356765371774,-10.61025,4.9850473,-0.5720546
1356765371814,-11.604536,5.366417,0.14982383
1356765371854,-9.615966,1.56634,-0.7627395
1356765371894,-12.762266,2.5333846,-0.88532263
1356765371934,-12.4489975,5.09401,1.4165162
1356765371974,-11.141444,3.7864566,0.14982383
1356765372014,-8.19945,1.4982382,-0.3405087
1356765372054,-7.5456724,1.7297841,1.3075534
1356765372094,-7.082581,0.7218784,1.0760075
1356765372134,-6.1700177,0.27240697,0.3405087
1356765372174,-4.862464,1.879608,2.3426998
1356765372214,-6.0882955,3.173541,4.399372
1356765372254,-8.471856,4.2086873,5.6660647
1356765372297,-10.079058,4.7535014,7.43671
1356765372334,-8.049625,6.742072,7.164303
1356765372374,-8.471856,2.7240696,3.214402
1356765372414,-17.434046,2.6423476,0.92618364
1356765372454,-5.706926,2.1792557,-0.0
1356765372494,-5.5162406,1.56634,-2.1792557
1356765372534,-11.876944,8.730643,-1.3075534
1356765372574,-7.8861814,3.1054392,-0.84446156
1356765372614,-8.471856,0.46309182,-0.53119355
1356765372654,-9.234595,3.8273177,-0.9125633
1356765372694,-8.390134,5.134871,-1.2258313
1356765372734,-8.730643,4.903325,-0.50395286
1356765372774,-8.880466,3.759216,-0.6537767
1356765372814,-9.084772,2.8738933,-1.1441092
1356765372854,-9.302697,3.568531,-0.7627395
1356765372894,-9.152874,5.325556,-0.84446156
1356765372934,-9.534244,4.630918,-0.6537767
1356765372975,-9.915613,3.636633,0.08172209
1356765373014,-11.073342,5.938472,-0.95342433
1356765373054,-11.372991,4.8216033,0.040861044
1356765373094,-10.079058,0.19068487,-0.88532263
1356765373134,-11.9450445,2.9147544,-0.3405087
1356765373174,-12.067628,4.2086873,1.0760075
1356765373214,-10.528529,2.9147544,0.19068487
1356765373254,-7.9679036,2.0294318,0.10896278
1356765373301,-7.3549876,1.1441092,1.1168685
1356765373334,-6.891896,1.6889231,0.9942854
1356765373374,-6.469665,1.2666923,0.84446156
1356765373414,-5.6660647,0.7627395,1.8387469
1356765373455,-6.238119,2.2609777,3.990762
1356765373494,-7.9679036,4.671779,5.7477865
1356765373534,-9.275456,5.012288,6.3198414
1356765373574,-9.575105,4.7535014,6.510526
1356765373614,-7.164303,3.8273177,4.5628166
1356765373654,-15.28203,3.486809,1.0760075
1356765373694,-9.697687,2.4516625,0.040861044
1356765373734,-4.399372,-1.1441092,-2.4925237
1356765373774,-11.141444,8.962189,-3.0645783
1356765373814,-9.084772,5.175732,-0.42223078
1356765373854,-7.9270425,1.1441092,-0.38136974
1356765373894,-8.921328,3.214402,-1.4573772
1356765373934,-8.730643,4.5219555,-1.1168685
1356765373974,-8.62168,4.399372,-0.5720546
1356765374014,-8.962189,4.0180025,-0.84446156
1356765374054,-8.880466,2.9556155,-1.4982382
1356765374094,-9.193735,2.6014864,-0.5720546
1356765374134,-8.62168,4.0588636,-1.4573772
1356765374174,-9.534244,4.862464,-1.334794
1356765374214,-9.466142,5.366417,-0.9125633
1356765374254,-11.073342,5.175732,-1.0351465
1356765374299,-11.795221,5.243834,-0.08172209
1356765374335,-9.656827,1.334794,-0.040861044
1356765374375,-11.114203,2.3426998,-1.1849703
1356765374414,-12.871228,3.9090397,0.7627395
1356765374455,-11.645397,4.4810944,0.50395286
1356765374494,-8.430995,2.7649305,-0.0
1356765374534,-7.5456724,1.607201,0.88532263
1356765374574,-7.246025,1.2666923,1.4982382
1356765374614,-6.4015636,0.95342433,0.8036005
1356765374654,-5.202973,1.1441092,1.9477097
1356765374694,-5.434519,2.5606253,4.3312707
1356765374734,-7.1234417,4.0588636,5.366417
1356765374774,-9.997335,5.053149,6.701211
1356765374814,-8.390134,5.829509,7.205164
1356765374854,-6.701211,3.1054392,2.152015
1356765374894,-17.733692,3.405087,-0.08172209
1356765374934,-3.7864566,1.0760075,-1.56634
1356765374974,-6.0201936,0.95342433,-4.944186
1356765375014,-12.217452,9.615966,-2.5606253
1356765375054,-8.008764,0.6537767,-0.7218784
1356765375094,-8.390134,2.1111538,-0.7218784
1356765375134,-8.812365,4.7943625,-1.334794
1356765375174,-8.880466,5.012288,-0.7627395
1356765375214,-8.921328,4.4810944,-0.88532263
1356765375254,-8.962189,3.1054392,-0.9942854
1356765375300,-9.00305,2.982856,-0.19068487
1356765375334,-8.049625,5.09401,-1.4573772
1356765375374,-9.384419,4.0180025,-1.920469
1356765375414,-9.575105,4.2086873,-0.8036005
1356765375455,-9.997335,3.9499009,0.10896278
1356765375494,-11.836082,6.0201936,0.08172209
1356765375534,-10.501288,3.7864566,-0.27240697
1356765375574,-10.991621,1.1441092,-1.1168685
1356765375614,-11.686258,4.2495484,0.61291564
1356765375654,-11.413852,5.09401,0.61291564
1356765375694,-9.656827,2.6014864,-0.08172209
1356765375734,-7.3958488,1.7978859,0.27240697
1356765375774,-7.3958488,1.4165162,1.0760075
1356765375814,-7.205164,1.607201,0.61291564
1356765375854,-5.7477865,1.3756552,1.1441092
1356765375894,-5.706926,1.6480621,2.7921712
1356765375934,-7.6273947,2.982856,5.175732
1356765375974,-8.471856,5.6252036,6.6331096
1356765376014,-7.9270425,7.43671,6.5513873
1356765376054,-5.7886477,5.829509,4.630918
1356765376094,-15.28203,1.7297841,1.4982382
1356765376134,-12.026767,2.8330324,0.08172209
1356765376174,-2.6832085,-4.2086873,-2.4925237
1356765376214,-10.991621,9.384419,-3.214402
1356765376254,-10.528529,7.668256,-0.7627395
1356765376302,-7.3958488,-0.27240697,-0.040861044
1356765376334,-8.430995,2.3699405,-1.4573772
1356765376374,-9.112013,5.47538,-1.7978859
1356765376414,-8.662541,5.09401,-0.42223078
1356765376454,-8.880466,4.4810944,-0.6946377
1356765376494,-9.152874,2.982856,-1.1441092
1356765376534,-8.880466,3.1054392,-0.50395286
1356765376574,-8.771504,5.243834,-1.6480621
1356765376614,-9.534244,3.990762,-1.1441092
1356765376654,-9.656827,3.5957718,-0.29964766
1356765376694,-9.888372,4.399372,0.23154591
1356765376734,-10.882658,6.891896,-0.23154591
1356765376774,-10.61025,2.152015,-1.1441092
1356765376814,-13.402422,1.607201,-1.3075534
1356765376854,-11.985906,6.0474343,1.2666923
1356765376894,-10.882658,4.5628166,0.42223078
1356765376934,-7.8589406,2.070293,-0.19068487
1356765376974,-6.701211,2.1792557,1.0351465
1356765377014,-7.014479,1.1168685,0.7627395
1356765377054,-6.3198414,0.5720546,-0.10896278
1356765377094,-5.5162406,1.3075534,1.4165162
1356765377134,-7.082581,2.2201166,4.2495484
1356765377174,-9.275456,5.243834,6.2789803
1356765377214,-9.275456,7.504812,6.891896
1356765377254,-6.742072,5.829509,6.0882955
1356765377303,-6.428804,3.0237172,1.2666923
1356765377335,-18.196785,3.445948,1.8387469
1356765377375,-6.1291566,-0.3405087,-1.4982382
1356765377414,-5.134871,-2.1792557,-4.0180025
1356765377455,-12.367276,11.686258,-3.1463003
1356765377494,-8.117727,2.4108016,-0.10896278
1356765377534,-8.19945,1.607201,-0.46309182
1356765377574,-8.771504,4.6036777,-1.607201
1356765377614,-8.853226,5.053149,-1.4982382
1356765377655,-8.730643,4.8216033,-0.10896278
1356765377694,-8.921328,4.099725,-0.5720546
1356765377734,-9.275456,2.6014864,-0.9942854
1356765377774,-8.471856,4.0180025,-0.50395286
1356765377814,-8.430995,4.6036777,-1.6889231
1356765377854,-9.724928,2.5606253,-0.9125633
1356765377894,-9.724928,3.6774938,-0.0
1356765377934,-10.760075,7.014479,-0.27240697
1356765377974,-10.56939,4.903325,-0.29964766
1356765378014,-12.340035,0.27240697,-1.607201
1356765378054,-13.715691,3.5957718,-0.27240697
1356765378094,-11.9450445,5.5162406,1.1849703
1356765378134,-10.228881,2.7921712,-0.08172209
1356765378174,-7.504812,2.0294318,-0.0
1356765378214,-6.742072,1.1168685,1.607201
1356765378254,-6.3198414,0.313268,0.313268
1356765378303,-5.6660647,1.5390993,0.8036005
1356765378334,-4.862464,2.8330324,3.486809
1356765378374,-5.6252036,4.372132,5.284695
1356765378414,-7.8180795,5.706926,6.238119
1356765378454,-10.228881,4.630918,7.3549876
1356765378494,-7.7772183,3.255263,4.9850473
1356765378534,-16.780268,3.1463003,1.1441092
1356765378574,-8.812365,2.3699405,-1.2258313
1356765378614,-4.1814466,-1.6480621,-2.3426998
1356765378644,-11.264028,8.308413,-3.1054392
1356765378684,-10.310603,6.66035,-1.0351465
1356765378724,-8.049625,1.1168685,-0.5720546
1356765378764,-9.084772,2.982856,-1.56634
1356765378804,-8.730643,4.440233,-1.6480621
1356765378844,-8.880466,5.134871,-1.0351465
1356765378884,-9.00305,4.944186,-0.46309182
1356765378924,-8.689782,3.255263,-1.1849703
1356765378964,-8.771504,2.9556155,-0.19068487
1356765379004,-8.267551,5.284695,-0.9942854
1356765379044,-9.343558,4.2086873,-1.334794
1356765379084,-9.847511,3.336985,-0.27240697
1356765379124,-10.460427,5.7886477,-0.19068487
1356765379164,-10.991621,6.932757,-0.040861044
1356765379204,-9.615966,2.6014864,-0.29964766
1356765379244,-11.917805,1.334794,-1.1849703
1356765379306,-12.871228,4.6036777,0.5720546
1356765379324,-11.9450445,5.5162406,0.3405087
1356765379364,-9.656827,2.4925237,-0.19068487
1356765379404,-7.5865335,2.070293,0.53119355
1356765379444,-6.742072,1.1168685,1.4165162
1356765379484,-6.428804,0.19068487,0.46309182
1356765379524,-5.5571017,0.6537767,0.7218784
1356765379564,-5.6252036,2.6832085,3.445948
1356765379604,-6.891896,3.7864566,4.671779
1356765379644,-9.575105,5.5571017,7.014479
1356765379684,-9.765789,6.932757,8.008764
1356765379724,-6.6331096,4.8216033,5.597963
1356765379764,-17.692831,2.2201166,1.2666923
1356765379804,-6.428804,0.10896278,-0.88532263
1356765379844,-4.440233,-0.19068487,-2.6832085
1356765379884,-12.489859,9.275456,-2.2609777
1356765379924,-8.308413,4.2904096,-0.3405087
1356765379964,-7.9270425,1.3756552,-0.38136974
1356765380004,-9.152874,2.9556155,-1.1441092
1356765380044,-8.539958,4.903325,-0.84446156
1356765380084,-8.499097,5.597963,-0.61291564
1356765380124,-9.275456,4.671779,0.23154591
1356765380164,-8.662541,3.759216,-0.6537767
1356765380204,-9.043911,2.7921712,-0.5720546
1356765380244,-8.812365,4.372132,-0.61291564
1356765380306,-9.152874,4.7126403,-1.0760075
1356765380330,-9.656827,4.372132,-0.9125633
1356765380354,-10.501288,5.175732,-0.95342433
1356765380394,-10.923519,6.891896,-1.4573772
1356765380434,-11.3321295,2.4516625,0.3405087
1356765380475,-9.80665,0.040861044,-1.334794
1356765380514,-11.645397,3.486809,-0.08172209
1356765380554,-12.4489975,4.7535014,0.46309182
1356765380594,-10.991621,3.405087,-0.10896278
1356765380634,-8.62168,1.920469,0.46309182
1356765380674,-7.6954966,1.4573772,1.7570249
1356765380714,-6.3198414,1.4573772,0.9942854
1356765380754,-5.284695,0.88532263,0.19068487
1356765380794,-4.630918,0.88532263,2.3018389
1356765380834,-6.0474343,3.568531,4.7535014
1356765380874,-10.337844,6.701211,7.273266
1356765380914,-10.378705,6.932757,8.62168
1356765380954,-5.47538,1.9477097,3.7864566
1356765380994,-14.437569,1.2666923,-0.08172209
1356765381034,-13.402422,7.082581,1.0760075
1356765381074,-3.8681788,-3.214402,-1.4165162
1356765381114,-8.962189,5.8976107,-2.5333846
1356765381154,-10.310603,7.4639506,-2.0294318
1356765381194,-7.9679036,0.10896278,-0.61291564
1356765381234,-9.112013,2.6014864,-1.2258313
1356765381305,-8.771504,4.7943625,-1.6480621
1356765381324,-8.308413,5.7477865,-0.88532263
1356765381364,-8.880466,4.3312707,-0.46309182
1356765381404,-8.812365,2.7921712,-1.6480621
1356765381444,-9.302697,2.6832085,-0.88532263
1356765381474,-8.689782,4.862464,-1.525479
1356765381514,-9.343558,4.2086873,-1.7570249
1356765381554,-9.697687,4.399372,-0.88532263
1356765381594,-10.106298,4.140586,-0.0
1356765381634,-10.760075,6.1291566,-0.14982383
1356765381674,-10.56939,4.140586,0.50395286
1356765381714,-10.800936,0.42223078,-1.1168685
1356765381754,-13.102775,3.5957718,0.50395286
1356765381794,-11.495573,5.5162406,1.1168685
1356765381834,-10.460427,2.6423476,0.10896278
1356765381874,-7.8589406,1.9885708,1.0351465
1356765381914,-6.973618,1.0760075,1.4573772
1356765381954,-6.469665,1.3075534,0.7627395
1356765381994,-5.597963,1.2666923,0.9942854
1356765382034,-5.706926,1.7570249,2.6832085
1356765382074,-6.701211,3.718355,4.2086873
1356765382114,-8.730643,4.7943625,6.1700177
1356765382154,-9.888372,5.597963,6.66035
1356765382194,-7.8589406,5.6252036,4.9850473
1356765382234,-8.539958,3.2961242,2.3699405
1356765382303,-18.237646,2.6014864,1.3756552
1356765382324,-3.1463003,-0.8036005,-1.920469
1356765382364,-7.3958488,3.9499009,-3.568531
1356765382404,-11.795221,8.894087,-0.88532263
1356765382444,-7.9679036,1.2666923,-0.08172209
1356765382484,-8.349273,2.0294318,-0.7627395
1356765382524,-8.853226,4.862464,-1.3075534
1356765382564,-8.662541,5.325556,-0.7218784
1356765382604,-8.771504,4.140586,-0.42223078
1356765382644,-9.043911,3.1463003,-0.23154591
1356765382684,-8.812365,3.1054392,-0.5720546
1356765382724,-8.962189,4.5219555,-0.8036005
1356765382764,-9.384419,4.5219555,-1.1849703
1356765382804,-9.575105,4.630918,-0.46309182
1356765382844,-10.079058,5.012288,-0.040861044
1356765382884,-11.563675,7.014479,-0.9125633
1356765382924,-10.460427,2.6014864,-0.19068487
1356765382966,-10.95076,0.0,-1.6889231
1356765383014,-12.367276,4.140586,0.38136974
1356765383054,-11.727119,3.7864566,0.040861044
1356765383094,-9.466142,2.1111538,-0.14982383
1356765383134,-7.7772183,1.9477097,0.53119355
1356765383174,-6.6331096,1.56634,1.1441092
1356765383214,-5.434519,0.61291564,0.3405087
1356765383254,-4.862464,0.5720546,1.56634
1356765383304,-6.2789803,2.152015,3.7864566
1356765383344,-9.234595,5.6252036,6.3198414
1356765383383,-9.384419,6.3607025,7.205164
1356765383414,-6.8237944,4.862464,5.9793324
1356765383455,-6.742072,3.0237172,2.6014864
1356765383494,-17.66559,4.7535014,1.7297841
1356765383534,-3.2961242,-1.6889231,-2.1111538
1356765383574,-6.851035,1.8387469,-3.636633
1356765383614,-12.762266,9.534244,-2.2201166
1356765383654,-7.9679036,2.3426998,-0.14982383
1356765383694,-8.19945,1.56634,-1.0351465
1356765383734,-9.084772,3.718355,-1.525479
1356765383774,-8.730643,4.903325,-1.1441092
1356765383814,-8.921328,4.944186,-0.42223078
1356765383854,-9.343558,3.759216,-0.38136974
1356765383894,-8.880466,3.255263,-1.1168685
1356765383934,-8.689782,3.7864566,-0.08172209
1356765383974,-8.499097,5.407278,-1.4165162
1356765384014,-9.697687,3.568531,-0.5720546
1356765384054,-9.80665,4.2495484,-0.0
1356765384094,-11.3321295,6.5922484,-0.38136974
1356765384134,-10.147159,4.0180025,-0.38136974
1356765384174,-11.536434,0.61291564,-1.8387469
1356765384214,-13.906375,3.636633,-0.0
1356765384254,-11.645397,5.366417,0.84446156
1356765384304,-9.425281,3.1054392,-0.29964766
1356765384344,-6.510526,1.6480621,0.84446156
1356765384384,-6.66035,1.1168685,1.607201
1356765384424,-6.6331096,0.27240697,0.5720546
1356765384464,-5.7886477,1.9477097,1.7297841
1356765384504,-5.407278,2.9147544,3.636633
1356765384544,-7.273266,4.2495484,4.944186
1356765384584,-8.962189,5.012288,6.66035
1356765384624,-8.812365,5.938472,6.851035
1356765384664,-6.510526,4.5219555,5.284695
1356765384704,-13.375181,3.9499009,2.3018389
1356765384744,-12.5579605,3.636633,-0.95342433
1356765384784,-2.7921712,-4.2904096,-1.525479
1356765384824,-11.372991,8.471856,-3.8681788
1356765384864,-9.343558,5.09401,-0.6537767
1356765384904,-8.049625,1.1849703,-0.61291564
1356765384944,-9.043911,2.8330324,-1.334794
1356765384984,-8.499097,4.399372,-1.607201
1356765385024,-8.689782,4.630918,-0.6537767
1356765385064,-9.00305,4.140586,-0.42223078
1356765385104,-9.112013,3.568531,-1.0760075
1356765385144,-9.00305,3.7864566,-0.50395286
1356765385184,-8.689782,4.944186,-0.88532263
1356765385224,-9.425281,4.1814466,-1.1168685
1356765385264,-9.575105,4.3312707,-0.19068487
1356765385306,-10.228881,5.053149,-0.38136974
1356765385344,-11.495573,5.5571017,-0.3405087
1356765385384,-9.80665,0.38136974,-0.46309182
1356765385424,-13.293459,1.6480621,-1.2666923
1356765385464,-12.980191,4.630918,1.3075534
1356765385504,-11.223166,4.372132,0.7627395
1356765385544,-8.539958,1.920469,-0.14982383
1356765385584,-7.164303,1.4573772,1.3756552
1356765385624,-6.510526,0.92618364,1.4982382
1356765385664,-5.938472,0.5720546,0.42223078
1356765385704,-4.9850473,1.4573772,1.920469
1356765385744,-6.1291566,3.214402,4.6036777
1356765385784,-9.575105,5.7886477,6.851035
1356765385824,-8.962189,6.1700177,6.469665
1356765385864,-7.3958488,3.336985,6.1291566
1356765385904,-9.043911,3.0237172,1.3075534
1356765385944,-16.970953,3.8681788,1.7978859
1356765385984,-4.399372,-0.8036005,-0.95342433
1356765386024,-7.205164,3.6774938,-3.214402
1356765386064,-11.75436,8.962189,-1.607201
1356765386104,-8.049625,1.920469,-0.61291564
1356765386144,-8.580819,1.6889231,-0.53119355
1356765386184,-8.471856,4.0588636,-1.920469
1356765386224,-8.62168,5.134871,-0.9942854
1356765386264,-8.771504,4.4810944,-0.19068487
1356765386305,-8.853226,3.8273177,-0.6946377
1356765386344,-8.771504,3.5276701,-1.3756552
1356765386385,-9.00305,3.445948,-0.9125633
1356765386424,-9.084772,4.8216033,-1.8387469
1356765386465,-9.493382,3.445948,-0.95342433
1356765386504,-10.378705,4.8216033,-0.9942854
1356765386544,-11.727119,6.469665,-0.88532263
1356765386584,-10.501288,1.4165162,0.38136974
1356765386624,-10.61025,0.7627395,-1.1849703
1356765386664,-13.565866,2.7921712,0.23154591
1356765386704,-12.14935,5.053149,0.46309182
1356765386744,-9.915613,3.6774938,0.46309182
1356765386784,-7.6273947,1.334794,0.84446156
1356765386824,-6.891896,1.334794,1.920469
1356765386864,-6.469665,1.6480621,1.5390993
1356765386904,-5.202973,1.5390993,1.920469
1356765386944,-4.7943625,1.8387469,3.2961242
1356765386984,-5.366417,3.486809,4.7943625
1356765387024,-8.730643,5.5162406,6.0474343
1356765387064,-10.378705,6.5922484,7.9270425
1356765387104,-6.932757,4.2086873,5.706926
1356765387144,-16.88923,0.08172209,1.1168685
1356765387184,-8.240311,5.012288,-0.5720546
1356765387224,-3.9499009,-0.50395286,-1.2666923
1356765387264,-10.528529,6.4015636,-1.8387469
1356765387305,-9.384419,6.5513873,-1.8387469
1356765387344,-7.9679036,1.0351465,-0.29964766
1356765387384,-9.112013,2.2609777,-1.1441092
1356765387424,-8.853226,4.2495484,-1.525479
1356765387464,-8.62168,4.7126403,-0.88532263
1356765387504,-8.962189,4.7943625,-0.29964766
1356765387544,-8.853226,3.7864566,-0.7218784
1356765387584,-8.689782,3.3778462,-0.53119355
1356765387624,-8.921328,3.8681788,-0.95342433
1356765387664,-9.234595,4.1814466,-1.3756552
1356765387694,-9.615966,4.372132,-1.0760075
1356765387724,-10.228881,3.718355,-0.27240697
1356765387764,-10.7192135,5.597963,-0.5720546
1356765387794,-11.304889,6.2108784,-0.14982383
1356765387834,-10.106298,1.4982382,0.53119355
1356765387874,-11.413852,0.61291564,-1.4982382
1356765387914,-12.067628,3.636633,0.46309182
1356765387954,-11.3321295,4.671779,0.8036005
1356765387994,-9.493382,3.9090397,0.7218784
1356765388034,-7.6273947,2.1111538,1.0760075
1356765388074,-7.014479,1.3075534,1.7978859
1356765388114,-6.3198414,0.95342433,1.0760075
1356765388154,-5.09401,1.3075534,1.5390993
1356765388194,-5.407278,2.2201166,3.486809
1356765388234,-7.8861814,4.630918,5.325556
1356765388275,-9.534244,5.8976107,6.8237944
1356765388314,-8.076866,5.47538,6.5513873
1356765388354,-5.47538,2.7240696,3.2961242
1356765388394,-11.795221,0.61291564,0.3405087
1356765388434,-14.7916975,6.4015636,1.9477097
1356765388474,-2.4108016,-3.1054392,-2.8738933
1356765388514,-8.430995,5.47538,-3.5276701
1356765388554,-10.337844,5.938472,-1.1168685
1356765388594,-7.8589406,0.8036005,-0.50395286
1356765388634,-8.771504,3.336985,-0.61291564
1356765388674,-8.62168,4.9850473,-1.3075534
1356765388714,-8.539958,4.8216033,-0.61291564
1356765388754,-8.880466,4.6036777,-0.38136974
1356765388794,-8.853226,3.568531,-0.8036005
1356765388834,-8.880466,3.718355,-0.9942854
1356765388874,-9.152874,4.8216033,-1.525479
1356765388914,-9.615966,4.372132,-1.2258313
1356765388954,-9.724928,3.7864566,-0.23154591
1356765388994,-10.18802,4.440233,0.08172209
1356765389034,-10.691973,6.3607025,0.27240697
1356765389074,-9.615966,2.152015,-0.38136974
1356765389114,-13.783792,1.7978859,-1.4982382
1356765389154,-12.598822,4.4810944,0.88532263
1356765389194,-11.223166,5.2165933,1.3075534
1356765389234,-9.193735,2.7649305,0.23154591
1356765389275,-7.04172,1.8387469,0.95342433
1356765389344,-6.0474343,0.95342433,1.2666923
1356765389357,-5.9793324,0.23154591,0.27240697
1356765389394,-5.175732,1.2666923,1.8387469
1356765389435,-5.407278,3.173541,4.399372
1356765389474,-8.049625,5.6252036,5.9793324
1356765389514,-10.147159,6.0882955,7.205164
1356765389554,-7.9270425,5.012288,7.246025
1356765389594,-5.938472,1.6889231,2.982856
1356765389634,-17.66559,1.920469,1.334794
1356765389674,-9.084772,4.903325,-0.61291564
1356765389714,-3.718355,-2.9556155,-1.8387469
1356765389754,-12.14935,10.079058,-2.4108016
1356765389794,-9.384419,4.8216033,-0.84446156
1356765389834,-8.117727,0.46309182,-0.08172209
1356765389874,-9.152874,3.255263,-1.1168685
1356765389914,-8.499097,4.630918,-1.3756552
1356765389954,-8.349273,5.134871,-0.14982383
1356765389994,-8.771504,4.944186,-0.3405087
1356765390034,-8.962189,3.718355,-0.6537767
1356765390074,-8.689782,3.8681788,-0.53119355
1356765390114,-8.730643,4.2904096,-1.4982382
1356765390154,-9.425281,3.718355,-1.2666923
1356765390194,-9.697687,4.2086873,-0.10896278
1356765390234,-10.18802,5.053149,0.5720546
1356765390275,-11.264028,6.2789803,0.53119355
1356765390314,-11.141444,0.95342433,-1.1168685
1356765390354,-13.988097,2.4925237,-1.0351465
1356765390394,-12.598822,4.8216033,1.4573772
1356765390434,-10.95076,4.4810944,0.42223078
1356765390474,-8.117727,2.1111538,-0.29964766
1356765390514,-7.3549876,1.6889231,0.84446156
1356765390554,-6.428804,0.92618364,0.92618364
1356765390594,-6.0201936,0.10896278,0.040861044
1356765390634,-5.175732,0.9942854,1.9477097
1356765390674,-6.0201936,3.1054392,4.903325
1356765390704,-7.8589406,5.8567495,6.3607025
1356765390744,-9.534244,6.4015636,6.782933
1356765390784,-8.853226,5.175732,6.5513873
1356765390824,-6.2789803,4.140586,5.8976107
1356765390864,-10.460427,2.1111538,2.3699405
1356765390904,-16.930092,3.2961242,1.2258313
1356765390944,-4.7535014,-1.9885708,-1.2666923
1356765390984,-7.3958488,4.0588636,-3.9499009
1356765391024,-11.536434,9.697687,-1.4982382
1356765391064,-8.117727,2.3426998,-0.3405087
1356765391104,-8.349273,0.9942854,-0.9125633
1356765391144,-8.853226,4.440233,-1.3756552
1356765391184,-8.771504,5.47538,-0.7627395
1356765391224,-9.302697,5.175732,0.6946377
1356765391264,-8.662541,4.440233,-1.1849703
1356765391306,-9.575105,2.8738933,-0.9125633
1356765391344,-8.853226,3.7864566,-0.42223078
1356765391384,-8.812365,4.5628166,-1.0351465
1356765391424,-9.615966,4.372132,-0.27240697
1356765391464,-9.847511,4.6036777,0.46309182
1356765391504,-11.182305,5.938472,-0.19068487
1356765391544,-9.697687,3.214402,-0.6537767
1356765391584,-12.067628,0.7218784,-1.4982382
1356765391624,-13.375181,4.7535014,0.88532263
1356765391664,-11.985906,4.862464,0.8036005
1356765391704,-10.038197,1.7978859,-0.27240697
1356765391744,-8.158588,2.152015,0.27240697
1356765391784,-7.1234417,1.3075534,1.4165162
1356765391824,-6.2108784,0.42223078,0.14982383
1356765391864,-5.325556,0.6537767,0.6946377
1356765391904,-5.202973,2.1111538,3.7864566
1356765391944,-7.7363577,4.9850473,5.9793324
1356765391984,-10.800936,6.5513873,7.7363577
1356765392024,-8.267551,4.2904096,7.164303
1356765392064,-5.366417,2.8330324,2.0294318
1356765392104,-18.496431,2.8330324,1.5390993
1356765392144,-5.9793324,2.4108016,0.08172209
1356765392184,-4.5219555,0.61291564,-2.9147544
1356765392224,-11.9450445,10.038197,-1.9477097
1356765392264,-8.19945,2.5606253,-0.7627395
1356765392323,-8.308413,1.1849703,-0.3405087
1356765392345,-8.853226,3.5957718,-1.1849703
1356765392384,-8.853226,4.5219555,-1.6480621
1356765392425,-8.730643,4.671779,-0.61291564
1356765392464,-8.689782,3.990762,-0.6946377
1356765392504,-8.662541,3.1054392,-1.1441092
1356765392544,-9.112013,3.990762,-0.46309182
1356765392584,-9.234595,5.012288,-1.56634
1356765392624,-9.656827,4.3312707,-0.6946377
1356765392664,-9.956474,3.7864566,0.23154591
1356765392704,-10.841797,5.053149,-0.46309182
1356765392744,-10.501288,5.2165933,-0.19068487
1356765392784,-11.304889,0.53119355,-1.3756552
1356765392824,-13.443283,2.6832085,0.10896278
1356765392864,-11.141444,5.407278,1.2666923
1356765392904,-10.691973,2.9556155,-0.0
1356765392944,-8.430995,0.9942854,0.10896278
1356765392984,-7.273266,1.2666923,1.607201
1356765393024,-6.2789803,1.4573772,1.0760075
1356765393064,-5.706926,1.4165162,0.92618364
1356765393104,-5.053149,1.5390993,2.5333846
1356765393144,-6.66035,3.568531,4.7943625
1356765393184,-8.880466,5.706926,6.851035
1356765393224,-8.962189,7.7363577,8.308413
1356765393264,-5.5571017,5.09401,5.325556
1356765393304,-14.859799,1.7570249,1.8387469
1356765393344,-8.771504,2.7240696,-1.0351465
1356765393384,-2.3699405,-2.9556155,-2.7240696
1356765393424,-14.206022,10.61025,-3.1463003
1356765393464,-9.384419,4.7535014,0.23154591
1356765393504,-7.6546354,0.92618364,-0.3405087
1356765393544,-8.771504,3.5957718,-1.4573772
1356765393584,-8.580819,4.1814466,-1.4573772
1356765393624,-8.471856,4.630918,-0.61291564
1356765393664,-8.962189,3.8681788,-0.29964766
1356765393704,-8.962189,3.405087,-0.9125633
1356765393744,-8.921328,4.2904096,-0.9125633
1356765393784,-9.112013,4.7943625,-0.7218784
1356765393824,-9.915613,5.325556,-0.7627395
1356765393864,-10.079058,4.2904096,0.3405087
1356765393904,-10.228881,5.243834,-0.19068487
1356765393944,-10.691973,5.434519,-0.040861044
1356765393984,-10.310603,0.50395286,-0.46309182
1356765394024,-13.293459,1.7297841,-1.1849703
1356765394065,-11.985906,4.2495484,1.2666923
1356765394104,-11.3321295,4.6036777,0.7627395
1356765394144,-8.308413,1.7297841,0.14982383
1356765394184,-6.851035,1.3756552,1.607201
