1356327266009,-3.759216,-8.267551,-0.95342433
1356327266050,-3.6774938,-8.308413,-0.6946377
1356327266091,-4.140586,-7.273266,-1.4982382
1356327266130,-4.372132,-7.246025,-2.1383946
1356327266170,-3.9771416,-7.9679036,-1.2666923
1356327266211,-3.7864566,-8.539958,-0.8036005
1356327266250,-3.6774938,-7.8589406,-1.1849703
1356327266290,-3.5957718,-7.3549876,-1.1849703
1356327266330,-3.5957718,-8.049625,-0.88532263
1356327266370,-4.140586,-8.730643,-1.2666923
1356327266410,-4.140586,-8.539958,-0.53119355
1356327266450,-4.099725,-8.049625,-0.6946377
1356327266490,-4.140586,-7.9679036,-1.920469
1356327266530,-4.2495484,-8.390134,-1.0760075
1356327266570,-4.2904096,-7.6273947,-0.8036005
1356327266618,-4.8216033,-7.6273947,-1.0760075
1356327266650,-5.202973,-7.5456724,-1.3756552
1356327266690,-4.671779,-7.246025,-1.3756552
1356327266730,-4.5628166,-7.5865335,-1.7297841
1356327266770,-4.5900574,-7.7363577,-1.3075534
1356327266810,-4.440233,-7.8180795,-0.9942854
1356327266850,-4.1814466,-7.6273947,-0.8036005
1356327266890,-4.0180025,-8.049625,-1.334794
1356327266952,-4.1814466,-8.158588,-1.7978859
1356327266970,-4.671779,-8.240311,-1.7297841
1356327267010,-5.366417,-8.471856,-1.7297841
1356327267050,-5.284695,-9.384419,-1.9477097
1356327267090,-4.099725,-9.724928,-0.50395286
1356327267120,-4.671779,-8.308413,0.10896278
1356327267150,-4.630918,-7.8589406,0.42223078
1356327267190,-4.399372,-7.8589406,0.27240697
1356327267230,-3.336985,-7.6546354,-0.040861044
1356327267270,-2.1111538,-9.084772,-0.27240697
1356327267310,-3.7864566,-10.419566,-0.08172209
1356327267350,-5.202973,-9.534244,0.7218784
1356327267380,-4.440233,-7.9679036,1.3075534
1356327267410,-4.5219555,-7.3141265,1.334794
1356327267440,-4.630918,-7.014479,1.4982382
1356327267480,-4.099725,-6.5513873,1.4573772
1356327267510,-3.0237172,-5.434519,1.4165162
1356327267550,-3.173541,-4.5900574,1.56634
1356327267580,-4.862464,-4.0588636,1.920469
1356327267620,-5.938472,-4.440233,2.982856
1356327267650,-8.117727,-5.434519,4.7126403
1356327267690,-10.038197,-6.782933,5.706926
1356327267720,-7.9679036,-8.008764,3.7864566
1356327267760,-5.134871,-13.6748295,-0.50395286
1356327267790,-2.9556155,-9.043911,1.1441092
1356327267830,-0.50395286,-3.405087,-0.29964766
1356327267860,-2.4516625,-8.076866,-2.4108016
1356327267900,-8.730643,-8.390134,-0.7218784
1356327267953,-5.012288,-6.5922484,-0.38136974
1356327267980,-3.568531,-7.6273947,-0.84446156
1356327268020,-3.5957718,-7.6954966,0.3405087
1356327268060,-3.445948,-7.246025,-0.8036005
1356327268090,-4.140586,-6.701211,-0.84446156
1356327268120,-4.099725,-7.1234417,-0.84446156
1356327268160,-3.9090397,-8.349273,-1.0760075
1356327268190,-4.399372,-8.921328,-0.84446156
1356327268230,-5.7886477,-8.853226,-0.7627395
1356327268260,-7.8180795,-7.205164,-1.3075534
1356327268300,-7.3141265,-9.466142,-1.0760075
1356327268330,-6.428804,-11.114203,-0.42223078
1356327268370,-3.9499009,-9.534244,0.42223078
1356327268410,-0.27240697,-11.604536,-0.42223078
1356327268450,-5.325556,-10.95076,0.6946377
1356327268490,-6.510526,-7.3141265,0.3405087
1356327268530,-3.636633,-6.973618,0.23154591
1356327268570,-2.4516625,-6.238119,1.3075534
1356327268610,-2.4516625,-6.0474343,1.4982382
1356327268650,-2.070293,-5.284695,0.50395286
1356327268689,-2.6832085,-3.9771416,0.6946377
1356327268730,-5.284695,-4.2495484,2.1111538
1356327268770,-8.539958,-5.8567495,4.6036777
1356327268810,-10.991621,-9.425281,6.8237944
1356327268850,-7.3958488,-6.428804,5.366417
1356327268890,-2.7513103,-13.988097,-3.718355
1356327268953,-1.9477097,-9.234595,3.255263
1356327268970,-2.7513103,-1.607201,-2.070293
1356327269010,-1.4982382,-10.038197,-4.5900574
1356327269050,-5.8158884,-8.812365,0.10896278
1356327269080,-4.5219555,-6.851035,0.3405087
1356327269110,-1.6480621,-6.973618,-0.29964766
1356327269140,-3.5957718,-6.701211,-1.3756552
1356327269180,-4.3312707,-7.1234417,-1.1849703
1356327269210,-3.5276701,-7.5456724,-1.1441092
1356327269240,-3.336985,-7.8589406,-1.3756552
1356327269270,-3.1054392,-8.730643,-0.7218784
1356327269300,-4.9850473,-8.390134,-0.38136974
1356327269330,-7.504812,-7.164303,-0.38136974
1356327269360,-7.7363577,-7.3141265,-0.38136974
1356327269390,-7.014479,-10.038197,-0.08172209
1356327269420,-6.742072,-10.7192135,-0.42223078
1356327269460,-4.5219555,-10.501288,-0.7627395
1356327269490,-1.1168685,-12.598822,-1.4165162
1356327269530,-2.9147544,-11.536434,0.040861044
1356327269570,-6.0201936,-7.1234417,1.5390993
1356327269600,-3.255263,-7.43671,0.6946377
1356327269630,-2.8738933,-7.6954966,0.3405087
1356327269670,-3.214402,-7.273266,1.1441092
1356327269710,-2.4108016,-5.597963,1.1168685
1356327269750,-1.56634,-4.944186,0.6537767
1356327269790,-2.9556155,-4.2904096,0.5720546
1356327269830,-6.428804,-5.284695,2.1792557
1356327269870,-9.112013,-7.6273947,4.6036777
1356327269910,-11.917805,-10.147159,6.8237944
1356327269950,-6.851035,-6.742072,1.6889231
1356327269990,-2.5333846,-16.08563,-3.336985
1356327270030,-1.7297841,-4.0588636,2.9556155
1356327270070,-1.1441092,-4.7943625,-2.6014864
1356327270110,-4.903325,-10.269742,-1.334794
1356327270150,-5.202973,-7.273266,-2.0294318
1356327270190,-1.9885708,-7.1234417,-0.19068487
1356327270230,-3.405087,-7.5456724,-1.3756552
1356327270270,-3.3642259,-7.504812,-0.95342433
1356327270310,-3.5957718,-8.240311,-1.4165162
1356327270350,-4.862464,-9.043911,-0.7218784
1356327270390,-7.9679036,-7.43671,0.19068487
1356327270430,-7.9679036,-8.049625,-1.2258313
1356327270470,-6.891896,-12.340035,-0.5720546
1356327270510,-2.6423476,-10.651112,-0.19068487
1356327270550,-0.08172209,-10.95076,-0.42223078
1356327270590,-5.243834,-9.425281,0.19068487
1356327270630,-5.8567495,-7.3549876,1.1168685
1356327270670,-3.5276701,-7.4639506,-0.040861044
1356327270710,-2.7513103,-6.1291566,1.1441092
1356327270750,-2.982856,-5.597963,1.607201
1356327270790,-2.1383946,-5.202973,0.38136974
1356327270830,-1.7570249,-3.6774938,0.5720546
1356327270870,-5.202973,-4.5900574,2.4516625
1356327270910,-10.106298,-9.193735,4.862464
1356327270952,-11.413852,-10.691973,7.668256
1356327270990,-5.8567495,-8.19945,-0.040861044
1356327271030,-1.1849703,-13.33432,-0.3405087
1356327271070,-2.4108016,-3.0237172,0.14982383
1356327271110,-2.2201166,-7.014479,-3.405087
1356327271150,-4.372132,-8.771504,-1.9885708
1356327271190,-3.405087,-7.9270425,-0.9942854
1356327271230,-1.4982382,-8.771504,0.7627395
1356327271270,-4.2086873,-7.082581,-1.525479
1356327271310,-3.8273177,-8.158588,-0.84446156
1356327271350,-3.6774938,-7.43671,-2.1792557
1356327271390,-4.1814466,-8.921328,-0.5720546
1356327271429,-6.510526,-8.19945,-0.040861044
1356327271470,-7.273266,-7.504812,-0.95342433
1356327271510,-6.510526,-10.841797,-0.6946377
1356327271550,-5.09401,-10.419566,0.14982383
1356327271590,-1.4982382,-9.384419,-0.29964766
1356327271630,-2.4516625,-12.408136,-0.50395286
1356327271670,-7.7363577,-7.9270425,0.9942854
1356327271710,-4.944186,-7.5456724,0.9942854
1356327271750,-2.5333846,-7.246025,0.19068487
1356327271790,-2.4925237,-6.742072,1.334794
1356327271830,-2.4516625,-6.0882955,1.1441092
1356327271870,-1.6480621,-4.2495484,0.23154591
1356327271910,-2.4108016,-3.7864566,0.7627395
1356327271952,-5.7886477,-5.284695,1.9477097
1356327271990,-9.575105,-9.724928,5.9793324
1356327272030,-12.367276,-10.691973,7.3141265
1356327272070,-5.706926,-7.3549876,-0.040861044
1356327272110,-1.879608,-14.015338,-2.4925237
1356327272150,-2.4108016,-3.568531,1.334794
1356327272190,-1.3075534,-7.082581,-1.7570249
1356327272230,-4.4810944,-9.043911,-1.3756552
1356327272270,-4.3312707,-7.014479,-1.920469
1356327272310,-2.3699405,-7.6546354,0.46309182
1356327272350,-4.0588636,-7.8861814,-1.879608
1356327272390,-2.8330324,-8.049625,-1.0351465
1356327272430,-3.173541,-7.8589406,-1.879608
1356327272470,-3.8273177,-8.662541,-0.8036005
1356327272510,-6.5922484,-7.7772183,-0.50395286
1356327272550,-7.164303,-7.8861814,-0.84446156
1356327272590,-6.0201936,-9.997335,-0.9125633
1356327272630,-6.0201936,-10.691973,-0.14982383
1356327272670,-2.8330324,-9.656827,0.38136974
1356327272710,-0.10896278,-13.375181,-1.0760075
1356327272750,-7.014479,-9.234595,0.3405087
1356327272790,-7.164303,-7.3549876,1.3075534
1356327272830,-3.6774938,-6.851035,-0.14982383
1356327272870,-2.1792557,-5.202973,1.4573772
1356327272910,-2.2609777,-5.597963,1.607201
1356327272951,-1.8387469,-5.202973,0.3405087
1356327272990,-2.1111538,-3.718355,0.92618364
1356327273030,-4.862464,-4.372132,2.4516625
1356327273070,-11.413852,-9.847511,6.0201936
1356327273110,-11.836082,-10.841797,7.164303
1356327273150,-5.47538,-12.639683,-1.4165162
1356327273190,-0.29964766,-9.765789,0.8036005
1356327273230,-2.4925237,-4.099725,-2.070293
1356327273270,-3.2961242,-8.962189,-1.6480621
1356327273310,-4.2495484,-8.771504,-1.4982382
1356327273350,-3.9499009,-7.3141265,-0.61291564
1356327273390,-2.5606253,-7.3141265,0.95342433
1356327273430,-3.255263,-6.851035,-1.9477097
1356327273470,-3.5276701,-7.504812,-1.0760075
1356327273510,-3.5276701,-8.19945,-1.1168685
1356327273550,-3.8273177,-9.00305,-0.88532263
1356327273590,-6.66035,-7.6954966,-0.3405087
1356327273630,-7.6546354,-7.5865335,-0.9125633
1356327273670,-6.238119,-10.310603,-0.040861044
1356327273710,-5.7477865,-10.337844,0.19068487
1356327273750,-2.7513103,-10.378705,-0.3405087
1356327273790,-1.0351465,-13.443283,-1.0351465
1356327273830,-6.6331096,-8.471856,0.313268
1356327273870,-6.742072,-7.082581,1.7297841
1356327273910,-2.9147544,-6.973618,0.23154591
1356327273954,-1.9885708,-6.1700177,0.50395286
1356327273990,-1.9477097,-6.3607025,1.6480621
1356327274030,-1.6480621,-5.434519,1.2258313
1356327274070,-2.6832085,-4.862464,1.56634
1356327274110,-4.944186,-5.407278,1.1168685
1356327274150,-8.008764,-6.0882955,3.2961242
1356327274208,-11.645397,-9.234595,5.9793324
1356327274230,-9.697687,-8.008764,5.47538
1356327274270,-2.8330324,-10.079058,-1.9477097
1356327274309,-1.1168685,-12.830367,0.38136974
1356327274350,-3.1463003,-3.8681788,2.5606253
1356327274390,-2.1111538,-8.267551,-3.336985
1356327274430,-4.7943625,-8.471856,-1.9477097
1356327274470,-5.366417,-6.851035,-1.6889231
1356327274510,-1.9885708,-7.7363577,1.1441092
1356327274550,-2.7921712,-7.8180795,-1.6480621
1356327274590,-3.0645783,-7.9270425,-0.95342433
1356327274630,-3.6774938,-8.158588,-1.3075534
1356327274670,-4.2086873,-8.308413,-1.1441092
1356327274710,-6.3607025,-7.9270425,-0.14982383
1356327274750,-7.205164,-7.7363577,-0.53119355
1356327274790,-6.1700177,-9.112013,-0.46309182
1356327274830,-6.238119,-10.7192135,-0.27240697
1356327274870,-2.982856,-11.114203,-0.29964766
1356327274910,-0.29964766,-13.783792,-1.1849703
1356327274951,-5.597963,-8.662541,0.50395286
1356327274990,-7.7363577,-6.2789803,1.9477097
1356327275030,-3.0237172,-7.04172,0.10896278
1356327275070,-2.070293,-6.891896,0.14982383
1356327275110,-2.2609777,-6.5922484,1.5390993
1356327275150,-1.2666923,-5.47538,0.8036005
1356327275190,-1.7978859,-3.7864566,0.46309182
1356327275230,-4.5628166,-4.7126403,1.334794
1356327275270,-8.962189,-8.771504,3.718355
1356327275310,-13.33432,-11.182305,7.3141265
1356327275350,-7.7772183,-5.6660647,2.5606253
1356327275390,-3.173541,-15.431854,-3.0237172
1356327275430,-1.8387469,-4.9850473,2.3018389
1356327275470,-0.61291564,-6.469665,-1.8387469
1356327275510,-3.2961242,-9.615966,-0.46309182
1356327275550,-5.7886477,-7.3958488,-2.7513103
1356327275590,-2.7240696,-6.932757,-0.3405087
1356327275630,-3.5276701,-7.5865335,-0.53119355
1356327275670,-2.8738933,-7.8861814,-0.9125633
1356327275710,-3.214402,-7.8180795,-1.1168685
1356327275750,-3.759216,-8.349273,-1.1849703
1356327275790,-5.325556,-8.158588,-0.23154591
1356327275830,-7.273266,-7.1234417,-0.5720546
1356327275870,-6.428804,-8.730643,-1.3075534
1356327275910,-6.3198414,-12.299174,-0.3405087
1356327275954,-3.5957718,-10.56939,0.23154591
1356327275990,0.27240697,-11.304889,-0.14982383
1356327276030,-3.0645783,-10.18802,-0.8036005
1356327276070,-8.349273,-7.3958488,1.2258313
1356327276110,-4.2495484,-7.7363577,0.42223078
1356327276150,-1.9477097,-6.4015636,0.38136974
1356327276180,-2.070293,-5.6660647,1.920469
1356327276220,-2.2609777,-5.8158884,1.4573772
1356327276260,-2.0294318,-4.2086873,0.42223078
1356327276300,-3.3642259,-4.630918,1.1441092
1356327276340,-6.782933,-6.2789803,2.4108016
1356327276380,-11.836082,-10.882658,6.742072
1356327276420,-10.147159,-9.765789,4.372132
1356327276460,-2.6423476,-13.715691,-1.607201
1356327276500,-0.53119355,-7.6954966,0.50395286
1356327276540,-1.6480621,-4.440233,-0.9942854
1356327276580,-4.1814466,-9.302697,-1.1168685
1356327276620,-4.440233,-8.349273,-1.6480621
1356327276660,-4.372132,-6.701211,-1.1168685
1356327276700,-3.405087,-7.5456724,0.6537767
1356327276740,-3.1463003,-7.5456724,-1.6889231
1356327276780,-3.5276701,-7.504812,-0.84446156
1356327276820,-3.214402,-8.158588,-1.334794
1356327276860,-3.486809,-8.580819,-1.1168685
1356327276900,-6.2789803,-7.9679036,-0.7627395
1356327276956,-7.6546354,-7.504812,-1.1441092
1356327276990,-6.2108784,-11.686258,-0.53119355
1356327277030,-5.407278,-11.413852,0.19068487
1356327277070,-0.9125633,-9.425281,-0.19068487
1356327277110,-0.6946377,-11.536434,-1.2258313
1356327277150,-7.504812,-8.158588,0.5720546
1356327277189,-5.706926,-7.7772183,0.92618364
1356327277230,-2.3426998,-7.205164,-0.08172209
1356327277270,-1.879608,-5.8976107,1.6889231
1356327277310,-2.3699405,-6.3607025,1.334794
1356327277350,-1.9477097,-4.7535014,0.46309182
1356327277390,-2.1111538,-4.3312707,1.0351465
1356327277430,-6.238119,-5.8976107,2.070293
1356327277470,-10.7192135,-10.228881,6.3198414
1356327277510,-11.304889,-9.302697,5.7886477
1356327277550,-4.140586,-4.9850473,-1.0760075
1356327277590,-0.9942854,-15.363752,-1.334794
1356327277630,-3.1463003,-3.214402,3.1054392
1356327277670,-0.9125633,-7.164303,-4.630918
1356327277710,-3.5957718,-9.847511,-1.0351465
1356327277750,-6.0474343,-6.701211,-0.42223078
1356327277790,-1.607201,-7.6273947,0.313268
1356327277830,-3.8681788,-7.7772183,-1.6480621
1356327277870,-3.5957718,-7.7772183,-0.5720546
1356327277910,-3.3642259,-7.6954966,-1.4982382
1356327277952,-3.636633,-8.689782,-0.6537767
1356327277990,-5.325556,-8.008764,-0.6537767
1356327278030,-6.701211,-7.5456724,-1.1168685
1356327278070,-6.2108784,-10.56939,-1.1849703
1356327278110,-6.5922484,-12.108489,0.08172209
1356327278150,-2.9147544,-9.575105,0.23154591
1356327278190,0.6946377,-10.56939,-0.7218784
1356327278230,-5.5162406,-9.112013,-0.38136974
1356327278270,-6.891896,-7.7363577,1.0351465
1356327278310,-2.7240696,-7.205164,-0.08172209
1356327278350,-1.9477097,-6.2108784,1.2258313
1356327278390,-2.4925237,-6.2789803,1.9477097
1356327278430,-1.879608,-5.325556,0.61291564
1356327278470,-2.070293,-4.0588636,1.1849703
1356327278510,-5.47538,-5.5571017,1.7978859
1356327278550,-9.425281,-8.117727,4.372132
1356327278590,-12.108489,-11.264028,6.2108784
1356327278630,-6.932757,-7.7772183,0.84446156
1356327278670,-1.4573772,-14.9006605,-1.9477097
1356327278710,-1.2666923,-4.399372,1.0351465
1356327278750,-1.9477097,-6.6331096,-1.9885708
1356327278790,-4.630918,-9.575105,-1.2258313
1356327278830,-4.440233,-7.4639506,-1.9477097
1356327278870,-2.6423476,-7.04172,0.42223078
1356327278910,-2.982856,-7.7772183,-0.88532263
1356327278951,-3.5957718,-8.008764,-1.2258313
1356327278990,-3.214402,-7.6954966,-1.2258313
1356327279030,-3.5276701,-8.267551,-1.4573772
1356327279070,-5.366417,-8.240311,-0.27240697
1356327279110,-6.701211,-7.9679036,-0.9125633
1356327279150,-5.8976107,-9.193735,-0.9125633
1356327279190,-6.428804,-11.75436,-0.6946377
1356327279230,-3.759216,-10.528529,0.040861044
1356327279270,0.50395286,-11.795221,-0.53119355
1356327279310,-3.9499009,-9.765789,-0.8036005
1356327279350,-8.267551,-7.04172,1.2666923
1356327279390,-3.9090397,-6.891896,0.23154591
1356327279430,-2.3699405,-6.3607025,0.88532263
1356327279470,-2.5333846,-6.0201936,1.920469
1356327279510,-2.0294318,-5.243834,0.88532263
1356327279550,-1.9477097,-3.6774938,1.1168685
1356327279590,-3.8273177,-4.5628166,1.5390993
1356327279630,-7.164303,-7.5456724,3.7864566
1356327279670,-12.258313,-11.645397,6.851035
1356327279710,-8.962189,-6.238119,3.6774938
1356327279750,-4.7126403,-15.241169,-3.5276701
1356327279790,-2.5606253,-6.510526,2.4925237
1356327279830,-0.29964766,-3.8681788,-1.7978859
1356327279870,-1.9885708,-9.724928,-0.29964766
1356327279910,-6.701211,-8.240311,-2.5606253
1356327279950,-3.1463003,-6.2108784,-0.95342433
1356327279990,-2.5333846,-7.9679036,-0.0
1356327280030,-2.8738933,-7.8589406,-1.334794
1356327280069,-2.1383946,-8.19945,-1.1168685
1356327280110,-3.1054392,-8.349273,-1.525479
1356327280150,-6.238119,-7.6954966,0.08172209
1356327280190,-8.730643,-7.6546354,-0.53119355
1356327280230,-6.8237944,-9.697687,-0.6537767
1356327280270,-5.434519,-10.991621,0.10896278
1356327280310,-2.2609777,-11.413852,-0.0
1356327280350,-0.50395286,-14.2877445,-1.3756552
1356327280390,-7.164303,-8.471856,0.6537767
1356327280430,-6.8237944,-6.6331096,1.7978859
1356327280470,-2.1111538,-6.6331096,-0.29964766
1356327280510,-1.7570249,-5.938472,0.53119355
1356327280550,-1.56634,-6.510526,0.7627395
1356327280590,-0.6946377,-4.8216033,0.14982383
1356327280630,-1.7978859,-3.6774938,0.7218784
1356327280670,-5.8976107,-4.862464,1.7978859
1356327280710,-11.304889,-11.836082,6.510526
1356327280750,-12.830367,-11.645397,6.5922484
1356327280790,-4.399372,-10.228881,-2.3699405
1356327280830,-0.29964766,-9.302697,-0.19068487
1356327280870,-2.6423476,-4.7535014,-0.29964766
1356327280910,-2.1383946,-8.267551,-0.38136974
1356327280952,-4.372132,-9.193735,-1.0760075
1356327280990,-4.7943625,-6.4015636,-2.1383946
1356327281030,-2.9147544,-7.504812,0.46309182
1356327281070,-3.405087,-7.8589406,-1.607201
1356327281110,-1.9885708,-7.6273947,-0.95342433
1356327281150,-2.7240696,-7.8861814,-1.879608
1356327281190,-4.2086873,-8.390134,-0.88532263
1356327281230,-7.273266,-7.5865335,-0.84446156
1356327281270,-6.238119,-9.00305,-1.2258313
1356327281310,-6.0201936,-11.75436,-0.50395286
1356327281350,-5.202973,-9.466142,0.61291564
1356327281390,-0.6946377,-10.691973,0.10896278
1356327281430,-1.7978859,-12.367276,-0.9942854
1356327281470,-8.499097,-8.267551,0.5720546
1356327281510,-5.8976107,-7.3958488,0.6946377
1356327281550,-2.2609777,-6.1700177,-0.27240697
1356327281590,-1.1168685,-5.6660647,1.4982382
1356327281630,-1.7978859,-6.2108784,0.53119355
1356327281670,-1.4982382,-4.2904096,0.6537767
1356327281710,-2.8330324,-4.2086873,0.8036005
1356327281750,-6.973618,-6.2108784,2.3426998
1356327281790,-12.14935,-11.604536,7.246025
1356327281830,-10.7192135,-8.349273,4.5628166
1356327281870,-3.9771416,-10.991621,-3.0237172
1356327281910,-0.46309182,-11.9450445,1.4982382
1356327281951,-1.9477097,-3.5276701,0.6946377
1356327281990,-1.1441092,-8.430995,-2.1383946
1356327282030,-4.671779,-8.853226,-2.8330324
1356327282070,-4.9850473,-6.6331096,-1.879608
1356327282110,-1.4982382,-8.349273,1.0351465
1356327282150,-3.336985,-7.3141265,-1.607201
1356327282190,-3.405087,-7.246025,-0.53119355
1356327282230,-3.6774938,-7.3958488,-1.7978859
1356327282270,-3.486809,-8.962189,-0.5720546
1356327282310,-5.366417,-8.812365,-0.38136974
1356327282350,-7.246025,-8.267551,-1.7570249
1356327282390,-6.0201936,-12.299174,-1.3075534
1356327282430,-5.012288,-11.686258,0.6537767
1356327282470,-1.1849703,-7.6546354,0.3405087
1356327282510,-0.27240697,-12.14935,-1.1441092
1356327282550,-7.43671,-9.384419,0.19068487
1356327282590,-5.8976107,-8.62168,0.53119355
1356327282630,-2.8330324,-7.5865335,-0.38136974
1356327282670,-1.4982382,-6.0201936,1.9885708
1356327282710,-1.6889231,-5.47538,0.88532263
1356327282750,-1.3756552,-3.8273177,0.313268
1356327282790,-1.7978859,-3.173541,0.95342433
1356327282830,-5.47538,-4.5900574,2.3018389
1356327282870,-10.841797,-11.223166,5.7477865
1356327282909,-11.604536,-11.495573,6.742072
1356327282950,-3.9499009,-10.528529,-1.525479
1356327282990,0.19068487,-12.340035,-0.5720546
1356327283030,-2.070293,-3.214402,0.84446156
1356327283070,-2.1111538,-8.008764,-1.3075534
1356327283110,-4.903325,-8.580819,-3.214402
1356327283150,-4.440233,-6.510526,-0.9125633
1356327283190,-2.3699405,-7.6546354,1.0351465
1356327283230,-3.759216,-8.349273,-1.4165162
1356327283270,-3.5276701,-7.5456724,-0.19068487
1356327283310,-3.255263,-7.3549876,-1.7570249
1356327283350,-4.0180025,-9.193735,-0.8036005
1356327283390,-6.8237944,-8.049625,-0.10896278
1356327283430,-6.782933,-8.049625,-1.6889231
1356327283470,-5.175732,-12.176591,-1.1168685
1356327283510,-4.372132,-10.923519,0.23154591
1356327283550,-0.53119355,-9.575105,0.10896278
1356327283590,-0.53119355,-12.721405,-1.0760075
1356327283630,-8.049625,-8.430995,0.50395286
1356327283670,-5.5571017,-7.8180795,0.50395286
1356327283710,-2.2201166,-6.6331096,-0.040861044
1356327283750,-1.4982382,-5.6252036,1.4982382
1356327283790,-1.56634,-5.8158884,0.95342433
1356327283830,-1.0760075,-4.2495484,0.313268
1356327283870,-2.2609777,-3.445948,1.1168685
1356327283910,-7.04172,-5.434519,1.920469
1356327283950,-13.143636,-13.443283,7.3549876
1356327283990,-12.026767,-10.991621,5.938472
1356327284030,-2.3426998,-12.299174,-4.440233
1356327284070,0.313268,-8.240311,2.070293
1356327284110,-1.56634,-3.8681788,-0.9125633
1356327284150,-2.9147544,-9.152874,-1.879608
1356327284190,-5.8976107,-7.8589406,-2.6423476
1356327284230,-3.568531,-7.014479,0.7218784
1356327284270,-2.1383946,-8.076866,-0.9125633
1356327284310,-2.9147544,-7.9679036,-1.0760075
1356327284350,-2.2609777,-7.6954966,-1.920469
1356327284390,-3.5957718,-8.471856,-1.6889231
1356327284430,-6.1700177,-8.308413,-0.42223078
1356327284470,-7.7772183,-8.853226,-1.2666923
1356327284510,-6.1291566,-12.367276,-1.7297841
1356327284550,-3.9090397,-12.408136,0.95342433
1356327284590,-0.38136974,-8.008764,0.10896278
1356327284630,-1.7570249,-11.372991,-0.95342433
1356327284670,-7.5456724,-9.00305,0.14982383
1356327284710,-4.9850473,-8.771504,0.23154591
1356327284750,-2.3426998,-6.3198414,0.08172209
1356327284790,-1.879608,-5.325556,2.152015
1356327284830,-2.1383946,-5.5571017,0.6537767
1356327284870,-1.1849703,-3.5957718,0.61291564
1356327284910,-2.2201166,-3.173541,1.5390993
1356327284951,-6.851035,-5.8567495,2.6014864
1356327284990,-12.176591,-13.0619135,7.7363577
1356327285030,-8.853226,-10.501288,3.5957718
1356327285070,-2.1111538,-15.704261,-1.879608
1356327285110,-1.1168685,-4.5900574,1.879608
1356327285150,-1.0760075,-4.630918,-3.3642259
1356327285190,-4.2904096,-9.466142,-1.7570249
1356327285230,-5.243834,-7.504812,-1.879608
1356327285270,-3.718355,-7.164303,1.56634
1356327285310,-3.336985,-7.273266,-0.50395286
1356327285350,-2.7513103,-8.117727,-1.0760075
1356327285390,-2.2609777,-7.6273947,-1.6480621
1356327285430,-2.7921712,-8.62168,-1.1441092
1356327285470,-4.7535014,-8.539958,-0.08172209
1356327285510,-8.076866,-7.504812,-1.334794
1356327285550,-5.5571017,-9.888372,-1.4982382
1356327285590,-5.202973,-13.252599,-0.38136974
1356327285630,-2.4516625,-9.915613,0.5720546
1356327285670,0.6537767,-12.14935,-0.14982383
1356327285710,-3.8681788,-11.073342,-0.6537767
1356327285750,-8.19945,-8.008764,1.1168685
1356327285789,-4.099725,-7.5865335,0.08172209
1356327285830,-1.1849703,-6.1700177,0.23154591
1356327285870,-1.1441092,-5.8567495,1.7297841
1356327285910,-1.6889231,-6.1700177,0.61291564
1356327285950,-1.2666923,-3.718355,0.53119355
1356327285990,-3.214402,-3.718355,0.9942854
1356327286030,-8.349273,-8.076866,3.6774938
1356327286070,-13.375181,-13.6748295,8.281172
1356327286110,-7.5865335,-3.7864566,2.8330324
1356327286150,-1.9885708,-11.876944,-7.6546354
1356327286190,-3.5276701,-10.56939,5.434519
1356327286230,-1.56634,-4.1814466,-2.0294318
1356327286270,1.4165162,-10.501288,-1.4982382
1356327286310,-7.014479,-7.6273947,-2.7921712
1356327286350,-1.7570249,-8.308413,1.4982382
1356327286390,-2.6423476,-7.43671,-2.2201166
1356327286430,-3.445948,-7.7772183,-0.38136974
1356327286470,-2.3426998,-7.014479,-1.879608
1356327286510,-2.7240696,-8.308413,-0.84446156
1356327286550,-4.440233,-8.730643,-0.6537767
1356327286590,-7.5456724,-8.158588,-0.50395286
1356327286630,-5.6660647,-9.343558,-1.2666923
1356327286670,-5.6252036,-12.762266,-0.23154591
1356327286710,-3.636633,-9.697687,0.19068487
1356327286750,-0.0,-11.264028,-0.38136974
1356327286790,-3.1463003,-11.3321295,-1.0351465
1356327286830,-8.471856,-8.62168,1.1168685
1356327286870,-4.5628166,-7.3958488,0.313268
1356327286910,-1.4573772,-5.8567495,0.040861044
1356327286950,-1.1849703,-5.47538,1.6889231
1356327286990,-1.7978859,-6.3198414,1.0760075
1356327287030,-1.4982382,-4.399372,0.313268
1356327287070,-2.4516625,-4.140586,0.9942854
1356327287110,-7.7772183,-6.701211,2.6832085
1356327287150,-13.33432,-14.396708,8.539958
1356327287190,-8.730643,-4.630918,4.3312707
1356327287230,-1.2666923,-8.921328,-7.014479
1356327287270,-0.9125633,-13.211738,3.3778462
1356327287310,-4.0588636,-3.9771416,2.4108016
1356327287350,0.61291564,-8.267551,-3.568531
1356327287390,-5.053149,-9.152874,-3.718355
1356327287430,-5.366417,-6.0474343,-0.6537767
1356327287470,-0.5720546,-7.7363577,-0.46309182
1356327287510,-3.214402,-8.19945,-1.1441092
1356327287550,-1.9477097,-7.8861814,-0.7627395
1356327287590,-2.9147544,-8.471856,-2.1383946
1356327287630,-4.2495484,-9.575105,-0.14982383
1356327287670,-7.6954966,-7.4639506,-0.95342433
1356327287710,-6.3198414,-8.771504,-1.2666923
1356327287750,-5.09401,-12.762266,-0.23154591
1356327287790,-4.7535014,-10.310603,0.6537767
1356327287830,-0.10896278,-10.419566,-0.0
1356327287870,-0.9125633,-12.980191,-1.1441092
1356327287910,-8.771504,-8.471856,0.6946377
1356327287951,-6.1291566,-7.5865335,1.1849703
1356327287990,-1.9885708,-6.238119,-0.38136974
1356327288030,-0.7627395,-5.175732,1.0351465
1356327288070,-1.4573772,-5.7477865,1.4573772
1356327288110,-1.2666923,-4.2495484,0.6946377
1356327288150,-2.2609777,-4.099725,1.3075534
1356327288190,-6.5513873,-6.2108784,2.2609777
1356327288230,-13.211738,-14.750836,8.812365
1356327288270,-10.310603,-10.691973,5.134871
1356327288310,-3.1054392,-11.141444,-2.3018389
1356327288350,-0.53119355,-6.0474343,-0.50395286
1356327288390,-1.2258313,-5.284695,-0.5720546
1356327288430,-3.255263,-9.343558,-0.040861044
1356327288470,-3.214402,-8.049625,-3.6774938
1356327288510,-3.1054392,-7.5865335,0.42223078
1356327288550,-2.2609777,-7.9270425,-0.6537767
1356327288590,-3.405087,-7.8861814,-1.525479
1356327288630,-3.0645783,-8.117727,-0.6537767
1356327288669,-3.1463003,-8.662541,-2.2201166
1356327288710,-5.407278,-9.084772,0.27240697
1356327288750,-8.076866,-8.349273,-1.0351465
1356327288790,-5.202973,-10.310603,-0.23154591
1356327288830,-4.862464,-10.923519,0.3405087
1356327288870,-2.8738933,-8.962189,0.50395286
1356327288910,0.61291564,-14.941522,-0.7627395
1356327288950,-4.944186,-9.997335,-0.19068487
1356327288990,-8.117727,-7.8180795,1.4165162
1356327289030,-3.9771416,-7.43671,0.5720546
1356327289070,-1.4165162,-5.7886477,0.38136974
1356327289110,-0.53119355,-5.175732,1.0351465
1356327289150,-0.61291564,-4.4810944,0.08172209
1356327289190,-0.9942854,-3.445948,1.2258313
1356327289230,-4.5219555,-5.175732,1.9477097
1356327289270,-10.691973,-12.026767,4.8216033
1356327289310,-13.865514,-12.176591,7.164303
1356327289350,-5.8976107,-9.384419,-1.7297841
1356327289390,-0.0,-9.466142,-0.6946377
1356327289430,-1.525479,-4.440233,0.27240697
1356327289470,-1.920469,-8.662541,0.6537767
1356327289510,-3.9499009,-8.730643,-2.5333846
1356327289550,-3.6774938,-6.8237944,-1.6889231
1356327289590,-2.4516625,-8.308413,0.5720546
1356327289630,-2.3018389,-7.7363577,-1.879608
1356327289670,-2.9147544,-8.19945,-0.61291564
1356327289710,-3.173541,-7.8180795,-2.1111538
1356327289750,-4.5219555,-8.771504,-0.6537767
1356327289790,-6.4015636,-8.308413,-0.46309182
1356327289830,-5.597963,-9.112013,-1.6889231
1356327289870,-6.0474343,-12.9529505,-0.46309182
1356327289910,-4.671779,-10.269742,0.50395286
1356327289950,0.92618364,-12.026767,-0.5720546
1356327289990,-1.7570249,-12.871228,-0.27240697
1356327290030,-8.662541,-8.267551,1.1849703
1356327290070,-4.399372,-7.6546354,0.6946377
1356327290110,-1.0351465,-5.7477865,0.46309182
1356327290150,-0.7218784,-4.903325,1.7978859
1356327290190,-1.0760075,-4.7535014,0.61291564
1356327290230,-1.0760075,-3.255263,0.7218784
1356327290270,-3.0237172,-3.8273177,1.607201
1356327290310,-9.343558,-10.528529,4.2904096
1356327290350,-14.206022,-13.756551,8.240311
1356327290390,-6.5922484,-7.246025,0.08172209
1356327290430,-1.4165162,-14.1787815,-2.5606253
1356327290470,-1.4573772,-3.568531,1.7978859
1356327290510,-0.3405087,-7.014479,-0.8036005
1356327290550,-3.9499009,-9.847511,-2.3018389
1356327290590,-5.175732,-6.782933,-2.7513103
1356327290630,-2.070293,-8.076866,1.6480621
1356327290670,-3.1054392,-7.1234417,-2.7240696
1356327290710,-3.2961242,-7.7363577,-0.42223078
1356327290750,-2.6423476,-7.6546354,-1.920469
1356327290790,-2.4108016,-9.384419,-0.5720546
1356327290830,-4.944186,-8.117727,-0.42223078
1356327290870,-6.5922484,-9.697687,-0.88532263
1356327290910,-5.175732,-11.114203,-0.38136974
1356327290950,-6.510526,-11.727119,0.9942854
1356327290990,-2.6832085,-9.724928,0.27240697
1356327291030,0.61291564,-13.633968,-1.7978859
1356327291070,-7.9679036,-8.662541,0.3405087
1356327291110,-7.04172,-7.43671,1.1441092
1356327291150,-2.0294318,-6.469665,-0.42223078
1356327291190,-0.50395286,-4.7943625,1.0351465
1356327291230,-1.4573772,-4.862464,0.95342433
1356327291270,-0.95342433,-4.4810944,0.38136974
1356327291310,-1.525479,-4.0588636,2.3018389
1356327291350,-7.6273947,-8.117727,4.2495484
1356327291390,-14.369467,-15.622539,9.615966
1356327291430,-6.3607025,-7.205164,1.2666923
1356327291470,-1.879608,-14.519291,-2.982856
1356327291511,-2.4108016,-3.7864566,1.9885708
1356327291549,-1.879608,-5.9793324,-1.2258313
1356327291590,-3.445948,-9.234595,-0.53119355
1356327291630,-3.255263,-7.6954966,-2.5333846
1356327291670,-2.2201166,-7.7363577,0.040861044
1356327291710,-2.5333846,-8.267551,0.23154591
1356327291750,-3.9771416,-7.3549876,-1.7297841
1356327291790,-3.2961242,-7.9679036,-0.53119355
1356327291830,-2.4108016,-8.580819,-1.1441092
1356327291870,-3.759216,-9.043911,-0.46309182
1356327291910,-6.1700177,-8.471856,-0.7627395
1356327291950,-5.7477865,-9.343558,-0.9942854
1356327291990,-5.5162406,-12.14935,-0.19068487
1356327292030,-5.407278,-9.724928,0.38136974
1356327292070,-1.4982382,-8.921328,0.10896278
1356327292110,-0.88532263,-13.756551,-0.9942854
1356327292150,-7.9679036,-9.043911,0.6537767
1356327292190,-6.0201936,-8.349273,0.92618364
1356327292230,-2.3699405,-6.8237944,-0.19068487
1356327292270,-0.5720546,-5.5162406,0.7218784
1356327292310,-0.38136974,-6.238119,1.0760075
1356327292350,-1.1441092,-3.2961242,0.27240697
1356327292390,-2.6014864,-3.718355,1.4982382
1356327292430,-7.164303,-7.8861814,3.1054392
1356327292470,-13.211738,-13.0619135,8.430995
1356327292510,-8.308413,-4.7126403,3.405087
1356327292550,-3.0645783,-11.727119,-6.3607025
1356327292590,-1.3075534,-9.765789,5.175732
1356327292630,-2.1792557,-4.0588636,0.19068487
1356327292670,0.3405087,-8.771504,-2.2201166
1356327292710,-5.9793324,-8.471856,-4.1814466
1356327292750,-2.7513103,-7.6546354,1.607201
1356327292790,-1.7570249,-7.5456724,-0.95342433
1356327292830,-3.255263,-8.390134,-0.7218784
1356327292870,-2.2201166,-7.3549876,-1.7978859
1356327292910,-3.405087,-8.240311,-1.334794
1356327292950,-4.7126403,-8.730643,-0.19068487
1356327292990,-7.082581,-8.471856,-1.4165162
1356327293030,-4.7535014,-10.106298,-1.3075534
1356327293070,-4.903325,-12.680544,0.10896278
1356327293110,-3.3642259,-8.962189,0.08172209
1356327293150,-0.040861044,-13.6748295,-0.61291564
1356327293190,-4.399372,-10.147159,-0.6946377
1356327293230,-8.19945,-7.205164,1.56634
1356327293270,-3.336985,-6.66035,0.42223078
1356327293310,-1.0760075,-5.5162406,0.10896278
1356327293350,-1.1849703,-5.7477865,1.5390993
1356327293390,-1.2666923,-5.407278,0.5720546
1356327293430,-1.4573772,-4.0588636,0.84446156
1356327293470,-4.140586,-4.671779,1.7570249
1356327293510,-9.425281,-10.147159,4.3312707
1356327293550,-13.715691,-12.258313,7.014479
1356327293590,-5.9793324,-7.04172,-1.0760075
1356327293630,0.3405087,-14.09706,-0.9125633
1356327293670,-1.3756552,-3.759216,1.607201
1356327293710,-0.7218784,-7.43671,-1.9885708
1356327293750,-3.6774938,-9.466142,-1.7570249
1356327293790,-4.099725,-7.164303,-1.7978859
1356327293830,-1.7978859,-8.049625,0.9942854
1356327293870,-2.4925237,-7.8861814,-1.4982382
1356327293910,-2.1792557,-8.349273,-0.84446156
1356327293950,-2.6014864,-7.9679036,-2.070293
1356327293990,-3.1054392,-9.493382,-1.4573772
1356327294030,-5.7886477,-8.158588,-0.08172209
1356327294070,-6.932757,-7.8589406,-1.334794
1356327294110,-5.938472,-9.80665,-0.8036005
1356327294150,-6.469665,-11.413852,-0.0
1356327294190,-3.2961242,-9.615966,0.5720546
1356327294230,0.61291564,-12.639683,-0.84446156
1356327294270,-4.671779,-9.765789,0.19068487
1356327294310,-5.7886477,-8.539958,0.92618364
1356327294350,-3.1463003,-7.7363577,0.5720546
1356327294390,-2.1383946,-6.2789803,0.9942854
1356327294429,-1.7978859,-6.0882955,1.4982382
1356327294470,-0.7218784,-5.325556,0.27240697
1356327294510,-0.95342433,-4.5900574,1.5390993
1356327294550,-4.5900574,-5.8976107,2.7240696
1356327294590,-8.730643,-9.724928,4.9850473
1356327294630,-10.378705,-12.258313,7.7772183
1356327294670,-5.706926,-11.141444,0.50395286
1356327294710,-0.38136974,-9.697687,-1.2258313
1356327294750,-1.3075534,-5.09401,-1.6480621
1356327294790,-1.2666923,-8.158588,-0.61291564
1356327294830,-4.0180025,-8.812365,-0.9942854
1356327294870,-3.6774938,-7.1234417,-2.7240696
1356327294910,-3.718355,-7.7772183,0.313268
1356327294950,-3.2961242,-7.6954966,-0.9942854
1356327294990,-3.173541,-7.9270425,-0.6537767
1356327295030,-3.486809,-7.5865335,-1.3075534
1356327295070,-3.3642259,-8.580819,-1.525479
1356327295110,-5.6252036,-8.349273,-0.0
1356327295150,-6.701211,-8.19945,-0.88532263
1356327295190,-5.7477865,-9.112013,-1.4573772
1356327295230,-6.510526,-12.912089,-0.7218784
1356327295270,-3.445948,-9.765789,0.6946377
1356327295300,0.313268,-10.269742,-0.46309182
1356327295341,-1.56634,-11.073342,-0.46309182
1356327295380,-6.3198414,-8.921328,0.19068487
1356327295420,-3.8681788,-8.689782,-0.27240697
1356327295460,-2.5606253,-7.3958488,-0.46309182
1356327295500,-1.1168685,-6.3607025,1.0760075
1356327295540,-1.1849703,-6.4015636,0.19068487
1356327295580,-1.1849703,-4.7126403,0.50395286
1356327295620,-2.3699405,-4.3312707,1.3075534
1356327295660,-6.1700177,-6.2789803,2.7649305
1356327295700,-11.304889,-11.182305,7.5865335
1356327295740,-11.413852,-9.575105,3.9499009
1356327295780,-1.8387469,-9.275456,-3.759216
1356327295820,0.7218784,-13.102775,1.6480621
1356327295860,-3.0645783,-3.9771416,3.0645783
1356327295900,-0.040861044,-7.3141265,-3.636633
1356327295950,-6.469665,-9.112013,-2.6832085
1356327295990,-3.759216,-7.014479,-0.42223078
1356327296030,-0.19068487,-8.771504,-0.19068487
1356327296070,-2.7240696,-8.049625,-1.56634
1356327296110,-1.879608,-7.6546354,-1.607201
1356327296150,-3.336985,-8.19945,-2.3699405
1356327296190,-4.399372,-8.921328,-1.1849703
1356327296230,-5.8158884,-8.880466,-0.14982383
1356327296270,-5.597963,-9.152874,-1.6480621
1356327296310,-5.8567495,-12.217452,-1.334794
1356327296350,-3.445948,-10.991621,0.27240697
1356327296390,0.7627395,-9.765789,-0.7627395
1356327296430,-2.5333846,-9.656827,-0.6537767
1356327296470,-6.742072,-9.615966,0.92618364
1356327296510,-4.140586,-8.471856,-0.5720546
1356327296550,-2.1111538,-6.3198414,0.38136974
1356327296590,-1.7570249,-5.47538,1.7570249
1356327296630,-1.8387469,-4.3312707,0.23154591
1356327296670,-2.0294318,-3.636633,-0.040861044
1356327296710,-4.4810944,-3.9090397,1.4573772
1356327296750,-7.6546354,-7.6273947,3.9499009
1356327296790,-11.645397,-14.560152,7.6273947
1356327296830,-8.008764,-10.228881,2.5606253
1356327296870,-0.14982383,-13.6748295,-2.7240696
1356327296910,0.53119355,-4.3312707,0.61291564
1356327296950,-0.7627395,-5.6252036,-1.6480621
1356327296990,-4.140586,-10.528529,-0.84446156
1356327297030,-4.7126403,-7.43671,-3.255263
1356327297070,-2.2609777,-7.8861814,0.9942854
1356327297110,-2.070293,-7.7772183,-0.84446156
1356327297150,-2.7240696,-8.158588,-0.6946377
1356327297190,-3.0645783,-7.5865335,-1.2258313
1356327297230,-3.636633,-7.9679036,-1.56634
1356327297270,-4.099725,-9.043911,-0.27240697
1356327297309,-7.1234417,-7.3141265,-0.29964766
1356327297350,-6.469665,-8.267551,-1.607201
1356327297390,-6.3607025,-12.489859,-1.2666923
1356327297430,-3.568531,-11.413852,0.313268
1356327297470,1.607201,-10.95076,-0.14982383
1356327297510,-3.173541,-10.18802,0.27240697
1356327297550,-9.193735,-8.158588,1.9477097
1356327297590,-4.2904096,-7.7363577,0.92618364
1356327297630,-2.4108016,-6.1700177,1.1849703
1356327297670,-2.2201166,-5.243834,1.7297841
1356327297710,-1.6480621,-5.284695,0.23154591
1356327297750,-1.525479,-3.8681788,0.6537767
1356327297790,-2.5333846,-4.5219555,1.7978859
1356327297830,-6.3607025,-7.7772183,3.405087
1356327297870,-10.310603,-12.53072,8.349273
1356327297910,-8.390134,-8.19945,3.636633
1356327297951,-3.336985,-15.28203,-3.9090397
1356327297990,-1.4573772,-7.6954966,2.6014864
1356327298030,-1.334794,-4.0180025,-2.7513103
1356327298070,-2.070293,-9.724928,-0.8036005
1356327298110,-5.8976107,-7.6273947,-3.3642259
1356327298150,-1.56634,-6.891896,1.1441092
1356327298190,-1.9885708,-8.076866,-1.0760075
1356327298230,-2.3699405,-8.662541,-0.08172209
1356327298270,-2.8330324,-7.6546354,-2.070293
1356327298310,-3.636633,-8.499097,-1.3756552
1356327298350,-5.7886477,-8.158588,-0.23154591
1356327298390,-6.701211,-8.771504,-1.3756552
1356327298430,-4.440233,-10.147159,-0.61291564
1356327298470,-5.175732,-11.9450445,0.38136974
1356327298510,-1.9885708,-10.800936,0.5720546
1356327298550,1.7978859,-15.363752,-0.88532263
1356327298591,-5.6252036,-9.112013,-0.19068487
1356327298630,-7.8861814,-7.7772183,1.7978859
1356327298670,-3.405087,-6.851035,-0.040861044
1356327298710,-0.38136974,-4.8216033,-0.0
1356327298750,-0.6946377,-5.407278,0.92618364
1356327298790,-1.525479,-4.372132,0.95342433
1356327298830,-1.4573772,-3.9090397,1.5390993
1356327298870,-4.7943625,-5.09401,1.7570249
1356327298910,-10.106298,-11.454713,5.434519
1356327298950,-13.021052,-12.367276,7.5865335
1356327298990,-5.6252036,-5.407278,-0.5720546
1356327299030,-0.46309182,-14.47843,-1.7570249
1356327299070,-1.879608,-3.2961242,2.8330324
1356327299110,0.6537767,-7.164303,-1.6480621
1356327299150,-3.718355,-10.147159,-3.0645783
1356327299190,-4.099725,-7.273266,-1.2258313
1356327299230,-0.5720546,-7.7772183,0.10896278
1356327299270,-2.9556155,-7.3549876,-1.8387469
1356327299310,-2.5333846,-8.049625,-0.88532263
1356327299350,-2.9147544,-8.430995,-1.56634
1356327299390,-3.568531,-9.193735,-0.61291564
1356327299430,-7.04172,-8.499097,0.040861044
1356327299470,-6.3607025,-8.962189,-0.6946377
1356327299510,-4.440233,-12.108489,0.50395286
1356327299550,-3.3642259,-9.00305,-0.3405087
1356327299590,0.50395286,-15.241169,-0.95342433
1356327299630,-3.636633,-11.032481,-0.3405087
1356327299670,-9.00305,-8.008764,1.56634
1356327299710,-3.7864566,-6.701211,0.84446156
1356327299750,-1.1441092,-5.706926,0.61291564
1356327299790,-1.1168685,-5.7477865,0.95342433
1356327299830,-0.10896278,-5.597963,0.5720546
1356327299870,-0.6946377,-3.9771416,0.3405087
1356327299910,-3.0645783,-4.2904096,1.4165162
1356327299950,-8.880466,-9.00305,3.8273177
1356327299990,-12.9529505,-14.709975,8.390134
1356327300031,-7.5865335,-8.580819,1.56634
1356327300070,-2.4516625,-13.988097,-1.7978859
1356327300110,-0.27240697,-3.5957718,-0.23154591
1356327300150,0.313268,-6.5922484,-0.7218784
1356327300189,-3.5276701,-10.378705,-1.334794
1356327300230,-3.9090397,-7.082581,-2.6832085
1356327300270,-1.607201,-7.8180795,0.61291564
1356327300310,-2.7921712,-7.6273947,-2.0294318
1356327300350,-2.3018389,-7.8861814,-0.53119355
1356327300390,-2.9556155,-7.8861814,-2.0294318
1356327300430,-4.1814466,-8.812365,-0.9125633
1356327300470,-6.8237944,-7.6954966,-0.38136974
1356327300510,-5.8976107,-9.234595,-1.4982382
1356327300550,-4.5628166,-13.252599,-1.0351465
1356327300590,-3.718355,-11.073342,0.5720546
1356327300630,0.88532263,-11.141444,-0.08172209
1356327300670,-2.1383946,-11.836082,-1.1849703
1356327300710,-7.8861814,-8.962189,1.1441092
1356327300750,-4.630918,-7.9270425,-0.0
1356327300790,-1.2666923,-5.9793324,0.040861044
1356327300830,-0.6537767,-5.8158884,1.607201
1356327300870,-1.3756552,-5.7477865,0.92618364
1356327300910,-1.0760075,-3.5276701,0.38136974
1356327300950,-2.6014864,-3.568531,1.4165162
1356327300990,-7.5865335,-7.082581,2.8738933
1356327301030,-13.211738,-14.369467,8.430995
1356327301070,-8.921328,-7.8589406,2.5333846
1356327301110,-2.2201166,-14.560152,-3.2961242
1356327301150,-1.4573772,-5.7477865,2.3018389
1356327301190,-0.27240697,-4.5628166,-1.3756552
1356327301230,-1.0760075,-10.991621,-0.6946377
1356327301270,-4.7126403,-8.158588,-4.0588636
1356327301310,-1.920469,-7.43671,0.38136974
1356327301350,-2.1111538,-7.9270425,-1.3075534
1356327301390,-2.8330324,-8.19945,-1.2258313
1356327301430,-2.3426998,-7.8589406,-1.4982382
1356327301470,-2.4108016,-8.771504,-1.3075534
1356327301510,-6.0201936,-8.812365,-0.08172209
1356327301550,-7.5456724,-8.921328,0.5720546
1356327301590,-5.134871,-10.691973,-0.46309182
1356327301630,-4.440233,-10.18802,-0.040861044
1356327301670,-1.920469,-11.372991,-0.53119355
1356327301710,-0.27240697,-14.328606,-2.2201166
1356327301750,-6.8237944,-8.730643,0.7627395
1356327301790,-5.706926,-8.19945,1.607201
1356327301830,-1.607201,-6.5922484,-0.7218784
1356327301870,-1.1441092,-5.053149,0.19068487
