1356425255237,6.1700177,8.117727,0.38136974
1356425255395,5.9793324,8.281172,-0.38136974
1356425255435,6.0882955,8.240311,-0.08172209
1356425255475,6.0882955,8.117727,-0.10896278
1356425255515,5.706926,8.308413,0.6946377
1356425255555,6.1700177,8.008764,0.5720546
1356425255595,6.3607025,7.8861814,-0.14982383
1356425255635,5.5162406,8.580819,1.1441092
1356425255674,5.6660647,8.471856,1.1168685
1356425255715,6.2789803,8.349273,0.08172209
1356425255755,6.0882955,7.7772183,0.50395286
1356425255795,5.8567495,7.9270425,0.95342433
1356425255835,6.2789803,8.008764,0.6537767
1356425255875,6.2789803,8.117727,0.6946377
1356425255915,6.1700177,8.539958,0.19068487
1356425255955,6.1291566,8.19945,0.61291564
1356425255995,6.66035,8.008764,0.53119355
1356425256035,6.932757,7.43671,-0.10896278
1356425256075,6.891896,7.43671,-0.040861044
1356425256115,7.082581,7.014479,0.53119355
1356425256155,6.932757,7.246025,1.0351465
1356425256195,6.5513873,7.3549876,0.313268
1356425256235,6.469665,7.4639506,0.53119355
1356425256278,6.8237944,7.0553403,0.19068487
1356425256315,6.932757,7.1234417,-0.14982383
1356425256355,6.5922484,7.668256,-0.14982383
1356425256395,6.4424243,7.6954966,-0.6946377
1356425256435,7.082581,8.689782,-0.50395286
1356425256475,7.668256,8.62168,-0.38136974
1356425256515,8.539958,8.730643,-0.19068487
1356425256555,9.00305,8.240311,-0.10896278
1356425256595,10.038197,7.668256,-0.29964766
1356425256635,7.43671,9.193735,0.88532263
1356425256675,4.1814466,9.00305,0.3405087
1356425256715,5.2165933,9.043911,-1.0351465
1356425256755,6.701211,10.269742,1.5390993
1356425256795,7.5865335,10.038197,1.6480621
1356425256835,7.164303,8.240311,0.50395286
1356425256875,6.6331096,7.3141265,1.4165162
1356425256915,5.829509,6.8237944,1.5390993
1356425256955,3.0237172,5.706926,1.7570249
1356425256995,2.8330324,4.3312707,2.2609777
1356425257035,5.012288,3.759216,2.8738933
1356425257075,5.7477865,3.7864566,4.2086873
1356425257115,8.349273,4.671779,5.706926
1356425257155,11.304889,4.5628166,7.504812
1356425257195,10.337844,4.630918,8.117727
1356425257235,7.082581,5.175732,7.164303
1356425257277,8.281172,14.369467,3.8681788
1356425257315,2.1792557,6.8237944,0.040861044
1356425257355,6.0882955,5.706926,-3.445948
1356425257395,10.228881,9.765789,1.56634
1356425257435,3.759216,6.5922484,0.92618364
1356425257475,5.47538,7.205164,0.23154591
1356425257515,8.076866,7.082581,1.1168685
1356425257555,5.938472,6.4424243,0.84446156
1356425257595,6.4424243,6.0882955,0.5720546
1356425257635,6.8237944,6.4424243,0.61291564
1356425257675,7.0553403,7.5456724,0.46309182
1356425257715,6.742072,7.5865335,0.3405087
1356425257755,8.240311,8.349273,-0.040861044
1356425257795,8.430995,9.00305,0.5720546
1356425257835,10.269742,8.921328,-0.29964766
1356425257875,10.310603,8.240311,-0.27240697
1356425257915,4.7943625,9.80665,-0.50395286
1356425257955,6.742072,12.571581,-0.9125633
1356425257995,8.117727,11.34575,2.3426998
1356425258035,8.076866,8.921328,0.3405087
1356425258075,5.9793324,7.3958488,0.3405087
1356425258115,4.140586,6.6331096,0.38136974
1356425258155,3.5957718,5.2165933,1.1441092
1356425258195,2.3699405,3.5957718,1.1441092
1356425258235,3.568531,3.173541,2.4516625
1356425258277,6.2789803,2.4925237,4.944186
1356425258315,8.962189,3.6774938,6.8237944
1356425258355,13.402422,4.5219555,8.921328
1356425258395,7.4639506,3.759216,8.499097
1356425258435,11.223166,15.894946,4.862464
1356425258475,0.6537767,6.4424243,-0.5720546
1356425258515,4.944186,5.434519,-5.9793324
1356425258555,13.102775,11.495573,2.070293
1356425258595,3.718355,6.782933,1.0351465
1356425258635,3.5957718,7.164303,0.14982383
1356425258675,7.3958488,5.597963,0.7218784
1356425258714,7.082581,4.944186,0.6946377
1356425258755,7.273266,6.8237944,1.0351465
1356425258795,6.1700177,7.082581,0.040861044
1356425258835,6.510526,7.5865335,0.50395286
1356425258875,7.7363577,7.9270425,0.19068487
1356425258915,8.853226,8.539958,0.42223078
1356425258955,9.956474,8.049625,1.0351465
1356425258997,9.80665,7.8589406,-0.29964766
1356425259035,9.997335,5.829509,-0.84446156
1356425259075,6.0882955,11.073342,-1.607201
1356425259115,6.4424243,15.431854,0.040861044
1356425259155,6.4424243,11.454713,2.070293
1356425259195,8.349273,7.3141265,0.27240697
1356425259235,6.782933,7.273266,0.3405087
1356425259275,4.1814466,6.0474343,0.46309182
1356425259315,3.2961242,5.284695,0.92618364
1356425259355,1.6480621,3.336985,1.1441092
1356425259395,3.718355,2.6014864,2.6832085
1356425259435,6.510526,2.2609777,5.366417
1356425259475,10.800936,3.8273177,7.6954966
1356425259515,13.633968,4.862464,7.6954966
1356425259555,6.4015636,2.3426998,8.008764
1356425259595,10.841797,16.507862,1.9477097
1356425259625,2.9147544,6.6331096,-0.95342433
1356425259665,2.7921712,4.0588636,-6.0882955
1356425259705,12.721405,10.501288,0.88532263
1356425259745,4.4810944,7.082581,1.7570249
1356425259785,3.405087,6.891896,0.08172209
1356425259825,8.117727,5.9793324,0.8036005
1356425259865,7.1234417,5.7886477,1.1849703
1356425259905,6.973618,5.47538,0.42223078
1356425259945,7.273266,7.0553403,0.23154591
1356425259985,6.2108784,7.4639506,0.8036005
1356425260025,7.5456724,8.19945,-0.19068487
1356425260065,8.771504,7.7772183,-0.0
1356425260105,9.343558,8.076866,0.92618364
1356425260145,10.61025,8.349273,-1.4165162
1356425260185,9.697687,7.273266,0.5720546
1356425260225,5.2165933,10.419566,-1.2258313
1356425260275,8.117727,13.375181,0.313268
1356425260305,8.539958,10.882658,2.3018389
1356425260345,8.539958,8.117727,0.10896278
1356425260385,6.1291566,6.4424243,0.3405087
1356425260425,4.2904096,5.8976107,0.313268
1356425260465,2.5606253,4.9850473,0.88532263
1356425260509,2.070293,3.445948,1.56634
1356425260545,4.6036777,2.7649305,2.8738933
1356425260585,6.932757,2.6014864,5.284695
1356425260625,11.645397,4.5219555,7.082581
1356425260665,13.756551,3.990762,6.8237944
1356425260705,6.2108784,0.95342433,6.2789803
1356425260745,9.888372,16.589584,3.214402
1356425260785,3.636633,5.325556,0.040861044
1356425260825,3.1463003,3.9499009,-6.5922484
1356425260865,14.369467,9.575105,3.173541
1356425260905,3.2961242,7.3141265,1.0760075
1356425260945,4.903325,6.5513873,-0.7218784
1356425260985,8.008764,4.944186,0.19068487
1356425261025,6.66035,5.434519,0.6537767
1356425261065,7.014479,6.891896,0.8036005
1356425261105,6.5922484,7.246025,0.27240697
1356425261145,8.281172,7.3958488,0.3405087
1356425261185,9.152874,6.5513873,0.7218784
1356425261225,8.076866,8.19945,0.10896278
1356425261274,8.730643,8.771504,1.6480621
1356425261305,10.378705,7.43671,-0.95342433
1356425261345,8.853226,6.4015636,-0.61291564
1356425261385,7.0553403,13.593107,-1.1168685
1356425261425,7.4639506,13.988097,2.6014864
1356425261465,8.539958,9.112013,0.95342433
1356425261505,7.3958488,6.932757,0.6537767
1356425261545,5.134871,5.7477865,0.42223078
1356425261585,3.759216,4.7535014,0.5720546
1356425261625,1.7978859,3.7864566,1.3075534
1356425261665,2.8738933,2.9147544,2.3699405
1356425261705,5.938472,2.4108016,4.4810944
1356425261744,9.615966,3.0237172,6.851035
1356425261785,14.2877445,3.6774938,8.008764
1356425261825,8.049625,3.0645783,7.0553403
1356425261865,11.645397,15.132206,5.47538
1356425261905,1.3075534,7.8861814,0.9942854
1356425261945,4.862464,4.099725,-6.851035
1356425261985,13.865514,10.147159,1.1849703
1356425262025,4.440233,6.1291566,1.1168685
1356425262065,3.336985,7.205164,-0.6946377
1356425262105,7.8589406,5.434519,0.7627395
1356425262145,7.43671,5.6252036,1.1849703
1356425262185,7.668256,6.469665,1.1168685
1356425262225,7.0553403,6.8237944,-0.08172209
1356425262275,7.164303,6.851035,0.7627395
1356425262305,8.662541,7.014479,0.6946377
1356425262345,9.234595,7.5456724,0.46309182
1356425262385,10.419566,7.6273947,-0.7218784
1356425262425,11.686258,8.117727,0.23154591
1356425262465,5.5571017,10.528529,-0.19068487
1356425262505,7.082581,10.841797,-1.525479
1356425262545,9.112013,10.760075,3.0237172
1356425262585,8.689782,9.043911,0.040861044
1356425262625,6.469665,6.8237944,0.53119355
1356425262665,4.440233,5.7886477,0.10896278
1356425262705,2.6423476,4.7535014,1.0760075
1356425262745,2.2201166,3.486809,1.8387469
1356425262785,4.6036777,2.7649305,2.8330324
1356425262825,6.8237944,1.7978859,5.134871
1356425262865,11.34575,2.5606253,7.9270425
1356425262905,12.639683,3.8273177,7.8861814
1356425262945,6.4424243,4.944186,7.8180795
1356425262985,10.61025,16.657684,4.0180025
1356425263025,2.3699405,3.336985,-2.7921712
1356425263065,7.8180795,7.205164,-3.5957718
1356425263105,11.795221,8.689782,2.8330324
1356425263145,2.7649305,6.469665,0.42223078
1356425263185,5.8567495,6.782933,0.38136974
1356425263225,7.6954966,5.284695,0.7218784
1356425263275,6.5513873,4.6036777,0.23154591
1356425263305,7.9270425,6.0201936,0.6946377
1356425263345,6.851035,6.66035,0.6537767
1356425263385,8.049625,7.205164,0.6946377
1356425263425,8.499097,7.43671,0.040861044
1356425263465,8.19945,8.117727,0.38136974
1356425263505,10.651112,8.771504,-0.23154591
1356425263545,13.143636,6.8237944,0.10896278
1356425263585,5.9793324,9.507003,0.61291564
1356425263625,7.3549876,11.114203,-1.7978859
1356425263665,10.269742,10.760075,2.3018389
1356425263705,8.281172,8.921328,0.42223078
1356425263745,5.5571017,6.932757,0.27240697
1356425263785,4.099725,5.434519,-0.27240697
1356425263825,2.7921712,4.440233,0.88532263
1356425263865,1.9477097,3.2961242,0.95342433
1356425263905,3.405087,2.4516625,2.9556155
1356425263945,6.2108784,1.7570249,5.8976107
1356425263985,12.598822,3.214402,9.193735
1356425264025,12.830367,3.5957718,7.8589406
1356425264065,8.894087,10.269742,4.7943625
1356425264105,7.1234417,11.795221,2.9556155
1356425264145,2.3018389,2.982856,-5.8567495
1356425264185,12.408136,9.507003,0.23154591
1356425264225,7.6954966,6.4015636,1.7297841
1356425264275,2.8330324,6.782933,-0.46309182
1356425264305,6.891896,5.134871,0.10896278
1356425264345,7.246025,5.829509,0.38136974
1356425264385,7.273266,6.891896,0.84446156
1356425264425,6.3607025,5.8976107,0.23154591
1356425264465,7.8589406,6.973618,0.61291564
1356425264505,9.084772,7.205164,0.46309182
1356425264545,8.853226,7.7363577,0.46309182
1356425264585,9.615966,8.117727,1.879608
1356425264625,10.460427,6.782933,-0.84446156
1356425264665,8.390134,6.0201936,-0.53119355
1356425264705,8.076866,12.598822,-1.6480621
1356425264744,8.962189,13.293459,1.2666923
1356425264785,9.575105,9.043911,1.2258313
1356425264825,7.5865335,7.4639506,0.88532263
1356425264865,5.706926,6.5513873,0.23154591
1356425264905,3.5276701,5.134871,0.6537767
1356425264945,2.1111538,4.0588636,0.92618364
1356425264985,2.0294318,2.6014864,1.6480621
1356425265025,5.47538,1.7570249,3.9090397
1356425265065,10.923519,1.7297841,7.205164
1356425265105,15.213928,3.759216,7.43671
1356425265145,6.66035,1.607201,7.6273947
1356425265185,11.34575,14.09706,3.7864566
1356425265225,5.243834,9.043911,1.6480621
1356425265274,3.255263,3.6774938,-7.04172
1356425265305,14.015338,10.337844,1.879608
1356425265345,5.2165933,6.701211,1.6889231
1356425265385,4.2495484,6.701211,-0.6537767
1356425265425,8.008764,4.944186,0.46309182
1356425265465,7.273266,5.134871,0.95342433
1356425265506,7.7363577,6.0201936,0.8036005
1356425265545,7.273266,6.1291566,-0.0
1356425265585,7.6273947,6.5922484,1.1168685
1356425265625,9.534244,6.5513873,0.50395286
1356425265655,9.343558,7.504812,0.9942854
1356425265695,9.534244,7.6954966,1.4573772
1356425265735,10.991621,7.082581,-0.46309182
1356425265775,8.62168,6.782933,-0.42223078
1356425265815,8.430995,13.6748295,-0.9125633
1356425265855,8.921328,12.571581,2.6832085
1356425265895,9.656827,7.8861814,0.88532263
1356425265935,6.4015636,6.701211,0.6946377
1356425265975,4.0588636,5.325556,-0.08172209
1356425266015,2.3018389,4.1814466,0.50395286
1356425266055,1.607201,3.173541,1.334794
1356425266095,3.759216,2.3018389,2.7240696
1356425266135,8.008764,1.9885708,5.243834
1356425266175,13.633968,2.5333846,8.771504
1356425266215,12.340035,2.9147544,6.742072
1356425266276,5.7477865,1.6480621,7.082581
1356425266295,13.143636,15.894946,4.399372
1356425266335,1.4165162,5.134871,-0.84446156
1356425266375,4.7943625,4.3312707,-7.504812
1356425266415,14.09706,8.689782,3.0645783
1356425266455,3.255263,5.9793324,0.50395286
1356425266495,4.399372,6.5922484,-0.0
1356425266535,7.8589406,5.6252036,0.46309182
1356425266565,7.205164,5.7477865,1.0351465
1356425266595,6.851035,6.0474343,0.313268
1356425266635,7.8589406,6.6331096,0.14982383
1356425266675,8.281172,6.973618,1.1441092
1356425266715,9.575105,6.4424243,0.42223078
1356425266755,10.337844,6.0474343,0.95342433
1356425266795,9.575105,7.3958488,-0.10896278
1356425266835,10.56939,6.5922484,-0.8036005
1356425266875,6.851035,10.419566,-0.95342433
1356425266915,9.384419,15.213928,1.920469
1356425266955,8.962189,10.460427,2.5606253
1356425266995,8.19945,7.8180795,0.88532263
1356425267035,5.9793324,6.1700177,0.53119355
1356425267075,3.759216,4.4810944,0.27240697
1356425267115,2.070293,3.214402,1.1849703
1356425267155,3.2961242,2.5606253,2.152015
1356425267195,5.366417,2.152015,3.3778462
1356425267235,6.8237944,2.2201166,5.284695
1356425267276,12.830367,3.255263,8.049625
1356425267315,13.988097,2.7649305,7.273266
1356425267355,6.5922484,4.2495484,8.008764
1356425267395,11.073342,16.3989,2.7649305
1356425267435,2.1111538,3.759216,-3.405087
1356425267475,8.390134,8.008764,-3.336985
1356425267515,11.836082,8.049625,2.6014864
1356425267555,3.255263,6.3198414,-0.3405087
1356425267595,6.2108784,5.8567495,-0.50395286
1356425267635,8.158588,5.284695,0.6537767
1356425267675,7.6954966,5.243834,0.6946377
1356425267714,7.668256,5.284695,0.53119355
1356425267755,7.8861814,6.238119,0.10896278
1356425267795,8.049625,6.701211,0.8036005
1356425267835,8.853226,6.932757,0.5720546
1356425267875,9.384419,8.049625,1.3075534
1356425267915,10.841797,7.5456724,0.19068487
1356425267955,12.340035,5.938472,0.42223078
1356425267995,6.469665,8.049625,-0.6946377
1356425268035,7.9679036,11.958665,-0.08172209
1356425268075,8.430995,11.114203,2.0294318
1356425268115,8.894087,8.580819,0.6946377
1356425268155,7.246025,6.510526,0.5720546
1356425268195,5.134871,5.366417,0.46309182
1356425268235,3.2961242,4.2904096,0.6537767
1356425268276,2.4108016,3.214402,1.3075534
1356425268315,3.5276701,2.6014864,2.7649305
1356425268355,6.3607025,1.7297841,4.440233
1356425268395,11.876944,1.7570249,7.6273947
1356425268435,15.050485,3.0645783,7.164303
1356425268475,6.238119,1.7570249,7.9679036
1356425268515,10.528529,15.5135765,2.7649305
1356425268555,3.759216,5.284695,-0.88532263
1356425268595,6.0201936,6.1700177,-4.862464
1356425268635,12.980191,8.499097,2.4108016
1356425268675,4.3312707,6.742072,0.6946377
1356425268715,5.7886477,6.469665,-0.50395286
1356425268755,7.7363577,5.134871,0.3405087
1356425268795,6.5513873,4.862464,0.313268
1356425268835,8.008764,5.8976107,0.38136974
1356425268875,7.9679036,6.2789803,0.53119355
1356425268915,8.662541,6.510526,1.334794
1356425268955,9.193735,5.8976107,0.53119355
1356425268995,9.00305,7.4639506,0.88532263
1356425269035,9.724928,8.471856,0.8036005
1356425269075,11.032481,5.09401,-0.7627395
1356425269115,7.43671,8.689782,-0.6537767
1356425269155,9.615966,13.824653,0.10896278
1356425269195,9.234595,10.691973,2.152015
1356425269235,9.193735,8.390134,0.50395286
1356425269275,6.932757,6.851035,0.50395286
1356425269315,5.243834,5.134871,0.7218784
1356425269355,2.7649305,3.336985,0.84446156
1356425269395,2.3018389,3.173541,1.4165162
1356425269435,3.990762,2.4925237,2.9556155
1356425269475,7.3141265,1.6480621,4.8216033
1356425269515,11.604536,1.9477097,7.1234417
1356425269555,12.680544,3.214402,7.246025
1356425269595,7.273266,3.255263,7.3958488
1356425269635,11.795221,16.208214,3.3778462
1356425269675,3.445948,4.0180025,-1.525479
1356425269715,7.3958488,6.2789803,-3.7864566
1356425269755,11.917805,8.076866,1.9477097
1356425269795,3.8681788,5.7477865,-0.10896278
1356425269835,6.973618,5.5162406,0.38136974
1356425269875,7.6273947,5.8567495,1.0351465
1356425269915,6.742072,5.706926,0.53119355
1356425269955,7.3141265,5.7477865,0.19068487
1356425269995,7.5456724,6.5513873,0.10896278
1356425270035,8.771504,6.66035,0.84446156
1356425270075,9.507003,5.8976107,0.5720546
1356425270115,10.079058,6.891896,0.5720546
1356425270155,11.686258,7.5865335,-0.8036005
1356425270195,10.800936,6.742072,0.6946377
1356425270235,5.175732,9.915613,-0.50395286
1356425270276,9.425281,11.836082,1.3075534
1356425270315,10.269742,10.460427,2.0294318
1356425270355,8.471856,8.730643,0.46309182
1356425270395,6.742072,6.891896,0.6946377
1356425270435,4.0588636,4.944186,0.23154591
1356425270475,2.1792557,3.5276701,0.6537767
1356425270515,2.1792557,2.4516625,1.5390993
1356425270555,5.325556,1.2666923,4.1814466
1356425270595,10.310603,1.4573772,6.2789803
1356425270635,11.985906,3.1463003,8.117727
1356425270675,10.038197,3.405087,9.275456
1356425270714,11.114203,13.293459,4.2086873
1356425270755,6.2108784,8.662541,0.040861044
1356425270795,5.47538,6.5922484,-3.8681788
1356425270835,13.0619135,9.384419,0.5720546
1356425270875,6.5513873,5.5162406,1.1441092
1356425270915,5.7477865,6.0201936,-0.27240697
1356425270955,7.273266,4.5219555,0.6537767
1356425270995,7.082581,4.099725,0.50395286
1356425271035,7.3549876,4.6036777,0.50395286
1356425271075,7.9270425,6.6331096,0.92618364
1356425271115,7.6273947,6.782933,0.7627395
1356425271155,8.921328,6.5513873,0.313268
1356425271195,9.507003,6.891896,0.6537767
1356425271235,10.228881,8.049625,1.3075534
1356425271275,11.958665,7.0553403,-0.27240697
1356425271315,10.079058,4.862464,0.6537767
1356425271355,7.504812,10.038197,-1.334794
1356425271395,10.269742,13.33432,1.3075534
1356425271435,9.507003,9.956474,1.879608
1356425271475,8.240311,7.3141265,0.14982383
1356425271515,5.366417,5.7477865,0.61291564
1356425271555,3.990762,3.7864566,0.50395286
1356425271595,2.0294318,3.1463003,0.95342433
1356425271635,2.070293,2.6423476,2.070293
1356425271675,5.597963,2.1111538,4.399372
1356425271715,10.378705,1.920469,6.701211
1356425271755,14.410328,2.982856,8.853226
1356425271795,8.076866,1.6480621,8.240311
1356425271835,13.824653,14.369467,5.6660647
1356425271875,2.1111538,6.4015636,-0.0
1356425271915,4.7943625,4.7943625,-6.5513873
1356425271955,14.7916975,10.310603,2.0294318
1356425271995,4.903325,5.8567495,1.0760075
1356425272035,5.175732,6.742072,-0.3405087
1356425272075,8.117727,4.8216033,0.84446156
1356425272115,6.6331096,4.6036777,0.7627395
1356425272155,6.973618,4.8216033,0.3405087
1356425272195,8.281172,6.3607025,1.3075534
1356425272235,7.4639506,6.0882955,0.84446156
1356425272275,10.079058,6.701211,0.61291564
1356425272315,9.888372,7.164303,1.4165162
1356425272355,10.460427,7.5456724,0.95342433
1356425272395,12.639683,5.434519,-1.1441092
1356425272435,7.082581,7.246025,0.3405087
1356425272475,8.430995,11.958665,-1.525479
1356425272515,10.310603,11.264028,2.4516625
1356425272555,10.337844,8.689782,0.42223078
1356425272595,7.4639506,6.701211,0.3405087
1356425272635,5.053149,5.012288,-0.0
1356425272675,2.9556155,3.8273177,0.61291564
1356425272715,1.7978859,3.405087,0.95342433
1356425272755,3.2961242,3.0645783,2.4108016
1356425272795,6.973618,1.920469,4.7535014
1356425272835,12.9529505,1.7570249,7.5865335
1356425272875,14.669114,2.6423476,6.8237944
1356425272915,6.782933,-0.46309182,7.3958488
1356425272955,5.9793324,11.645397,0.84446156
1356425272995,11.372991,9.724928,2.9556155
1356425273035,0.46309182,3.255263,-5.6252036
1356425273075,14.369467,7.8180795,0.6946377
1356425273115,5.8567495,6.1291566,1.607201
1356425273155,5.053149,6.469665,-0.27240697
1356425273195,7.9270425,5.053149,0.14982383
1356425273235,7.504812,5.2165933,1.0351465
1356425273275,7.43671,5.366417,0.95342433
1356425273315,7.7363577,5.6660647,0.3405087
1356425273355,8.158588,6.66035,0.50395286
1356425273395,9.765789,5.8976107,0.6537767
1356425273435,9.847511,6.3198414,0.27240697
1356425273475,10.501288,7.43671,1.4165162
1356425273515,12.14935,6.0474343,-1.525479
1356425273555,7.8589406,6.742072,-0.19068487
1356425273595,8.049625,12.639683,-0.9125633
1356425273635,9.80665,12.367276,2.6423476
1356425273675,10.119919,7.7363577,0.313268
1356425273714,7.8589406,6.66035,0.50395286
1356425273755,5.284695,5.6252036,0.040861044
1356425273795,3.0237172,4.372132,0.7218784
1356425273835,1.7570249,3.405087,1.1168685
1356425273875,3.7864566,1.7570249,2.6423476
1356425273915,7.164303,0.84446156,4.862464
1356425273955,11.563675,1.2666923,7.1234417
1356425273995,14.369467,3.2961242,6.851035
1356425274035,7.3958488,0.95342433,8.117727
1356425274075,12.4489975,14.750836,2.9556155
1356425274115,3.636633,6.0201936,0.38136974
1356425274155,5.47538,5.325556,-5.938472
1356425274195,13.484144,7.8861814,1.6480621
1356425274235,5.2165933,6.0882955,1.4573772
1356425274275,5.47538,6.4015636,-0.84446156
1356425274315,8.349273,4.7535014,0.23154591
1356425274355,7.4639506,5.366417,1.2258313
1356425274398,7.273266,5.407278,0.61291564
1356425274435,7.014479,5.407278,0.3405087
1356425274475,8.580819,6.469665,0.27240697
1356425274515,9.575105,5.938472,0.61291564
1356425274555,10.119919,6.6331096,0.50395286
1356425274595,11.563675,6.701211,0.38136974
1356425274635,13.102775,5.8567495,-0.7627395
1356425274675,6.510526,8.049625,0.313268
1356425274715,6.742072,11.536434,-1.2258313
1356425274755,10.419566,11.114203,1.9885708
1356425274795,10.228881,8.689782,0.84446156
1356425274835,7.273266,6.3198414,0.3405087
1356425274875,4.9850473,4.7126403,0.23154591
1356425274915,3.173541,4.0588636,0.7218784
1356425274955,2.2201166,3.636633,0.95342433
1356425274995,3.336985,2.3426998,2.3699405
1356425275035,6.4424243,0.88532263,4.5219555
1356425275075,13.211738,1.56634,8.008764
1356425275115,14.818938,3.1463003,6.742072
1356425275155,6.2108784,0.46309182,7.5865335
1356425275195,11.836082,15.745122,2.5333846
1356425275235,5.434519,7.0553403,1.0760075
1356425275275,4.6036777,4.372132,-6.428804
1356425275315,14.628253,7.6273947,1.607201
1356425275355,4.862464,6.0201936,1.3756552
1356425275395,5.47538,6.3198414,-0.6537767
1356425275435,8.049625,5.243834,0.50395286
1356425275475,7.205164,5.243834,0.84446156
1356425275515,7.7363577,4.7943625,0.42223078
1356425275555,8.240311,5.2165933,0.42223078
1356425275595,8.471856,5.829509,0.5720546
1356425275635,9.193735,6.469665,0.61291564
1356425275675,10.038197,6.0474343,0.6537767
1356425275715,11.958665,6.4015636,-0.6946377
1356425275755,11.795221,6.973618,0.5720546
1356425275795,5.597963,9.915613,-1.2258313
1356425275835,9.765789,12.571581,1.4982382
1356425275875,10.337844,9.384419,1.9477097
1356425275915,9.00305,6.932757,0.7218784
1356425275955,5.9793324,5.2165933,0.5720546
1356425275995,4.671779,4.1814466,0.23154591
1356425276035,2.9147544,3.718355,1.1168685
1356425276075,2.6423476,2.7649305,1.6480621
1356425276115,4.4810944,1.879608,3.1463003
1356425276155,7.504812,1.1849703,4.7126403
1356425276195,15.132206,0.7627395,7.8589406
1356425276235,14.137921,1.0351465,6.3198414
1356425276275,6.2789803,3.5276701,7.246025
1356425276315,14.137921,16.88923,3.445948
1356425276355,-0.8036005,2.2201166,-3.486809
1356425276395,8.730643,8.240311,-4.0180025
1356425276435,13.593107,8.689782,2.4516625
1356425276475,2.9147544,6.3198414,-0.38136974
1356425276515,6.742072,5.8976107,-0.19068487
1356425276545,8.499097,4.3312707,0.3405087
1356425276585,7.8861814,4.140586,0.5720546
1356425276625,8.117727,5.2165933,1.1849703
1356425276665,8.049625,5.706926,0.61291564
1356425276704,8.771504,5.284695,0.6537767
1356425276745,9.234595,5.284695,1.3075534
1356425276785,9.112013,7.205164,0.92618364
1356425276825,12.258313,7.3958488,-1.7297841
1356425276865,11.536434,6.0474343,1.1849703
1356425276905,7.1234417,10.760075,-1.2258313
1356425276945,11.073342,12.53072,1.607201
1356425276985,10.691973,9.615966,1.334794
1356425277025,8.730643,7.6273947,0.27240697
1356425277065,5.938472,5.706926,0.313268
1356425277105,3.336985,4.099725,0.313268
1356425277145,1.6480621,3.2961242,0.61291564
1356425277185,1.6480621,2.2609777,1.8387469
1356425277225,5.243834,1.6480621,4.1814466
1356425277275,9.765789,1.3756552,6.973618
1356425277315,15.213928,2.070293,7.43671
1356425277355,6.782933,0.27240697,7.7363577
1356425277395,11.985906,14.328606,4.944186
1356425277435,7.504812,6.701211,-0.0
1356425277475,2.2609777,2.5333846,-6.973618
1356425277515,15.472715,9.425281,1.7570249
1356425277555,6.469665,6.66035,1.0760075
1356425277595,4.0180025,6.510526,0.10896278
1356425277635,8.240311,5.5162406,1.7297841
1356425277675,7.205164,5.2165933,1.0351465
1356425277715,6.3607025,5.47538,0.6537767
1356425277755,6.6331096,6.1291566,0.23154591
1356425277785,8.894087,6.973618,0.46309182
1356425277825,9.575105,5.5571017,1.4982382
1356425277865,9.724928,5.366417,1.0351465
1356425277905,9.915613,7.082581,1.1168685
1356425277945,13.33432,6.4424243,-1.2258313
1356425277985,9.956474,5.5162406,0.50395286
1356425278025,7.43671,11.836082,-1.6889231
1356425278065,9.534244,12.258313,1.0760075
1356425278105,9.302697,8.471856,0.7218784
1356425278145,8.689782,7.273266,-0.10896278
1356425278185,6.701211,5.325556,0.10896278
1356425278225,5.407278,4.2495484,0.7218784
1356425278275,2.9556155,4.099725,0.92618364
1356425278315,2.3018389,3.568531,1.9885708
1356425278355,4.4810944,2.2201166,3.2961242
1356425278395,9.152874,2.1111538,4.8216033
1356425278435,16.317177,0.6946377,6.4015636
1356425278475,10.923519,0.10896278,5.325556
1356425278515,7.7772183,6.1700177,4.372132
1356425278555,13.184497,16.358038,4.903325
1356425278595,-0.6537767,1.920469,-3.5957718
1356425278635,12.598822,9.193735,-1.7570249
1356425278675,9.724928,6.2108784,2.7921712
1356425278715,2.3426998,6.932757,-0.7627395
1356425278755,8.499097,4.9850473,-0.040861044
1356425278795,8.771504,4.099725,0.040861044
1356425278835,6.851035,4.372132,-0.08172209
1356425278875,8.281172,5.434519,1.2666923
1356425278915,8.390134,6.0882955,0.5720546
1356425278955,9.043911,5.9793324,0.61291564
1356425278995,10.460427,5.47538,0.46309182
1356425279035,9.915613,6.973618,1.1849703
1356425279075,10.732834,6.5922484,-0.9942854
1356425279115,9.507003,7.082581,0.14982383
1356425279155,6.891896,11.454713,-1.0351465
1356425279195,10.147159,11.917805,1.4982382
1356425279235,10.119919,8.349273,1.7570249
1356425279275,8.281172,7.4639506,0.6537767
1356425279315,6.782933,5.7477865,0.5720546
1356425279355,5.012288,4.5219555,0.88532263
1356425279395,3.445948,4.2495484,1.1441092
1356425279435,2.8738933,3.6774938,1.7570249
1356425279475,4.7126403,2.6832085,2.982856
1356425279515,7.8180795,1.1849703,3.8273177
1356425279555,12.299174,0.8036005,6.1700177
1356425279595,14.056199,1.2258313,6.6331096
1356425279635,9.915613,3.5276701,7.3549876
1356425279675,12.14935,15.636159,3.255263
1356425279714,-1.3756552,3.445948,-1.9477097
1356425279755,11.536434,8.539958,-3.173541
1356425279795,11.073342,6.0474343,2.3018389
1356425279835,3.718355,6.0882955,-0.6946377
1356425279875,8.308413,5.284695,-0.23154591
1356425279915,8.008764,4.944186,0.7218784
1356425279955,6.8237944,5.325556,0.53119355
1356425279995,7.6954966,5.407278,0.313268
1356425280054,8.430995,5.9793324,0.84446156
1356425280095,9.80665,5.134871,0.27240697
1356425280135,9.697687,5.829509,-0.08172209
1356425280175,9.765789,7.7772183,1.6480621
1356425280215,10.079058,6.238119,-0.6537767
1356425280276,10.651112,3.8273177,-0.7627395
1356425280295,8.349273,9.724928,-0.42223078
1356425280335,9.275456,13.797412,1.6480621
1356425280375,9.575105,8.308413,1.4165162
1356425280415,9.534244,6.5513873,0.9942854
1356425280455,7.246025,6.0474343,0.42223078
1356425280495,4.8216033,4.5628166,0.38136974
1356425280535,2.7240696,3.5957718,0.8036005
1356425280575,2.4925237,2.5606253,1.7978859
1356425280615,4.9850473,2.0294318,3.2961242
1356425280655,9.343558,1.8387469,5.325556
1356425280695,15.785983,1.4573772,7.5865335
1356425280735,11.563675,0.92618364,5.829509
1356425280775,11.141444,6.973618,5.706926
1356425280815,7.5865335,12.980191,2.982856
1356425280855,1.1849703,3.759216,-4.5219555
1356425280895,14.015338,9.915613,-0.0
1356425280935,5.9793324,4.630918,1.4982382
1356425280975,5.7886477,5.6660647,-0.95342433
1356425281015,9.656827,4.399372,0.14982383
1356425281055,7.205164,5.09401,1.0351465
1356425281095,6.701211,5.434519,0.313268
1356425281135,7.246025,6.2789803,0.27240697
1356425281175,8.008764,5.8567495,0.6946377
1356425281215,10.501288,4.8216033,0.19068487
1356425281273,10.119919,4.671779,0.50395286
1356425281295,10.310603,6.66035,1.0351465
1356425281335,11.413852,6.4424243,-0.50395286
1356425281375,9.234595,5.597963,-0.46309182
1356425281415,8.049625,11.141444,-1.56634
1356425281455,9.915613,13.102775,2.2201166
1356425281495,10.228881,8.349273,1.4573772
1356425281535,9.112013,6.66035,0.38136974
1356425281575,6.1700177,5.6252036,-0.040861044
1356425281615,4.3312707,4.630918,0.53119355
1356425281655,2.4516625,3.5957718,0.9942854
1356425281695,2.4108016,2.2609777,2.0294318
1356425281735,5.366417,1.6480621,3.718355
1356425281775,9.915613,1.3756552,5.706926
1356425281815,16.04477,2.152015,7.504812
1356425281855,9.847511,0.53119355,5.7477865
1356425281895,8.921328,8.539958,5.284695
1356425281935,10.269742,12.299174,2.8738933
1356425281975,1.4982382,2.8330324,-4.372132
1356425282015,12.762266,8.430995,-1.3756552
1356425282055,9.275456,6.1700177,2.4925237
1356425282095,3.9499009,6.891896,-0.50395286
1356425282135,8.076866,5.134871,-0.19068487
1356425282175,7.8180795,4.5219555,0.3405087
1356425282215,7.9679036,5.09401,0.6537767
1356425282268,7.43671,5.134871,0.38136974
1356425282295,8.049625,5.597963,0.50395286
1356425282335,8.894087,5.8976107,0.14982383
1356425282375,9.656827,6.1291566,0.46309182
1356425282415,10.119919,6.932757,0.5720546
1356425282455,11.141444,6.4015636,0.19068487
1356425282495,12.721405,4.3312707,-0.29964766
1356425282535,6.4015636,8.19945,-0.53119355
1356425282575,7.205164,11.34575,-1.6889231
1356425282615,10.079058,9.915613,1.7297841
1356425282655,10.337844,7.5865335,0.7627395
1356425282695,7.6273947,6.1291566,0.61291564
1356425282734,6.851035,5.012288,0.53119355
1356425282775,4.440233,4.671779,0.9942854
1356425282815,2.9556155,4.2904096,1.0351465
1356425282855,3.3778462,2.6014864,2.3018389
1356425282895,6.782933,1.1168685,3.990762
1356425282935,10.923519,0.50395286,5.5571017
1356425282975,14.206022,1.1849703,6.510526
1356425283015,9.152874,1.6480621,5.366417
1356425283055,8.117727,7.205164,4.8216033
1356425283095,11.264028,13.402422,3.1463003
1356425283135,2.4925237,2.8738933,-3.8273177
1356425283175,13.102775,8.19945,-1.3075534
1356425283215,7.5456724,5.938472,1.7978859
1356425283264,5.053149,6.8237944,-0.08172209
1356425283295,8.076866,5.053149,-0.38136974
1356425283335,7.5865335,4.4810944,0.313268
1356425283375,7.9270425,4.944186,0.6946377
1356425283415,7.504812,5.366417,0.7218784
1356425283455,8.049625,5.6660647,0.23154591
1356425283495,9.112013,5.7886477,0.3405087
1356425283535,9.80665,5.6660647,0.92618364
1356425283575,10.079058,6.0882955,0.27240697
1356425283605,12.026767,5.7886477,-0.19068487
1356425283645,12.762266,5.47538,-0.14982383
1356425283685,6.4015636,7.504812,0.10896278
1356425283725,7.1234417,10.378705,-1.4982382
1356425283755,11.141444,10.651112,2.2201166
1356425283795,10.651112,9.043911,1.0760075
1356425283835,9.193735,6.5922484,0.19068487
1356425283875,6.782933,5.706926,0.313268
1356425283915,4.399372,5.09401,0.5720546
1356425283955,2.1792557,3.9499009,1.1441092
1356425283995,2.9556155,2.6423476,1.9885708
1356425284035,5.8976107,1.4165162,4.0180025
1356425284075,9.656827,1.1168685,5.8976107
1356425284115,15.091345,2.7921712,7.3141265
1356425284155,9.302697,1.6889231,6.742072
1356425284195,11.876944,10.61025,5.284695
1356425284235,6.5513873,10.800936,2.1792557
1356425284275,2.5333846,3.405087,-4.7943625
1356425284315,12.9529505,8.689782,-1.56634
1356425284355,8.471856,5.325556,2.070293
1356425284395,4.8216033,6.469665,-0.46309182
1356425284435,8.281172,5.5571017,0.50395286
1356425284475,7.7363577,5.175732,0.5720546
1356425284515,7.5456724,4.862464,0.53119355
1356425284555,7.5865335,5.243834,0.7627395
1356425284595,7.9679036,5.706926,0.50395286
1356425284635,8.921328,5.434519,0.6537767
1356425284675,9.765789,4.903325,0.14982383
1356425284715,9.575105,6.66035,0.61291564
1356425284755,10.419566,6.5922484,0.42223078
1356425284795,12.9529505,5.7886477,-0.46309182
1356425284835,7.246025,7.5456724,0.46309182
1356425284875,7.014479,10.079058,-1.56634
1356425284915,11.304889,9.847511,2.3426998
1356425284955,10.732834,8.076866,0.8036005
1356425284995,8.539958,6.0201936,0.46309182
1356425285045,6.0201936,5.09401,0.61291564
1356425285085,3.5276701,4.4810944,0.88532263
1356425285125,2.8330324,3.718355,1.6480621
1356425285165,4.2904096,2.7240696,3.0237172
1356425285205,6.973618,1.4165162,4.2086873
1356425285264,10.038197,1.3756552,5.175732
1356425285285,13.143636,2.8738933,7.246025
1356425285325,9.915613,1.9477097,6.3198414
1356425285365,9.888372,7.9679036,6.932757
1356425285405,10.651112,13.143636,1.9477097
1356425285445,1.1168685,2.4925237,-3.8273177
1356425285485,11.727119,7.205164,-2.2201166
1356425285525,9.80665,5.597963,1.8387469
1356425285565,4.7535014,5.8976107,-0.08172209
1356425285605,7.9270425,5.9793324,0.95342433
1356425285645,8.008764,5.366417,0.92618364
1356425285687,7.6273947,5.175732,0.88532263
1356425285724,8.076866,5.053149,0.6537767
1356425285765,7.8861814,5.47538,-0.14982383
1356425285805,8.281172,6.4015636,0.7627395
1356425285845,8.771504,5.6252036,0.3405087
1356425285885,10.56939,5.2165933,0.040861044
1356425285925,10.378705,6.66035,1.1168685
1356425285965,12.176591,6.0201936,-0.14982383
1356425286005,8.471856,5.284695,0.10896278
1356425286045,6.510526,9.656827,-1.0760075
1356425286085,9.888372,10.800936,1.1441092
1356425286125,10.18802,8.076866,1.2258313
1356425286165,9.534244,6.2789803,0.53119355
1356425286205,7.3549876,5.5162406,0.6537767
1356425286266,5.325556,5.407278,0.50395286
1356425286285,3.486809,4.372132,1.334794
1356425286325,3.405087,3.405087,2.3426998
1356425286365,5.407278,2.0294318,2.7921712
1356425286405,7.3958488,1.0760075,4.2495484
1356425286445,12.217452,1.2258313,6.469665
1356425286485,14.246883,1.6889231,5.9793324
1356425286525,6.5513873,0.3405087,6.851035
1356425286565,13.484144,15.4046135,3.0645783
1356425286605,5.9793324,6.782933,0.42223078
1356425286645,3.7864566,3.255263,-5.5162406
1356425286685,14.859799,8.19945,1.8387469
1356425286725,5.5571017,6.66035,1.4165162
1356425286765,5.6660647,6.8237944,-0.3405087
1356425286805,8.049625,5.284695,0.61291564
1356425286845,7.5456724,4.5628166,0.7218784
1356425286885,8.19945,4.9850473,0.53119355
1356425286929,8.049625,5.053149,0.38136974
1356425286965,8.499097,5.2165933,0.14982383
1356425287005,9.043911,5.134871,0.8036005
1356425287045,9.915613,5.597963,0.19068487
1356425287085,10.882658,6.782933,1.3075534
1356425287125,12.598822,5.6252036,-0.50395286
1356425287165,8.771504,6.3607025,0.61291564
1356425287205,6.3198414,9.697687,-1.2258313
1356425287245,10.760075,9.507003,1.1441092
1356425287285,10.269742,8.730643,1.2666923
1356425287325,9.152874,7.4639506,0.9942854
1356425287365,7.9679036,5.7477865,0.46309182
1356425287405,5.407278,5.2165933,0.61291564
1356425287445,3.5276701,4.0588636,1.3756552
1356425287485,3.486809,3.255263,1.8387469
1356425287525,4.399372,2.2609777,2.6423476
1356425287565,6.8237944,1.6480621,4.5219555
1356425287605,12.639683,1.6480621,6.0201936
1356425287645,14.246883,2.070293,5.597963
1356425287685,10.228881,2.152015,7.082581
1356425287725,10.310603,12.067628,2.6423476
1356425287765,-0.14982383,4.6036777,-0.14982383
1356425287805,11.182305,8.499097,-3.214402
1356425287845,11.495573,5.284695,1.9885708
1356425287885,5.434519,5.366417,0.6946377
1356425287925,8.539958,5.366417,-0.29964766
1356425287965,8.008764,4.903325,0.5720546
1356425288005,7.014479,5.2165933,0.6537767
1356425288045,7.7772183,5.434519,0.53119355
1356425288085,7.6273947,5.597963,0.50395286
1356425288125,8.962189,5.434519,0.53119355
1356425288165,9.956474,4.372132,0.19068487
1356425288205,9.888372,5.5162406,0.27240697
1356425288245,10.147159,6.2108784,1.2258313
1356425288285,10.923519,5.284695,-0.3405087
1356425288325,8.662541,5.5571017,0.3405087
1356425288365,7.504812,10.800936,-1.0351465
1356425288405,10.119919,12.026767,1.6889231
1356425288445,10.460427,8.662541,1.9477097
1356425288485,8.662541,7.273266,0.95342433
1356425288525,7.246025,5.706926,1.334794
1356425288565,5.053149,5.243834,0.88532263
1356425288605,3.445948,4.0180025,1.1441092
1356425288645,3.405087,2.2201166,1.879608
1356425288685,5.7886477,1.7570249,3.1463003
1356425288724,8.240311,1.6889231,4.6036777
1356425288765,12.217452,1.8387469,6.1291566
1356425288805,12.176591,1.7297841,5.8567495
1356425288845,7.4639506,1.7570249,6.932757
1356425288885,11.836082,13.402422,4.7126403
1356425288925,4.2904096,5.706926,0.23154591
1356425288965,6.3607025,5.175732,-3.486809
1356425289005,12.721405,7.504812,0.84446156
1356425289045,6.1700177,5.243834,1.1441092
1356425289085,7.6954966,6.1291566,-0.50395286
1356425289125,8.308413,4.9850473,-0.040861044
1356425289165,7.4639506,5.2165933,0.5720546
1356425289205,7.8861814,5.366417,0.50395286
1356425289245,7.8589406,5.5571017,0.6537767
1356425289285,8.076866,5.829509,0.27240697
1356425289325,8.430995,5.6252036,0.23154591
1356425289365,9.724928,4.7943625,0.46309182
1356425289405,9.80665,5.434519,0.9942854
1356425289445,9.888372,6.5922484,0.92618364
1356425289485,12.176591,5.47538,-0.61291564
1356425289525,9.084772,5.8567495,0.23154591
1356425289565,6.3198414,10.460427,-1.2666923
1356425289605,10.269742,10.528529,1.334794
1356425289645,10.691973,8.62168,1.3756552
1356425289685,8.962189,7.0553403,0.50395286
1356425289725,6.973618,5.829509,0.8036005
1356425289765,4.7535014,5.2165933,0.5720546
1356425289805,2.9147544,4.099725,1.2666923
1356425289845,3.718355,3.1463003,2.1792557
1356425289885,6.0201936,2.6832085,3.0645783
1356425289925,8.471856,2.152015,4.630918
1356425289965,11.795221,1.7978859,5.7477865
1356425290005,12.217452,0.7627395,5.5571017
1356425290045,8.62168,1.5390993,4.7126403
1356425290085,8.008764,7.082581,6.0474343
1356425290125,12.340035,12.258313,4.630918
1356425290165,2.6423476,3.7864566,-1.4165162
1356425290205,10.337844,6.8237944,-1.4573772
1356425290245,10.378705,7.3141265,1.1441092
1356425290285,5.7886477,6.0882955,0.3405087
1356425290325,7.3549876,6.3607025,-0.10896278
1356425290365,8.240311,5.012288,0.46309182
1356425290405,8.19945,4.671779,0.61291564
1356425290445,7.8861814,4.4810944,0.61291564
1356425290485,7.7772183,4.372132,0.46309182
1356425290525,8.430995,5.6660647,0.92618364
1356425290565,8.158588,5.938472,0.5720546
1356425290605,9.152874,5.6660647,-0.46309182
1356425290645,9.234595,6.2108784,1.2258313
1356425290685,8.962189,6.742072,0.23154591
1356425290725,10.310603,5.9793324,1.3075534
1356425290765,11.958665,4.099725,0.08172209
1356425290805,8.894087,5.5571017,-0.0
1356425290845,7.668256,10.038197,-0.7627395
1356425290885,9.915613,9.956474,1.1849703
1356425290925,9.575105,8.894087,1.0760075
1356425290965,8.921328,6.8237944,1.0351465
1356425291005,8.430995,5.366417,0.6946377
1356425291045,6.0882955,5.47538,0.95342433
1356425291085,3.486809,4.2086873,1.7978859
1356425291125,3.5957718,3.173541,2.070293
1356425291165,5.09401,2.3699405,2.6423476
