1356424627500,0.0,0.0,0.0
1356424627538,-0.10887098,0.29939365,-0.14969742
1356424627577,0.041410804,0.10729599,1.1168917
1356424627617,0.04255104,0.14384079,-0.5746648
1356424627658,-0.037483096,-0.055475235,0.57436967
1356424627696,-0.10387099,0.041776657,0.51836395
1356424627737,0.3607154,0.10996628,0.07332182
1356424627778,0.3608873,-0.053420067,0.001604259
1356424627817,0.003378749,-0.0651989,-0.1418171
1356424627857,-0.2373581,0.03476143,-0.25724036
1356424627897,-0.35978377,0.070007324,-0.36551237
1356424627938,-0.41315222,-0.20477867,0.88668907
1356424627976,-0.5677527,0.2581854,0.50105137
1356424628017,-0.49052632,0.490592,-0.03082174
1356424628058,0.121436596,0.026213646,0.576222
1356424628098,-0.3020568,-0.021154404,0.94168496
1356424628137,-0.4444909,0.27908325,0.74786127
1356424628177,-0.96519107,0.6011839,0.2099702
1356424628217,-1.2654765,0.19640636,0.18688947
1356424628257,-0.89095765,0.12649441,-1.1121182
1356424628297,-0.9384822,-0.66958904,-0.6085131
1356424628337,-0.30130327,-0.27965546,0.14719965
1356424628377,0.14495909,-0.30267143,-0.10222006
1356424628437,0.022578955,0.34358883,0.6436298
1356424628459,-0.11021674,0.8819828,0.31617373
1356424628498,-0.6722243,1.3574781,0.3029454
1356424628537,-0.54834867,1.9712934,0.16911651
1356424628575,-0.004912615,1.4379444,-0.90751594
1356424628618,-1.7702119,2.3700218,0.27744246
1356424628657,-0.9304596,1.3576717,-0.012209833
1356424628697,3.6666832,-1.201663,-0.17571807
1356424628737,2.9545603,-0.13820839,2.0767171
1356424628777,2.3216534,0.7409973,-0.57458687
1356424628817,2.6289866,0.6877146,-0.6326135
1356424628857,0.42381418,-0.26037788,-0.97088456
1356424628897,0.31866014,-1.7241316,-0.67897475
1356424628937,1.4051247,-3.3221774,-0.641456
1356424628977,0.5903022,-5.1778417,-2.0059311
1356424629017,-1.1130614,-5.180384,-2.5589945
1356424629057,-1.9646635,-4.157565,-3.2179334
1356424629097,-2.4322128,-3.279015,-4.555638
1356424629137,-2.7405806,-0.9795227,-5.426201
1356424629177,-2.6322203,1.9994946,-6.9826565
1356424629217,-1.536274,0.2188549,-6.0467877
1356424629257,1.848432,1.3109035,-2.2152226
1356424629297,4.940863,7.4371786,1.0416182
1356424629337,-0.40452117,-2.9439883,5.415548
1356424629377,-0.33090723,2.5544338,7.392282
1356424629437,-0.5120019,2.8838263,2.3307097
1356424629459,0.95687485,-1.4614158,4.1263404
1356424629499,-1.179978,0.9470415,3.7129464
1356424629538,-1.4054735,0.9916105,2.451219
1356424629579,-0.5421599,-0.014204979,2.660101
1356424629618,-0.050750732,-0.19249058,2.0590987
1356424629648,0.06860244,-0.65884113,2.3776693
1356424629688,0.26956415,-0.30047226,1.9995302
1356424629728,0.23964489,0.59830856,0.3974349
1356424629768,-0.9051369,1.8024445,0.9064133
1356424629808,-0.8376238,1.7607241,-0.3531775
1356424629838,-0.7850017,2.4529858,-1.1043706
1356424629878,-1.2449734,3.027094,0.6758697
1356424629908,-0.6314187,1.658948,0.12552968
1356424629948,3.560659,-0.4595394,0.44037783
1356424629989,4.3028584,3.4629679,0.9947026
1356424630028,2.0761738,2.897562,-1.7096179
1356424630059,1.3546999,0.70951366,-0.046397403
1356424630098,1.0564338,-1.6180801,0.07012825
1356424630129,0.78868484,-2.8020067,-0.0746307
1356424630169,0.7632711,-4.0305796,-0.25989097
1356424630199,0.242517,-6.6902685,-1.6697496
1356424630238,-0.5350894,-6.592155,-2.1978827
1356424630278,-1.4792626,-5.551108,-2.8375287
1356424630308,-2.6675518,-4.955599,-4.462503
1356424630338,-3.2882476,-3.2429914,-5.5457773
1356424630369,-4.38447,0.9723244,-6.89116
1356424630398,-4.37037,4.046645,-7.284675
1356424630438,-3.236132,0.29437923,-7.872035
1356424630476,4.886354,5.9783936,-0.551278
1356424630517,3.2230544,1.0692787,0.4148395
1356424630557,-1.1906323,-3.143611,7.7991285
1356424630597,-1.3760877,7.314191,3.3992395
1356424630638,1.5266061,0.5018997,2.4381785
1356424630677,2.2943563,-1.5713081,4.1105185
1356424630717,-1.4541161,1.208497,4.2639327
1356424630757,-1.2573348,0.18180275,2.324798
1356424630797,-0.38788706,-0.10459328,1.8689898
1356424630837,-0.10294688,-0.69997215,2.014372
1356424630877,-0.3411457,-0.64064693,2.3464153
1356424630917,0.20571315,0.41553402,1.1864834
1356424630957,-0.5318145,1.8620386,0.09910393
1356424630997,-1.1939238,2.0196085,0.4815542
1356424631037,-0.85171884,2.3616018,-0.6497088
1356424631077,-1.0876071,3.8191843,0.64810276
1356424631118,0.8779087,-0.4155712,0.112008475
1356424631157,3.98789,1.6589727,2.0232687
1356424631197,3.817641,4.271737,-1.325474
1356424631237,2.5458913,1.3855724,-0.48904458
1356424631277,0.91536593,-0.5674238,-0.1181483
1356424631317,0.36752105,-3.2802267,0.25486675
1356424631357,1.1923127,-5.5642734,-0.387199
1356424631397,0.8076627,-7.165129,-1.4978435
1356424631444,-1.0852267,-6.7074695,-2.172908
1356424631465,-2.1215189,-5.1728673,-3.5846763
1356424631495,-2.443541,-3.9408555,-5.489172
1356424631537,-3.3276875,-0.61936283,-6.3485136
1356424631577,-4.444124,3.239481,-7.439022
1356424631617,-3.260735,-2.0925007,-6.6293845
1356424631657,5.60951,3.6664267,0.95452464
1356424631697,3.6078813,4.7220716,-1.0257277
1356424631737,-0.6922149,-3.9819179,7.975693
1356424631777,-1.2554854,6.4723225,4.5973067
1356424631817,0.31420767,1.9475622,1.7258217
1356424631857,1.7681348,-2.176865,4.2379932
1356424631897,-1.0756938,1.2797155,4.0633645
1356424631937,-0.73082215,-0.05824375,1.8710587
1356424631977,-1.1544954,-0.35509872,2.6036105
1356424632017,-0.65620196,0.13882256,2.2310426
1356424632057,0.73903394,-0.6181917,0.85163146
1356424632097,-0.3359338,1.2695332,1.2662661
1356424632137,-0.84720784,1.2826567,0.15256363
1356424632177,-0.47253317,2.0034237,-0.6535962
1356424632217,-0.66674626,2.8107386,-0.2949261
1356424632257,-2.005038,3.6727142,0.42999515
1356424632297,1.1808283,-0.17216301,0.26362097
1356424632337,3.862818,2.9186602,1.8483129
1356424632377,2.8189917,3.3465643,-1.4666578
1356424632441,3.0099812,0.88682747,-0.033790454
1356424632458,1.3536122,-0.77419376,-0.11143313
1356424632498,-0.03198421,-2.9685555,0.38854992
1356424632538,0.40450764,-5.4032145,-0.31309366
1356424632578,0.2029407,-7.146214,-1.1638919
1356424632608,-0.46685147,-7.3166857,-1.887765
1356424632648,-1.4055568,-5.9112616,-3.177744
1356424632688,-2.3434927,-3.933226,-5.257199
1356424632728,-4.2288713,0.9967556,-6.622117
1356424632768,-4.1710415,3.5005512,-7.5193834
1356424632808,-2.456784,-2.2387557,-5.1765366
1356424632849,7.4851284,7.3645706,0.13273919
1356424632888,1.1411959,-3.6339078,2.0180666
1356424632928,-0.6408343,-1.5092988,8.710422
1356424632968,-1.7975881,7.4647207,1.675011
1356424633008,2.2103226,-1.2863631,3.0244713
1356424633048,1.2915237,-1.0582037,4.4301195
1356424633078,-1.7977629,1.8587971,3.6477873
1356424633118,-1.3727078,1.314187,2.0792127
1356424633158,-0.40139472,0.112612724,2.30219
1356424633198,0.06232655,-0.40133953,2.819282
1356424633238,0.7817515,0.5663595,1.1596428
1356424633278,-0.4990816,1.1230412,0.11000836
1356424633318,-0.98021996,1.4782648,0.59840685
1356424633358,-0.28176248,2.307994,-1.3246394
1356424633398,-0.7933104,1.8856792,-0.5356258
1356424633442,-2.153132,3.8456945,-0.1579861
1356424633468,0.55455637,1.0885229,-0.60720783
1356424633509,4.386735,2.4244175,1.6953453
1356424633548,3.4930162,5.529647,-2.559755
1356424633588,1.4553118,2.320013,0.43831334
1356424633618,0.45422065,-0.90463924,0.27924645
1356424633658,0.42077816,-4.4748645,0.17753354
1356424633698,0.6162497,-6.1151056,0.766301
1356424633738,0.5842736,-7.4747667,-0.18005043
1356424633778,-0.2888173,-8.368091,-1.4080553
1356424633818,-1.7031149,-6.0805616,-3.7494755
1356424633858,-2.7531285,-2.4862518,-6.382687
1356424633898,-3.2158718,3.6194267,-8.370348
1356424633928,-2.4326541,-0.062763214,-6.950792
1356424633968,-0.45670688,-1.1607127,-5.22169
1356424634008,6.0854406,8.654316,0.41641986
1356424634049,-0.71055436,-4.1433115,3.4629674
1356424634088,-1.0197349,3.237821,9.172042
1356424634128,-0.5206365,5.224221,-0.04895401
1356424634168,2.9713316,-1.1549163,3.3465006
1356424634208,-1.0903205,0.9382715,4.6798067
1356424634248,-2.1258945,1.9239197,2.5006862
1356424634288,-0.22768795,0.22528744,1.5651748
1356424634328,-0.7831034,-0.22515774,2.4765518
1356424634367,-0.22960329,-0.22593307,1.637783
1356424634441,0.050104737,-0.116565704,0.72817963
1356424634445,-0.50283575,1.4367571,0.10567039
1356424634475,0.012605429,1.1283674,0.024001181
1356424634518,0.2522509,2.0753288,-1.169661
1356424634557,-1.936852,4.2085524,1.4421369
1356424634597,-0.6883449,2.255043,0.04927655
1356424634637,4.462906,-0.46671104,0.9966242
1356424634677,2.6654103,3.353571,-0.4874976
1356424634718,1.8986404,2.1033144,-0.6250138
1356424634757,1.8198464,0.23383808,-0.1584071
1356424634797,0.12019813,-2.0515165,-0.24118532
1356424634837,0.36075664,-3.734459,-0.34880868
1356424634877,0.4523704,-5.9482427,-1.4151953
1356424634917,-0.69637,-6.414821,-1.8805565
1356424634957,-1.4331404,-5.9313207,-2.863989
1356424634997,-1.8168812,-4.883917,-4.076111
1356424635037,-2.7445111,-1.8891649,-5.5640354
1356424635077,-4.9949455,4.9511385,-7.4512563
1356424635117,-3.0432167,-0.52960396,-6.930992
1356424635157,5.341365,3.4355316,0.616808
1356424635197,4.4942226,4.5516653,-0.67115855
1356424635237,-0.7386337,-5.705854,7.1487656
1356424635277,-0.98425186,5.8927994,6.373111
1356424635317,0.3688501,2.7434168,1.0760324
1356424635357,2.5301833,-2.2332263,3.810522
1356424635397,-0.9568831,1.3520184,4.350551
1356424635442,-1.5030036,0.9481802,2.3844304
1356424635478,-0.6380205,0.5942812,1.8070929
1356424635518,-0.017767072,-0.93759155,2.1377304
1356424635558,0.3195156,0.12391758,1.3306209
1356424635598,0.028992057,0.8990879,-0.06168568
1356424635638,-1.8063108,1.2516088,-0.047700822
1356424635678,-0.9384351,1.2406254,-0.07134566
1356424635718,0.514838,2.1881485,-1.8217937
1356424635758,-2.5026507,3.7016335,1.1189085
1356424635798,-0.25469422,1.060996,0.80233634
1356424635838,5.74205,0.9704666,0.9681676
1356424635878,4.131148,2.580471,-0.8999052
1356424635918,1.4576383,1.4716654,-0.12820259
1356424635958,0.51556146,-0.49548244,-0.08721809
1356424635998,0.09449875,-2.560134,0.22332034
1356424636038,0.86031044,-4.304041,-0.20997131
1356424636078,0.3450184,-6.2637844,-1.4069773
1356424636118,-1.1083312,-6.2765903,-2.1451967
1356424636158,-1.9848108,-5.2148075,-3.1836855
1356424636198,-2.4390008,-3.805791,-4.8389792
1356424636238,-3.380402,0.36892414,-6.251259
1356424636277,-3.2059977,2.6824465,-7.2937207
1356424636317,0.31518865,1.7179413,-6.9304724
1356424636357,2.4317095,6.367735,-0.92739975
1356424636397,2.4326146,-7.5929894,3.4901915
1356424636442,-0.46054447,3.7516603,6.6005855
1356424636478,-0.5646172,6.1600723,2.2606492
1356424636518,1.1983657,-1.4552512,2.6516447
1356424636558,0.20647752,0.6533232,4.7648683
1356424636598,-1.7221975,1.2751398,3.7796443
1356424636638,-1.1453881,-0.4192009,2.3929944
1356424636678,-0.83166295,0.5720339,1.8638605
1356424636718,-0.4543239,-0.6390457,1.6320888
1356424636758,-0.49591017,0.091869354,2.2887127
1356424636798,0.25965905,0.6477213,0.55981123
1356424636838,-0.25154233,1.2446089,0.59699106
1356424636878,0.08609581,1.708971,-0.20806831
1356424636918,0.30017424,1.7811861,-1.2718648
1356424636958,-2.3972635,3.7638063,1.579941
1356424636997,0.14224982,1.316083,-0.003752008
1356424637037,5.1624365,-0.46287918,1.0205741
1356424637077,2.8754053,3.3016596,-0.46955848
1356424637117,1.2990383,2.1994333,-0.6124907
1356424637157,1.1172686,0.3520956,-0.040931568
1356424637198,0.16420567,-2.5946035,-0.0043516755
1356424637237,0.9195782,-4.350955,-0.08883339
1356424637277,0.58760405,-6.257038,-0.80878234
1356424637317,-0.36373973,-7.0408673,-1.6836566
1356424637357,-1.5439963,-5.6567354,-2.989894
1356424637395,-1.9821824,-3.926525,-4.6547585
1356424637437,-2.983267,-0.38833046,-5.5596247
1356424637479,-3.5539608,4.0452414,-7.320124
1356424637518,-2.7594452,-0.21982002,-6.730364
1356424637558,2.5691664,4.6652946,-2.5460768
1356424637598,3.8555393,2.2879143,0.31000066
1356424637638,0.49941456,-5.4847946,4.452379
1356424637678,-1.2636207,6.390772,6.8529882
1356424637718,-0.33346963,2.926879,0.8088813
1356424637758,1.7258677,-2.0611854,4.268166
1356424637798,-0.947698,1.3835993,5.0379715
1356424637838,-0.82849467,1.3286247,2.2306166
1356424637878,-0.07862079,-0.28965664,2.2875624
1356424637918,-0.21322906,-0.5989275,3.0012434
1356424637959,0.09922445,-0.6037855,2.1043494
1356424637999,-0.16634572,0.24028492,1.0424428
1356424638038,-0.9388928,1.6797247,0.5174848
1356424638078,-0.15805578,0.6974535,0.017450333
1356424638118,0.5483234,1.3647299,-0.46303898
1356424638158,-0.052802205,3.7223883,0.6132351
1356424638198,-2.839491,3.8908548,0.42740834
1356424638238,2.867286,-0.53503895,0.38617432
1356424638278,4.1680293,2.6302176,0.8018408
1356424638318,2.0636892,2.426836,-1.0334326
1356424638358,2.0503354,0.70691204,-0.14829972
1356424638398,0.64813423,-1.7808905,-0.38452706
1356424638444,0.057538748,-3.204626,0.14333399
1356424638478,0.91154504,-5.056004,-0.69809365
1356424638518,-0.061835527,-6.6277843,-1.7472177
1356424638558,-1.0445503,-6.4841065,-2.4109874
1356424638598,-1.9439557,-5.1143703,-4.0768857
1356424638638,-3.1759915,-1.9259949,-5.821826
1356424638678,-5.389426,3.0524836,-7.4916763
1356424638718,-3.3209834,0.5691948,-6.244548
1356424638758,1.2113912,0.25844383,-3.8831208
1356424638798,6.3395123,7.3809843,-0.43158603
1356424638837,-0.015283227,-4.4257646,3.5189204
1356424638877,-1.3280269,3.982501,7.5244484
1356424638917,-0.4127707,4.483283,0.57603836
1356424638957,2.358097,-1.6410995,3.934313
1356424638997,0.4544989,0.78055954,4.8082466
1356424639037,-0.80540305,0.4843731,2.9826977
1356424639077,-0.7910887,-0.5738621,2.9178555
1356424639117,-0.95437306,0.11481953,2.5094278
1356424639157,-0.2324723,-0.2858801,1.4901016
1356424639197,-0.4097333,-0.20184231,1.4631803
1356424639237,-0.6169121,1.0171604,0.87980205
1356424639277,0.5218457,1.1533289,0.3636122
1356424639317,-0.008996129,2.19213,-1.0172902
1356424639357,-1.9146787,3.71974,0.23551223
1356424639397,-1.5395503,3.2802696,-0.49062413
1356424639442,2.1693482,-1.069725,0.38390487
1356424639478,3.5450814,2.4561472,2.125088
1356424639518,2.633809,3.2992468,-2.3648572
1356424639558,1.6475964,1.1614523,0.64749444
1356424639598,0.35946977,-1.4854546,-0.09597945
1356424639638,0.56018674,-4.369343,-0.6569116
1356424639679,0.71394825,-5.8490553,-0.540146
1356424639718,0.6401799,-7.3046713,-1.4814605
1356424639758,-0.5427265,-6.2389317,-2.3390934
1356424639798,-1.7508457,-5.1392326,-4.077443
1356424639838,-2.8976917,-1.7160206,-6.100318
1356424639878,-5.147483,4.5350647,-7.816005
1356424639918,-3.3008146,0.24678802,-6.257599
1356424639958,-1.2649016,-3.3738956,-3.7013266
1356424639997,8.760443,8.871843,0.41294014
1356424640037,-0.019187093,-2.4242482,3.7185214
1356424640077,-1.1423508,0.22671318,9.396679
1356424640117,-0.5401494,7.0571423,0.88659906
1356424640157,2.3070016,-1.112534,3.8284044
1356424640197,1.3588458,-0.30520725,4.671758
1356424640237,-0.9671378,0.93203163,2.9828122
1356424640295,-1.2751403,0.33235455,2.502133
1356424640317,-1.3812122,-0.7911167,2.2673585
1356424640357,-0.60958076,0.734355,1.4472499
1356424640395,-0.22019708,-0.01159668,-0.013662934
1356424640437,-0.98891354,0.18457031,0.85480875
1356424640467,-0.04144287,1.3579531,-0.12826699
1356424640497,0.88568795,1.1687441,-0.54364
1356424640537,0.25803363,2.5864658,-1.4667137
1356424640577,-2.3898938,4.887397,0.70460767
1356424640617,0.5674349,0.8216095,-0.64696676
1356424640657,3.1626294,0.7343817,2.2936857
1356424640697,2.8821385,4.1686783,-1.2669592
1356424640737,2.903902,2.0347576,-0.21383733
1356424640777,1.119623,0.12900257,0.47179198
1356424640817,0.7106979,-3.4976115,-0.023887962
1356424640857,0.42944145,-5.9255247,-0.5223043
1356424640898,0.1359961,-7.7120457,-1.0413355
1356424640937,-0.8514234,-7.6372476,-1.8535347
1356424640977,-1.9673061,-6.0395284,-3.716572
1356424641017,-2.8978026,-2.7870102,-6.8218207
1356424641057,-3.239738,3.1291656,-7.8890066
1356424641097,-2.9246216,0.5363407,-6.2858677
1356424641137,2.4432557,1.6193876,-3.5752587
1356424641177,5.1594462,5.6198893,-0.040002942
1356424641217,-1.3190212,-3.7643046,6.415317
1356424641257,-0.13648415,4.1639314,6.703905
1356424641297,-0.24621522,4.2940083,1.3651645
1356424641337,2.1513805,-1.4865599,3.5794146
1356424641377,-0.29602945,0.5982809,3.6864698
1356424641440,-1.9068105,0.85756683,2.5103245
1356424641458,-1.4490598,0.38084412,1.9337581
1356424641498,-0.34513903,0.069000244,1.5953022
1356424641538,-0.4370283,-1.3231211,1.574051
1356424641578,-0.82246196,0.4237032,1.409086
1356424641618,-0.24816799,0.69488144,0.38137496
1356424641658,0.43470252,1.1313181,0.94961816
1356424641698,-0.4440781,2.8467731,-0.73415893
1356424641738,-1.4038937,3.1905565,-0.11969429
1356424641778,-2.3949192,3.9790602,0.6816398
1356424641818,3.6597803,-1.024517,-0.42972708
1356424641858,3.222213,2.4265823,2.968928
1356424641898,1.1049628,4.169508,-1.0497414
1356424641938,3.309745,0.93619823,-0.9951314
1356424641978,0.7739837,-1.1514626,0.5149309
1356424642017,0.5570891,-2.9238138,0.58921814
1356424642057,0.6143446,-5.0564795,-0.54593647
1356424642097,0.35518622,-7.1365724,-1.1839671
1356424642138,-0.26620293,-7.825938,-1.5359192
1356424642177,-1.9176891,-5.296688,-4.0937867
1356424642217,-2.8072062,-1.6557245,-6.0960836
1356424642257,-3.8814228,2.56713,-7.0166187
1356424642297,-4.6576266,0.46622562,-6.732152
1356424642337,-0.13895702,2.2905188,-5.0629177
1356424642377,5.5852957,6.5291824,-0.7871213
1356424642442,1.8560536,-7.308899,3.2118158
1356424642458,-1.6249722,1.4969397,9.318178
1356424642498,-1.8674426,6.931856,0.21990752
1356424642538,2.5835857,-1.8574905,2.636434
1356424642578,-0.2791016,0.53381443,4.6005
1356424642618,-1.6215487,1.7311516,3.367796
1356424642658,0.12775719,0.07626057,1.9478967
1356424642698,-0.4087758,0.06764698,1.9842172
1356424642738,-0.8695444,-0.08595657,1.8393512
1356424642778,-0.2549032,-0.2605095,1.4271518
1356424642818,-0.026442885,0.78012085,0.16184199
1356424642858,-1.1069415,1.5545244,0.4061828
1356424642898,-0.33477378,1.8112726,-0.44896358
1356424642937,0.46933615,2.164403,-1.6577696
1356424642977,-1.1402724,3.323473,0.6808163
1356424643017,-0.79671395,0.32550716,1.3077276
1356424643057,3.8267937,1.2160454,2.3053045
1356424643097,5.049802,3.476449,-1.9901823
1356424643137,2.0496812,0.792181,-0.409558
1356424643177,0.36225748,-0.35091496,0.6568496
1356424643217,0.11908805,-3.5260139,-0.31837428
1356424643275,0.24922729,-4.53952,-0.61394584
1356424643297,0.5435419,-6.606042,-1.011107
1356424643337,-0.7797071,-6.427486,-2.0441844
1356424643376,-1.4983964,-4.377669,-3.5496104
1356424643425,-2.5343525,-3.0401683,-5.1386495
1356424643447,-4.10826,-0.23282528,-5.791362
1356424643477,-4.360578,1.6867695,-6.835078
1356424643517,-1.8847874,1.269721,-5.7238975
1356424643557,-0.81038463,0.06286144,-4.3987126
1356424643597,7.635439,8.837393,-0.15865302
1356424643637,0.83486474,-3.3818803,2.2669954
1356424643677,-1.6588937,1.164814,9.034261
1356424643717,-0.87124,6.9117146,0.90180635
1356424643757,2.7366798,-1.4716201,3.4475513
1356424643797,0.94120157,-0.2710209,5.103743
1356424643837,-1.7391468,0.6255722,3.4072301
1356424643877,-0.54618585,0.18113804,2.3280816
1356424643917,-0.18697703,-0.16921711,2.1742725
1356424643957,-0.29681337,-1.2886333,2.0965466
1356424643997,-0.5557178,0.29002285,1.098577
1356424644037,-0.7251643,0.79244804,0.36768657
1356424644077,-0.8581512,1.4865055,0.32264945
1356424644117,-0.5849774,2.2147627,-0.93507594
1356424644157,-0.14771438,3.076128,0.1870166
1356424644197,-1.8024069,2.9887657,-0.028137945
1356424644237,2.615664,-0.7769327,0.9577961
1356424644277,3.9677534,3.0474854,1.2351258
1356424644317,2.973926,2.745329,-1.9102606
1356424644357,1.8312614,0.68445206,0.70960224
1356424644397,0.27520084,-1.1392536,0.020179123
1356424644441,0.199162,-4.2894917,-0.4058351
1356424644478,0.58252645,-5.5310817,-0.3725319
1356424644508,0.06292772,-7.403009,-1.1816045
1356424644548,-0.8540448,-7.0954666,-2.4419239
1356424644589,-1.9766021,-4.9377923,-3.9332752
1356424644628,-2.7252333,-2.5131807,-5.9969525
1356424644668,-3.9951806,1.9769115,-7.3439684
1356424644698,-4.0047774,2.0088844,-7.024221
1356424644738,-2.4022455,-2.1710672,-5.843374
1356424644778,4.931282,3.1848106,-1.4307253
1356424644818,5.2013392,6.4604225,0.074561596
1356424644848,-0.3020829,-6.1596346,5.953916
1356424644887,-1.3084751,3.099893,9.449382
1356424644927,-0.7925566,5.5653076,0.4250269
1356424644967,2.4600203,-1.8323154,3.84038
1356424645007,0.44195938,0.8347702,4.612569
1356424645047,-1.094929,1.5500803,2.849299
1356424645087,-0.94223505,0.57690907,1.9557434
1356424645127,-1.2408816,0.3280182,2.1312726
1356424645167,-0.21272993,0.015957832,1.1288795
1356424645207,-0.4642049,0.80916595,1.3377298
1356424645247,-0.830477,1.1472864,-0.06764901
1356424645287,-0.9039484,1.5882149,1.24161
1356424645327,2.0091834,1.9897213,-1.4823471
1356424645367,-2.1066477,3.8550568,0.8301569
1356424645407,-2.35487,3.4966831,0.34168467
1356424645446,4.2333097,-1.2849903,1.4276911
1356424645487,4.2518244,2.0591965,1.238243
1356424645527,2.3596387,2.5779219,-0.5673276
1356424645567,1.8699279,0.17540073,0.43596518
1356424645607,0.35619938,-1.8981714,-1.3339782
1356424645647,0.002595663,-3.779357,-0.6312945
1356424645687,1.0959628,-5.727128,-0.71793485
1356424645727,0.1272769,-5.5136104,-1.9576763
1356424645767,-1.3306327,-5.5498543,-2.8125658
1356424645808,-2.3291044,-4.702577,-3.7881942
1356424645847,-3.026511,-2.3224583,-4.788154
1356424645887,-3.2836611,1.6450939,-6.067634
1356424645927,-3.4993334,3.1060123,-6.8739433
1356424645967,-2.8157015,-0.8770728,-6.1699343
1356424646007,5.2154837,7.2058916,-0.63344264
1356424646047,3.691013,1.4265776,0.35906053
1356424646087,-1.031472,-4.070491,6.6314993
1356424646127,-1.1485362,6.654316,5.526289
1356424646167,0.5490445,1.7072439,0.50133276
1356424646207,2.3771625,-2.425634,4.5031133
1356424646247,-1.2208652,1.2491674,5.0922947
1356424646287,-0.9351106,0.91133213,2.6748466
1356424646325,0.23028445,-0.72898483,2.2951493
1356424646367,-0.5176524,-1.0241814,2.80985
1356424646407,-0.020963788,-0.52488804,1.936527
1356424646450,-0.17466366,0.4205103,0.7703663
1356424646488,-0.49980617,1.1539469,0.48809844
1356424646528,-0.029032111,1.3618908,-0.35002053
1356424646569,-0.20405877,2.2102442,-1.4229559
1356424646609,-1.0196855,3.7900438,0.987043
1356424646649,-0.5447035,1.9480295,0.030719608
1356424646688,3.2908561,-1.107892,1.4432751
1356424646731,3.7475812,2.602481,-0.09461097
1356424646767,1.7098396,2.4631453,-1.4403924
1356424646807,1.287995,0.4213724,0.8653206
1356424646847,0.66251445,-2.4413452,-0.6541159
1356424646887,0.31651425,-4.585723,-0.9663284
1356424646927,0.04071164,-6.2924933,-1.0022851
1356424646967,-0.78007686,-6.9728518,-1.8125615
1356424647007,-1.6906588,-5.2150893,-3.383101
1356424647048,-2.5701487,-4.2026434,-3.8989089
1356424647087,-2.8276215,-0.5981941,-6.252215
1356424647127,-4.2490025,3.6829443,-8.589806
1356424647167,-2.0773027,-0.352046,-6.018121
1356424647207,2.491467,-0.47153473,-2.2617555
1356424647247,6.8911633,8.97505,-1.8627818
1356424647287,-0.25295377,-4.1157327,4.739217
1356424647327,-1.0031013,1.5489407,9.058434
1356424647367,0.1850121,6.8003683,0.518347
1356424647407,2.4269533,-1.0779347,4.0007477
1356424647450,1.0146804,-0.27632236,4.919848
1356424647488,-1.2472165,1.2154026,3.8253384
1356424647528,-1.2479863,0.104001045,2.5444903
1356424647568,-1.5271919,-1.0895414,2.8058224
1356424647608,-0.5835993,0.24737358,2.3456674
1356424647648,-0.092674255,-0.19069481,0.12434089
1356424647688,-1.2198491,1.1646309,0.8449323
1356424647728,-0.89420414,1.454915,-0.19097012
1356424647768,-0.5547551,2.0229273,-0.9425763
1356424647807,-0.21955407,2.5083256,-0.7038181
1356424647847,-1.8503453,3.0196085,0.32185048
1356424647887,1.8856616,-0.17738533,1.5516555
1356424647927,4.630961,3.1896534,0.7150679
1356424647967,2.6826382,2.7048817,-2.1039727
1356424648007,1.1275239,0.53941536,1.0396094
1356424648047,0.8749726,-1.8701811,-0.20875403
1356424648087,0.44194984,-4.0137753,-0.3549416
1356424648127,-0.17277825,-5.6750007,-1.1624187
1356424648167,-0.3100965,-7.581197,-1.1219376
1356424648207,-0.99243224,-6.8830514,-2.8606377
1356424648247,-2.1368933,-4.6931233,-4.9557858
1356424648288,-3.4664497,0.07854843,-7.092511
1356424648327,-3.578722,2.783245,-7.0117936
1356424648367,-2.1658258,-1.7500119,-5.0706477
1356424648407,8.071863,6.7982864,-0.25317442
1356424648446,-0.20033348,-1.0413857,1.8495221
1356424648487,-0.49598086,-2.6815653,8.339443
1356424648527,-1.248163,6.808647,2.8634763
1356424648567,2.0067153,-0.15200043,2.1422572
1356424648607,1.8325576,-0.3939476,3.9731205
1356424648647,-1.6336809,1.4340572,3.0665946
1356424648687,-1.6913984,0.46298504,2.4586248
1356424648727,-0.7313043,1.2603025,1.6972567
1356424648767,-0.04125786,-0.6567297,1.584788
1356424648807,0.06744766,-0.24838543,1.4084506
1356424648847,-0.08574891,1.4598341,0.21722776
1356424648887,-0.5888442,1.2161407,0.8236171
1356424648927,-0.6309861,2.2552938,-0.3648768
1356424648967,-0.46976304,2.3980036,-0.95860475
1356424649007,-0.66805935,3.836751,0.55591846
1356424649047,-0.9800917,1.469121,0.10395392
1356424649087,2.3821409,0.5305147,1.4228035
1356424649127,3.2818913,3.7031708,-0.19947445
1356424649167,1.4234521,1.0137405,-0.8348579
1356424649225,1.1924645,-0.17383194,0.35279685
1356424649247,0.34513426,-1.7409792,0.27533996
1356424649287,0.33873916,-4.714454,-0.31199354
1356424649325,-0.27972794,-6.6220336,-1.4035131
1356424649368,-0.27891707,-6.8491373,-1.7502697
1356424649407,-1.0457419,-6.036094,-3.0799098
1356424649450,-2.301163,-4.351083,-5.0422664
1356424649488,-3.0906959,-0.9124384,-5.8116765
1356424649529,-4.2179265,3.4410067,-7.820921
1356424649558,-3.4548192,1.1442175,-7.087508
1356424649598,1.4419339,1.4727993,-2.6561565
1356424649638,6.496679,7.2203465,-1.0467291
1356424649678,0.24614882,-5.297848,5.3744984
1356424649717,-0.506685,4.3036437,7.8012643
1356424649757,-0.65475476,4.544655,0.4749863
1356424649797,2.4972389,-1.8715367,3.7580318
1356424649837,-0.87176174,0.9220543,4.842997
1356424649877,-1.2537405,1.0465775,2.5212216
1356424649917,-0.44728255,0.1393671,2.2189772
1356424649957,-0.5968473,-0.38764095,2.3716562
1356424649997,0.005675316,-0.39238262,1.4641993
1356424650037,-0.6419325,0.78845215,1.5718567
1356424650077,-0.23740089,1.5195446,0.15602118
1356424650117,-0.16071475,1.0124025,0.2833594
1356424650157,-0.45617032,2.3140821,-0.8085854
1356424650197,-0.6460875,3.883193,1.3135986
1356424650237,0.31202853,1.6758251,0.7355075
1356424650277,3.6659207,-1.2018766,1.5421327
1356424650317,3.3795877,2.6305513,-0.1672095
1356424650357,1.4680793,2.1025229,-0.929407
1356424650397,0.9740857,0.35904694,0.339395
1356424650446,0.320148,-2.7323637,-0.61585855
1356424650479,0.6660123,-4.2714367,-1.0044695
1356424650517,0.9057152,-5.5089583,-1.5502373
1356424650557,-0.4681046,-6.869866,-2.1863458
1356424650597,-1.8803871,-5.831552,-3.158337
1356424650637,-2.1685019,-3.9429145,-4.683339
1356424650677,-2.894388,0.4478073,-6.8519187
1356424650717,-3.4164655,4.135192,-8.112387
1356424650758,-2.35276,-2.2968454,-5.685564
1356424650797,1.6497273,-0.6200757,-1.7797474
1356424650837,6.6175776,8.781237,0.07440305
1356424650877,-0.9928312,-4.3896475,5.097195
1356424650917,-1.588722,3.517106,8.1569195
1356424650957,-0.3447981,4.8905115,0.521379
1356424650997,2.6150713,-1.7331123,4.2294345
1356424651037,0.5605061,0.12992382,4.823527
1356424651077,-1.426768,0.695631,2.902981
1356424651117,-1.9465387,0.4592247,2.2768314
1356424651157,-1.4988954,0.16754818,2.1170328
1356424651197,-0.20433176,-0.31226826,1.4263626
1356424651237,-0.3253013,-0.348382,1.6667329
1356424651277,-0.46945965,0.99925613,1.0333823
1356424651317,0.3880087,1.1113987,0.5576017
1356424651357,0.58355796,1.9250441,-0.787657
1356424651397,-0.22038603,2.2693224,-0.5880463
1356424651443,-2.786631,4.39235,0.805904
1356424651478,0.35408843,1.2449026,0.8042055
1356424651518,4.652624,1.0019464,1.6844977
1356424651558,3.8932433,2.273178,-1.1181277
1356424651598,1.0274073,0.96009254,-0.010189429
1356424651638,0.30260718,-0.3041029,-0.07518992
1356424651678,0.0047860146,-3.3122177,-0.33773497
1356424651717,0.04455328,-4.6736665,-0.74632883
1356424651757,0.38370657,-6.994656,-1.3316
1356424651797,-0.19562292,-6.5881186,-1.8921806
1356424651837,-1.0339204,-4.8604817,-3.463923
1356424651877,-2.2588634,-2.6566048,-6.070066
1356424651917,-4.9114246,1.4601326,-7.2584214
1356424651957,-4.6448174,1.6889639,-6.4619303
1356424651998,-2.787437,-2.9132094,-4.4701867
1356424652037,10.602015,5.748419,0.7969909
1356424652077,1.3974112,3.571147,-0.7404454
1356424652117,-1.5889826,-3.7153726,9.848757
1356424652157,-0.5701454,7.552145,1.5394604
1356424652197,1.6049366,1.203826,3.1569574
1356424652245,1.9188321,-0.6378536,3.7874744
1356424652275,-0.77064323,0.6777601,2.9895177
1356424652318,-1.4753382,-0.057450294,3.0442977
1356424652357,-1.1405275,0.18243122,2.2274985
1356424652397,-0.44258213,-0.2796545,1.6202768
1356424652446,-0.017115593,-0.54988766,1.1783786
1356424652478,-0.75279176,0.41448212,0.7730196
1356424652518,-0.9506452,1.7514687,0.33620003
1356424652558,-0.61659217,2.0694723,-0.38119572
1356424652588,-0.24290168,3.0496454,0.29142934
1356424652629,-1.5494037,4.0830784,0.55218667
1356424652669,2.426547,-1.0692987,0.8119299
1356424652708,3.770233,0.70131016,1.7894087
1356424652749,3.0521235,2.6621666,-1.9386773
1356424652788,2.5249276,0.99201584,0.22116964
1356424652818,0.74122167,-0.6552706,-0.5239771
1356424652858,-0.20528555,-2.68431,-0.20968588
1356424652898,-0.09038615,-4.6520743,-0.7188475
1356424652937,-0.18901753,-6.947249,-1.3343786
1356424652977,-0.85806465,-6.8343263,-1.9660391
1356424653017,-1.8054886,-5.455722,-3.556131
1356424653057,-3.1091936,-2.9645839,-6.1280746
1356424653097,-3.9557605,1.9772902,-6.970208
1356424653137,-3.0590205,1.8424864,-7.163447
1356424653177,-1.2930899,-0.653286,-6.4320164
1356424653218,7.1579676,7.857151,0.62109876
1356424653257,0.7489178,-4.3023357,2.9861722
1356424653297,0.081873655,1.5817995,9.176573
1356424653337,-0.5518961,7.7216787,0.5542619
1356424653377,2.427849,-1.6422586,3.7394793
1356424653444,0.34027052,0.09842682,4.72915
1356424653468,-1.6835899,1.478241,3.2221503
1356424653508,-0.17875719,-0.75544834,2.124484
1356424653548,-1.7834082,-0.6229849,2.893431
1356424653588,-0.79098356,0.63216305,1.5143372
1356424653628,-0.4999014,0.23949146,-0.006190896
1356424653668,-1.5558316,1.7188282,0.16076952
1356424653708,-1.1691647,1.9181767,-0.6385041
1356424653748,0.8180325,1.2233686,-1.0013561
1356424653788,-0.85994214,3.4172802,0.81206447
1356424653828,-2.1239772,1.9691992,1.1983783
1356424653868,4.327113,0.4259081,2.55703
1356424653908,6.1094437,3.1136093,-1.4656913
1356424653948,3.2534926,1.3486319,-0.29430044
1356424653988,0.46994877,0.6821346,0.41080034
1356424654027,0.3912834,-3.3575253,0.03347826
1356424654067,0.7657144,-5.353192,-0.05129987
1356424654107,0.18302178,-5.997689,-1.5489336
1356424654147,-1.7071694,-6.0467687,-2.5260148
1356424654187,-2.65281,-5.1857176,-3.9296124
1356424654227,-3.0686815,-4.294883,-4.9285884
1356424654267,-3.6942167,-0.44254208,-5.4789567
1356424654307,-3.8667674,3.5414963,-6.8756576
1356424654347,-2.9121675,-1.4534817,-6.677385
1356424654387,4.8344984,2.0127993,0.29056048
1356424654439,6.6274915,8.1248455,-0.8528552
1356424654469,-1.0820838,-5.2938395,5.432013
1356424654508,-0.08948839,4.4130363,7.9738646
1356424654548,0.3071375,4.1975784,0.43525147
1356424654588,2.5976338,-2.3231096,4.0331798
1356424654628,-0.47613573,0.81449604,4.4387493
1356424654668,-1.99819,0.5618458,2.4836638
1356424654708,-1.4434841,0.013436317,2.2912774
1356424654748,-0.6344961,0.047052383,1.9663286
1356424654788,0.04487109,-0.98528194,1.337687
1356424654829,-0.85142374,0.63860035,1.0844054
1356424654868,-1.440398,1.1822281,-0.382154
1356424654908,-0.20773709,2.2816973,-0.28423935
1356424654948,0.3590901,2.5543518,-0.69054353
1356424654988,-1.720322,4.3201294,0.95100117
1356424655028,0.3917328,0.7663784,0.6829735
1356424655068,4.357814,-0.23073196,2.3131769
1356424655108,3.9901295,2.7370844,-1.768467
1356424655166,1.0276242,2.5953712,0.33037066
1356424655187,0.5274999,-0.110918045,0.010768399
1356424655227,0.42826045,-3.6452303,0.23679069
1356424655265,0.4027288,-5.371635,-0.47985512
1356424655308,-0.00927496,-7.2911124,-1.2726974
1356424655347,-0.8087106,-6.565337,-2.2123575
1356424655387,-1.9426903,-5.3378043,-3.567658
1356424655434,-2.6709144,-3.140315,-4.90624
1356424655469,-3.5928464,2.6042585,-6.962265
1356424655513,-4.051469,3.6890612,-7.173827
1356424655547,-2.0023456,-1.404119,-6.791375
1356424655587,6.73143,8.90807,0.7211186
1356424655627,1.8512878,-4.7430787,1.4153824
1356424655667,-0.46898532,-0.18693304,9.137496
1356424655707,-0.3093357,7.041354,1.1818802
1356424655747,1.7061887,-2.309948,3.4313264
1356424655787,-0.31739843,-0.5727434,5.1711903
1356424655827,-2.100964,1.6920071,3.1915092
1356424655867,-0.17746532,0.49292755,2.062014
1356424655907,0.15713573,-0.53083897,2.6809778
1356424655947,-0.2838049,-0.53739166,2.6545486
1356424655987,0.024695635,0.750926,0.8667268
1356424656027,-1.0563445,2.1079874,-0.07554364
1356424656067,-1.1860359,2.0242777,-0.8777546
1356424656107,1.0691862,1.8971376,-1.0579123
1356424656147,-1.3682976,4.134246,0.67009497
1356424656187,-0.44340146,0.4743204,0.9971106
1356424656227,5.0613894,1.7277689,1.9175148
1356424656267,4.9104614,3.6854277,-2.3749404
1356424656307,2.196727,1.5058537,0.19460082
1356424656347,0.8750479,-0.6107607,0.25839964
1356424656387,0.018522024,-4.789346,0.22941071
1356424656434,-0.143085,-6.1168885,-0.72041374
1356424656468,0.08138299,-7.845809,-1.0342371
1356424656508,-1.2308768,-7.8474298,-2.976049
1356424656548,-2.544787,-4.7958493,-4.672427
1356424656588,-3.5917566,-1.3948288,-6.226617
1356424656628,-3.7572215,3.059867,-6.3725076
1356424656668,-3.6040466,0.16595364,-6.4608865
1356424656708,2.373931,0.47801208,-2.677331
1356424656748,6.8867846,8.29442,-1.4024553
1356424656788,-1.8513881,-3.977716,6.5991573
1356424656829,-0.81404424,3.70397,7.4722977
1356424656868,0.09029281,5.5105743,-0.0323925
1356424656908,2.76077,-1.6552644,3.8649147
1356424656948,-0.58381534,0.8314333,3.9645925
1356424656988,-1.4103583,0.69322395,2.6863098
1356424657028,-1.0859779,-0.2703762,1.972169
1356424657058,-0.20160341,-0.42142582,2.1378212
1356424657098,0.039448977,-0.02935028,1.4146465
1356424657138,-0.79606473,0.21906567,0.9055321
1356424657178,-1.219745,0.76790047,-0.71927357
1356424657218,0.6485696,0.82598877,-0.10851127
1356424657258,0.5450382,2.4181108,-0.87222385
1356424657298,-3.5073197,5.224292,1.140894
1356424657338,-1.0130086,1.3635693,0.61215687
1356424657378,4.8597674,1.5688305,1.6205642
1356424657434,3.0972137,3.4279451,-0.5721293
1356424657458,0.91050863,1.4454279,0.5020467
1356424657498,1.2477475,-0.20825577,0.18768592
1356424657538,0.8189864,-3.728795,0.5303658
1356424657578,0.81590605,-5.710257,-0.51826835
1356424657618,0.12731028,-7.3763046,-1.2984853
1356424657658,-0.6677711,-6.968316,-1.888932
1356424657698,-1.5108737,-5.967358,-4.0106535
1356424657738,-3.0558004,-3.1322646,-6.2455454
1356424657777,-4.9362903,2.6142483,-8.732396
1356424657817,-3.0287259,0.7839241,-6.71524
1356424657857,2.1326346,0.16664505,-4.398475
1356424657897,7.317668,6.6997137,0.008781314
1356424657937,-1.1220565,-5.653302,5.659969
1356424657977,-1.3357613,5.5446863,7.9061394
1356424658017,-0.9777601,5.3857603,-0.77029824
1356424658057,2.0691514,-2.3622656,3.9336703
1356424658097,-0.8827032,1.2673111,4.048692
1356424658155,-1.3643789,1.1864834,2.4564219
1356424658177,-0.31112695,0.01142025,2.1207523
1356424658217,-0.5984452,-0.6012802,2.185663
1356424658255,-0.52556336,-0.03494358,2.1587934
1356424658298,0.16457582,0.9509735,0.45831394
1356424658337,-1.0754077,1.7831059,0.55210954
1356424658377,-0.6499126,2.296111,-0.28185016
1356424658436,-0.04366505,2.9612074,0.38973716
1356424658458,-1.3279642,4.0194063,0.117306024
1356424658499,1.2098876,-1.2974777,0.60689545
1356424658539,4.075303,1.9286327,1.0417904
1356424658579,3.0102463,3.5372763,-1.2216067
1356424658618,2.2853096,1.2834978,0.1162321
1356424658648,1.5897744,-1.9280663,0.04960838
1356424658688,1.0816414,-4.369496,0.04790777
1356424658728,0.46956348,-5.689103,-0.56868017
1356424658768,0.017261744,-7.0316644,-0.952334
1356424658809,-0.84131885,-6.878453,-1.8715774
1356424658848,-1.8080188,-5.208612,-3.6391556
1356424658888,-3.438272,-1.8543339,-5.8234196
1356424658928,-5.0949097,3.285942,-7.694917
1356424658969,-3.0807567,1.3832836,-6.46014
1356424659008,1.0967572,1.2707253,-5.4092684
1356424659048,6.32714,7.9254503,1.0549788
1356424659078,-0.26522815,-6.6602793,3.4186592
1356424659118,-1.897996,0.7468486,9.594695
1356424659158,-1.0600326,7.8939037,0.6424458
1356424659198,2.3288002,-1.5608053,3.0278325
1356424659238,1.274854,-0.82800055,4.6985846
1356424659278,-1.3583627,1.4303846,3.5815787
1356424659318,-0.092453,0.3647747,2.1263323
1356424659360,-0.63731635,-0.13449669,2.2519665
1356424659398,-0.09330428,0.030186653,2.151651
1356424659440,0.66959727,0.45624542,1.263159
1356424659478,0.0042744875,0.8020563,0.23165226
1356424659518,-0.79048896,2.0960941,0.51080453
1356424659558,-0.3754871,2.841133,-0.9280422
1356424659598,-0.6202079,3.0889053,0.37956846
1356424659638,-2.9932427,4.2817745,0.23908791
1356424659678,3.7204313,-0.2866373,1.0111411
1356424659718,4.2869024,1.9314384,0.6767868
1356424659758,3.0580046,1.2256937,-1.6099514
1356424659797,2.8996794,0.31819916,0.19642365
1356424659837,0.30710757,-1.5584431,-0.0333986
1356424659877,-0.8850939,-3.1169214,0.19842163
1356424659917,-0.1034925,-6.06362,-1.1070344
1356424659957,-0.8558446,-7.006125,-1.9295974
1356424659997,-1.2373042,-6.3390574,-2.40771
1356424660037,-1.7601818,-5.442328,-4.2655187
1356424660077,-2.8736515,-2.119359,-6.278093
1356424660117,-3.1187007,3.667676,-8.207475
1356424660157,-3.4400814,0.523324,-6.733811
1356424660197,5.082112,5.635519,-0.24022281
1356424660237,4.844713,3.8750067,-0.32942772
1356424660277,-1.560541,-4.556847,7.6141973
1356424660317,-0.5421443,6.4094124,5.781924
1356424660357,0.97802866,1.7532635,0.6757667
1356424660397,2.7420492,-2.078174,4.327972
1356424660440,-1.8749065,1.5335093,4.317422
1356424660478,-2.417185,0.1896925,2.8154962
1356424660517,-1.5666536,0.2521696,2.5130398
1356424660557,-0.9280009,-1.1650133,2.2908459
1356424660597,0.29867554,-0.3862276,1.077496
1356424660638,-0.072653055,0.9158516,0.4670261
1356424660677,-1.3616848,1.2765312,0.88950616
1356424660717,0.3902018,1.6986456,-0.7846804
1356424660757,1.1670167,2.036975,-0.71354926
1356424660797,-1.9372317,4.655882,1.1208575
1356424660837,-0.5130526,1.5343857,0.27144364
1356424660877,3.4417768,-0.5296221,1.3112316
1356424660917,3.1041007,2.810481,-1.3910805
1356424660957,1.1273801,1.264329,-0.33873662
1356424660997,0.9119313,-0.14969826,-0.030882582
1356424661037,0.5237224,-3.1872005,-0.78844064
1356424661077,0.44726062,-3.4001312,-0.43822247
1356424661117,0.7265575,-5.730404,-0.8670886
1356424661157,-0.23283243,-6.5381117,-1.824002
1356424661197,-0.77710295,-4.782643,-2.838259
1356424661235,-2.4581094,-4.1101007,-4.3873224
1356424661278,-3.1217988,-0.48495293,-6.596645
1356424661317,-3.4060602,2.9098988,-6.509882
1356424661357,-3.0085707,-1.7411323,-7.8913727
1356424661397,4.566246,1.9354639,0.7862734
1356424661441,5.1410637,6.3587637,-1.4877486
1356424661478,-1.5011475,-5.4685764,6.439926
1356424661518,-1.2677758,4.178275,8.041535
1356424661558,0.8366506,3.5425835,0.3310542
1356424661598,1.8162184,-2.3644023,4.201671
1356424661638,-2.512787,1.2389908,4.4621315
1356424661678,-1.9792618,1.9052572,1.8500956
1356424661718,0.37769008,-0.049837112,1.3093427
1356424661758,-0.6561605,-0.33906555,2.7401943
1356424661799,-0.17123151,0.22144127,1.5892955
1356424661839,-0.29273915,1.1935768,0.42768323
1356424661878,-1.0824864,1.5999613,0.24725878
1356424661919,1.3225133,1.5972767,-0.78184676
1356424661958,1.4565444,1.9235821,-0.37202507
1356424661998,-2.6583512,4.8983965,1.4262615
1356424662038,-0.6759429,0.46356392,0.35497344
1356424662078,3.9407644,0.527174,1.094484
1356424662118,3.0103228,2.8677301,-0.47358754
1356424662158,2.9427645,0.93338394,-0.7324147
1356424662198,0.9997877,-0.15724182,-0.5149275
1356424662238,-0.676224,-2.6818285,0.22992355
1356424662268,-0.5311601,-4.689824,-0.28622407
1356424662308,-0.40821695,-6.3752084,-1.3199054
1356424662348,-0.7464125,-7.1712112,-1.7499878
1356424662388,-1.6279277,-6.3087244,-2.970347
1356424662428,-2.02088,-4.283188,-5.1004763
1356424662468,-4.0387983,1.2632847,-7.1339145
1356424662508,-4.5415244,4.7352066,-6.9369316
1356424662548,-2.4477148,-2.1238165,-6.490953
1356424662588,8.767931,7.5733185,2.5631828
1356424662628,1.1383424,-0.07203674,-0.15223694
1356424662668,-0.8318512,-1.3692212,9.982459
1356424662708,-0.533308,5.3924465,0.7596667
1356424662748,1.3210993,-0.433084,3.0138972
1356424662788,0.31317842,-0.11620045,3.8162477
1356424662829,-1.8504039,1.2554598,2.6205316
1356424662867,-0.91514874,-0.040769577,2.1009908
1356424662907,-0.51893556,-0.31421757,1.9688218
1356424662947,-0.15954673,-0.53739834,2.1903138
1356424662987,0.5061996,0.6067915,0.7279971
1356424663027,-0.47207618,0.5026121,0.16621494
1356424663067,-1.4966899,2.43497,0.40268463
1356424663107,-0.9212638,2.9382534,-0.9661496
1356424663147,-2.2486837,4.5340414,1.1362326
1356424663187,1.7581736,-0.12733841,1.3685113
1356424663227,5.264786,0.7900276,1.9487816
1356424663267,4.0439434,2.9862728,-2.2926073
1356424663307,2.04816,0.7059393,0.09130284
1356424663347,0.8887136,-0.3536806,0.13897972
