1356424689587,0.0,0.0,0.0
1356424689747,-0.10666299,-0.1659193,-0.4622051
1356424689787,0.027956247,-0.18787384,0.2028048
1356424689826,0.14835477,0.10349369,0.211454
1356424689867,-0.03145528,0.042154312,0.136751
1356424689907,-0.1723001,-0.12849331,0.21819928
1356424689947,0.13381958,-0.042887688,0.014406323
1356424689989,0.26046467,0.093476295,-0.35410357
1356424690027,0.30223203,0.18480396,0.42261252
1356424690067,0.025719404,0.2167263,-0.1704244
1356424690107,-0.06629324,0.14720917,0.05021411
1356424690147,-0.040453672,-0.24198723,1.0732358
1356424690187,0.02479744,0.16754246,-0.20777303
1356424690227,-0.0305624,0.2618723,0.15424007
1356424690269,-0.57175016,0.1654253,0.86406386
1356424690315,-0.9555247,-0.14897346,0.7907994
1356424690347,-0.5638056,0.10871887,-0.32602125
1356424690387,-1.120362,-0.4902649,0.9316833
1356424690427,-0.7963419,-0.5671921,1.568965
1356424690467,-0.21768546,-0.26729107,0.04566422
1356424690508,-0.5463612,-0.4034176,-0.3440804
1356424690547,-0.56751466,-0.64807796,-0.53363186
1356424690587,-0.19399786,-0.4838972,0.00614056
1356424690629,0.01036787,-0.3868904,0.37483743
1356424690666,0.13118267,-0.59751797,0.8334642
1356424690707,-0.038983345,0.3819828,0.5868896
1356424690747,0.31488228,0.29824352,0.80691415
1356424690787,0.2532282,0.77659607,1.098708
1356424690828,-0.12669659,1.9280872,0.022307262
1356424690867,-0.5200386,1.3161287,0.5728611
1356424690907,-1.3403702,0.6594658,0.6843025
1356424690947,-3.18535,1.3723803,0.55508655
1356424690987,-0.5994129,1.773139,-1.0329958
1356424691027,2.5368483,-0.18344784,-1.2637678
1356424691067,1.5820987,-0.81859684,0.21797305
1356424691107,1.5651789,1.9720192,-0.3490032
1356424691147,3.1228533,3.0135622,-0.67538846
1356424691187,0.42156553,1.5108852,-0.019766897
1356424691227,-0.33538532,-0.19861412,-1.796831
1356424691286,1.9053228,-1.9477072,-1.1904222
1356424691309,3.007252,-3.4207091,-1.9039408
1356424691348,2.744935,-4.971955,-2.744782
1356424691385,1.599853,-5.4345527,-3.2547503
1356424691428,0.27480364,-5.440282,-4.207503
1356424691467,-0.78408813,-4.0989413,-4.460536
1356424691507,-3.745799,-0.61263466,-6.0406685
1356424691547,-3.7746055,0.76008797,-6.891534
1356424691587,-0.19899392,0.31613636,-4.3474154
1356424691628,-1.3349686,8.846962,-2.0279922
1356424691666,3.616805,-3.8154552,2.613876
1356424691707,-0.8404784,-0.7258892,6.791718
1356424691747,-4.578521,5.7155824,4.066612
1356424691787,2.1487603,-0.39550924,2.7940106
1356424691827,1.0185764,1.1927643,5.126918
1356424691867,-0.53242564,1.209094,4.4024324
1356424691907,0.17525029,0.01876545,2.9869637
1356424691947,-0.38220954,0.19677734,2.0969892
1356424691987,0.110150814,-0.5003996,1.7901574
1356424692027,0.46765518,-0.021541595,2.3163602
1356424692067,0.5906224,0.5973129,1.141449
1356424692108,-0.47145486,0.7860298,0.97658455
1356424692147,-1.7631583,1.0553961,0.88761723
1356424692187,-2.0355244,2.088544,-0.95765287
1356424692227,-5.054446,2.5666008,1.393967
1356424692267,-1.8700898,0.6839447,0.58506286
1356424692307,4.2258353,1.4024134,0.1357376
1356424692347,0.15324116,5.0927286,0.25600794
1356424692387,1.4921672,4.103595,-0.51260626
1356424692427,2.6527104,1.9832869,0.45281518
1356424692467,0.6127815,-0.57601357,-0.86558074
1356424692507,1.4222257,-3.4786587,-0.69143593
1356424692547,3.6327248,-5.725786,-1.1156993
1356424692587,4.3791738,-6.6073136,-2.2525103
1356424692630,2.2561297,-7.662422,-3.1048412
1356424692666,0.74205637,-6.9520984,-4.878588
1356424692707,-2.455695,-3.543127,-6.2242312
1356424692747,-5.6543665,1.2821722,-7.208819
1356424692787,-1.7811728,-1.9752808,-8.184998
1356424692827,-0.9041846,5.8960247,-3.1250858
1356424692867,2.5611422,2.1425333,0.4691534
1356424692907,1.8061516,-2.8068948,5.137358
1356424692947,-4.9480367,6.8911123,5.8436103
1356424692987,0.35200286,0.7860236,0.970623
1356424693027,2.2509365,0.09748793,4.894125
1356424693067,-1.5321255,1.37572,5.0648203
1356424693107,-0.5675392,0.6734781,2.8142555
1356424693147,-0.10578656,-0.5075412,2.7025385
1356424693187,-0.5930512,-0.39969254,2.8352935
1356424693227,0.6016338,0.4038868,2.080465
1356424693267,0.08140659,0.3382082,2.026082
1356424693307,-1.8659575,1.3747606,1.608032
1356424693348,-0.22551584,1.4407015,0.17604017
1356424693387,-1.2011032,2.3666983,-0.54923505
1356424693427,-2.9046535,2.3353758,1.0792315
1356424693467,-3.0099163,1.9078741,0.68152636
1356424693507,3.5468583,1.4413338,0.88134456
1356424693547,2.1822157,5.4478045,-0.74367434
1356424693587,2.103343,4.016721,-0.24993813
1356424693629,2.1540527,1.1916733,1.5218427
1356424693668,1.0055549,-1.3694096,-1.0181829
1356424693708,1.7020338,-4.1065416,-0.35562074
1356424693748,3.5797436,-5.8599052,-1.0513601
1356424693788,3.8140695,-7.3486204,-2.1697109
1356424693828,1.9011128,-6.8364577,-3.5177984
1356424693868,-0.4718039,-5.6312394,-5.168093
1356424693908,-3.1276145,-2.2302256,-6.8448696
1356424693948,-5.659664,0.61801624,-8.240132
1356424693988,-1.4898562,-2.616611,-7.0874143
1356424694027,-0.45538068,4.9465466,-3.342977
1356424694067,2.1839309,2.1219578,0.80147886
1356424694107,2.1769319,-4.88957,4.433987
1356424694147,-5.990718,7.4649367,6.4766054
1356424694187,-0.33767462,1.6152816,0.88406396
1356424694227,3.4332182,0.22596025,5.1111283
1356424694267,-1.1329646,1.6512346,4.908871
1356424694307,-1.0205503,0.38502026,2.9856036
1356424694347,-0.47639012,0.07294941,2.6650507
1356424694385,0.299397,-0.008387566,2.007472
1356424694427,0.6160102,0.2730074,2.12824
1356424694467,0.07248044,1.1004524,1.2736533
1356424694507,-0.7999456,1.4415407,0.34206146
1356424694547,-1.8765154,1.8155556,-0.48181903
1356424694587,-1.906702,2.6806736,-0.0062181354
1356424694629,-4.8183227,2.5193024,2.3903165
1356424694667,1.7603396,1.7089758,1.2579243
1356424694707,2.9108536,6.3755007,-1.0953147
1356424694747,1.786921,3.8863115,0.20226163
1356424694787,0.6462488,0.16107655,1.0099924
1356424694827,1.7158802,-2.1985226,-0.3640172
1356424694867,2.9219346,-4.156461,-0.44598603
1356424694907,3.297143,-5.4133177,-1.6685945
1356424694947,3.3652787,-6.359629,-2.301939
1356424694987,2.4687004,-6.1694307,-3.319612
1356424695027,0.13402748,-5.376458,-4.588278
1356424695067,-2.8428218,-3.2915807,-5.456238
1356424695107,-5.0295486,-1.3119545,-7.8475347
1356424695147,-2.9897275,-1.5715914,-6.1425457
1356424695187,0.4489845,-1.0357118,-4.471377
1356424695227,-0.0013935566,9.797245,-0.8122697
1356424695267,2.5360637,-5.8495336,3.880279
1356424695307,-3.402591,3.7694712,8.682882
1356424695347,-2.2051682,5.29543,0.5957496
1356424695387,4.7369833,-0.12940359,4.497626
1356424695427,0.12808394,2.0971193,6.1092367
1356424695467,-1.3618276,0.7630682,3.2438006
1356424695511,0.20897222,-0.40576792,2.5929904
1356424695547,-0.2518077,0.5178108,2.6582065
1356424695587,0.72548056,0.37492085,1.7981534
1356424695629,0.36784124,-0.15222168,0.4227543
1356424695668,-1.6005759,1.367691,1.142395
1356424695708,-0.93756104,1.8936424,-0.36280233
1356424695748,-0.94316983,2.7287264,-0.77464384
1356424695788,-4.2074165,3.099327,1.2616563
1356424695828,-1.06111,0.31601906,1.32487
1356424695868,2.060283,5.7067804,0.42786488
1356424695908,2.7018144,5.848857,-0.31034172
1356424695948,1.3753722,1.8508139,1.64373
1356424695988,1.2284966,-0.58005714,-0.49216586
1356424696018,1.4263389,-3.3072405,-0.417862
1356424696058,1.935776,-4.1031246,-0.19900364
1356424696098,4.505366,-7.5400724,-1.62984
1356424696138,3.6895924,-9.036751,-2.6597707
1356424696169,1.1109073,-7.372861,-5.051064
1356424696208,-1.8940403,-5.611127,-7.0791235
1356424696248,-6.444273,-1.6453161,-8.052711
1356424696287,-1.7145381,-0.36252975,-7.286429
1356424696329,1.7345802,4.2331247,-4.8308434
1356424696368,-0.286901,4.4224033,-0.22727168
1356424696408,2.6896918,-5.6977987,4.5871162
1356424696448,-4.1417093,5.355677,6.58572
1356424696488,-2.2030694,2.8488483,0.40686822
1356424696528,2.0579648,-1.1891036,4.224502
1356424696558,-0.638582,1.683815,4.729167
1356424696588,-0.8231642,0.9891739,3.0459144
1356424696627,-0.15330529,0.23338795,3.044377
1356424696667,0.34864187,-0.1625719,2.9574306
1356424696707,1.0913341,0.7377329,2.2544086
1356424696747,0.4085443,0.97844505,2.0194945
1356424696787,-1.6497555,1.8101692,0.509385
1356424696828,-1.005728,2.0404224,-0.25589502
1356424696867,-2.6237373,2.2371845,0.069164485
1356424696913,-4.748955,2.9279413,1.1397448
1356424696957,3.7396803,0.94571686,0.6234084
1356424696997,2.0584764,6.0232096,-0.33330655
1356424697037,1.2043846,4.47645,-0.3678132
1356424697077,1.8948085,1.0243883,1.7272215
1356424697117,1.5376289,-2.2552528,-0.54445946
1356424697157,2.307066,-5.549088,0.20280112
1356424697197,4.2725563,-6.742693,-0.9646789
1356424697255,4.2149506,-8.187899,-2.1733248
1356424697277,1.0376339,-7.146385,-3.948996
1356424697317,-1.2107971,-4.9828672,-6.2052064
1356424697355,-4.0088015,0.08124161,-8.940066
1356424697398,-3.9223638,-0.34737492,-7.0739417
1356424697437,0.7703483,-3.002236,-5.653716
1356424697478,0.91208076,9.23776,-0.59069824
1356424697517,1.2335403,-5.4822526,4.0781302
1356424697557,-3.0540152,1.9725685,9.496417
1356424697629,-3.779158,5.6773844,-0.3853402
1356424697638,2.2632122,0.32009935,3.632276
1356424697677,0.3707099,0.99742794,4.7740827
1356424697717,-2.072989,0.39302397,3.136653
1356424697757,0.1642735,0.38619518,1.7286896
1356424697797,-0.28610253,-0.14250469,1.7709031
1356424697837,-0.025692463,0.23093796,2.4391017
1356424697877,0.8280604,0.7586422,1.1875397
1356424697917,-0.5834248,1.2719469,1.0256432
1356424697957,-0.7716017,1.5583754,0.71553475
1356424697997,-2.1799762,2.7442036,-0.47904152
1356424698037,-3.999589,3.4060402,3.2737658
1356424698077,2.579781,2.953349,-0.53709936
1356424698117,4.3536263,1.5015488,0.9322519
1356424698157,0.21519446,5.1075487,-1.1782597
1356424698197,1.4041522,3.4829874,0.8884714
1356424698237,2.0420241,0.41209507,-0.31582874
1356424698277,1.1264088,-2.079752,-0.4432761
1356424698317,2.5769339,-4.0916157,-0.30889565
1356424698357,3.2083867,-6.749345,-1.6665716
1356424698397,2.6384377,-7.4263186,-2.1403902
1356424698437,1.079566,-6.8069935,-3.394442
1356424698477,-1.0329106,-5.6512647,-6.050071
1356424698517,-4.6345654,-1.4478636,-7.8859563
1356424698557,-5.598526,0.8778734,-7.6382995
1356424698631,-0.31676245,-1.2092605,-7.338979
1356424698638,-0.32588708,8.875782,-0.81954503
1356424698665,4.859973,-4.5968633,2.4133415
1356424698707,-0.98555446,-2.1820455,7.108464
1356424698747,-4.346503,9.325333,3.6968875
1356424698787,1.7866365,-0.19171524,1.8257706
1356424698827,2.3767042,-0.03651905,4.9441347
1356424698867,-2.5432725,1.1167321,4.6517544
1356424698907,0.0083937645,-0.864367,3.377674
1356424698947,0.5173547,0.9351568,2.520345
1356424698987,0.7122214,0.14710903,2.0704384
1356424699027,-0.42495966,0.4880991,2.9563162
1356424699067,-0.42001486,1.2154179,1.6981761
1356424699107,-0.83100057,1.6958046,0.9047259
1356424699147,-0.92628956,2.7315884,0.20800012
1356424699187,-2.452734,2.7789059,0.11466196
1356424699227,-3.7772365,3.3614216,1.8859342
1356424699267,2.8763046,1.5317459,-0.105816565
1356424699307,2.8337722,2.462613,1.3202605
1356424699347,1.1094925,4.7916765,-1.6228794
1356424699387,1.9808441,2.4049206,1.4295399
1356424699427,1.2011011,-0.70746803,-0.72344387
1356424699467,1.5251567,-3.3207045,-0.59176207
1356424699507,2.855569,-5.041294,-0.9244119
1356424699548,3.2909794,-6.9952283,-1.8096633
1356424699587,2.02898,-6.71424,-2.7732835
1356424699629,0.113162994,-5.844172,-4.4508123
1356424699668,-1.1313038,-4.6362076,-6.4583206
1356424699708,-4.3277345,-0.68973064,-7.6701403
1356424699748,-3.9335928,-0.07365894,-7.0867286
1356424699788,0.52466536,-2.1090212,-6.441779
1356424699828,0.38986146,9.906128,0.5238397
1356424699868,1.0247846,-2.333417,2.2320318
1356424699908,-2.0462537,-0.44174147,9.386959
1356424699948,-4.0022125,6.804589,2.3012338
1356424699987,3.3878932,-0.06318569,3.6689358
1356424700027,1.4985237,1.2545104,5.054133
1356424700067,-1.4844286,0.74892044,3.3106608
1356424700107,-0.23407865,0.08643532,2.4639878
1356424700147,-0.32765245,-0.39869404,2.6341534
1356424700187,0.040539265,0.15602684,2.538282
1356424700245,0.46816707,0.68688583,0.8729381
1356424700267,-0.58604383,1.0630016,0.59959537
1356424700307,-0.7877395,1.6810846,0.50402385
1356424700345,-1.6978927,1.8934212,-0.7678142
1356424700388,-4.4622464,3.530469,2.0080237
1356424700427,0.661083,1.6464052,0.2149303
1356424700467,3.8480673,1.9965267,0.49668515
1356424700512,1.8949494,4.462017,-1.0965858
1356424700547,0.44955468,2.1561108,1.295953
1356424700587,0.49092054,0.22085953,-0.028308421
1356424700631,0.8598273,-2.5947666,-0.38923097
1356424700669,2.27561,-4.6385474,-0.56170213
1356424700709,3.2756555,-6.6837163,-1.5756944
1356424700749,3.0393178,-6.357759,-2.1647024
1356424700789,1.1162964,-5.5953283,-3.698907
1356424700829,-1.0735931,-4.7195625,-5.635712
1356424700868,-3.680364,-1.8340502,-7.251633
1356424700909,-5.481885,0.59312916,-7.176013
1356424700948,-2.1635866,-1.7626572,-7.0972514
1356424700989,1.5401367,4.3324203,-2.689282
1356424701028,1.9424944,4.7932053,-0.25229144
1356424701068,1.1582677,-4.7926292,4.682566
1356424701098,-3.6790104,5.405899,7.5918837
1356424701128,-2.7168875,6.363096,0.7789848
1356424701167,3.2336884,-0.82555246,2.971911
1356424701207,1.4864197,1.2712955,6.5451217
1356424701247,-1.992852,1.1468935,3.8038778
1356424701287,0.20502687,-0.961473,3.1509109
1356424701327,-0.5141618,-0.35289574,3.5082307
1356424701367,0.7603204,-0.08331013,2.9815187
1356424701407,0.35079312,-0.045560837,1.5111587
1356424701447,-1.6299496,0.7015686,1.5322257
1356424701487,-1.2970934,1.3247147,0.88921905
1356424701527,-0.7393348,1.9068136,-0.7212406
1356424701567,-2.193185,3.073372,2.3357399
1356424701630,-1.2257919,1.5874739,0.465032
1356424701648,3.4823515,1.526762,0.70005405
1356424701688,1.3276466,5.4474926,-0.6228448
1356424701728,1.736049,3.846074,-0.15883388
1356424701768,1.209019,1.0699081,0.97960466
1356424701808,0.981462,-2.59416,-0.53637254
1356424701847,1.9024854,-4.6062727,-0.5983504
1356424701887,3.1448212,-6.0711427,-1.113663
1356424701927,3.197353,-7.4576774,-2.2524672
1356424701967,1.5488123,-6.7332144,-3.2108674
1356424702008,-0.8401141,-4.7512307,-6.037531
1356424702047,-4.787945,-0.31060505,-8.616785
1356424702087,-5.3379774,0.7602997,-7.3232284
1356424702127,-1.1819586,-2.1103554,-6.7086716
1356424702167,2.181055,9.288485,0.6311319
1356424702207,2.7307534,-3.768083,1.243079
1356424702247,-2.7373216,0.74184847,9.862692
1356424702287,-4.382354,6.403587,0.24580812
1356424702327,3.0482218,-1.1580186,3.9906812
1356424702367,0.94708264,0.9121132,5.328782
1356424702407,-1.8366122,0.9465828,2.8108096
1356424702447,-0.92084193,-0.44997883,2.5623825
1356424702487,-0.35241294,-0.6440573,2.2164052
1356424702527,1.0877157,-0.42396355,2.1645448
1356424702567,0.577451,0.07216549,1.4584702
1356424702630,-0.37348247,1.286706,0.47340924
1356424702648,-0.09512639,1.3410816,0.28437006
1356424702688,-1.1744947,1.94205,-0.9113137
1356424702728,-3.6958647,3.5272627,2.3443172
1356424702768,-2.8281252,3.0930681,0.26697892
1356424702808,4.749381,1.6503,1.1607121
1356424702848,2.3750536,4.367777,-0.59183264
1356424702888,-0.5280926,3.0003214,0.13662031
1356424702927,0.30871892,0.79304886,0.8602621
1356424702967,1.2690074,-2.375369,-0.5994948
1356424703007,2.0996163,-3.796329,-0.261822
1356424703047,3.32701,-6.3823256,-1.2931437
1356424703087,3.2101543,-7.5516324,-1.9246266
1356424703127,1.5401767,-6.1658573,-3.2841492
1356424703167,-0.8622761,-4.4049716,-5.350305
1356424703225,-3.3713894,-0.8108959,-6.311107
1356424703247,-5.8509517,0.11127186,-7.495224
1356424703287,-2.943867,-4.161266,-6.380769
1356424703325,1.2639952,3.958517,-1.5606776
1356424703368,2.3507025,3.6141834,-1.2052026
1356424703407,1.2572176,-6.8727756,6.8428383
1356424703447,-5.136097,8.5045185,5.242044
1356424703487,-0.32242393,3.601882,-0.19137192
1356424703527,4.0964713,-1.0558062,5.326961
1356424703567,-1.7250769,1.8039565,4.9722238
1356424703628,-0.54687333,0.18485928,2.3521838
1356424703648,0.1199944,0.55843353,2.016194
1356424703688,0.33564496,0.48862553,1.9431418
1356424703728,0.7986338,0.25957203,2.3069339
1356424703768,0.31810665,0.74992085,1.3153707
1356424703808,-1.2948728,1.8282499,0.73152447
1356424703849,-0.63069534,1.6069622,-0.017206013
1356424703889,-1.3013706,2.0865784,-0.13936743
1356424703929,-3.319468,3.565196,2.3600032
1356424703969,1.2559559,1.7833128,-0.20604108
1356424704009,3.2325335,1.5486631,0.41720188
1356424704049,0.70376277,4.021491,-0.7095852
1356424704088,1.1305027,2.5661135,0.8976116
1356424704128,2.2306523,-0.24561024,-0.06296929
1356424704168,1.4440728,-2.8100357,-0.7052625
1356424704208,1.0880547,-4.04802,-0.9186586
1356424704248,2.103417,-5.870865,-1.798665
1356424704289,2.7930942,-6.8516965,-2.473955
1356424704328,1.3607382,-5.4728255,-3.1325104
1356424704368,-0.58945656,-4.211389,-4.5461206
1356424704407,-2.9153569,-2.1439886,-5.756606
1356424704447,-5.115944,-0.4581108,-7.2479496
1356424704487,-3.2024927,-0.5427027,-6.4805193
1356424704527,-0.3859911,-3.1420918,-3.539002
1356424704567,2.1246915,8.418538,0.41235006
1356424704630,0.66196,1.5281849,-0.088234425
1356424704649,-0.009457111,-5.394644,7.8762674
1356424704688,-4.2954836,6.920385,4.1538825
1356424704728,1.8110983,1.7785401,1.5240424
1356424704768,3.9895995,-0.1491909,5.58669
1356424704808,-1.2836869,1.5554581,4.378271
1356424704849,-0.6378839,0.4579773,2.6092198
1356424704888,0.029532671,-0.38166046,2.531066
1356424704928,0.11691761,0.9367304,2.0058765
1356424704968,0.34355783,-0.3025856,1.8519181
1356424705008,-0.5981684,0.8567133,1.4917396
1356424705047,-0.8912101,1.6373653,0.65218216
1356424705087,0.8559004,1.8951826,0.021871984
1356424705127,-1.5416737,2.5012388,-0.9329668
1356424705167,-4.5026608,3.5630713,1.7029057
1356424705207,0.67120314,1.2441616,0.23227444
1356424705247,3.4185839,2.1818905,0.5959329
1356424705287,1.6648026,4.366476,-1.1817125
1356424705327,1.22176,1.9820929,1.2573192
1356424705367,0.958704,-0.123765945,-0.5111706
1356424705407,1.4047633,-2.4707603,-0.7143034
1356424705447,2.0629692,-4.5900574,-0.6568148
1356424705487,3.0718746,-7.0298367,-1.6103946
1356424705527,2.196433,-7.2007313,-2.7313876
1356424705567,0.56326056,-5.9489293,-3.8940058
1356424705628,-0.8325186,-4.617766,-5.7286153
1356424705649,-4.1656256,-0.3157034,-8.192934
1356424705688,-4.1028056,1.4665804,-7.574139
1356424705730,0.36205983,-2.7237988,-5.6950903
1356424705769,0.9370192,9.844583,0.6166127
1356424705808,1.8466238,-4.366946,2.5588126
1356424705848,-2.1644127,-0.9692111,9.204756
1356424705888,-4.232481,7.940064,1.7511754
1356424705928,1.9148066,-0.24879456,3.3835576
1356424705968,1.8968383,-1.1472826,4.892528
1356424706008,-2.9550667,1.6978798,2.698276
1356424706048,-0.41644192,0.59293175,1.6853856
1356424706088,0.44824648,0.060005188,1.8945805
1356424706118,0.37395453,-0.29327488,2.7947917
1356424706157,0.34646297,0.09923458,2.0880055
1356424706215,-0.5764618,1.0954065,0.65052307
1356424706237,-1.4014416,1.3308296,0.43642956
1356424706277,-0.16014886,1.6109467,-0.07191038
1356424706315,0.052603483,2.5471783,-0.7233808
1356424706358,-4.0914893,3.0906773,1.8959022
1356424706397,0.95355356,1.2349548,0.6997343
1356424706437,2.879965,4.759657,0.23856756
1356424706477,2.010928,4.3074036,-0.97114724
1356424706517,1.8625596,1.4446545,1.605892
1356424706557,1.172019,-0.615922,-0.4516427
1356424706628,0.63475275,-2.6949701,-0.17647786
1356424706649,1.9259441,-5.0576386,-0.79828346
1356424706689,2.7589884,-7.4575706,-2.1175792
1356424706729,1.6482643,-7.0017695,-2.9609594
1356424706768,-0.15905547,-5.233633,-4.8990397
1356424706809,-2.3221447,-3.2883315,-6.3491635
1356424706848,-4.373252,-0.69241333,-7.672643
1356424706888,-2.0570207,-0.9331217,-7.092904
1356424706928,0.30770135,5.2177105,-5.3554754
1356424706969,1.4444658,2.653839,1.24242
1356424707008,0.5096477,-5.3128977,4.8692465
1356424707048,-5.074868,6.9201527,6.2190785
1356424707088,-0.5534911,2.259798,0.8349366
1356424707128,3.2534845,-0.89854527,4.4339995
1356424707168,-1.8830848,1.9343605,5.7166758
1356424707208,-0.50174403,0.35465622,2.2406163
1356424707248,0.41964674,-0.22025204,2.4075165
1356424707288,0.34309578,0.055419922,3.035595
1356424707328,0.59650016,0.45232487,2.450123
1356424707368,-0.6689687,1.1636,0.97213966
1356424707408,-0.68265724,0.9074135,0.15444583
1356424707448,-0.5774958,1.7143059,-0.114468455
1356424707488,-0.89808726,2.2885208,-1.0335872
1356424707528,-4.7083197,2.0313864,1.497804
1356424707568,0.14462423,0.842824,0.7898963
1356424707628,2.8164005,4.2461443,0.025609292
1356424707648,2.3077877,5.022975,-0.46271503
1356424707688,2.2483754,2.25416,1.5339925
1356424707728,1.7411362,-0.98470116,-0.49521342
1356424707768,0.8238685,-3.8105392,-0.23701286
1356424707808,1.5806347,-4.7711434,-0.76707625
1356424707848,3.6388645,-7.3902087,-1.5559119
1356424707888,2.1595669,-7.0508714,-3.0618818
1356424707928,0.07480121,-5.389151,-4.742796
1356424707968,-1.722965,-3.7749252,-6.634645
1356424708008,-4.326964,-0.5140648,-7.0923867
1356424708048,-2.7267156,-0.48379707,-6.572341
1356424708088,0.60484135,-1.5917416,-5.9979296
1356424708128,0.74822116,9.475895,-0.9573908
1356424708168,0.36557412,-1.413095,2.051865
1356424708208,-1.5297172,-0.8544712,8.822916
1356424708248,-3.2561243,6.380915,1.8563042
1356424708288,3.121608,0.1066618,3.1424384
1356424708328,0.6825801,0.94962025,6.0681252
1356424708368,-2.0552454,0.63383293,4.4433784
1356424708408,-0.124186754,0.19727802,2.8741462
1356424708448,0.31785822,0.24378872,2.5556257
1356424708488,0.09161544,0.11789513,2.418078
1356424708528,-0.24805617,1.1053705,1.4769998
1356424708567,-1.5130286,0.40198326,0.6489269
1356424708629,-1.311913,1.199009,0.8535711
1356424708649,-0.32821178,2.3929548,-0.6734585
1356424708688,-2.6795835,3.0428143,1.6897423
1356424708728,-2.5029488,1.2277889,0.76056087
1356424708768,3.9492445,1.4801283,0.2675321
1356424708808,2.3049731,4.9560328,-0.66525793
1356424708848,2.0141623,3.0796585,0.4885354
1356424708888,1.9107136,0.13041973,0.38276345
1356424708928,0.9998944,-2.5826178,-1.5444626
1356424708967,0.9730382,-3.7620306,-0.8778446
1356424709007,2.9174912,-5.354685,-1.3260329
1356424709047,2.6660695,-7.573777,-2.0996132
1356424709087,0.8108704,-5.867726,-3.4450307
1356424709127,-0.46789694,-5.0040607,-5.197439
1356424709167,-2.7269258,-2.0047474,-5.83748
1356424709225,-5.014916,-0.5318613,-7.749626
1356424709247,-2.175478,-1.8954434,-6.467849
1356424709287,1.2920036,5.269664,-2.7971783
1356424709326,0.5627532,4.526022,-0.3223884
1356424709367,-0.20442247,-5.2553434,6.7340937
1356424709407,-3.1101918,6.267079,4.90783
1356424709448,1.3262477,3.1159058,1.4730535
1356424709487,3.4434245,-0.4364338,4.670469
1356424709527,-2.1119776,1.3826132,4.736949
1356424709567,-0.92411923,0.30798626,3.293156
1356424709630,0.522954,-0.63822174,2.6345804
1356424709649,0.2971053,-0.3382225,3.2972176
1356424709688,-0.24582624,1.0796633,1.5090101
1356424709728,-1.5298324,0.25148582,0.57183456
1356424709768,-0.9707918,0.6582594,0.8156878
1356424709809,-0.23380876,1.8076696,-0.020153463
1356424709849,-0.9078021,3.6806755,0.9064515
1356424709889,-3.4712036,2.414918,0.5624983
1356424709929,1.839877,1.1128521,1.2940893
1356424709968,1.3573742,6.2160883,0.08702412
1356424710008,1.2552712,3.1621332,-0.18591021
1356424710048,1.5131878,0.71080303,1.5743421
1356424710088,0.32032657,-1.3227415,-0.64735204
1356424710129,0.47527027,-3.3110003,-0.5467403
1356424710168,2.941288,-5.684779,-0.93676734
1356424710208,3.8769078,-7.4099097,-2.279187
1356424710248,2.385004,-6.7147284,-3.8179045
1356424710288,-0.21779895,-5.411733,-5.362712
1356424710328,-2.898127,-4.053205,-6.309227
1356424710368,-5.4216213,-2.001585,-7.183396
1356424710410,-2.054401,-0.39860153,-6.966799
1356424710448,2.0310724,8.379454,-3.9644735
1356424710488,2.5369039,-1.3936148,0.053146243
1356424710527,-1.855221,-1.6150813,7.8313212
1356424710567,-3.6538022,8.128372,2.0306234
1356424710630,2.5654838,0.36602926,1.781775
1356424710648,2.3660457,0.7535305,4.625416
1356424710688,-2.7390547,1.7204094,4.778018
1356424710728,-0.55372834,-0.5450568,2.809377
1356424710768,0.027489185,-0.33984947,2.8532748
1356424710808,0.44478273,0.39508343,2.7501974
1356424710847,0.48132968,-0.15379047,2.001072
1356424710887,-1.6982546,0.26137352,1.9181672
1356424710927,-0.39870834,0.91432476,1.4495554
1356424710967,1.1567558,2.3742428,-0.16154134
1356424711007,-9.100437E-4,2.8050737,-0.047243893
1356424711047,-4.95253,2.7790537,1.3979477
1356424711087,0.7580848,1.3377934,1.1947302
1356424711127,2.8958693,4.5422096,0.8998511
1356424711167,1.2223775,3.485447,-1.5022529
1356424711207,0.74589896,1.1309061,1.7617694
1356424711247,1.0404828,-0.7441387,-0.61924386
1356424711287,0.89482355,-2.629939,-0.5562842
1356424711327,2.0292535,-5.2262373,-1.233234
1356424711367,3.1592224,-7.5342417,-1.7955064
1356424711407,2.4772933,-6.8691907,-2.6911159
1356424711447,0.37898016,-5.5679884,-4.8825607
1356424711487,-1.9002252,-2.6469488,-6.738819
1356424711527,-5.2936263,0.50495434,-8.541325
1356424711567,-2.2119176,-0.77472687,-6.8069887
1356424711630,0.35981584,3.2816248,-4.74102
1356424711649,1.8657727,6.529191,0.9196185
1356424711688,1.4934251,-3.7920318,3.199609
1356424711728,-3.6831079,3.441843,8.011412
1356424711768,-2.4349942,4.1025753,0.88832855
1356424711808,3.2242458,-0.8616986,3.9713168
1356424711848,0.7800597,1.0215521,5.2623606
1356424711888,-1.167572,0.24039268,2.9458497
1356424711928,-0.36560225,-0.91531944,2.8807135
1356424711968,0.020297766,0.058044434,2.6585062
1356424712008,0.30676532,-0.26769352,2.293529
1356424712048,0.03030467,-0.21929073,1.0743637
1356424712088,-1.1696978,1.0429478,0.80227256
1356424712128,-1.2164397,1.691864,0.22187823
1356424712168,-0.9718883,2.4129858,-0.2490089
1356424712207,-3.5705566,3.7938852,1.8367835
1356424712247,1.063709,1.4417543,0.018374313
1356424712285,2.985801,2.1636057,1.403164
1356424712328,0.90351033,4.039296,-1.2563747
1356424712367,0.3978145,2.1718397,1.7720542
1356424712407,0.020950317,-0.43870544,-0.44469506
1356424712447,0.96709657,-2.5338612,-0.06476031
1356424712487,2.6906757,-4.7005367,-0.87205034
1356424712527,2.9556684,-6.4069953,-2.0935338
1356424712567,2.6480634,-6.3873544,-2.227248
1356424712630,1.598228,-5.981892,-3.6755123
1356424712649,-0.299021,-5.0059333,-5.7208495
1356424712689,-4.2879267,-1.2153759,-7.083261
1356424712728,-5.8223333,1.1869717,-8.100688
1356424712768,-1.3728489,-1.7739172,-6.963067
1356424712809,0.39581025,8.87526,-1.266311
1356424712848,4.8445516,0.40715122,0.4659394
1356424712888,-0.77455115,-2.0099535,7.0350876
1356424712928,-4.8736563,6.8306727,4.784594
1356424712968,1.7484734,0.6123743,1.186796
1356424713008,3.206751,-0.04821682,5.0247135
1356424713048,-1.9259899,1.1122751,4.656666
1356424713088,-0.4514768,-1.0983768,3.161761
1356424713128,-0.44671392,-0.6888809,2.9297721
1356424713168,0.12932372,-0.06400299,1.8759999
1356424713208,-0.05076766,0.010093689,1.5767086
1356424713248,-0.7183013,0.7049265,1.8753715
1356424713288,-1.3524458,0.85924435,0.87541085
1356424713328,-0.26174116,1.5655088,-0.2784651
1356424713368,-1.0536592,2.8953075,-0.03381619
1356424713408,-4.3808846,3.9977503,1.3828554
1356424713448,0.9038018,1.4121256,1.2698971
1356424713488,3.7277298,4.331683,0.5919972
1356424713528,2.8393915,4.014249,-1.8239015
1356424713568,0.8717344,1.7098684,1.9615014
1356424713629,0.6558497,-0.47554398,-0.7619103
1356424713649,1.2978289,-3.586999,-0.37697753
1356424713688,2.8294191,-5.8273115,-1.2382765
1356424713728,3.6119452,-7.876498,-1.6470304
1356424713768,2.255469,-7.3946743,-2.8825595
1356424713808,-0.10316682,-6.0060496,-4.7354875
1356424713848,-1.9075706,-2.3084736,-5.9286985
1356424713888,-6.24981,2.464057,-8.447163
1356424713928,-4.2267127,-3.0974278,-8.021066
1356424713968,-0.025037646,-2.9935331,-4.7885823
1356424714008,1.868047,8.624136,-0.06448805
1356424714048,3.2195241,-1.3140316,0.35689807
1356424714088,-1.9301782,-0.9643922,10.066912
1356424714128,-3.9492116,6.906325,2.5453393
1356424714168,2.6222665,0.030126095,2.6122618
1356424714198,2.6177993,0.30210352,5.8489127
1356424714238,-1.8048606,1.6613111,4.9596915
1356424714278,-0.8730593,0.03098011,2.942359
1356424714318,-0.09796691,-0.040883064,2.6477456
1356424714358,0.54686475,0.24077702,2.227282
1356424714398,0.64266956,0.2934847,1.2244782
1356424714438,-1.1016169,1.1509466,0.9028567
1356424714478,-1.5682168,0.29027176,0.5235442
1356424714518,-1.8547463,2.4396725,-0.7312545
1356424714558,-0.8590286,3.8646965,0.021518886
1356424714599,-2.914998,2.9923115,1.0078175
1356424714635,1.6674305,1.282732,1.2376505
1356424714665,2.8873615,4.872916,0.53323114
1356424714707,1.808439,4.9008017,-1.4429955
1356424714747,1.9056222,1.395524,1.7124295
1356424714787,2.1322942,-1.8572693,-0.9329457
1356424714827,2.3519542,-3.9407716,-0.2672448
1356424714867,2.1259065,-6.3002644,-0.628588
1356424714907,3.0238287,-8.055744,-1.7192492
1356424714947,1.636895,-7.4666634,-2.8153944
1356424714987,-0.6212256,-6.2039948,-5.067213
1356424715027,-3.8260472,-2.1228695,-7.8986964
1356424715067,-5.623478,3.7743196,-8.190712
1356424715107,-0.6126616,1.0481443,-7.4509487
1356424715166,0.09108007,7.915716,-1.3130769
1356424715187,6.033992,-7.7731867,2.5253758
1356424715227,-2.825151,1.4410782,9.055281
1356424715265,-5.0634303,8.100791,0.9192562
1356424715308,2.4977508,-2.0742126,3.0409067
1356424715347,0.02012515,0.9379225,5.050745
1356424715387,-1.6574011,0.8688736,3.0087817
1356424715427,0.22178102,0.18534279,2.3034205
1356424715467,-0.34053826,-0.54002476,2.417298
1356424715511,-0.18927217,-0.69639015,2.544042
1356424715557,-0.80107427,0.41864872,0.8254419
1356424715597,-1.0998588,1.2186432,0.8544391
1356424715641,-0.9421632,2.5954409,-0.07574326
1356424715678,-1.0699987,2.1416245,-0.640838
1356424715718,-4.0091105,3.261859,1.8475363
1356424715758,0.47854996,1.4562101,0.47597334
1356424715799,3.5688508,2.7852612,1.6124268
1356424715839,1.7780998,5.0592556,-1.248011
1356424715879,0.5490241,2.5254126,1.1740594
1356424715919,0.40236878,-0.6375599,-0.13220629
1356424715958,1.099241,-2.8059864,-0.6019307
1356424715999,2.7495515,-4.780061,-0.6088773
1356424716038,3.205016,-7.0264974,-1.6795104
1356424716078,2.962369,-6.948201,-2.1092372
1356424716118,0.9590527,-5.622045,-3.869107
1356424716158,-1.4757822,-4.6304727,-5.8755264
1356424716198,-3.6030617,-2.1199846,-6.4805646
1356424716238,-5.326123,0.54547215,-8.22759
1356424716278,-1.2005434,-2.3127584,-6.949928
1356424716318,0.71008885,8.56761,-0.9921932
1356424716358,2.9787774,-0.83232546,0.6044513
1356424716398,-1.869282,-1.4752903,8.044037
1356424716438,-4.604652,7.539493,3.6630046
1356424716478,3.3841662,-0.5916481,2.683285
1356424716517,2.7873962,0.9367299,5.1169195
1356424716557,-2.0077534,1.1659231,3.6830506
1356424716597,-0.2517724,0.048298836,2.5787551
1356424716640,-0.14781117,-0.20302868,2.69353
1356424716678,0.039436817,-0.642396,2.7543523
1356424716718,-0.04867673,0.46050835,1.5559961
1356424716758,-1.2003515,1.0996008,0.6366989
1356424716797,-1.0905471,1.8516779,0.12410575
1356424716837,-0.65154886,1.9996309,-0.72740483
1356424716878,-2.7109041,3.9001331,1.0556707
1356424716918,-2.2385392,1.442543,0.994498
1356424716959,3.490726,3.9748707,1.6484095
1356424716998,3.794273,6.271448,-2.2899299
1356424717038,1.4716332,1.9952879,0.64888066
1356424717078,-0.27383685,-0.5505562,0.21377495
1356424717117,0.32104826,-3.155888,2.2317703
1356424717157,3.1089678,-5.502216,-0.700853
1356424717197,4.7659283,-8.448,-2.3390386
1356424717237,2.2099364,-7.229095,-2.5232375
1356424717277,0.24786496,-6.427885,-4.560168
1356424717317,-2.5116124,-2.656539,-6.568853
1356424717357,-6.528199,0.9874029,-7.999614
1356424717397,-2.9860854,-2.7479281,-7.74677
1356424717437,0.9631537,-0.34504032,-3.7417135
1356424717477,0.6794235,9.056187,0.00886035
1356424717517,2.2734706,-6.028294,4.126415
1356424717557,-2.5619195,2.7893796,9.123545
1356424717597,-2.7112951,5.622206,-0.19776225
1356424717638,4.6719418,-1.103766,4.412064
1356424717678,0.94880664,1.2116098,4.6762214
1356424717718,-1.5625322,1.0992022,2.695733
1356424717758,-0.16432524,0.5322046,2.034424
1356424717798,-0.30848646,-0.32809925,2.44256
1356424717838,-0.5317595,0.29796124,2.0447378
1356424717878,-0.16763163,0.83916855,0.64652765
1356424717918,-0.61816835,1.3571262,0.779258
1356424717958,-0.7217114,2.2119274,-0.33083922
1356424717998,-1.2294347,2.7050314,-0.13318077
1356424718038,-3.9541988,3.9190712,1.4996011
1356424718078,1.0513765,1.261198,1.1134475
1356424718118,3.2982783,4.767042,0.41878518
1356424718177,1.0584126,4.4776096,-1.1059345
1356424718197,0.21321893,1.3911476,1.9293529
1356424718237,1.4383962,-1.7113323,-0.1375621
1356424718275,1.948797,-4.1691504,-0.26588663
1356424718317,2.457421,-6.071755,-1.230706
1356424718357,3.1390378,-7.6575637,-1.6565251
1356424718397,1.9542079,-7.636266,-3.048519
1356424718437,-0.37952042,-6.0352464,-5.6670995
1356424718477,-2.994574,-2.344016,-7.408482
1356424718517,-5.515953,1.9787474,-8.463214
1356424718557,-1.7765107,-2.2445345,-7.70181
1356424718597,1.600005,6.9551897,-0.7373477
1356424718638,2.4346442,-0.5411787,0.71224296
1356424718679,-0.7737874,-3.2109675,7.5646744
1356424718718,-3.5075994,6.9029603,4.67815
1356424718759,1.2591937,1.4250035,1.4334102
1356424718798,3.6131086,0.22461271,4.1290083
1356424718838,-1.438947,1.3224916,3.9478278
1356424718878,-0.9522722,-0.07648945,2.7227297
1356424718918,-0.13332582,-0.12198353,2.8815036
1356424718958,0.24103355,0.17340565,2.5348856
1356424718998,0.6575221,0.45998383,0.828828
1356424719038,-1.1883645,0.9948206,1.1946114
1356424719078,-1.4240141,1.5957928,0.58768076
1356424719118,0.2287879,2.7500029,-1.13905
1356424719158,-2.3532767,4.542901,0.8792677
1356424719197,-4.383849,1.5020494,1.4975677
1356424719237,2.4949632,3.4350615,1.0850171
1356424719277,2.1145844,5.689271,-1.5641488
1356424719317,0.05707717,1.5953074,1.3687836
1356424719357,1.7125558,-1.1216412,0.1196532
1356424719397,2.5118277,-3.591361,-0.28994298
1356424719437,2.451036,-4.828169,-0.023560718
1356424719477,3.4577084,-7.3058205,-1.2821615
1356424719517,3.2577453,-7.12044,-2.215626
1356424719557,0.94759643,-5.765298,-4.276225
1356424719597,-2.7273562,-3.9599628,-7.4202847
1356424719638,-6.366091,-0.13594341,-9.669183
1356424719678,-4.288968,-0.53670025,-7.5651793
1356424719718,0.80530643,6.238308,-3.4793181
1356424719758,4.979646,0.12642765,0.5322757
1356424719798,-0.7122991,-3.6743717,7.476486
1356424719838,-3.301864,8.672115,4.73064
1356424719878,1.3912661,1.3636732,1.38603
1356424719918,3.914092,-0.8221493,4.1676764
1356424719959,-2.364997,1.0494528,3.665702
1356424719998,-1.3898027,-0.06281948,3.0790105
1356424720038,-0.016288519,0.032920837,2.1219268
1356424720078,0.26744556,-0.77156925,2.382113
1356424720118,-0.5378661,0.6359024,1.7468991
1356424720158,-1.2081702,0.92995167,1.3510572
1356424720198,-1.1535146,1.7088289,0.9696996
1356424720238,-1.1067166,2.2410412,-0.7043523
1356424720278,-3.1356974,4.1056137,1.6688757
1356424720318,-2.7823465,2.9588184,0.61526835
1356424720358,3.5527773,1.0467806,1.6427557
1356424720398,2.9679594,4.779253,-0.9972511
1356424720438,0.15711403,2.9320583,-0.06612973
1356424720477,-0.12065673,0.25161934,1.4044051
1356424720517,1.5834961,-3.4497366,-0.9049994
1356424720557,2.5136802,-4.3972588,-0.29367685
1356424720597,3.338292,-7.076592,-1.9330965
1356424720639,2.7704272,-7.6904845,-2.2152226
1356424720678,1.193929,-6.888634,-3.7906795
1356424720718,-0.5903022,-4.9646397,-6.5256815
1356424720758,-4.756479,0.7837219,-8.39934
1356424720798,-4.737066,1.2348547,-7.9818153
1356424720838,0.9374652,0.30113697,-6.139163
1356424720878,1.5981029,7.2639475,0.9852896
1356424720918,1.6059989,-5.6608677,3.6871543
1356424720958,-3.1092129,3.6244702,9.686442
1356424720998,-2.2685573,5.7055173,-0.22910619
1356424721038,4.6744328,-1.1319895,3.6904738
1356424721078,0.5875424,1.4549799,5.1896105
1356424721118,-1.6883545,0.1209116,2.6757238
1356424721175,-0.60598326,-0.8664055,2.54614
1356424721197,-0.36776853,-0.06999779,2.5203414
1356424721237,0.119351864,0.5639763,1.7442572
1356424721275,-0.647367,1.0662289,1.2276018
1356424721317,-1.9888921,1.5670881,0.34420103
1356424721357,-1.3921702,2.4383888,-1.19509
1356424721397,-3.6553779,3.7072344,1.8207543
1356424721437,-1.0592024,2.7464333,0.68040335
1356424721477,5.0206137,1.0270071,1.472776
1356424721517,2.335559,5.231263,-1.1092944
1356424721557,-0.19663262,3.4367018,0.47889486
1356424721597,-0.21285391,0.4910307,1.4425846
1356424721638,1.4890099,-3.4309683,-0.70361
1356424721678,2.2604728,-4.4068427,-0.40508884
1356424721718,3.308323,-6.53836,-1.442501
1356424721758,3.1431253,-7.645243,-2.2339866
1356424721799,0.7288152,-6.0593734,-3.0303962
1356424721839,-0.85076237,-4.5533113,-5.3050895
1356424721879,-2.848867,-1.2949839,-6.8641076
1356424721919,-6.004492,0.07522392,-8.042825
1356424721958,-3.647246,-2.5589018,-6.9169583
1356424721999,1.2371411,2.409708,-1.2684026
1356424722038,1.1179943,7.968799,-0.856236
1356424722078,1.3599693,-5.4538774,5.132976
1356424722118,-2.5609655,4.5389824,7.628704
1356424722158,-1.1072588,4.4495163,-0.3487153
1356424722198,4.21166,-0.9161391,4.4220767
1356424722239,-1.1962919,1.719945,5.140467
1356424722278,-0.97177577,0.63158894,2.8234694
1356424722308,0.46665978,-0.104260445,2.2691364
1356424722348,0.26396608,-0.75942516,2.8198693
1356424722388,-0.33887506,0.48997116,2.4859953
1356424722428,-0.44875145,0.35796165,1.2446854
1356424722468,-1.7657123,0.82477474,1.0358253
1356424722508,-0.85738516,1.8803415,0.3325688
1356424722548,-0.79190755,3.369194,-0.5280106
1356424722588,-2.3429995,4.244281,1.3403935
1356424722631,1.4854683,0.7356434,0.20473601
1356424722670,2.8856244,1.8822021,1.1215042
1356424722708,0.51696396,5.333351,-1.4114296
1356424722748,0.9467013,2.103897,1.5206409
1356424722788,1.251263,-1.142004,-0.6763216
1356424722829,1.6063575,-3.3385997,-1.0741003
1356424722868,2.1746716,-5.092548,-0.17404549
1356424722908,3.416386,-8.520334,-2.1214213
1356424722948,1.5107014,-6.6948028,-3.1032343
1356424722988,0.14105988,-6.183509,-4.2177553
1356424723030,-1.1658723,-3.548739,-7.399341
1356424723068,-4.5125856,1.9029856,-9.030317
1356424723108,-1.9901783,-0.9389982,-6.304185
1356424723148,2.3861866,1.6603823,-4.5082245
1356424723188,0.35511565,7.666086,0.16732538
1356424723228,0.5400022,-4.3164854,5.3441315
1356424723268,-2.8065557,2.409154,8.387474
1356424723308,-1.7914155,4.889789,1.3992405
1356424723348,3.9871745,-0.4337325,3.8718057
1356424723388,0.16980433,1.1281137,4.723024
1356424723428,-1.6798167,0.507329,3.5261793
1356424723468,-1.2810085,0.13894272,2.7480378
1356424723508,-0.79585576,-0.39038086,2.4132638
1356424723548,-0.18413138,0.3677349,2.0466244
1356424723588,1.2927113,0.1676979,1.3606904
1356424723630,-1.8410287,0.91705227,1.172562
1356424723668,-1.2170837,1.5970631,0.2883966
1356424723708,-1.0321817,2.0550709,-1.2490866
1356424723749,-4.329834,3.593482,0.9264262
1356424723788,-1.9150505,1.7560825,0.45520198
1356424723828,3.636889,2.0947332,1.1412097
1356424723868,2.342076,4.7433786,-1.1727453
1356424723908,-0.24758267,1.8911543,0.70751923
1356424723948,0.81824946,-0.5643263,-0.0955249
1356424723988,1.5005062,-2.8782873,-0.60324574
1356424724027,2.102505,-4.17749,-0.5280045
1356424724067,3.3986986,-6.77378,-1.3336194
1356424724107,3.1073916,-6.974171,-1.9054234
1356424724147,1.5995252,-6.0362115,-3.6584644
1356424724187,-0.80256987,-4.5031953,-5.8491087
1356424724225,-4.638302,0.66233444,-8.01155
1356424724269,-5.096405,1.751277,-7.8961444
1356424724307,0.15530193,2.897294,-4.4919457
1356424724347,2.2250907,6.428233,1.6216934
1356424724387,2.1267555,-6.735238,3.9947953
1356424724428,-3.762425,4.679409,8.988572
1356424724467,-1.8508203,4.363039,-0.71189785
1356424724507,4.5658016,-1.7963204,3.555469
1356424724547,-0.44610095,1.5825462,4.393737
1356424724587,-1.6853004,0.22739506,2.6823783
1356424724627,0.05812812,-0.13285446,2.051838
1356424724667,0.26886106,-0.6782713,1.9182987
1356424724707,-0.22574353,0.118406296,2.318192
1356424724747,-0.33462667,0.4594221,0.40751797
1356424724787,-1.3839128,0.629323,0.5789449
1356424724827,-1.104806,2.0318909,-0.4470259
1356424724867,-1.3012297,2.5769053,-0.11870149
1356424724907,-3.13694,3.5502634,1.040221
1356424724947,2.0954103,0.9035034,0.92675453
1356424724987,3.1216924,4.3323565,0.47822684
1356424725027,0.92871845,4.0846653,-1.4515294
1356424725067,0.23889637,1.4616594,1.8760686
1356424725107,1.2439774,-1.7081966,-0.4411959
1356424725147,2.214881,-3.937676,-0.5732049
1356424725187,2.5502381,-6.027161,-0.8727179
1356424725227,3.0232072,-7.605063,-1.96805
1356424725267,1.4873414,-6.2681127,-3.187136
1356424725307,-0.15529919,-5.559474,-4.8874826
1356424725347,-2.740028,-2.3430033,-6.520824
1356424725387,-5.40393,2.0032816,-7.52193
1356424725427,-1.127174,-1.8963823,-6.0627584
1356424725467,1.1057541,6.4685526,-1.6006535
1356424725508,2.2526898,3.1394472,0.69869316
1356424725547,-0.5921042,-3.1758523,6.5837555
