1355983806797,-2.2609777,-8.771504,-0.46309182
1355983806842,-2.1792557,-8.880466,-0.10896278
1355983806880,-2.1792557,-8.853226,-0.42223078
1355983806927,-2.2201166,-8.812365,-0.29964766
1355983806968,-2.2201166,-8.880466,-0.29964766
1355983807008,-2.1792557,-8.880466,0.040861044
1355983807049,-2.1383946,-8.962189,-0.9125633
1355983807088,-2.1792557,-8.921328,-0.29964766
1355983807130,-2.1792557,-8.962189,-0.42223078
1355983807178,-2.1792557,-8.880466,-0.23154591
1355983807220,-2.3018389,-8.880466,-0.8036005
1355983807269,-2.3018389,-8.853226,-0.7627395
1355983807328,-2.3426998,-8.730643,-0.5720546
1355983807368,-2.3018389,-8.853226,-0.53119355
1355983807420,-2.2609777,-8.812365,-0.50395286
1355983807458,-2.3426998,-8.812365,-0.38136974
1355983807498,-2.2201166,-8.689782,-0.53119355
1355983807541,-2.0294318,-8.853226,-0.38136974
1355983807588,-2.070293,-9.00305,-0.38136974
1355983807628,-2.3426998,-8.730643,-0.3405087
1355983807670,-2.1111538,-8.689782,-0.23154591
1355983807743,-1.9885708,-8.853226,-0.50395286
1355983807752,-1.8387469,-8.962189,-0.5720546
1355983807788,-1.6889231,-9.00305,-1.1849703
1355983807828,-1.7297841,-8.921328,-1.1441092
1355983807878,-1.6889231,-8.662541,-1.4573772
1355983807918,-1.6889231,-9.656827,-2.1111538
1355983807958,-1.525479,-9.997335,-3.0237172
1355983807998,-1.2666923,-9.997335,-2.8738933
1355983808040,-2.3018389,-9.112013,-1.525479
1355983808078,-0.9942854,-8.267551,-2.2609777
1355983808119,-0.14982383,-8.117727,-2.8738933
1355983808158,-0.9125633,-7.5865335,-3.255263
1355983808200,-0.84446156,-6.428804,-3.636633
1355983808238,-0.7218784,-6.8237944,-4.140586
1355983808278,-0.0,-7.43671,-4.903325
1355983808318,0.14982383,-7.014479,-5.47538
1355983808358,-0.040861044,-7.04172,-6.510526
1355983808388,-0.040861044,-7.3141265,-7.205164
1355983808418,-0.14982383,-7.205164,-7.504812
1355983808459,0.08172209,-7.5865335,-7.6273947
1355983808498,-2.5606253,-7.504812,-4.7535014
1355983808539,-2.2609777,-8.853226,-1.879608
1355983808578,-3.8273177,-9.302697,0.6946377
1355983808618,-3.636633,-8.921328,1.2258313
1355983808658,-1.607201,-9.915613,0.14982383
1355983808698,0.46309182,-10.079058,-0.7627395
1355983808742,-0.7627395,-8.240311,-1.607201
1355983808778,-0.9942854,-8.076866,-1.0351465
1355983808819,-0.42223078,-8.471856,-1.1168685
1355983808858,-0.6537767,-9.00305,-1.0760075
1355983808899,-0.6946377,-9.043911,-0.23154591
1355983808938,-0.9125633,-8.771504,0.7218784
1355983808978,-1.3075534,-9.765789,0.14982383
1355983809018,-0.53119355,-10.991621,-0.23154591
1355983809058,0.3405087,-11.413852,-1.4982382
1355983809098,-0.040861044,-12.408136,-2.3018389
1355983809138,-3.255263,-10.95076,-1.4573772
1355983809179,-4.2495484,-9.888372,1.4982382
1355983809219,-3.9090397,-11.223166,1.9477097
1355983809259,-4.7535014,-11.917805,-1.7297841
1355983809298,-2.8738933,-7.43671,-1.879608
1355983809339,-2.2609777,-4.8216033,-1.4573772
1355983809388,-1.4573772,-4.7535014,-0.9942854
1355983809428,-0.61291564,-4.7126403,-1.920469
1355983809469,-1.3756552,-5.053149,-1.9885708
1355983809508,-0.27240697,-7.205164,-5.597963
1355983809548,2.1111538,-9.302697,-9.956474
1355983809589,0.6537767,-9.384419,-8.812365
1355983809628,-1.7570249,-7.6273947,-7.4639506
1355983809670,-3.718355,-10.61025,-1.1168685
1355983809749,-3.7864566,-9.152874,1.8387469
1355983809757,-2.9147544,-8.499097,2.5606253
1355983809788,-3.214402,-11.3321295,0.8036005
1355983809829,-0.7627395,-10.528529,-1.4573772
1355983809868,-0.0,-7.4639506,-0.84446156
1355983809908,-0.8036005,-6.5922484,0.19068487
1355983809948,-1.2258313,-8.076866,-0.040861044
1355983809988,-0.27240697,-8.730643,-0.29964766
1355983810028,-0.9125633,-8.62168,-1.1168685
1355983810068,-1.1168685,-9.615966,-0.61291564
1355983810098,-0.8036005,-10.800936,-0.23154591
1355983810128,-0.0,-11.9450445,-1.4573772
1355983810168,0.95342433,-12.026767,-2.070293
1355983810198,-1.2258313,-13.6748295,-1.3756552
1355983810238,-5.09401,-10.079058,-0.95342433
1355983810280,-4.399372,-11.686258,6.1700177
1355983810318,-6.0882955,-15.009624,-1.3075534
1355983810360,-3.405087,-9.112013,-2.982856
1355983810398,-1.2666923,-6.0882955,-0.23154591
1355983810438,-1.1441092,-3.9090397,0.23154591
1355983810478,-1.525479,-3.9090397,-1.0351465
1355983810518,-1.8387469,-3.1054392,-1.2258313
1355983810558,-0.8036005,-3.8681788,-2.3699405
1355983810598,0.88532263,-8.076866,-7.1234417
1355983810638,3.0645783,-11.073342,-12.4489975
1355983810678,-0.23154591,-8.853226,-8.880466
1355983810741,-2.6423476,-13.211738,-4.2904096
1355983810759,-6.891896,-9.575105,2.4108016
1355983810798,-2.6832085,-4.5900574,3.990762
1355983810849,-5.09401,-12.367276,2.3426998
1355983810887,-0.040861044,-13.33432,-2.1111538
1355983810927,2.1792557,-8.076866,-1.9885708
1355983810968,0.14982383,-6.0474343,0.313268
1355983811008,-1.334794,-7.8861814,1.1849703
1355983811049,-2.3699405,-8.499097,-1.4573772
1355983811088,-0.95342433,-8.499097,-0.14982383
1355983811130,-1.0760075,-9.847511,-0.8036005
1355983811168,0.14982383,-10.991621,-0.8036005
1355983811208,0.61291564,-11.686258,-1.3075534
1355983811248,-0.61291564,-12.680544,-0.9942854
1355983811288,-3.568531,-12.176591,-0.14982383
1355983811329,-4.5219555,-9.888372,2.1111538
1355983811368,-4.0180025,-12.639683,2.4108016
1355983811409,-7.5865335,-13.0619135,-2.8738933
1355983811448,-2.0294318,-7.014479,-0.53119355
1355983811488,-0.0,-5.284695,1.334794
1355983811528,-1.3075534,-4.4810944,0.3405087
1355983811568,-2.7240696,-3.445948,-0.50395286
1355983811609,-2.2201166,-2.4516625,-1.7978859
1355983811648,0.95342433,-6.8237944,-6.782933
1355983811690,4.3312707,-12.026767,-11.727119
1355983811748,-0.27240697,-8.117727,-8.771504
1355983811770,-1.9885708,-7.8861814,-6.4015636
1355983811808,-7.8180795,-15.976667,3.405087
1355983811848,-2.6832085,-4.4810944,1.1168685
1355983811888,-2.8738933,-7.8861814,3.2961242
1355983811936,-2.6832085,-13.6748295,0.88532263
1355983811968,1.4573772,-10.95076,-1.4573772
1355983812008,-0.19068487,-7.504812,-0.23154591
1355983812048,-1.4982382,-7.6546354,0.61291564
1355983812088,-1.0760075,-7.3141265,0.23154591
1355983812128,-0.6946377,-7.6954966,-0.46309182
1355983812168,-0.9942854,-7.6273947,-0.50395286
1355983812208,-1.3075534,-9.112013,-0.0
1355983812248,-0.8036005,-11.372991,-0.84446156
1355983812288,-0.3405087,-11.413852,-1.3075534
1355983812328,0.040861044,-11.985906,-2.5606253
1355983812368,-0.3405087,-13.988097,-0.53119355
1355983812410,-3.1463003,-9.152874,0.92618364
1355983812450,-4.2495484,-12.026767,4.3312707
1355983812489,-8.008764,-14.7916975,-2.2609777
1355983812528,-3.759216,-8.471856,-1.7570249
1355983812569,-0.9125633,-5.47538,0.3405087
1355983812608,-0.7627395,-4.630918,0.313268
1355983812648,-1.8387469,-3.8273177,-0.7218784
1355983812688,-1.56634,-2.3426998,-1.4573772
1355983812749,-0.10896278,-4.630918,-5.134871
1355983812770,2.3699405,-10.337844,-9.80665
1355983812818,0.27240697,-8.117727,-11.223166
1355983812858,-2.1111538,-7.273266,-5.7477865
1355983812898,-7.3958488,-15.935807,2.982856
1355983812938,-2.8738933,-5.175732,2.152015
1355983812979,-3.5276701,-8.349273,2.152015
1355983813018,-3.9771416,-12.026767,2.6014864
1355983813058,0.42223078,-10.760075,-2.4108016
1355983813098,2.1111538,-6.4015636,-1.6889231
1355983813138,-0.19068487,-7.273266,-1.2258313
1355983813178,-0.7627395,-9.343558,-0.38136974
1355983813220,-0.9125633,-8.117727,0.313268
1355983813258,-2.0294318,-9.384419,-0.5720546
1355983813298,-1.1441092,-10.501288,-0.8036005
1355983813338,0.42223078,-11.223166,-1.1441092
1355983813378,0.8036005,-12.067628,-1.7297841
1355983813418,-1.1849703,-12.912089,-0.38136974
1355983813458,-4.0588636,-9.915613,0.7218784
1355983813500,-2.8738933,-11.75436,5.012288
1355983813548,-8.853226,-14.328606,-2.2201166
1355983813590,-4.2086873,-7.4639506,-0.84446156
1355983813640,-0.88532263,-4.671779,0.53119355
1355983813688,0.040861044,-4.4810944,-0.19068487
1355983813785,-1.8387469,-3.486809,-1.3075534
1355983813787,-1.3756552,-3.9090397,-2.3426998
1355983813808,2.070293,-9.275456,-9.384419
1355983813851,3.0237172,-10.337844,-12.14935
1355983813889,-0.19068487,-6.510526,-7.8861814
1355983813927,-4.1814466,-7.6954966,-3.568531
1355983813967,-8.771504,-16.208214,2.9147544
1355983814009,-1.4165162,-4.903325,3.0645783
1355983814058,-2.982856,-9.697687,1.879608
1355983814098,-1.7570249,-13.143636,-0.10896278
1355983814140,1.334794,-7.8589406,-1.334794
1355983814178,-1.4573772,-7.504812,-2.3699405
1355983814218,-0.8036005,-7.04172,0.10896278
1355983814258,-0.14982383,-7.6273947,-0.040861044
1355983814298,-1.334794,-9.00305,-0.46309182
1355983814338,-1.607201,-9.302697,-0.6946377
1355983814378,-0.42223078,-10.038197,-1.0351465
1355983814418,0.5720546,-11.073342,-1.6889231
1355983814458,-0.3405087,-13.783792,-2.5333846
1355983814498,-1.7297841,-13.947236,-0.3405087
1355983814538,-3.173541,-9.384419,4.862464
1355983814578,-6.932757,-14.206022,0.53119355
1355983814618,-8.962189,-12.176591,-3.486809
1355983814658,-1.6480621,-6.238119,-0.46309182
1355983814698,0.10896278,-5.47538,0.27240697
1355983814750,-0.9942854,-4.2495484,-0.23154591
1355983814778,-1.7570249,-3.214402,-1.6889231
1355983814819,-1.1168685,-4.099725,-2.070293
1355983814858,-0.0,-5.366417,-3.9499009
1355983814900,2.070293,-8.471856,-9.575105
1355983814938,0.6537767,-11.3321295,-11.114203
1355983814978,-0.9125633,-7.5456724,-9.00305
1355983815018,-5.134871,-12.5579605,-2.982856
1355983815058,-5.407278,-8.771504,4.1814466
1355983815098,-2.070293,-5.012288,3.8681788
1355983815138,-3.8273177,-11.645397,2.4108016
1355983815178,-1.7297841,-13.443283,-0.8036005
1355983815218,1.6889231,-7.7363577,-2.1111538
1355983815258,-0.23154591,-7.3141265,-1.1849703
1355983815298,-1.1168685,-8.19945,0.38136974
1355983815338,-0.5720546,-7.8589406,0.08172209
1355983815378,-1.3075534,-9.043911,-0.46309182
1355983815418,-1.3075534,-9.534244,-0.7627395
1355983815458,-0.23154591,-10.7192135,-0.9942854
1355983815498,0.10896278,-11.372991,-2.0294318
1355983815538,-0.23154591,-11.604536,-1.0760075
1355983815578,-2.6832085,-12.721405,0.38136974
1355983815618,-2.1383946,-10.460427,4.7943625
1355983815658,-7.3549876,-14.601013,-0.53119355
1355983815700,-8.962189,-12.762266,-2.7921712
1355983815751,-1.2258313,-6.1291566,0.08172209
1355983815779,0.3405087,-4.8216033,0.88532263
1355983815818,-0.84446156,-4.2904096,-0.27240697
1355983815858,-2.4108016,-3.405087,-0.61291564
1355983815898,-0.9942854,-3.5957718,-2.3018389
1355983815938,1.2258313,-7.3958488,-7.7772183
1355983815978,1.6480621,-10.079058,-12.489859
1355983816018,0.9942854,-7.8180795,-8.730643
1355983816058,-0.88532263,-8.62168,-4.3312707
1355983816098,-9.084772,-15.28203,1.56634
1355983816138,-2.1792557,-4.2495484,2.8330324
1355983816178,-3.759216,-8.962189,2.6014864
1355983816218,-4.2904096,-12.108489,2.3699405
1355983816258,0.23154591,-11.3321295,-3.214402
1355983816298,2.982856,-6.8237944,-1.1441092
1355983816338,0.08172209,-7.3549876,-0.19068487
1355983816378,-0.88532263,-8.008764,0.46309182
1355983816418,-2.3426998,-8.008764,-0.6946377
1355983816458,-1.607201,-9.425281,0.27240697
1355983816498,-0.7218784,-11.727119,-0.88532263
1355983816538,0.9942854,-10.501288,-1.1849703
1355983816578,-0.10896278,-10.923519,-1.2666923
1355983816618,-2.8738933,-13.021052,0.88532263
1355983816658,-3.5276701,-10.038197,1.3075534
1355983816698,-2.6423476,-12.258313,4.6036777
1355983816746,-9.534244,-16.657684,-2.8738933
1355983816778,-4.4810944,-8.730643,-1.7570249
1355983816820,-1.1441092,-4.944186,0.040861044
1355983816857,0.27240697,-4.372132,1.2258313
1355983816898,-1.7570249,-3.255263,-0.38136974
1355983816938,-1.879608,-2.2201166,-1.6889231
1355983816978,0.8036005,-6.0474343,-6.851035
1355983817018,4.3312707,-11.182305,-11.985906
1355983817058,0.23154591,-5.9793324,-8.076866
1355983817098,-4.2495484,-4.7943625,-4.9850473
1355983817138,-9.575105,-17.352324,2.1792557
1355983817178,-1.1168685,-3.636633,3.336985
1355983817218,-3.336985,-8.689782,2.070293
1355983817260,-4.2495484,-14.056199,3.405087
1355983817299,0.8036005,-12.639683,-4.2495484
1355983817338,0.7627395,-6.2108784,-0.53119355
1355983817378,-1.2666923,-6.0201936,0.08172209
1355983817418,-0.84446156,-6.469665,0.23154591
1355983817458,-0.42223078,-7.205164,-0.29964766
1355983817498,-0.23154591,-9.847511,-0.53119355
1355983817538,-0.9942854,-10.800936,-2.3018389
1355983817578,-0.42223078,-11.686258,-1.3075534
1355983817618,0.040861044,-11.223166,-1.0351465
1355983817658,-0.6537767,-12.9529505,1.1849703
1355983817698,-3.9090397,-10.923519,0.23154591
1355983817750,-3.5276701,-11.917805,6.3198414
1355983817778,-9.697687,-16.548723,-1.7978859
1355983817818,-6.469665,-10.378705,-1.334794
1355983817848,-0.6537767,-5.9793324,0.27240697
1355983817888,0.5720546,-4.440233,1.1441092
1355983817928,-0.53119355,-2.9556155,1.334794
1355983817968,-2.3018389,-2.982856,-0.42223078
1355983818008,-1.920469,-3.445948,-2.1792557
1355983818048,0.53119355,-7.1234417,-8.240311
1355983818088,2.6832085,-12.489859,-13.525005
1355983818128,0.7218784,-9.043911,-9.384419
1355983818168,-4.2904096,-13.252599,-1.9885708
1355983818208,-7.082581,-3.759216,1.6889231
1355983818248,-2.4925237,-6.932757,5.407278
1355983818290,-4.7126403,-12.980191,2.7240696
1355983818328,-0.46309182,-15.826844,-1.607201
1355983818368,2.3018389,-7.43671,-1.7570249
1355983818408,-0.6537767,-6.2108784,-0.50395286
1355983818448,-1.3756552,-7.164303,0.040861044
1355983818488,-0.6946377,-7.6273947,0.53119355
1355983818528,-1.56634,-8.471856,-0.19068487
1355983818568,-1.0351465,-10.95076,-0.6537767
1355983818608,0.040861044,-11.264028,-1.3756552
1355983818648,-0.23154591,-11.182305,-2.2201166
1355983818690,-1.525479,-12.026767,0.23154591
1355983818752,-0.7218784,-12.639683,1.879608
1355983818769,-2.3018389,-10.228881,4.630918
1355983818808,-10.106298,-17.270601,-1.3756552
1355983818848,-9.425281,-10.841797,-2.1383946
1355983818889,-0.29964766,-4.7535014,0.08172209
1355983818928,1.0760075,-4.099725,2.4108016
1355983818968,-0.53119355,-3.636633,0.19068487
1355983819008,-3.445948,-3.5957718,-0.29964766
1355983819048,-2.0294318,-3.214402,-2.3699405
1355983819088,2.2609777,-8.62168,-9.425281
1355983819128,4.7535014,-11.686258,-13.593107
1355983819168,1.1168685,-6.891896,-8.008764
1355983819208,-5.202973,-7.014479,-4.372132
1355983819248,-10.528529,-16.08563,3.255263
1355983819288,-0.9125633,-2.9556155,4.140586
1355983819328,-3.405087,-9.425281,1.607201
1355983819368,-3.8273177,-13.756551,2.7649305
1355983819408,0.88532263,-9.425281,-3.486809
1355983819448,1.7297841,-6.0882955,-1.6889231
1355983819488,-1.0351465,-9.275456,-0.9125633
1355983819528,-0.38136974,-7.1234417,0.3405087
1355983819568,-0.9125633,-7.504812,0.14982383
1355983819608,-1.6889231,-9.656827,-0.27240697
1355983819648,-0.88532263,-10.419566,-0.8036005
1355983819688,0.50395286,-11.727119,-2.5333846
1355983819780,-0.23154591,-11.223166,-2.9556155
1355983819781,-0.95342433,-14.206022,1.7570249
1355983819807,-1.0760075,-10.419566,1.2258313
1355983819837,-3.0645783,-11.413852,5.7477865
1355983819877,-11.304889,-17.079916,-3.0237172
1355983819918,-6.4015636,-9.234595,-1.8387469
1355983819958,-1.6480621,-5.47538,0.27240697
1355983819998,0.6537767,-4.2904096,1.7297841
1355983820038,-1.525479,-3.0237172,-0.6537767
1355983820078,-2.070293,-2.7513103,-1.1441092
1355983820118,0.3405087,-6.0474343,-5.938472
1355983820158,4.944186,-10.760075,-11.686258
1355983820198,1.334794,-7.6546354,-10.337844
1355983820238,-0.9125633,-3.9499009,-4.7943625
1355983820278,-10.882658,-15.050485,1.1168685
1355983820318,-3.636633,-9.724928,1.4573772
1355983820358,-2.4925237,-7.5865335,3.759216
1355983820398,-3.336985,-11.686258,3.1054392
1355983820438,-0.5720546,-12.680544,-1.607201
1355983820478,0.95342433,-6.742072,-1.525479
1355983820518,-0.7218784,-6.238119,-1.1168685
1355983820558,-0.42223078,-7.7772183,-0.50395286
1355983820598,-0.23154591,-8.076866,-0.3405087
1355983820638,-0.29964766,-9.043911,-0.27240697
1355983820678,-0.7627395,-9.915613,-0.95342433
1355983820748,-0.040861044,-11.495573,-1.3756552
1355983820758,0.23154591,-11.604536,-2.6832085
1355983820798,-0.5720546,-13.756551,0.38136974
1355983820838,-2.4925237,-11.372991,0.19068487
1355983820878,-2.982856,-10.310603,4.099725
1355983820918,-7.04172,-16.04477,1.1168685
1355983820958,-9.888372,-12.9529505,-4.0180025
1355983820998,-3.255263,-5.5571017,0.27240697
1355983821038,-0.0,-3.759216,1.4165162
1355983821078,-0.53119355,-2.982856,0.50395286
1355983821118,-2.0294318,-1.8387469,-0.84446156
1355983821158,-0.3405087,-3.5957718,-3.759216
1355983821198,4.372132,-11.563675,-10.310603
1355983821238,1.4982382,-9.765789,-13.1708765
1355983821278,-2.0294318,-4.440233,-6.2108784
1355983821318,-5.706926,-8.076866,-2.2609777
1355983821358,-7.273266,-15.894946,4.140586
1355983821398,-1.9885708,-5.938472,3.0645783
1355983821438,-3.1463003,-10.651112,2.3018389
1355983821478,-1.1441092,-13.021052,-0.6946377
1355983821518,2.2201166,-9.493382,-1.1849703
1355983821558,-0.23154591,-8.008764,-0.46309182
1355983821598,-1.0351465,-6.782933,-0.14982383
1355983821638,-0.27240697,-5.938472,-0.0
1355983821678,-1.1849703,-7.8180795,0.040861044
1355983821754,-1.3756552,-8.921328,0.23154591
1355983821756,-0.7627395,-10.841797,-0.84446156
1355983821787,0.27240697,-11.795221,-1.525479
1355983821828,-0.42223078,-12.108489,-3.0645783
1355983821868,-1.1849703,-13.021052,-0.0
1355983821908,-1.0351465,-11.264028,0.42223078
1355983821948,-2.2609777,-10.760075,5.09401
1355983821988,-9.80665,-16.780268,-1.9885708
1355983822028,-6.5513873,-10.419566,-0.7627395
1355983822069,-1.0760075,-6.1700177,-0.5720546
1355983822108,0.10896278,-4.862464,2.7649305
1355983822148,-2.2609777,-3.9499009,1.1849703
1355983822188,-3.445948,-2.1111538,-0.5720546
1355983822228,-0.14982383,-3.0645783,-5.284695
1355983822268,5.7477865,-10.882658,-10.528529
1355983822308,-1.1441092,-9.765789,-11.876944
1355983822348,-1.7297841,-9.343558,-7.273266
1355983822388,-6.742072,-12.639683,2.5606253
1355983822428,-3.9499009,-4.5900574,2.8330324
1355983822468,-3.759216,-9.80665,3.8681788
1355983822510,-2.5606253,-13.0619135,2.152015
1355983822548,3.1463003,-12.9529505,-3.636633
1355983822588,0.7627395,-6.6331096,-1.0760075
1355983822628,-1.4165162,-6.2789803,0.040861044
1355983822668,-0.88532263,-7.5456724,-0.0
1355983822708,-1.1441092,-8.812365,-0.08172209
1355983822748,-0.95342433,-8.62168,-0.0
1355983822788,-0.46309182,-10.800936,-0.3405087
1355983822828,1.1168685,-11.795221,-1.9477097
1355983822867,-0.10896278,-10.991621,-3.1463003
1355983822908,-1.7297841,-14.206022,0.9942854
1355983822948,-2.1383946,-11.413852,1.4573772
1355983822988,-2.7921712,-12.789507,4.7535014
1355983823028,-11.795221,-15.322891,-3.8681788
1355983823068,-5.8158884,-7.9679036,-1.2258313
1355983823108,-0.53119355,-4.7535014,-0.23154591
1355983823148,1.7978859,-4.862464,0.42223078
1355983823188,-0.6537767,-3.0645783,-0.0
1355983823228,-3.0645783,-1.879608,-0.38136974
1355983823268,-1.4573772,-4.944186,-2.9556155
1355983823308,3.173541,-10.923519,-9.615966
1355983823348,1.920469,-9.997335,-13.0619135
1355983823388,-0.10896278,-5.6252036,-7.246025
1355983823428,-6.0201936,-7.504812,-1.8387469
1355983823468,-8.689782,-16.930092,2.9556155
1355983823508,-1.7570249,-5.434519,2.6423476
1355983823548,-3.214402,-8.962189,1.9885708
1355983823588,-1.6480621,-13.593107,0.53119355
1355983823628,1.3756552,-8.662541,-1.56634
1355983823668,1.607201,-6.701211,-0.7627395
1355983823708,-0.19068487,-7.7772183,-0.040861044
1355983823748,-0.61291564,-6.701211,-0.19068487
1355983823788,-1.2666923,-7.6546354,-0.19068487
1355983823828,-1.4165162,-9.80665,0.08172209
1355983823868,-0.42223078,-11.182305,-1.3756552
1355983823908,1.1168685,-11.604536,-2.9147544
1355983823948,-0.27240697,-11.114203,-3.0237172
1355983823988,-1.0351465,-14.750836,1.4165162
1355983824028,-2.1111538,-11.073342,2.7649305
1355983824068,-5.284695,-12.5579605,3.8273177
1355983824108,-11.3321295,-13.947236,-3.8273177
1355983824148,-2.9147544,-6.238119,-0.8036005
1355983824188,-1.0351465,-5.243834,0.7218784
1355983824228,-0.19068487,-4.5219555,1.2258313
1355983824268,-1.4982382,-2.6423476,-0.38136974
1355983824308,-1.9885708,-2.4925237,-1.2258313
1355983824348,1.0351465,-7.504812,-5.243834
1355983824388,3.718355,-12.598822,-12.14935
1355983824428,3.636633,-7.8180795,-9.043911
1355983824468,1.0351465,-2.6423476,-7.273266
1355983824508,-11.536434,-11.454713,-0.040861044
1355983824548,-4.5219555,-13.252599,3.5276701
1355983824588,-2.3699405,-5.202973,3.6774938
1355983824628,-3.9499009,-10.882658,2.4516625
1355983824668,-1.4165162,-13.211738,-1.7978859
1355983824708,2.1792557,-8.471856,-1.6480621
1355983824756,0.84446156,-6.238119,0.27240697
1355983824789,-0.14982383,-7.164303,0.08172209
1355983824828,-0.88532263,-7.3958488,-0.040861044
1355983824868,-1.4982382,-9.493382,-0.95342433
1355983824908,-0.29964766,-10.56939,-1.4165162
1355983824948,-0.14982383,-10.95076,-0.53119355
1355983824988,-0.7627395,-10.800936,-1.7297841
1355983825028,-1.6889231,-12.489859,0.313268
1355983825068,-1.4165162,-11.795221,1.8387469
1355983825108,-2.6014864,-10.038197,3.718355
1355983825148,-7.3141265,-16.698545,-0.10896278
1355983825188,-9.534244,-12.367276,-2.5606253
1355983825228,-1.1441092,-6.428804,-0.9125633
1355983825268,0.23154591,-5.434519,0.88532263
1355983825308,-0.42223078,-3.1054392,1.6480621
1355983825348,-3.214402,-2.5606253,-0.040861044
1355983825388,-2.3699405,-2.9147544,-1.525479
1355983825428,1.3075534,-7.9270425,-9.084772
1355983825468,4.630918,-12.067628,-15.091345
1355983825508,0.7218784,-7.246025,-7.6954966
1355983825548,-2.9147544,-7.5456724,-2.2609777
1355983825588,-9.084772,-14.437569,2.7240696
1355983825628,-2.7513103,-6.742072,3.568531
1355983825668,-4.7535014,-10.501288,2.070293
1355983825708,-1.920469,-11.836082,1.5390993
1355983825751,2.5606253,-10.079058,-3.2961242
1355983825787,2.6014864,-6.3607025,-1.1168685
1355983825817,0.27240697,-7.273266,-0.08172209
1355983825857,-0.88532263,-8.158588,0.27240697
1355983825898,-1.56634,-7.5456724,-0.23154591
1355983825938,-1.9885708,-9.343558,0.38136974
1355983825978,-0.8036005,-11.604536,-1.7978859
1355983826018,0.9942854,-11.454713,-2.4925237
1355983826058,0.27240697,-13.021052,-0.0
1355983826098,-2.5333846,-12.489859,1.0760075
1355983826138,-3.255263,-10.269742,3.990762
1355983826178,-7.082581,-15.745122,0.19068487
1355983826218,-8.962189,-12.912089,-2.8330324
1355983826258,-2.1792557,-5.366417,0.19068487
1355983826298,-1.6889231,-4.5900574,0.46309182
1355983826338,0.040861044,-3.759216,1.7297841
1355983826378,-2.0294318,-3.336985,-0.84446156
1355983826418,-0.38136974,-3.255263,-4.0588636
1355983826458,4.4810944,-9.997335,-9.888372
1355983826498,1.6889231,-8.771504,-11.413852
1355983826538,-0.23154591,-3.5276701,-5.5162406
1355983826578,-5.09401,-5.325556,-3.445948
1355983826618,-8.689782,-15.745122,2.3018389
1355983826658,-0.95342433,-3.1054392,3.486809
1355983826698,-4.140586,-10.038197,3.1054392
1355983826754,-0.3405087,-14.7916975,-0.040861044
1355983826788,1.607201,-9.847511,-1.7297841
1355983826828,-0.53119355,-6.782933,-0.5720546
1355983826868,-0.53119355,-6.2789803,0.46309182
1355983826908,-0.6537767,-6.1291566,0.10896278
1355983826948,-1.1441092,-6.3607025,-0.6946377
1355983826988,-1.6889231,-9.234595,0.08172209
1355983827028,-0.61291564,-12.067628,-1.3756552
1355983827068,0.6537767,-12.4489975,-3.0645783
1355983827108,0.19068487,-11.985906,-3.718355
1355983827148,-0.50395286,-13.715691,2.152015
1355983827188,-0.10896278,-11.604536,3.445948
1355983827228,-3.9090397,-10.923519,4.440233
1355983827268,-13.102775,-17.24336,-3.405087
1355983827308,-3.405087,-8.008764,-0.6537767
1355983827348,-0.23154591,-6.2108784,-0.53119355
1355983827388,-2.3699405,-3.759216,1.920469
1355983827428,-1.56634,-1.920469,0.27240697
1355983827468,-2.1111538,-3.173541,-1.7570249
1355983827508,2.070293,-8.730643,-7.6546354
1355983827548,5.175732,-12.067628,-10.991621
1355983827588,1.9885708,-6.973618,-8.853226
1355983827628,-1.4982382,-3.405087,-4.440233
1355983827668,-11.032481,-14.137921,0.313268
1355983827708,-4.2086873,-10.228881,3.3778462
1355983827751,-2.1111538,-6.66035,4.0180025
1355983827789,-2.6423476,-13.293459,2.6832085
1355983827828,-0.14982383,-12.176591,-2.6832085
1355983827868,0.84446156,-6.66035,-1.0351465
1355983827908,-0.10896278,-6.851035,-0.10896278
1355983827948,-0.23154591,-8.076866,0.14982383
1355983827988,-0.27240697,-7.8589406,-0.50395286
1355983828028,-0.7218784,-8.539958,-0.84446156
1355983828068,-0.5720546,-9.956474,-0.7218784
1355983828108,0.313268,-12.4489975,-0.88532263
1355983828148,0.10896278,-11.223166,-2.8738933
1355983828188,-0.84446156,-13.0619135,-0.53119355
1355983828228,-1.7978859,-12.217452,1.9477097
1355983828268,-3.336985,-10.310603,3.6774938
1355983828308,-8.853226,-16.358038,-0.6537767
1355983828348,-6.3198414,-10.18802,-1.2258313
1355983828388,-0.95342433,-5.284695,-0.5720546
1355983828428,1.0760075,-4.862464,1.7570249
1355983828468,-1.2258313,-3.636633,0.84446156
1355983828508,-3.336985,-1.7978859,-0.95342433
1355983828548,-0.38136974,-5.09401,-6.1291566
1355983828588,5.053149,-12.217452,-11.223166
1355983828628,0.9942854,-7.1234417,-10.56939
1355983828668,-2.2201166,-6.66035,-5.175732
1355983828708,-7.7363577,-15.785983,1.1441092
1355983828796,-3.255263,-6.5922484,2.7240696
1355983828797,-3.636633,-8.158588,3.759216
1355983828817,-3.636633,-11.604536,2.9147544
1355983828847,-0.5720546,-13.783792,-0.8036005
1355983828887,2.0294318,-10.882658,-2.8738933
1355983828929,0.10896278,-5.8158884,-0.08172209
1355983828968,-0.6946377,-6.5922484,0.42223078
1355983829008,-1.1849703,-7.4639506,-0.23154591
1355983829048,-1.525479,-9.00305,-0.88532263
1355983829088,-0.88532263,-9.615966,-1.334794
1355983829129,0.88532263,-11.114203,-0.6946377
1355983829168,0.61291564,-11.795221,-1.6889231
1355983829210,-1.1849703,-12.4489975,-1.920469
1355983829248,-2.8330324,-12.14935,1.2666923
1355983829288,-2.3018389,-10.106298,3.5957718
1355983829328,-5.8976107,-15.050485,0.7218784
1355983829368,-9.275456,-13.102775,-3.5276701
1355983829408,-2.6423476,-6.0201936,-0.53119355
1355983829448,-0.46309182,-4.7126403,1.4165162
1355983829488,-0.08172209,-3.9771416,0.08172209
1355983829528,-2.4516625,-2.6014864,-0.7218784
1355983829568,-1.525479,-2.6014864,-1.6889231
1355983829608,1.1849703,-7.43671,-7.4639506
1355983829648,3.9499009,-11.264028,-13.293459
1355983829688,1.0351465,-7.1234417,-10.038197
1355983829728,-6.8237944,-8.158588,-5.175732
1355983829768,-7.273266,-14.560152,3.0645783
1355983829808,-0.6946377,-5.434519,4.3312707
1355983829848,-4.372132,-11.304889,2.152015
1355983829888,-2.3699405,-14.206022,0.313268
1355983829928,1.7978859,-10.460427,-1.9477097
1355983829968,0.14982383,-6.973618,-0.38136974
1355983830008,-1.1849703,-5.7477865,0.040861044
1355983830048,-0.27240697,-6.932757,-0.10896278
1355983830088,-0.88532263,-8.008764,-0.3405087
1355983830128,-0.6537767,-9.00305,-0.42223078
1355983830168,-0.10896278,-11.454713,-0.84446156
1355983830208,1.0760075,-11.795221,-2.3699405
1355983830248,0.10896278,-10.991621,-2.4925237
1355983830288,-2.6014864,-14.47843,0.53119355
1355983830328,-2.9556155,-10.841797,1.56634
1355983830368,-2.3699405,-11.985906,5.706926
1355983830408,-11.304889,-16.970953,-3.255263
1355983830448,-4.2086873,-7.504812,-0.6537767
1355983830488,-0.95342433,-4.7126403,-0.19068487
1355983830528,1.0760075,-4.440233,2.2201166
1355983830568,-2.6423476,-3.1463003,0.27240697
1355983830608,-2.9556155,-1.8387469,-1.4982382
1355983830648,1.1849703,-5.8567495,-6.3198414
1355983830688,5.6660647,-12.762266,-10.7192135
1355983830728,-0.14982383,-7.6273947,-10.079058
1355983830768,-4.3312707,-4.671779,-5.325556
1355983830808,-8.430995,-13.783792,1.1849703
1355983830848,-2.3426998,-9.493382,2.6014864
1355983830888,-3.1054392,-7.43671,3.405087
1355983830928,-4.2495484,-12.789507,2.982856
1355983830968,0.38136974,-11.795221,-1.607201
1355983831008,0.88532263,-7.8589406,-1.7570249
1355983831048,0.313268,-6.2789803,0.84446156
1355983831088,0.08172209,-7.504812,0.7627395
1355983831128,-0.9125633,-8.267551,-1.607201
1355983831168,-0.50395286,-9.084772,-0.46309182
1355983831208,-0.84446156,-10.038197,-1.2666923
1355983831249,0.6537767,-11.182305,-0.5720546
1355983831288,0.3405087,-12.217452,-0.5720546
1355983831328,-2.7240696,-13.525005,-1.0760075
1355983831368,-4.671779,-10.310603,2.8330324
1355983831408,-3.445948,-12.912089,3.636633
1355983831448,-9.615966,-15.554437,-2.1792557
1355983831488,-6.469665,-8.076866,-1.4982382
1355983831529,-1.2258313,-5.175732,-0.29964766
1355983831568,0.53119355,-4.5900574,1.2666923
1355983831608,-0.9942854,-2.8738933,0.14982383
1355983831648,-2.3426998,-1.9885708,-1.1849703
1355983831688,-0.0,-5.053149,-5.407278
1355983831728,4.440233,-10.56939,-11.727119
1355983831770,1.6889231,-8.158588,-11.795221
1355983831807,-2.2609777,-6.0882955,-5.938472
1355983831837,-8.853226,-15.431854,-0.29964766
1355983831877,-6.0474343,-9.997335,2.0294318
1355983831918,-3.0237172,-6.782933,4.671779
1355983831958,-5.7886477,-12.176591,3.486809
1355983831998,-0.040861044,-13.252599,-0.5720546
1355983832038,2.1792557,-10.147159,-3.486809
1355983832078,1.4982382,-5.7477865,-0.61291564
1355983832118,-0.0,-6.6331096,1.3075534
1355983832158,-1.6480621,-8.240311,-0.53119355
1355983832198,-1.607201,-8.689782,-0.23154591
1355983832238,-1.6480621,-10.501288,-1.4165162
1355983832278,0.19068487,-10.56939,-1.607201
1355983832318,0.61291564,-10.95076,-2.1383946
1355983832358,-0.88532263,-12.721405,-0.0
1355983832398,-2.2609777,-12.5579605,1.6889231
1355983832438,-3.0237172,-10.800936,3.5276701
1355983832478,-7.164303,-15.854085,0.9942854
1355983832518,-8.880466,-12.53072,-2.8738933
1355983832558,-2.2609777,-6.4015636,0.10896278
1355983832598,-2.2201166,-4.7126403,0.53119355
1355983832638,-0.19068487,-2.4108016,1.4982382
1355983832678,-1.1441092,-2.0294318,-0.3405087
1355983832718,-1.2258313,-2.6014864,-2.3426998
1355983832769,3.636633,-9.888372,-9.466142
1355983832788,3.636633,-11.686258,-14.056199
1355983832828,-0.38136974,-5.9793324,-9.302697
1355983832858,-7.9270425,-8.689782,-5.7886477
1355983832898,-8.730643,-16.126492,1.607201
1355983832938,-0.9125633,-4.1814466,4.2086873
1355983832978,-3.0645783,-9.765789,2.9147544
1355983833020,-4.671779,-14.9006605,2.6423476
1355983833058,2.8330324,-11.876944,-4.0180025
1355983833098,0.6537767,-7.082581,-1.7978859
1355983833138,-0.6537767,-5.6660647,0.27240697
1355983833178,-0.8036005,-6.4015636,0.6946377
1355983833218,-0.88532263,-7.7772183,-0.08172209
1355983833258,-0.9942854,-9.615966,-0.14982383
1355983833298,-0.6946377,-9.888372,-1.525479
1355983833338,-0.23154591,-11.604536,-1.334794
1355983833378,-0.53119355,-11.9450445,-2.4516625
1355983833418,-0.9942854,-13.484144,0.61291564
1355983833458,-1.2666923,-10.7192135,0.61291564
1355983833498,-2.5606253,-11.536434,5.243834
1355983833538,-11.645397,-17.856276,-2.6423476
1355983833578,-6.701211,-9.00305,-1.7570249
1355983833618,-0.9942854,-4.7943625,0.313268
1355983833658,0.53119355,-3.8681788,1.9885708
1355983833698,-1.6889231,-3.0237172,0.3405087
1355983833761,-2.4925237,-1.4573772,-1.0351465
1355983833779,-0.50395286,-3.9771416,-5.597963
1355983833818,5.6252036,-13.293459,-12.258313
1355983833858,0.23154591,-6.0882955,-11.114203
1355983833898,-6.1291566,-5.243834,-5.09401
1355983833938,-8.117727,-16.276316,4.140586
1355983833978,-1.525479,-4.2495484,2.8738933
1355983834018,-4.0588636,-10.501288,2.1792557
1355983834059,-1.920469,-14.437569,0.8036005
1355983834098,2.8330324,-10.528529,-2.4516625
1355983834138,0.42223078,-6.0201936,-1.4982382
1355983834179,-0.29964766,-5.8976107,0.61291564
1355983834218,-0.5720546,-7.6954966,-0.19068487
1355983834258,-0.38136974,-8.430995,-0.7218784
1355983834298,-0.8036005,-9.084772,-1.3756552
1355983834338,0.14982383,-11.686258,-1.2258313
1355983834378,0.9942854,-11.985906,-1.4165162
1355983834418,0.08172209,-11.75436,-0.9125633
1355983834459,-2.5606253,-13.252599,2.7921712
1355983834498,-3.9090397,-9.765789,4.099725
1355983834538,-9.084772,-16.780268,-1.8387469
1355983834578,-9.084772,-12.980191,-2.7513103
1355983834618,-1.7978859,-5.8158884,0.9942854
1355983834658,-0.23154591,-4.099725,0.7627395
1355983834698,-0.53119355,-2.9556155,0.23154591
1355983834773,-2.070293,-2.4925237,0.08172209
1355983834785,-1.3075534,-2.8330324,-2.3018389
1355983834807,2.1111538,-8.880466,-9.425281
1355983834847,3.5276701,-10.882658,-13.633968
1355983834888,-0.10896278,-7.9679036,-11.032481
1355983834928,-5.8158884,-11.604536,-0.61291564
1355983834968,-7.6954966,-4.2086873,4.7126403
1355983835008,-4.671779,-10.378705,3.336985
1355983835048,-5.9793324,-14.369467,4.099725
1355983835098,3.1463003,-15.213928,-2.6832085
1355983835138,1.9885708,-6.3198414,-1.879608
1355983835178,0.88532263,-5.325556,1.607201
1355983835218,-0.9125633,-7.5456724,1.56634
1355983835258,-2.1383946,-7.9679036,-0.46309182
1355983835298,-1.4165162,-9.575105,-0.53119355
1355983835338,0.040861044,-11.304889,-1.879608
1355983835378,1.1849703,-10.95076,-1.3756552
1355983835418,0.7627395,-11.9450445,1.1849703
1355983835458,-3.405087,-11.727119,-0.53119355
1355983835498,-4.399372,-11.985906,3.173541
1355983835538,-5.8567495,-15.4046135,1.6889231
1355983835578,-11.182305,-15.173067,-2.982856
1355983835618,-3.568531,-7.273266,-0.0
1355983835658,-0.46309182,-4.7126403,1.1849703
1355983835698,-0.040861044,-3.1054392,1.920469
1355983835762,-2.1792557,-2.1111538,0.23154591
1355983835788,-1.920469,-1.9477097,-1.7570249
1355983835828,4.7535014,-11.686258,-10.038197
1355983835868,3.486809,-9.234595,-11.454713
1355983835908,-2.4925237,-3.5957718,-7.014479
1355983835948,-8.730643,-13.565866,-1.4982382
1355983835988,-3.3642259,-10.038197,3.568531
1355983836028,-2.5333846,-6.66035,3.0237172
1355983836068,-4.862464,-10.760075,2.7240696
1355983836114,-1.607201,-14.015338,-0.040861044
1355983836158,2.1792557,-7.8589406,-1.334794
1355983836198,-0.10896278,-6.782933,-0.61291564
1355983836239,0.10896278,-6.742072,0.040861044
1355983836278,-0.6537767,-6.891896,-0.3405087
1355983836318,-0.9942854,-8.921328,-0.23154591
1355983836358,-0.7627395,-9.847511,-0.8036005
1355983836400,-0.19068487,-10.800936,-1.1168685
1355983836438,-0.3405087,-11.413852,-2.4108016
1355983836478,-0.84446156,-12.217452,-0.08172209
1355983836518,-1.3075534,-12.176591,0.92618364
1355983836558,-2.1111538,-10.800936,4.099725
1355983836598,-5.47538,-15.132206,2.2201166
1355983836638,-10.7192135,-13.593107,-3.8681788
1355983836678,-2.2609777,-6.4015636,-0.040861044
1355983836718,-0.53119355,-5.284695,0.53119355
1355983836760,-0.08172209,-3.568531,0.7627395
1355983836798,-2.8330324,-2.4925237,-0.38136974
1355983836838,-1.56634,-3.1463003,-2.6014864
1355983836878,1.6889231,-6.8237944,-7.014479
1355983836918,3.568531,-11.727119,-10.882658
1355983836958,-0.10896278,-8.117727,-8.62168
1355983836998,-2.982856,-8.962189,-6.2789803
1355983837038,-9.493382,-12.598822,2.9556155
1355983837079,-1.525479,-4.399372,3.6774938
1355983837118,-3.636633,-10.760075,2.5333846
1355983837158,-2.1383946,-14.47843,1.1168685
1355983837198,2.982856,-11.645397,-2.982856
1355983837238,0.313268,-7.04172,-0.50395286
1355983837278,-0.7627395,-6.469665,1.3075534
1355983837318,-1.4165162,-7.3141265,0.6537767
1355983837358,-1.3756552,-7.3141265,-0.19068487
1355983837398,-1.879608,-9.302697,-0.50395286
1355983837438,0.040861044,-10.269742,-1.920469
1355983837478,0.7218784,-11.795221,-1.607201
1355983837518,-0.10896278,-11.686258,-0.46309182
1355983837558,-2.2609777,-13.402422,-0.46309182
1355983837598,-3.8681788,-9.697687,2.7240696
1355983837638,-3.759216,-12.9529505,3.8273177
1355983837678,-10.337844,-15.854085,-4.099725
1355983837718,-4.372132,-8.430995,-0.84446156
1355983837768,-0.7627395,-5.5162406,-0.14982383
1355983837808,-0.38136974,-4.5219555,0.6946377
1355983837848,-1.4573772,-2.9147544,-0.29964766
1355983837888,-1.8387469,-2.7240696,-1.2666923
1355983837927,-0.10896278,-6.2108784,-5.175732
1355983837968,3.9499009,-10.528529,-10.269742
1355983838008,1.3075534,-8.19945,-8.349273
1355983838048,0.7218784,-4.0180025,-6.2789803
1355983838088,-10.147159,-12.258313,-4.140586
1355983838128,-5.284695,-13.021052,4.7943625
1355983838168,-0.8036005,-3.9771416,3.255263
1355983838208,-2.7513103,-12.489859,3.2961242
1355983838258,-0.6946377,-11.795221,-3.0237172
1355983838298,0.14982383,-6.510526,-1.0351465
1355983838338,-0.9125633,-7.3549876,-0.08172209
1355983838378,-0.7627395,-7.6273947,0.10896278
1355983838419,-0.46309182,-7.1234417,0.23154591
1355983838458,-1.0760075,-9.697687,-0.95342433
1355983838498,-0.23154591,-10.18802,-1.1849703
1355983838538,0.08172209,-10.079058,-0.6537767
1355983838578,-0.50395286,-11.032481,-1.2258313
1355983838618,-0.84446156,-11.264028,-1.6889231
1355983838658,-2.4925237,-13.021052,0.50395286
1355983838699,-2.8330324,-9.425281,2.8738933
1355983838758,-4.099725,-13.565866,3.3778462
1355983838780,-9.425281,-14.206022,-4.3312707
1355983838818,-3.636633,-7.6546354,-1.0351465
1355983838860,-0.50395286,-5.243834,0.42223078
1355983838898,0.38136974,-4.7943625,0.7218784
1355983838938,-2.5606253,-2.9147544,-0.53119355
1355983838978,-2.6014864,-2.6423476,-1.920469
1355983839018,0.040861044,-6.932757,-5.325556
1355983839069,3.2961242,-10.7192135,-11.3321295
1355983839108,0.50395286,-7.04172,-6.66035
1355983839148,-3.3642259,-5.366417,-3.5276701
1355983839188,-9.234595,-15.622539,0.5720546
1355983839228,-1.9477097,-7.3549876,2.2609777
1355983839270,-2.6832085,-9.997335,2.3426998
1355983839308,-0.29964766,-14.137921,-0.84446156
1355983839348,1.9885708,-8.962189,-1.525479
1355983839388,-1.334794,-6.701211,-0.9125633
1355983839428,-1.1441092,-6.782933,-0.29964766
1355983839468,-0.29964766,-7.6546354,-0.38136974
1355983839508,-0.50395286,-8.499097,0.08172209
1355983839548,-0.95342433,-9.697687,-0.38136974
1355983839588,0.46309182,-10.079058,-0.46309182
1355983839628,0.8036005,-10.800936,-1.879608
1355983839668,-0.14982383,-11.454713,-2.7513103
1355983839708,-2.3426998,-14.2877445,-0.8036005
1355983839760,-2.8738933,-9.80665,3.173541
1355983839788,-4.5219555,-12.5579605,1.8387469
1355983839828,-8.008764,-15.4046135,-3.8681788
1355983839868,-2.8738933,-7.5456724,-0.9125633
1355983839908,-1.1168685,-4.9850473,-0.14982383
1355983839948,-1.3075534,-4.7943625,-0.27240697
1355983839988,-1.920469,-3.486809,-0.7218784
1355983840028,-1.6889231,-3.214402,-1.8387469
1355983840068,1.1441092,-6.701211,-5.7477865
1355983840108,2.7240696,-8.471856,-10.228881
1355983840148,-0.61291564,-7.6954966,-8.308413
1355983840188,-2.1111538,-7.014479,-5.7477865
1355983840228,-4.5628166,-14.246883,-1.9885708
1355983840268,-3.3642259,-7.43671,2.0294318
1355983840308,-2.7513103,-7.082581,3.214402
1355983840348,-3.9090397,-14.206022,1.8387469
1355983840388,0.95342433,-11.264028,-2.2609777
1355983840428,1.2258313,-6.891896,-1.2258313
1355983840468,0.08172209,-6.0474343,0.23154591
1355983840508,-0.14982383,-6.782933,0.88532263
1355983840548,-1.525479,-9.615966,-0.95342433
1355983840588,-0.7218784,-9.425281,-1.1168685
1355983840628,-0.14982383,-10.337844,-1.1168685
1355983840668,0.42223078,-10.923519,-0.3405087
1355983840708,0.10896278,-12.639683,-0.14982383
1355983840758,-2.5333846,-12.680544,-0.38136974
1355983840788,-5.284695,-10.147159,1.8387469
1355983840828,-3.9499009,-14.982383,2.7921712
1355983840868,-8.921328,-13.824653,-1.920469
1355983840908,-3.3642259,-7.6546354,-0.38136974
1355983840947,-0.27240697,-5.284695,0.84446156
1355983840988,-0.7218784,-4.2904096,1.334794
1355983841028,-2.8330324,-3.1054392,-0.5720546
1355983841068,-2.6423476,-0.6946377,-2.7921712
1355983841108,2.982856,-7.014479,-9.384419
1355983841148,4.7943625,-11.645397,-12.680544
1355983841188,-0.42223078,-5.243834,-5.47538
1355983841228,-3.173541,-6.5922484,-4.671779
1355983841268,-8.267551,-15.132206,1.9477097
1355983841310,-2.8330324,-3.9090397,3.8273177
1355983841348,-4.862464,-10.378705,2.8738933
1355983841388,-2.2609777,-13.33432,2.6423476
1355983841428,1.7570249,-10.7192135,-4.099725
1355983841468,1.879608,-5.5162406,-1.1849703
1355983841508,0.19068487,-6.851035,-0.23154591
1355983841548,-1.2666923,-8.240311,-0.14982383
1355983841588,-1.6889231,-8.19945,-0.38136974
1355983841628,-1.4573772,-10.147159,-0.53119355
1355983841668,0.3405087,-11.9450445,-1.0760075
1355983841708,1.9477097,-11.985906,-1.1441092
1355983841748,-0.38136974,-13.252599,-0.61291564
1355983841788,-5.325556,-9.915613,0.88532263
1355983841828,-3.5957718,-10.841797,4.372132
1355983841868,-6.0201936,-15.472715,-0.3405087
1355983841908,-8.62168,-10.841797,-2.3699405
1355983841948,-2.4516625,-5.8158884,-0.040861044
1355983841988,-0.23154591,-5.243834,0.38136974
1355983842028,-0.46309182,-3.9771416,0.10896278
1355983842068,-2.1792557,-2.7240696,-0.50395286
1355983842108,-1.607201,-3.214402,-0.9125633
1355983842148,0.46309182,-7.6954966,-6.3607025
1355983842188,3.2961242,-10.528529,-11.9450445
1355983842228,0.19068487,-7.5456724,-8.308413
1355983842268,-0.6946377,-5.053149,-6.0474343
1355983842308,-10.528529,-14.056199,-1.6889231
1355983842348,-4.4810944,-10.7192135,4.2904096
1355983842388,-1.3075534,-5.09401,3.1463003
1355983842428,-2.4108016,-12.9529505,2.6832085
1355983842468,0.53119355,-12.639683,-2.1383946
1355983842508,0.38136974,-6.6331096,-0.9125633
1355983842548,-1.0351465,-7.082581,-0.50395286
1355983842588,-0.88532263,-7.43671,-0.88532263
1355983842628,-0.38136974,-8.390134,-0.6537767
