1355984547816,2.152015,-8.962189,-0.9125633
1355984547837,2.2609777,-9.043911,-0.7218784
1355984547864,2.3018389,-9.193735,-1.0760075
1355984547902,2.5606253,-9.193735,-1.1849703
1355984547945,2.6423476,-9.302697,-1.9477097
1355984547985,1.920469,-9.00305,-1.7570249
1355984548025,2.2609777,-9.466142,-1.2666923
1355984548065,2.3699405,-9.765789,-2.4108016
1355984548106,2.3018389,-9.656827,-3.336985
1355984548145,2.6014864,-9.765789,-2.4925237
1355984548188,2.152015,-9.466142,-2.1111538
1355984548235,2.5606253,-8.117727,-2.8738933
1355984548278,2.3018389,-7.4639506,-3.405087
1355984548317,2.3699405,-6.2789803,-3.568531
1355984548355,3.0645783,-5.9793324,-3.2961242
1355984548395,3.5957718,-6.469665,-4.3312707
1355984548436,4.7126403,-6.238119,-6.0882955
1355984548476,4.630918,-6.428804,-6.0201936
1355984548515,3.759216,-6.428804,-6.8237944
1355984548558,4.2495484,-6.2108784,-6.932757
1355984548596,3.5957718,-5.366417,-7.246025
1355984548636,3.2961242,-4.7126403,-6.851035
1355984548676,-1.3075534,-7.4639506,-5.134871
1355984548715,2.6423476,-16.43976,-2.4516625
1355984548757,-0.19068487,-6.932757,-0.38136974
1355984548795,0.040861044,-9.765789,2.3426998
1355984548858,2.7921712,-12.680544,-0.61291564
1355984548875,5.325556,-9.234595,-1.920469
1355984548915,3.0237172,-7.3958488,-1.4165162
1355984548955,1.56634,-6.891896,-0.50395286
1355984548995,2.070293,-6.66035,-0.10896278
1355984549036,2.5606253,-9.00305,-2.0294318
1355984549075,3.0237172,-8.662541,-2.5333846
1355984549115,4.0180025,-8.62168,-0.0
1355984549155,4.671779,-9.466142,-0.0
1355984549195,4.862464,-9.847511,-1.879608
1355984549235,5.053149,-10.760075,-2.7921712
1355984549277,4.372132,-12.340035,-3.1463003
1355984549315,2.9556155,-11.264028,1.607201
1355984549357,0.6537767,-12.489859,5.325556
1355984549395,-1.0351465,-16.507862,-0.9125633
1355984549435,-1.7978859,-12.176591,-1.7978859
1355984549475,1.56634,-6.4015636,-0.46309182
1355984549515,2.6423476,-4.3312707,-0.040861044
1355984549555,0.10896278,-4.2495484,-0.50395286
1355984549595,-0.08172209,-3.445948,-2.2201166
1355984549636,2.3426998,-3.9499009,-3.5957718
1355984549675,6.3607025,-6.238119,-7.43671
1355984549717,6.2789803,-8.158588,-11.413852
1355984549755,4.903325,-6.2789803,-8.921328
1355984549795,4.2904096,-13.783792,-5.5162406
1355984549859,-3.636633,-9.656827,1.2666923
1355984549875,0.313268,-7.04172,7.164303
1355984549915,0.50395286,-13.1708765,1.2666923
1355984549957,3.636633,-13.593107,-1.607201
1355984549997,5.5162406,-7.273266,-2.1111538
1355984550036,3.0645783,-5.7886477,-1.0351465
1355984550075,2.3426998,-7.04172,0.5720546
1355984550115,2.070293,-8.390134,-0.040861044
1355984550155,1.920469,-8.117727,-1.7297841
1355984550195,2.7240696,-9.152874,-0.50395286
1355984550235,4.140586,-10.651112,-1.56634
1355984550275,5.5571017,-10.501288,-2.7513103
1355984550315,5.5162406,-10.7192135,-2.8738933
1355984550355,3.5276701,-11.563675,-1.1849703
1355984550395,0.84446156,-12.217452,2.2609777
1355984550435,1.8387469,-15.363752,6.2108784
1355984550475,-1.3075534,-15.132206,-5.938472
1355984550515,-0.7218784,-8.662541,-0.42223078
1355984550555,0.7218784,-4.2086873,1.56634
1355984550595,1.7570249,-3.255263,0.9942854
1355984550636,-2.6423476,-3.718355,-1.334794
1355984550675,-0.040861044,-2.8330324,-3.718355
1355984550716,11.454713,-7.246025,-9.956474
1355984550755,9.915613,-7.6546354,-11.114203
1355984550795,-1.56634,-4.140586,-3.5276701
1355984550857,-2.3426998,-18.04696,0.46309182
1355984550875,1.2666923,-9.384419,2.3426998
1355984550915,2.2609777,-8.853226,3.6774938
1355984550963,2.8330324,-13.824653,-0.23154591
1355984550985,3.8681788,-7.246025,0.10896278
1355984551024,1.3075534,-5.8976107,-1.7570249
1355984551065,0.61291564,-7.205164,-1.8387469
1355984551105,2.6014864,-7.164303,0.040861044
1355984551145,3.6774938,-7.3958488,-0.6946377
1355984551185,4.099725,-8.921328,-0.95342433
1355984551225,3.9090397,-10.18802,-2.1111538
1355984551265,5.325556,-10.501288,-1.7570249
1355984551305,6.0201936,-10.419566,-2.4925237
1355984551347,4.903325,-11.985906,-1.0351465
1355984551385,0.14982383,-12.299174,0.61291564
1355984551428,1.56634,-15.213928,7.0553403
1355984551465,-2.3426998,-17.079916,-5.175732
1355984551505,-0.95342433,-8.730643,-1.607201
1355984551545,1.879608,-3.336985,0.38136974
1355984551585,2.6014864,-3.5276701,0.6946377
1355984551625,-1.2258313,-4.2495484,-0.61291564
1355984551665,-0.9125633,-3.7864566,-1.334794
1355984551706,3.214402,-4.140586,-6.2108784
1355984551745,10.882658,-9.656827,-12.639683
1355984551787,5.9793324,-7.4639506,-8.267551
1355984551854,-1.920469,-6.428804,-4.5900574
1355984551869,-2.1111538,-18.46919,5.243834
1355984551904,2.3699405,-7.6954966,1.8387469
1355984551945,2.4108016,-11.141444,1.7570249
1355984551985,4.5628166,-11.141444,-0.3405087
1355984552024,2.7240696,-6.510526,-0.6946377
1355984552065,0.84446156,-5.938472,-1.2666923
1355984552104,1.4982382,-6.851035,-0.42223078
1355984552145,2.3699405,-7.5865335,-0.38136974
1355984552185,3.2961242,-8.076866,-2.070293
1355984552225,3.8681788,-9.466142,-1.7978859
1355984552265,4.4810944,-10.923519,-1.2666923
1355984552305,5.6660647,-11.073342,-1.56634
1355984552345,5.325556,-10.501288,-2.9556155
1355984552385,3.8681788,-13.0619135,-2.0294318
1355984552425,1.1849703,-12.53072,3.1054392
1355984552465,0.9942854,-15.5135765,5.706926
1355984552506,-4.440233,-14.750836,-6.6331096
1355984552544,-0.3405087,-6.2108784,0.3405087
1355984552584,3.255263,-3.636633,-0.27240697
1355984552625,3.0645783,-4.671779,-1.2258313
1355984552665,-1.6889231,-3.7864566,-0.6537767
1355984552717,-0.10896278,-3.568531,-1.1441092
1355984552755,5.09401,-6.851035,-6.742072
1355984552796,8.921328,-10.501288,-11.836082
1355984552857,3.7864566,-8.662541,-10.038197
1355984552875,2.0294318,-5.366417,-6.8237944
1355984552915,-2.3699405,-14.818938,2.3018389
1355984552955,1.920469,-9.997335,2.4108016
1355984552997,0.88532263,-9.575105,2.4925237
1355984553036,2.8738933,-13.252599,-0.08172209
1355984553076,4.2495484,-7.9679036,-0.38136974
1355984553115,2.6832085,-6.238119,-0.61291564
1355984553155,1.56634,-6.0201936,-0.38136974
1355984553195,2.1111538,-6.782933,0.313268
1355984553235,1.9885708,-9.302697,-3.3642259
1355984553275,4.140586,-8.730643,-1.525479
1355984553315,4.5628166,-10.378705,-0.6946377
1355984553355,4.7943625,-9.997335,-0.9942854
1355984553395,4.099725,-10.760075,-2.3426998
1355984553435,3.8273177,-12.340035,-1.9477097
1355984553475,1.1441092,-12.108489,-0.08172209
1355984553515,0.6537767,-13.593107,6.5922484
1355984553555,-1.6889231,-17.62473,-2.7240696
1355984553595,-2.7513103,-10.841797,-2.7513103
1355984553635,0.53119355,-5.012288,0.42223078
1355984553675,3.636633,-4.140586,-0.5720546
1355984553715,0.3405087,-4.099725,-0.53119355
1355984553755,-1.3075534,-2.9147544,-0.46309182
1355984553795,1.9885708,-3.214402,-2.8330324
1355984553855,5.706926,-6.428804,-8.049625
1355984553875,8.240311,-11.413852,-13.102775
1355984553915,4.1814466,-5.7477865,-8.158588
1355984553955,-0.7627395,-13.525005,-3.568531
1355984553995,-1.6480621,-10.691973,4.1814466
1355984554035,1.2258313,-5.407278,3.214402
1355984554075,1.0351465,-13.211738,0.8036005
1355984554115,4.7535014,-11.413852,-2.1383946
1355984554155,3.568531,-5.407278,-1.1849703
1355984554195,1.9885708,-6.891896,-1.0351465
1355984554235,2.3699405,-7.3141265,0.19068487
1355984554275,2.152015,-8.662541,-0.6946377
1355984554315,1.9885708,-8.771504,-0.95342433
1355984554355,2.3426998,-10.310603,-0.8036005
1355984554395,4.944186,-10.841797,-1.4982382
1355984554435,6.3607025,-9.956474,-1.7570249
1355984554475,4.630918,-13.143636,-1.1849703
1355984554515,-0.9942854,-12.176591,-0.19068487
1355984554555,0.7218784,-14.328606,4.671779
1355984554595,-0.9942854,-16.3989,-1.334794
1355984554635,-3.2961242,-10.038197,-2.4108016
1355984554675,1.1441092,-4.372132,-0.040861044
1355984554715,3.405087,-4.2086873,0.6537767
1355984554755,0.61291564,-4.440233,-0.38136974
1355984554795,-1.7570249,-3.255263,-0.8036005
1355984554855,1.5390993,-3.173541,-3.173541
1355984554875,7.0553403,-6.742072,-9.534244
1355984554915,7.273266,-10.61025,-12.721405
1355984554955,-0.50395286,-8.267551,-8.390134
1355984554995,0.88532263,-17.052675,3.8273177
1355984555035,-0.3405087,-4.5219555,2.982856
1355984555075,0.19068487,-9.765789,1.9885708
1355984555121,0.6946377,-14.519291,-0.0
1355984555155,5.053149,-9.384419,-1.6889231
1355984555195,3.5957718,-5.5162406,-1.920469
1355984555235,2.3699405,-6.973618,-0.5720546
1355984555275,1.9885708,-7.6273947,0.27240697
1355984555315,2.7921712,-8.499097,-0.95342433
1355984555355,2.7240696,-8.539958,-0.84446156
1355984555395,3.255263,-9.847511,-1.56634
1355984555434,5.134871,-10.310603,-1.607201
1355984555475,4.4810944,-10.419566,-2.4516625
1355984555515,3.173541,-13.402422,0.38136974
1355984555555,0.14982383,-12.176591,1.3756552
1355984555595,1.3756552,-14.669114,5.5162406
1355984555635,-2.7921712,-17.393185,-3.0645783
1355984555675,-2.4108016,-9.466142,-2.1111538
1355984555715,0.6946377,-4.440233,-0.19068487
1355984555755,3.214402,-4.1814466,0.5720546
1355984555800,0.040861044,-3.486809,-0.23154591
1355984555854,-1.1441092,-2.6014864,-0.84446156
1355984555875,2.070293,-3.9499009,-3.6774938
1355984555915,8.662541,-8.158588,-9.656827
1355984555955,7.5865335,-10.079058,-12.789507
1355984555995,1.334794,-6.4015636,-7.205164
1355984556035,-1.1849703,-17.543009,3.568531
1355984556074,-0.27240697,-6.3198414,1.9477097
1355984556115,0.040861044,-10.882658,1.879608
1355984556160,0.7627395,-13.293459,0.9942854
1355984556195,5.7886477,-9.084772,-1.6889231
1355984556235,3.7864566,-5.8567495,-0.6537767
1355984556275,1.1168685,-6.469665,-0.19068487
1355984556315,1.2258313,-6.3198414,0.6946377
1355984556355,2.1111538,-8.62168,-1.7297841
1355984556395,3.173541,-9.847511,-1.1441092
1355984556435,4.6036777,-11.182305,-1.3756552
1355984556475,6.0201936,-10.841797,-1.3756552
1355984556515,3.7864566,-10.337844,-0.95342433
1355984556555,1.1441092,-13.102775,0.08172209
1355984556595,-0.08172209,-12.489859,2.8738933
1355984556640,1.607201,-16.235455,3.3778462
1355984556675,-4.1814466,-16.208214,-4.140586
1355984556716,-1.607201,-7.3549876,-0.8036005
1355984556755,1.4982382,-4.0180025,0.19068487
1355984556795,3.0237172,-4.140586,0.53119355
1355984556855,-1.4982382,-3.486809,-0.6537767
1355984556875,-0.29964766,-3.405087,-1.2258313
1355984556915,4.5628166,-4.5628166,-7.3958488
1355984556955,10.337844,-9.656827,-12.340035
1355984556995,3.718355,-7.3958488,-9.343558
1355984557035,0.7627395,-3.214402,-2.1111538
1355984557075,-3.255263,-14.709975,5.7886477
1355984557115,-0.84446156,-11.563675,0.040861044
1355984557155,3.1463003,-9.00305,2.4516625
1355984557195,2.8738933,-12.258313,0.040861044
1355984557234,3.486809,-7.3549876,-0.08172209
1355984557275,2.6832085,-5.8567495,-1.0351465
1355984557315,1.9477097,-7.205164,-0.27240697
1355984557355,1.7297841,-7.43671,-0.6946377
1355984557395,2.4108016,-8.308413,-1.334794
1355984557435,3.0237172,-9.847511,-1.525479
1355984557474,4.671779,-10.378705,-0.7627395
1355984557515,4.5628166,-9.765789,-1.3075534
1355984557555,3.255263,-12.871228,-0.53119355
1355984557595,0.23154591,-11.836082,-0.14982383
1355984557635,2.3018389,-14.056199,5.597963
1355984557675,0.7627395,-18.619015,0.19068487
1355984557715,-3.9499009,-13.1708765,-3.173541
1355984557755,-0.08172209,-5.053149,-0.23154591
1355984557795,2.070293,-3.173541,0.92618364
1355984557855,0.88532263,-2.7240696,0.53119355
1355984557875,-2.5606253,-3.5276701,-0.6537767
1355984557915,0.23154591,-3.6774938,-2.8738933
1355984557955,8.471856,-6.891896,-10.691973
1355984557995,7.504812,-8.689782,-12.762266
1355984558035,3.405087,-6.8237944,-7.6546354
1355984558075,-2.7921712,-17.2025,-1.0351465
1355984558115,-2.2609777,-8.390134,5.6660647
1355984558154,0.3405087,-7.7772183,3.990762
1355984558195,0.42223078,-13.824653,0.88532263
1355984558235,4.440233,-11.304889,-2.7240696
1355984558275,4.6036777,-6.0474343,-1.7570249
1355984558315,2.7649305,-6.742072,-1.2258313
1355984558355,2.6423476,-6.6331096,0.53119355
1355984558395,2.152015,-8.430995,-1.1849703
1355984558435,2.4516625,-8.812365,-2.1792557
1355984558475,3.5276701,-9.493382,-1.2666923
1355984558515,4.7126403,-10.269742,-0.61291564
1355984558555,4.862464,-10.337844,-1.56634
1355984558595,3.173541,-13.565866,-1.2666923
1355984558635,0.14982383,-11.372991,-0.040861044
1355984558675,1.9885708,-13.402422,6.1291566
1355984558715,-1.1441092,-18.04696,-1.9885708
1355984558755,-2.9147544,-10.310603,-3.173541
1355984558795,0.7627395,-4.3312707,0.040861044
1355984558855,4.2904096,-3.6774938,1.1168685
1355984558875,-0.040861044,-4.5628166,0.53119355
1355984558915,-2.4925237,-3.486809,-0.23154591
1355984558955,1.0760075,-3.445948,-4.7535014
1355984558995,9.724928,-9.847511,-10.460427
1355984559035,6.2789803,-9.765789,-11.454713
1355984559075,1.4165162,-10.228881,-7.082581
1355984559115,-0.7218784,-14.47843,2.1111538
1355984559155,-1.2666923,-4.5219555,3.405087
1355984559195,1.0760075,-11.536434,3.3778462
1355984559242,1.1441092,-14.437569,-0.27240697
1355984559275,6.238119,-7.5456724,-2.1383946
1355984559315,2.982856,-6.0201936,-0.9125633
1355984559355,1.3075534,-6.469665,-0.0
1355984559395,1.3756552,-6.973618,0.7218784
1355984559435,1.2258313,-9.425281,-1.920469
1355984559475,2.6014864,-9.193735,-1.4982382
1355984559515,5.09401,-10.460427,-1.334794
1355984559555,5.597963,-9.384419,-0.6946377
1355984559595,3.5957718,-9.956474,-2.1792557
1355984559635,1.7570249,-13.211738,-0.9942854
1355984559675,0.5720546,-12.53072,0.7218784
1355984559720,1.9885708,-12.108489,6.8237944
1355984559755,-3.7864566,-18.305748,-4.630918
1355984559795,-2.4108016,-9.575105,-2.3426998
1355984559854,2.152015,-4.1814466,-0.38136974
1355984559875,3.486809,-3.9771416,0.23154591
1355984559915,-0.46309182,-3.6774938,-0.14982383
1355984559955,-1.7978859,-3.3642259,-0.040861044
1355984559995,2.3018389,-4.5219555,-4.399372
1355984560035,8.076866,-8.308413,-10.7192135
1355984560075,5.706926,-8.921328,-11.917805
1355984560115,1.920469,-6.2789803,-7.6954966
1355984560155,-1.879608,-15.132206,0.84446156
1355984560195,-0.040861044,-8.812365,2.6423476
1355984560235,0.27240697,-8.267551,2.2609777
1355984560275,0.95342433,-13.715691,1.2666923
1355984560315,5.706926,-10.106298,-1.56634
1355984560355,2.6423476,-5.7886477,-1.920469
1355984560395,1.4165162,-6.782933,-1.7297841
1355984560435,2.2609777,-6.510526,0.61291564
1355984560476,2.5606253,-8.390134,-1.1168685
1355984560515,3.405087,-8.430995,-1.920469
1355984560555,3.9090397,-10.038197,-1.2258313
1355984560595,4.440233,-11.304889,-1.2666923
1355984560635,4.7126403,-10.228881,-2.4925237
1355984560675,2.7240696,-13.021052,-1.4165162
1355984560715,0.38136974,-12.340035,2.4516625
1355984560758,1.0351465,-15.622539,4.630918
1355984560795,-3.445948,-17.311462,-4.944186
1355984560854,-1.1849703,-8.730643,-1.9477097
1355984560876,1.3075534,-3.5276701,0.313268
1355984560915,1.9885708,-3.405087,0.10896278
1355984560955,-0.23154591,-3.9499009,-0.7627395
1355984560995,-1.334794,-3.0645783,-0.6537767
1355984561035,4.2495484,-4.7126403,-6.4015636
1355984561075,10.419566,-10.038197,-12.871228
1355984561115,4.9850473,-7.3958488,-11.032481
1355984561155,1.1441092,-6.0882955,-5.47538
1355984561195,-2.9556155,-17.352324,2.5333846
1355984561235,-0.50395286,-6.5513873,2.6423476
1355984561275,0.53119355,-9.724928,2.9556155
1355984561315,2.8738933,-13.988097,-0.9125633
1355984561355,5.407278,-7.8861814,-2.0294318
1355984561395,2.7240696,-6.5513873,-1.3756552
1355984561435,1.4165162,-6.8237944,-1.9885708
1355984561475,2.7649305,-6.66035,-0.08172209
1355984561515,2.070293,-8.076866,0.42223078
1355984561555,1.9885708,-9.724928,-1.879608
1355984561595,4.7126403,-10.691973,-0.8036005
1355984561635,4.862464,-10.528529,-1.607201
1355984561675,3.9090397,-11.032481,-2.0294318
1355984561715,2.152015,-12.980191,-0.3405087
1355984561755,0.313268,-11.686258,2.2609777
1355984561796,2.1111538,-14.818938,5.175732
1355984561850,-3.1054392,-16.930092,-5.134871
1355984561875,-2.070293,-8.117727,-1.6480621
1355984561915,1.2666923,-3.5957718,0.42223078
1355984561955,2.6832085,-4.5219555,0.8036005
1355984561995,-0.040861044,-4.7943625,-0.29964766
1355984562035,-1.6480621,-3.9090397,-1.1849703
1355984562075,2.3018389,-3.8273177,-6.0201936
1355984562115,9.302697,-7.4639506,-11.264028
1355984562157,5.7886477,-8.117727,-11.264028
1355984562194,1.0760075,-9.425281,-8.117727
1355984562235,-1.7978859,-15.241169,1.334794
1355984562275,-0.88532263,-5.9793324,4.4810944
1355984562315,0.6946377,-12.598822,1.9477097
1355984562356,1.4982382,-14.560152,-0.7627395
1355984562394,8.049625,-7.6273947,-0.95342433
1355984562435,3.1463003,-7.014479,-1.3756552
1355984562475,0.9942854,-6.8237944,-0.9125633
1355984562515,1.7570249,-6.2789803,0.50395286
1355984562555,1.3075534,-8.240311,-0.61291564
1355984562595,3.336985,-10.310603,-1.56634
1355984562635,5.012288,-9.466142,-2.5333846
1355984562675,5.053149,-9.956474,-1.607201
1355984562714,4.372132,-11.985906,0.27240697
1355984562755,-0.27240697,-11.836082,-0.5720546
1355984562794,0.10896278,-13.865514,3.405087
1355984562861,0.50395286,-17.924377,1.3075534
1355984562875,-3.445948,-14.015338,-4.862464
1355984562915,-0.08172209,-6.469665,-0.0
1355984562955,1.7297841,-3.8681788,0.53119355
1355984562994,1.7297841,-3.9090397,0.7218784
1355984563035,-2.1111538,-3.8273177,-0.61291564
1355984563075,1.0351465,-2.8738933,-3.9499009
1355984563115,9.084772,-6.701211,-11.372991
1355984563155,6.973618,-9.343558,-12.830367
1355984563195,1.4165162,-7.7772183,-7.3549876
1355984563235,-0.0,-13.293459,-0.88532263
1355984563275,-0.61291564,-8.771504,4.440233
1355984563315,-0.19068487,-10.7192135,2.070293
1355984563355,0.27240697,-13.633968,0.92618364
1355984563395,5.243834,-9.302697,-1.607201
1355984563435,4.0588636,-6.66035,-1.3756552
1355984563476,2.2609777,-6.6331096,-0.7627395
1355984563515,2.5333846,-6.469665,0.9942854
1355984563555,2.152015,-8.580819,-1.1849703
1355984563595,2.6832085,-8.812365,-1.6889231
1355984563635,3.214402,-9.343558,-1.4573772
1355984563675,5.012288,-10.310603,-0.9125633
1355984563715,4.4810944,-10.079058,-1.607201
1355984563755,2.3699405,-12.680544,-0.6946377
1355984563795,0.53119355,-12.598822,-0.10896278
1355984563855,3.445948,-15.213928,6.6331096
1355984563875,-2.6014864,-18.619015,-3.2961242
1355984563914,-2.4108016,-10.147159,-3.5276701
1355984563954,1.1441092,-3.6774938,0.19068487
1355984563995,2.4925237,-3.445948,1.1441092
1355984564035,-0.7627395,-2.9147544,-0.14982383
1355984564075,-1.4982382,-3.0645783,-1.4573772
1355984564115,2.4108016,-3.6774938,-5.706926
1355984564154,9.234595,-8.539958,-12.176591
1355984564195,5.9793324,-7.6273947,-13.211738
1355984564235,0.50395286,-3.0645783,-3.8681788
1355984564275,-4.099725,-14.437569,1.0351465
1355984564315,4.0180025,-12.067628,2.982856
1355984564355,1.334794,-10.61025,2.1111538
1355984564395,1.9885708,-12.830367,-0.23154591
1355984564435,4.5628166,-8.539958,-0.88532263
1355984564475,2.3699405,-7.3958488,-0.5720546
1355984564515,1.56634,-6.3198414,-0.8036005
1355984564555,2.070293,-4.9850473,0.10896278
1355984564595,1.9477097,-6.701211,-0.9942854
1355984564635,2.3699405,-9.152874,-1.9885708
1355984564675,3.9090397,-10.760075,-2.0294318
1355984564715,5.175732,-10.378705,-1.607201
1355984564754,5.053149,-9.847511,-2.4108016
1355984564795,2.152015,-11.536434,-1.2258313
1355984564856,1.2258313,-12.53072,0.7627395
1355984564875,2.8738933,-14.560152,9.043911
1355984564915,-3.759216,-19.000385,-4.399372
1355984564955,-3.486809,-11.073342,-3.5276701
1355984564996,1.4165162,-4.8216033,0.040861044
1355984565035,4.1814466,-4.0588636,0.5720546
1355984565075,-0.23154591,-3.5957718,0.040861044
1355984565115,-2.6832085,-3.1054392,-0.14982383
1355984565155,0.313268,-3.405087,-2.3699405
1355984565195,7.43671,-6.742072,-9.425281
1355984565235,9.888372,-8.267551,-13.947236
1355984565275,3.759216,-7.5865335,-9.997335
1355984565315,-3.0237172,-13.633968,-2.4108016
1355984565355,-1.6480621,-10.419566,5.829509
1355984565395,0.92618364,-10.501288,4.399372
1355984565435,1.334794,-14.560152,0.7218784
1355984565475,5.7477865,-11.182305,-2.7513103
1355984565515,2.7240696,-7.9679036,-1.0351465
1355984565555,1.3756552,-6.5513873,-0.23154591
1355984565595,1.56634,-5.7477865,-0.08172209
1355984565635,1.9477097,-6.5513873,-0.14982383
1355984565675,2.9147544,-8.240311,-0.9125633
1355984565715,3.6774938,-9.656827,-1.4573772
1355984565755,4.140586,-9.847511,-1.920469
1355984565795,3.990762,-10.760075,-2.6014864
1355984565859,2.7649305,-11.3321295,-1.2258313
1355984565875,1.6480621,-13.715691,1.0351465
1355984565915,1.6889231,-12.598822,4.372132
1355984565955,-0.7627395,-17.461287,0.61291564
1355984565995,-3.8273177,-13.484144,-4.1814466
1355984566036,0.3405087,-4.862464,0.08172209
1355984566076,1.7297841,-4.0180025,0.313268
1355984566115,1.56634,-4.671779,0.3405087
1355984566155,-2.1111538,-4.4810944,-0.6537767
1355984566195,0.8036005,-3.173541,-3.759216
1355984566235,6.0882955,-6.2789803,-9.343558
1355984566275,8.62168,-9.724928,-12.217452
1355984566315,3.255263,-5.5571017,-6.0474343
1355984566355,-3.445948,-12.14935,-2.6832085
1355984566395,-0.84446156,-12.9529505,4.9850473
1355984566435,1.1441092,-6.1700177,2.3426998
1355984566475,1.2666923,-13.375181,1.7297841
1355984566515,4.7126403,-10.106298,-1.0760075
1355984566555,3.6774938,-6.932757,-0.10896278
1355984566595,1.607201,-6.932757,-0.8036005
1355984566635,1.7570249,-6.66035,0.61291564
1355984566675,2.1111538,-8.049625,-0.8036005
1355984566715,2.6014864,-8.471856,-1.525479
1355984566755,3.1054392,-9.343558,-1.6480621
1355984566795,4.6036777,-10.18802,-0.9125633
1355984566855,4.7943625,-10.501288,-1.4573772
1355984566875,3.5957718,-11.413852,-2.1792557
1355984566915,0.6946377,-13.633968,-0.5720546
1355984566955,0.88532263,-11.836082,4.099725
1355984566995,0.6946377,-14.628253,2.5606253
1355984567035,-3.214402,-13.402422,-4.630918
1355984567075,-0.6537767,-5.5571017,0.08172209
1355984567115,2.4925237,-3.8273177,-0.08172209
1355984567155,3.214402,-4.9850473,-0.19068487
1355984567195,-1.2258313,-5.5162406,-1.0760075
1355984567235,0.19068487,-3.8273177,-3.2961242
1355984567285,6.1700177,-5.47538,-9.343558
1355984567325,5.8567495,-8.962189,-11.495573
1355984567364,1.4165162,-5.938472,-5.6252036
1355984567405,-3.759216,-5.47538,-3.5957718
1355984567445,-1.1849703,-18.074202,5.134871
1355984567485,3.3778462,-9.697687,1.2666923
1355984567525,5.012288,-12.340035,0.3405087
1355984567565,3.9499009,-7.9270425,1.334794
1355984567605,0.6946377,-6.6331096,-0.6537767
1355984567645,0.6537767,-7.1234417,-0.53119355
1355984567685,2.6423476,-7.3141265,-0.53119355
1355984567725,3.636633,-7.014479,-1.2258313
1355984567765,3.1054392,-7.8861814,-0.29964766
1355984567805,2.6014864,-9.765789,-1.4165162
1355984567856,4.3312707,-10.923519,-1.0760075
1355984567875,5.012288,-10.56939,-1.9885708
1355984567915,3.7864566,-10.691973,-3.5276701
1355984567955,1.7570249,-13.565866,-0.38136974
1355984567995,2.5333846,-10.923519,4.099725
1355984568035,0.84446156,-14.669114,2.1111538
1355984568075,-3.8681788,-16.589584,-5.8976107
1355984568115,-1.2258313,-7.4639506,-0.9942854
1355984568155,2.2609777,-3.9090397,-0.29964766
1355984568259,2.3699405,-5.366417,0.040861044
1355984568261,0.14982383,-4.9850473,-0.42223078
1355984568274,-0.7627395,-3.6774938,-1.525479
1355984568315,2.8330324,-4.7535014,-6.782933
1355984568355,9.152874,-7.8861814,-11.495573
1355984568395,5.284695,-7.7772183,-9.915613
1355984568435,-1.0351465,-6.469665,-3.5957718
1355984568475,-3.9771416,-17.079916,1.920469
1355984568515,-0.14982383,-10.651112,3.405087
1355984568555,1.1168685,-10.106298,3.3778462
1355984568595,4.4810944,-11.264028,-0.42223078
1355984568635,4.5628166,-6.6331096,-0.84446156
1355984568675,2.3018389,-5.8976107,-2.1111538
1355984568715,2.2201166,-7.6546354,-0.5720546
1355984568755,2.0294318,-8.771504,-2.0294318
1355984568794,3.255263,-8.349273,-0.7627395
1355984568856,2.8738933,-9.493382,0.08172209
1355984568875,3.2961242,-9.615966,-0.84446156
1355984568915,4.2086873,-9.888372,-1.334794
1355984568955,3.6774938,-11.182305,-2.7513103
1355984568995,2.9147544,-13.824653,-0.9942854
1355984569035,1.6480621,-11.032481,1.879608
1355984569076,1.7978859,-13.633968,5.5571017
1355984569115,-2.6423476,-15.5135765,-5.434519
1355984569155,-2.0294318,-8.471856,-1.7978859
1355984569195,0.61291564,-4.372132,0.7627395
1355984569235,2.8330324,-5.134871,0.14982383
1355984569275,0.10896278,-5.5571017,-0.84446156
1355984569315,-1.6480621,-3.8273177,-1.607201
1355984569355,1.8387469,-3.3642259,-6.0882955
1355984569395,9.302697,-8.076866,-10.651112
1355984569435,6.782933,-8.539958,-10.501288
1355984569475,-0.6946377,-6.66035,-4.7535014
1355984569517,-2.6014864,-17.352324,2.6832085
1355984569555,-0.14982383,-7.6546354,1.9885708
1355984569595,0.5720546,-11.536434,3.1463003
1355984569635,3.405087,-11.372991,-0.38136974
1355984569675,4.2086873,-6.428804,-0.29964766
1355984569715,2.6832085,-6.66035,-1.2666923
1355984569755,2.7649305,-7.6954966,-0.5720546
1355984569795,3.0237172,-8.308413,-1.1441092
1355984569856,3.718355,-7.6546354,-2.6014864
1355984569875,3.3778462,-8.812365,-1.1849703
1355984569915,2.6832085,-9.656827,-0.6946377
1355984569955,3.405087,-10.228881,-0.7627395
1355984569995,4.372132,-11.032481,-2.3699405
1355984570035,3.718355,-13.484144,-1.7570249
1355984570075,-0.9125633,-11.795221,-0.0
1355984570117,2.2609777,-13.6748295,6.4424243
1355984570155,-0.84446156,-15.785983,-3.336985
1355984570195,-3.214402,-10.691973,-2.9556155
1355984570235,-0.040861044,-4.1814466,0.23154591
1355984570275,2.1792557,-3.7864566,0.42223078
1355984570315,1.607201,-5.012288,-0.3405087
1355984570355,-2.0294318,-3.9090397,-1.4982382
1355984570395,1.5390993,-2.982856,-5.597963
1355984570435,8.921328,-7.7363577,-11.3321295
1355984570475,5.829509,-8.689782,-11.304889
1355984570515,-0.5720546,-6.782933,-7.164303
1355984570555,-0.6537767,-15.854085,2.7921712
1355984570595,-0.38136974,-8.730643,2.152015
1355984570636,0.040861044,-9.915613,3.1054392
1355984570677,1.7978859,-13.988097,0.23154591
1355984570716,4.903325,-8.076866,-1.334794
1355984570755,2.4516625,-5.8158884,-1.7978859
1355984570797,2.6423476,-7.5456724,-0.88532263
1355984570857,3.2961242,-7.6273947,-0.0
1355984570875,3.0645783,-7.8589406,-1.56634
1355984570915,2.982856,-8.539958,-0.8036005
1355984570955,3.3778462,-10.106298,-0.7218784
1355984570995,4.7943625,-9.847511,-0.9125633
1355984571035,4.0180025,-10.106298,-2.070293
1355984571077,1.8387469,-14.09706,-1.6889231
1355984571115,-0.61291564,-11.304889,1.3075534
1355984571156,3.1054392,-13.252599,3.6774938
1355984571198,0.46309182,-18.34661,-2.3699405
1355984571235,-3.3642259,-11.604536,-3.405087
1355984571275,-0.27240697,-4.5219555,0.9942854
1355984571315,0.6537767,-3.2961242,-0.0
1355984571355,1.4573772,-3.5957718,-0.29964766
1355984571395,-0.46309182,-3.2961242,-0.9125633
1355984571436,2.4108016,-3.0645783,-5.5162406
1355984571475,9.234595,-9.425281,-11.413852
1355984571515,4.0588636,-8.853226,-10.882658
1355984571555,-0.50395286,-10.038197,-8.771504
1355984571595,-0.61291564,-15.322891,4.099725
1355984571636,-0.84446156,-6.4015636,3.636633
1355984571675,0.10896278,-10.651112,3.0237172
1355984571717,1.4982382,-14.7916975,-0.42223078
1355984571755,6.4015636,-8.19945,-2.1111538
1355984571795,3.8681788,-5.597963,-1.7570249
1355984571854,1.9885708,-6.5513873,-0.42223078
1355984571875,1.920469,-7.3549876,0.84446156
1355984571915,1.56634,-8.390134,-0.61291564
1355984571955,2.8330324,-9.915613,-1.4165162
1355984571995,4.399372,-10.528529,-3.1463003
1355984572035,4.7943625,-9.00305,-1.6480621
1355984572075,4.0588636,-10.760075,-0.29964766
1355984572115,1.7297841,-13.211738,-0.14982383
1355984572155,-3.1054392,-12.4489975,1.920469
1355984572195,-0.040861044,-15.091345,3.6774938
1355984572235,-2.5333846,-16.930092,-3.5957718
1355984572275,-1.6480621,-8.771504,-0.6537767
1355984572315,1.2258313,-4.372132,0.88532263
1355984572355,1.4573772,-4.2495484,0.27240697
1355984572395,0.50395286,-4.8216033,-0.9125633
1355984572435,0.10896278,-2.4516625,-2.1792557
1355984572475,3.8681788,-3.3642259,-9.043911
1355984572515,7.246025,-7.7772183,-12.108489
1355984572555,1.56634,-7.8861814,-10.147159
1355984572595,-2.3699405,-13.021052,-5.366417
1355984572635,0.50395286,-11.454713,4.2904096
1355984572675,1.5390993,-7.7772183,3.1463003
1355984572715,0.5720546,-13.375181,1.4573772
1355984572755,4.2495484,-11.985906,-1.9885708
1355984572795,3.336985,-5.938472,-1.0351465
1355984572856,1.0760075,-6.851035,-1.525479
1355984572875,2.3426998,-7.205164,0.313268
1355984572915,3.214402,-8.049625,-0.29964766
1355984572955,2.982856,-8.499097,-2.3018389
1355984572995,2.8738933,-9.425281,-1.4165162
1355984573035,3.214402,-9.615966,-1.4573772
1355984573075,4.6036777,-9.80665,-1.1849703
1355984573115,4.099725,-10.269742,-2.0294318
1355984573155,2.6423476,-13.783792,-1.1168685
1355984573194,-1.3075534,-11.413852,1.920469
1355984573235,0.10896278,-14.1787815,4.3312707
1355984573292,-1.879608,-16.589584,-3.486809
1355984573304,-1.8387469,-9.043911,-2.1383946
1355984573345,0.8036005,-5.012288,0.23154591
1355984573385,1.1849703,-5.134871,-0.0
1355984573425,0.7218784,-5.202973,-0.84446156
1355984573465,-0.38136974,-4.5900574,-1.9885708
1355984573505,0.92618364,-3.7864566,-3.9090397
1355984573545,5.134871,-5.5571017,-9.493382
1355984573585,6.4015636,-7.9270425,-11.75436
1355984573625,3.1463003,-7.8180795,-7.6954966
1355984573665,-1.6889231,-11.686258,-5.012288
1355984573705,-1.3075534,-13.565866,3.445948
1355984573745,0.10896278,-6.782933,3.9499009
1355984573786,0.3405087,-12.53072,2.5333846
1355984573856,3.255263,-13.906375,-1.9477097
1355984573867,4.944186,-7.205164,-1.4982382
1355984573907,2.1111538,-7.082581,-0.84446156
1355984573945,2.152015,-6.6331096,1.2666923
1355984573985,2.152015,-8.076866,-1.2258313
1355984574025,2.3018389,-7.9270425,-2.3426998
1355984574064,2.6832085,-8.430995,-0.50395286
1355984574093,3.1463003,-9.80665,-0.88532263
1355984574134,4.2904096,-10.378705,-1.1168685
1355984574175,4.2086873,-10.419566,-2.4108016
1355984574215,3.990762,-12.258313,-1.879608
1355984574254,1.7297841,-12.14935,-1.920469
1355984574295,1.3075534,-11.836082,4.3312707
1355984574335,0.10896278,-16.08563,1.7297841
1355984574375,-3.0645783,-13.525005,-3.9771416
1355984574415,-0.27240697,-6.8237944,-0.9125633
1355984574455,2.3426998,-4.372132,0.38136974
1355984574495,2.4925237,-5.134871,0.53119355
1355984574535,-1.7978859,-4.2086873,-0.7627395
1355984574575,0.08172209,-3.405087,-3.718355
1355984574615,5.938472,-5.706926,-9.765789
1355984574655,7.8861814,-11.032481,-10.651112
1355984574695,0.14982383,-8.049625,-7.6954966
1355984574735,-1.0351465,-15.431854,3.0237172
1355984574775,-1.1849703,-8.689782,2.9147544
1355984574815,0.19068487,-9.765789,2.7921712
1355984574855,0.92618364,-13.783792,0.7218784
1355984574894,4.7535014,-9.534244,-1.607201
1355984574935,2.8738933,-6.782933,-1.607201
1355984574975,2.3426998,-6.742072,-0.27240697
1355984575015,1.920469,-7.014479,0.313268
1355984575054,2.2201166,-8.049625,-0.95342433
1355984575095,2.5333846,-8.62168,-1.4573772
1355984575135,3.7864566,-10.106298,-0.88532263
1355984575175,5.053149,-10.378705,-1.4573772
1355984575215,4.140586,-10.079058,-1.4982382
1355984575254,1.1168685,-13.021052,-0.53119355
1355984575295,-1.3756552,-11.536434,2.3699405
1355984575335,1.7978859,-15.935807,3.173541
1355984575375,-1.920469,-16.630445,-4.0588636
1355984575415,-1.3756552,-9.384419,-1.525479
1355984575455,-0.0,-3.9499009,0.23154591
1355984575496,1.1441092,-4.399372,0.46309182
1355984575535,0.6537767,-4.4810944,0.19068487
1355984575575,-1.0760075,-3.1054392,-0.88532263
1355984575615,2.5606253,-3.5957718,-6.2789803
1355984575655,8.689782,-10.95076,-11.073342
1355984575695,3.1463003,-8.349273,-11.182305
1355984575735,0.5720546,-3.8273177,-5.053149
1355984575775,-0.10896278,-17.270601,6.5513873
1355984575815,-0.8036005,-11.495573,-0.29964766
1355984575860,0.19068487,-8.880466,3.255263
1355984575895,2.152015,-12.489859,1.2666923
1355984575935,4.399372,-8.267551,-0.14982383
1355984575975,3.0645783,-6.1291566,-1.3075534
1355984576015,1.4982382,-6.3198414,0.7218784
1355984576055,1.920469,-7.04172,-0.27240697
1355984576095,1.9885708,-8.430995,-1.525479
1355984576135,2.0294318,-9.656827,-0.9942854
1355984576175,3.0645783,-9.697687,-1.2666923
1355984576215,4.4810944,-10.501288,-0.88532263
1355984576255,3.8681788,-10.56939,-2.4925237
1355984576295,2.4108016,-13.633968,-1.6480621
1355984576334,0.38136974,-11.495573,2.8330324
1355984576375,0.6946377,-15.213928,2.5333846
1355984576415,-2.6832085,-15.5135765,-5.434519
1355984576455,-0.9942854,-7.504812,-0.7627395
1355984576495,1.3075534,-3.8273177,0.50395286
1355984576535,1.9477097,-4.7126403,-0.10896278
1355984576575,-1.334794,-4.3312707,-1.2258313
1355984576615,-0.29964766,-4.0588636,-2.7240696
1355984576655,3.9499009,-5.134871,-7.3958488
1355984576695,9.384419,-9.425281,-11.604536
1355984576735,4.2495484,-9.193735,-7.246025
1355984576775,-1.1441092,-11.413852,-1.525479
1355984576815,-1.334794,-11.223166,4.3312707
1355984576855,-0.42223078,-10.760075,2.2609777
1355984576895,1.7297841,-12.258313,0.38136974
1355984576935,5.7886477,-10.147159,-1.2666923
1355984576975,3.214402,-6.469665,-1.3075534
1355984577015,1.4573772,-6.510526,-0.38136974
1355984577055,2.3426998,-7.8589406,-1.2258313
1355984577095,2.070293,-7.8861814,-1.4573772
1355984577135,1.8387469,-9.275456,-0.53119355
1355984577175,2.2609777,-9.00305,-2.2609777
1355984577215,4.3312707,-9.956474,-1.1849703
1355984577255,5.434519,-9.888372,-1.4573772
1355984577296,4.5628166,-10.95076,-1.525479
1355984577335,0.7218784,-10.991621,-1.1168685
1355984577375,0.23154591,-12.14935,4.3312707
1355984577415,-0.19068487,-17.270601,-1.7570249
1355984577455,-1.334794,-12.721405,-4.0180025
1355984577495,0.61291564,-6.932757,-0.84446156
1355984577535,3.336985,-4.7943625,-0.7627395
1355984577575,1.1849703,-4.399372,-1.2258313
1355984577615,-1.1849703,-3.0645783,-0.6537767
1355984577655,0.7218784,-2.6014864,-2.3018389
1355984577695,7.3549876,-6.2108784,-10.528529
1355984577735,8.008764,-9.343558,-12.217452
1355984577775,-0.8036005,-11.686258,-7.082581
1355984577816,-2.1383946,-13.756551,1.9885708
1355984577855,-1.4573772,-7.5865335,5.284695
1355984577896,0.95342433,-12.4489975,0.5720546
1355984577935,3.486809,-13.1708765,-1.56634
1355984577975,4.630918,-8.158588,-0.8036005
1355984578015,2.1111538,-6.932757,-1.0760075
1355984578055,1.9477097,-6.5513873,-0.6537767
1355984578095,2.5333846,-7.3549876,-0.23154591
1355984578135,2.4925237,-6.851035,-0.42223078
1355984578175,2.3699405,-8.19945,-1.1168685
1355984578215,3.5957718,-9.697687,-0.7218784
1355984578255,5.012288,-11.413852,-1.4573772
1355984578294,5.134871,-10.923519,-2.6014864
1355984578335,3.9090397,-11.645397,-1.4982382
1355984578374,1.0760075,-11.223166,-0.19068487
1355984578415,0.5720546,-12.980191,4.862464
1355984578455,-0.42223078,-16.970953,1.879608
1355984578494,-2.7921712,-13.211738,-4.2904096
1355984578536,0.61291564,-6.5513873,-0.6537767
1355984578574,1.6480621,-5.243834,0.08172209
1355984578615,0.46309182,-4.399372,1.1168685
1355984578655,-1.7297841,-2.6014864,-0.6946377
1355984578695,0.46309182,-3.5276701,-3.568531
1355984578735,6.742072,-6.782933,-8.853226
1355984578775,8.158588,-9.302697,-11.917805
1355984578815,1.6889231,-7.3141265,-7.7772183
1355984578857,-2.0294318,-16.821129,-1.2666923
1355984578895,-1.0351465,-6.238119,3.759216
1355984578935,0.38136974,-8.499097,2.5606253
1355984578976,-0.42223078,-15.132206,1.334794
1355984579015,4.440233,-9.956474,-1.1849703
1355984579055,3.568531,-6.238119,-1.7570249
1355984579104,2.3426998,-6.2108784,-1.7978859
1355984579124,2.2201166,-6.0201936,0.6946377
1355984579165,2.1111538,-8.008764,-0.08172209
1355984579205,1.7978859,-9.302697,-2.5333846
1355984579245,3.1054392,-9.847511,-1.3075534
1355984579285,4.671779,-11.372991,-1.1168685
1355984579324,5.407278,-10.651112,-1.525479
1355984579354,3.990762,-12.871228,-2.7921712
1355984579394,1.334794,-12.789507,-0.7218784
1355984579435,0.84446156,-11.604536,5.053149
1355984579475,-0.19068487,-17.2025,1.1168685
1355984579515,-4.372132,-14.859799,-5.202973
1355984579555,-0.84446156,-6.6331096,-0.19068487
1355984579595,1.9885708,-3.405087,0.92618364
1355984579635,1.1849703,-3.9771416,0.7627395
1355984579675,-2.5333846,-3.7864566,-0.50395286
1355984579715,-0.0,-3.718355,-2.9556155
1355984579755,6.2789803,-7.205164,-9.997335
1355984579795,5.9793324,-7.9679036,-12.789507
1355984579847,0.92618364,-6.469665,-8.471856
1355984579875,-1.9477097,-10.991621,-3.486809
1355984579915,0.95342433,-14.9006605,3.636633
1355984579955,1.0760075,-7.205164,3.568531
1355984579996,0.5720546,-12.108489,1.6889231
1355984580036,5.053149,-10.882658,-1.7297841
1355984580075,2.070293,-6.3198414,-1.1441092
1355984580115,0.88532263,-6.932757,-0.9942854
1355984580155,1.7570249,-6.428804,1.1849703
1355984580195,1.7297841,-8.19945,-1.7297841
1355984580235,3.1054392,-9.084772,-1.6480621
1355984580275,4.2086873,-10.147159,-2.3018389
1355984580314,5.053149,-10.038197,-1.7297841
1355984580354,3.336985,-10.378705,-1.2258313
1355984580394,0.9942854,-13.906375,-0.29964766
1355984580435,-0.19068487,-12.53072,1.0760075
1355984580475,2.2201166,-15.935807,5.134871
1355984580515,-3.445948,-16.507862,-4.2904096
1355984580555,-3.255263,-7.9270425,-2.3018389
1355984580595,0.6946377,-3.445948,0.84446156
1355984580635,2.5333846,-3.8273177,0.9942854
1355984580675,-0.5720546,-4.9850473,-0.9125633
1355984580715,-1.1849703,-3.568531,-1.920469
1355984580755,3.5957718,-3.9771416,-7.7772183
1355984580795,9.043911,-8.730643,-12.108489
1355984580846,2.4516625,-7.504812,-10.18802
1355984580875,-0.6946377,-7.7363577,-6.973618
1355984580915,-1.6480621,-17.393185,4.5628166
1355984580955,1.1441092,-6.469665,1.9885708
1355984580995,-0.23154591,-12.5579605,1.9477097
1355984581035,2.1111538,-13.33432,-0.61291564
1355984581075,5.325556,-7.8589406,-1.1849703
1355984581115,2.2609777,-6.3607025,-1.2666923
1355984581155,1.607201,-5.8976107,-0.14982383
1355984581195,1.8387469,-6.8237944,0.19068487
1355984581235,2.4516625,-8.471856,-1.8387469
1355984581275,3.0237172,-9.112013,-1.334794
1355984581315,4.399372,-10.378705,-0.84446156
1355984581355,4.7126403,-10.501288,-1.6480621
1355984581395,2.7240696,-10.147159,-2.6014864
1355984581435,1.0351465,-14.750836,0.50395286
1355984581475,0.61291564,-11.836082,4.1814466
1355984581515,-0.0,-16.3989,2.6832085
1355984581555,-4.903325,-14.818938,-5.407278
1355984581595,0.38136974,-6.851035,-0.08172209
1355984581635,2.0294318,-3.8273177,0.313268
1355984581675,1.4165162,-4.372132,0.3405087
1355984581715,-2.2201166,-3.759216,-0.10896278
1355984581755,-0.50395286,-2.7921712,-2.4925237
1355984581795,4.7943625,-6.0201936,-9.534244
1355984581844,9.80665,-9.80665,-11.876944
1355984581875,3.568531,-6.469665,-7.273266
1355984581915,-2.4516625,-3.173541,-2.1383946
1355984581955,-5.5162406,-18.38747,4.140586
1355984581996,0.9942854,-8.853226,1.2666923
1355984582035,4.2086873,-12.5579605,1.7978859
1355984582075,4.9850473,-11.454713,-0.53119355
1355984582115,2.5606253,-5.706926,0.10896278
1355984582155,1.1849703,-6.851035,-0.7627395
1355984582195,1.6889231,-7.43671,-0.10896278
1355984582235,2.152015,-7.3549876,-0.84446156
1355984582275,2.070293,-8.62168,-1.7297841
1355984582315,2.6832085,-9.697687,-1.525479
1355984582355,4.8216033,-10.038197,-1.4165162
1355984582395,5.9793324,-10.228881,-1.2258313
1355984582435,3.405087,-11.3321295,-0.9125633
1355984582475,-1.4165162,-14.328606,-1.334794
1355984582519,-0.9125633,-12.5579605,3.8681788
1355984582555,0.7218784,-17.434046,-0.0
1355984582595,-3.336985,-14.137921,-3.9499009
1355984582635,-0.29964766,-6.0201936,-0.61291564
1355984582675,1.4165162,-3.336985,0.38136974
1355984582715,1.2258313,-3.636633,-0.50395286
1355984582755,-1.3075534,-3.718355,0.040861044
1355984582795,-0.08172209,-4.5219555,-2.4925237
1355984582835,4.399372,-7.246025,-8.240311
1355984582875,6.891896,-7.504812,-12.176591
1355984582915,3.7864566,-5.706926,-7.9679036
1355984582955,0.7627395,-6.4015636,-6.510526
1355984582995,-1.607201,-17.461287,3.336985
1355984583035,0.7627395,-8.689782,3.0645783
1355984583074,-0.9942854,-10.528529,2.1792557
1355984583115,1.0760075,-11.836082,0.27240697
1355984583157,5.407278,-9.915613,-2.4925237
1355984583195,4.1814466,-6.1700177,-1.4165162
1355984583235,2.8330324,-5.8158884,-0.84446156
1355984583275,2.1792557,-6.8237944,-0.040861044
1355984583315,1.7570249,-8.499097,-0.84446156
1355984583355,1.5390993,-9.534244,-0.84446156
1355984583395,3.7864566,-9.915613,-1.0351465
1355984583435,4.8216033,-10.106298,-1.2666923
1355984583475,3.718355,-11.795221,-0.7627395
1355984583518,-0.7627395,-14.982383,-0.6946377
1355984583555,-0.38136974,-14.056199,4.0180025
1355984583599,-0.5720546,-17.120777,-0.9125633
1355984583635,-2.4516625,-10.310603,-2.7921712
1355984583675,-0.50395286,-3.7864566,0.50395286
1355984583715,2.6423476,-3.336985,0.23154591
1355984583755,1.2666923,-5.053149,0.27240697
