1355984492634,0.0,0.0,0.0
1355984492656,-0.12255025,-0.1089344,-0.23148406
1355984492694,-0.12205768,-0.10849762,-0.3802626
1355984492738,-0.14733267,-0.14759827,-0.49824953
1355984492779,-0.37373972,-0.061468124,0.7391286
1355984492818,-0.21478653,0.013624191,-0.3473916
1355984492861,-0.08985138,0.023543358,-0.32721293
1355984492908,-0.09289789,-0.22357082,0.6465163
1355984492948,-0.14739156,-0.18509865,0.38985008
1355984492988,-0.16133714,-0.13315392,0.015349388
1355984493026,-0.09545255,-0.08011627,0.6227061
1355984493070,-0.07271147,-0.10671997,0.68417907
1355984493108,-0.052889585,-0.09125519,0.5692176
1355984493151,-0.035724163,0.0479517,-0.5151261
1355984493190,0.059966564,-0.1680088,-0.40646303
1355984493232,0.02977109,0.07776928,0.49235868
1355984493269,-0.04477477,0.089411736,0.21807867
1355984493313,-4.3082237E-4,0.056933403,0.23062217
1355984493352,6.225109E-4,0.020600319,-0.52299225
1355984493391,0.108950615,0.06160164,-0.5603419
1355984493429,0.31130075,0.35744858,-0.11201751
1355984493472,0.52476597,0.3904295,-0.5238398
1355984493509,0.74611616,0.26810932,-0.73206043
1355984493548,0.57555866,0.4381199,-0.885689
1355984493591,0.8123071,0.47721386,-1.092194
1355984493630,0.75756145,0.8195882,-1.3333192
1355984493671,0.034967422,-0.3709755,-0.7403132
1355984493710,1.0531685,-1.7320776,-1.2795243
1355984493750,1.9999177,-0.42868805,-0.7729932
1355984493790,0.90761757,0.24450111,-1.0959412
1355984493830,0.45891714,0.5917449,-1.9048848
1355984493872,0.5643492,1.344223,-1.1786469
1355984493909,-0.32611465,1.7278852,-0.9823859
1355984493951,0.16432524,1.8826838,-1.01
1355984493989,1.2438726,2.4951367,-1.836721
1355984494031,1.4586792,3.005147,-2.088714
1355984494069,1.3172545,3.0607238,-2.4142938
1355984494109,1.5809703,3.0769548,-2.9036562
1355984494151,1.3763037,3.272726,-3.4885173
1355984494189,1.4424992,3.43725,-4.2628336
1355984494230,-1.6624796,1.3177805,-3.1095166
1355984494269,-2.435144,-6.387644,-0.3340559
1355984494310,-1.7257559,-5.346921,4.1637077
1355984494351,-3.8631532,-3.0194254,6.721738
1355984494390,-1.4966059,-4.466648,5.6783867
1355984494431,2.6212893,-3.6648808,3.5893216
1355984494470,1.067328,-0.46097803,3.5310464
1355984494511,-2.0459542,-0.5538802,3.068149
1355984494549,-1.3207328,0.33784485,2.8957486
1355984494590,-0.20718408,0.55917263,2.0762727
1355984494631,0.55171585,0.3736577,1.5121526
1355984494671,0.121041775,0.39031792,0.9366616
1355984494708,-0.14609909,0.31129456,-0.034713745
1355984494749,0.65268683,-0.95156574,0.5508077
1355984494790,1.947604,-0.78361034,-1.2003162
1355984494829,2.5770235,-1.3995438,-2.679898
1355984494870,2.1752079,-2.728818,-1.7716993
1355984494910,-1.6987498,-2.7726088,-1.2940419
1355984494950,-3.0326974,-3.4632053,4.5111513
1355984494991,-2.3836184,-4.3193216,2.37713
1355984495029,-4.4038506,-0.760231,-3.0413415
1355984495071,-3.1979403,3.179937,0.59674335
1355984495110,-0.5796399,4.9237266,0.13566089
1355984495149,-1.0834739,4.9943514,-0.13581312
1355984495191,-2.458118,5.492825,-1.2279189
1355984495229,-0.44250655,5.762237,-3.0332103
1355984495269,5.2301464,5.649267,-7.876478
1355984495309,6.920835,3.5986028,-9.017504
1355984495350,0.76539516,-1.670413,-7.0962353
1355984495389,-2.114827,-2.5867772,3.252579
1355984495433,-2.8220925,-4.563534,6.171013
1355984495472,0.06798363,-3.697402,5.2099776
1355984495510,1.7380338,-5.729194,2.081122
1355984495552,1.5661528,0.20030785,3.5127244
1355984495590,-1.296905,0.027876854,2.652725
1355984495630,-0.98453,0.6646433,2.997665
1355984495669,0.49709535,0.19448853,2.8935418
1355984495694,0.31979537,0.89909744,1.2893177
1355984495726,0.38599038,0.4402895,0.53243554
1355984495767,0.46279836,-0.6169729,0.67079806
1355984495807,1.2957413,-0.8658228,-0.36886835
1355984495849,1.6839852,-0.74462223,-2.2428925
1355984495890,2.154635,-2.2213335,-2.1410403
1355984495928,0.4601612,-2.915554,-1.1678461
1355984495968,-1.421454,-4.161625,8.253975
1355984496019,-4.084808,-8.43026,-2.1422322
1355984496058,-3.2805777,0.19646454,-2.8162389
1355984496102,-1.2259116,5.3680534,1.519743
1355984496140,-0.74828005,5.7880993,0.2732051
1355984496180,-3.0216422,6.276063,0.3570993
1355984496220,-3.771508,6.946992,-0.61212313
1355984496281,1.7681878,6.043208,-5.504965
1355984496300,7.740466,2.8243313,-8.758069
1355984496342,3.4107995,1.0338755,-9.69573
1355984496378,-1.5442988,2.4513454,-4.561742
1355984496423,-0.81603277,-0.00802803,4.5820518
1355984496462,-1.7411377,-9.5071945,2.794171
1355984496501,-0.4734168,-0.7347708,5.022071
1355984496541,1.389534,-3.8132591,4.1740108
1355984496579,1.8185792,-1.0773687,5.5296116
1355984496620,-1.2839773,-0.09236479,2.2179532
1355984496674,-1.3582084,-0.7789631,3.0411925
1355984496700,-0.05232668,0.643425,1.6631323
1355984496739,0.7352576,1.1508989,1.2178015
1355984496780,0.39609194,0.6605339,1.5418303
1355984496820,1.120821,-1.7805767,0.03280449
1355984496859,2.8347123,-1.8337317,-1.0783488
1355984496900,2.0514255,-0.8172121,-2.4487348
1355984496948,1.4461186,-1.8821526,-1.9658114
1355984496985,-0.8070779,-2.2541227,-0.12841919
1355984497026,-0.28652883,-4.8590107,5.580669
1355984497067,-2.4823256,-7.6503105,-1.0413952
1355984497108,-4.5283933,-1.2073908,-2.7369401
1355984497148,-2.3412848,5.398034,0.37610114
1355984497189,0.34362793,5.902546,0.3797484
1355984497229,-3.2394626,5.3721566,0.47566938
1355984497270,-3.6582346,6.3793755,-1.3243332
1355984497310,1.1059608,5.8488264,-5.891929
1355984497349,9.132259,3.8787284,-9.243714
1355984497391,2.3280053,1.3913097,-7.430069
1355984497432,-2.6219196,-2.4523983,-1.8838223
1355984497468,-0.6570258,-5.7125235,6.8133125
1355984497509,-2.3053143,-1.3718576,4.937481
1355984497550,-0.9180305,-4.304609,5.044856
1355984497589,0.80204034,-3.1746464,2.6707964
1355984497629,2.2811007,0.3955531,1.8472835
1355984497673,-0.1518786,0.7440634,1.2276559
1355984497708,0.011313915,-0.16457462,2.3284311
1355984497747,0.32831407,1.2166896,1.6168723
1355984497787,0.33444715,0.88361454,1.7367275
1355984497827,0.51446366,-1.1848774,-0.020546794
1355984497867,1.9427097,-1.0067368,-0.8560922
1355984497907,2.8577793,-0.5606327,-1.6210909
1355984497948,1.6957381,-1.4579849,-2.0574305
1355984497988,1.6010313,-2.1819057,-1.0673877
1355984498029,-0.41514134,-2.4948616,4.2273855
1355984498067,-1.972102,-7.243246,4.421302
1355984498108,-5.6576734,-5.885421,-4.7487965
1355984498150,-3.3357725,2.5724287,-0.055223823
1355984498189,-1.3397603,5.345223,0.74250466
1355984498229,-1.6193392,4.711441,0.5158588
1355984498269,-5.4466496,6.717702,0.38763398
1355984498309,-1.9762737,7.575103,-3.336063
1355984498349,6.409381,4.0427933,-8.305191
1355984498390,4.892139,1.58957,-9.934561
1355984498429,-1.7383363,3.5953646,-4.347514
1355984498469,-0.64746106,-3.7632103,4.3917217
1355984498511,0.67775345,-8.3423,3.6741617
1355984498552,0.22349,-0.7737489,4.544711
1355984498590,0.93404603,-3.2478867,3.7878962
1355984498631,1.8971293,-0.5103183,3.7101502
1355984498670,-0.63149834,0.46739197,1.1896654
1355984498709,-0.65581346,0.74200106,1.6257683
1355984498750,0.8901,1.8481102,2.3860686
1355984498791,-0.40325284,1.0081248,0.8814049
1355984498830,0.21170855,-1.1823959,-0.3663602
1355984498871,2.3052793,-1.183567,-0.40293682
1355984498908,3.6254034,-1.4370146,-0.9074145
1355984498948,3.1609924,-1.1894474,-2.788007
1355984498988,2.1034348,-2.931653,-1.8591605
1355984499030,-2.682014,-2.2082367,-0.6486549
1355984499068,0.03426528,-6.4547195,7.883929
1355984499108,-3.5889199,-6.290474,-3.0173328
1355984499149,-5.532593,0.26270676,-1.8079892
1355984499190,-2.9991703,5.4812827,0.8998056
1355984499230,-0.89963007,5.7570667,0.71661043
1355984499270,-4.88066,6.388446,0.73283505
1355984499310,-3.7673783,7.319286,-1.125979
1355984499349,3.6773481,4.5929294,-7.5628977
1355984499390,8.08923,2.5116053,-10.212316
1355984499429,1.3874037,2.0974631,-8.000814
1355984499470,0.24337316,-2.8581333,-0.5642903
1355984499509,-2.282419,-6.461671,4.484434
1355984499550,-0.65986943,0.20571089,5.7968607
1355984499588,-0.17398143,-4.189602,4.8351955
1355984499629,2.2443051,-4.64087,2.0265818
1355984499672,2.2640862,0.7271819,3.444015
1355984499708,-0.9470899,1.0973463,2.402211
1355984499749,-1.0060556,1.9258418,2.912508
1355984499789,0.4702108,2.1493092,1.5605689
1355984499829,0.3895042,-0.2794819,1.1301757
1355984499869,1.3224041,-0.7816849,-0.09259665
1355984499909,2.0431442,-0.5215025,-1.0690851
1355984499949,3.0476968,-1.1812172,-2.0095077
1355984499990,1.8199606,-2.055791,-0.9345058
1355984500030,-1.4839344,-3.0904312,-1.7190741
1355984500069,-0.5130329,-6.094718,7.9949036
1355984500109,-2.9611564,-8.6666355,-0.24145806
1355984500148,-5.560947,-1.8914795,-3.8253868
1355984500190,-3.1206954,4.5156755,0.37716416
1355984500229,-0.31265283,5.5851955,0.3244397
1355984500270,-2.8120081,6.46006,0.37540656
1355984500309,-4.2357135,8.042341,0.07037538
1355984500350,0.21576929,7.149928,-4.626112
1355984500389,7.5160418,3.1757264,-9.8223915
1355984500430,4.803565,2.314023,-8.883567
1355984500471,-0.31768894,-0.7468281,-5.4792814
1355984500508,-3.0079498,-9.641611,4.745476
1355984500550,-1.0205724,2.3374705,7.0208535
1355984500588,0.39475036,-2.7538729,4.5341454
1355984500629,0.8221314,-6.411762,1.6464856
1355984500671,1.9453902,0.91565704,2.2498908
1355984500708,-0.42451262,1.3646426,1.5485626
1355984500748,0.12452507,0.8190961,2.364924
1355984500789,0.8222966,0.5039911,2.4036667
1355984500828,-0.12945533,0.2792406,1.6941975
1355984500868,0.5009866,-1.0522022,5.7029724E-4
1355984500908,2.7740402,-1.0186672,0.050771117
1355984500948,3.4494324,-0.37234116,-1.6244361
1355984500989,2.8730345,-1.9795246,-0.3069827
1355984501030,-0.61648536,-2.8944492,-0.6057175
1355984501068,-1.0532241,-4.946842,6.034224
1355984501108,-2.282084,-9.40139,1.703778
1355984501148,-6.2744436,-3.4135752,-3.8375924
1355984501188,-3.7828717,4.7165093,0.91279405
1355984501229,-1.6281335,6.570432,1.0354128
1355984501270,-3.0288312,6.6745267,0.0016466379
1355984501310,-5.401753,7.1021786,-0.6079852
1355984501350,0.101647615,6.568643,-5.7640996
1355984501390,8.42074,3.6907463,-11.288259
1355984501429,4.6162677,4.1368647,-10.038194
1355984501471,-3.1453424,-1.7656021,-5.4077425
1355984501508,0.9402205,-9.157545,5.4057264
1355984501549,-0.93004733,1.7304158,4.498288
1355984501593,0.12154961,-3.5758176,4.3417706
1355984501628,2.441657,-5.467644,2.9994607
1355984501689,1.3869936,0.64244366,2.802228
1355984501707,-1.4788438,0.9025121,1.9555067
1355984501747,0.7074685,1.4243536,2.9994366
1355984501784,1.1486869,1.1899934,3.2641873
1355984501814,1.0332298,0.026209831,1.0424978
1355984501856,1.6351876,0.0403471,0.65773165
1355984501897,2.1564898,-1.1380091,0.4399501
1355984501937,2.124724,-1.0483608,-0.8607851
1355984501977,1.8887959,-1.3017855,-1.6983751
1355984502017,0.22813916,-3.2774868,-0.8580193
1355984502057,-1.266748,-3.8534641,5.562676
1355984502098,-1.7521846,-8.813361,3.279019
1355984502137,-6.255846,-5.3054295,-4.324735
1355984502179,-4.3322797,3.182674,0.49399972
1355984502219,-2.4693205,6.3217382,0.39770028
1355984502261,-0.7216103,6.298012,-0.1340816
1355984502301,-4.0948663,6.9274864,-0.66076726
1355984502340,-1.0614164,7.6363907,-3.7275238
1355984502380,6.7935395,5.300197,-9.047948
1355984502420,6.99802,2.3405495,-10.98239
1355984502461,-1.5721006,1.722291,-5.036997
1355984502499,-0.19000196,-9.069675,2.1072147
1355984502539,-2.3251228,1.5668087,4.8763714
1355984502579,0.4441502,-2.1580038,5.844221
1355984502623,1.2500029,-7.5527835,3.2187595
1355984502672,4.0922823,-0.6454282,2.9814172
1355984502699,-1.3573091,0.6941433,2.2724323
1355984502739,-2.3655279,0.8914337,2.4494414
1355984502778,-0.23252892,0.21849728,3.6199813
1355984502819,0.5682306,0.5068655,1.476739
1355984502859,0.8003745,-0.3910675,0.6890143
1355984502904,1.5931964,-1.5430517,0.33121502
1355984502937,3.4993193,-1.7566996,-0.70964146
1355984502977,4.099923,-0.7208948,-0.6813567
1355984503019,0.29625773,-2.5935698,-0.8290449
1355984503057,-3.4282277,-3.2207718,0.89413035
1355984503098,-0.16535497,-6.737664,5.6155787
1355984503138,-2.956228,-7.9209146,-2.3534653
1355984503179,-4.519064,-0.47213364,-2.414613
1355984503219,-2.395846,4.848421,0.18867648
1355984503259,0.12523746,6.7857456,1.1167848
1355984503299,-4.200951,6.5981746,0.6321121
1355984503339,-4.828459,8.06847,-0.67818415
1355984503379,0.26646948,7.6275535,-6.93966
1355984503418,9.63101,2.0624962,-9.624497
1355984503459,1.4714684,1.5839434,-8.882582
1355984503498,-3.1322849,0.13985062,-2.1444292
1355984503538,0.35909295,-8.819307,8.323071
1355984503579,0.92015386,-0.09320307,3.7506487
1355984503619,-0.70323145,-5.024671,3.0327091
1355984503673,1.4189451,-2.4290857,2.625192
1355984503699,1.1784348,-0.43228292,2.7126231
1355984503739,0.47990608,0.6669822,2.703612
1355984503779,-0.23181033,2.0793428,3.0491307
1355984503819,0.3028233,1.1002507,1.253145
1355984503858,0.55431485,-0.070589066,-0.8625449
1355984503899,1.1448936,0.48665524,0.91313183
1355984503938,1.7526736,-0.6215706,0.08869523
1355984503979,2.7709491,-1.3825445,-0.28279
1355984504018,2.18007,-1.490386,-1.3708599
1355984504060,1.4331508,-3.9536667,-1.1833291
1355984504100,-3.0714555,-1.6513205,0.034840316
1355984504138,-1.2188034,-5.4126835,6.5368667
1355984504178,-3.6857364,-7.065216,-2.1491232
1355984504219,-4.479557,-0.34795856,-2.4402502
1355984504260,-2.1539955,4.8351426,0.39241505
1355984504299,0.5009773,5.8798966,0.2414265
1355984504339,-3.4426465,5.323396,-0.04874438
1355984504378,-4.156295,7.05093,-0.91476834
1355984504418,-0.30361342,6.6010275,-5.3979316
1355984504459,8.014343,2.866818,-10.869451
1355984504499,4.2327952,1.8455672,-9.300826
1355984504540,0.57275975,1.6863823,-2.348302
1355984504578,-1.9917607,-7.3223705,3.9402819
1355984504619,-2.3067844,-1.9664841,5.69623
1355984504675,-1.1323055,-4.2530255,4.8621197
1355984504699,1.2843585,-4.625833,2.6361094
1355984504739,2.8195148,0.04844141,2.7578657
1355984504780,-0.86851346,0.19178438,2.0147712
1355984504820,-0.51566267,1.0831432,2.368697
1355984504859,0.78433347,1.3558936,2.3940136
1355984504898,0.7843039,0.9272442,1.4491758
1355984504939,1.1201434,-0.37835503,0.13638496
1355984504979,2.513576,-0.9327278,-0.4582646
1355984505019,3.4240804,-0.92956924,-1.2931838
1355984505059,2.3205543,-1.2005215,-1.3272508
1355984505099,0.22576165,-3.2276611,-0.89693695
1355984505139,-2.1178575,-2.3727283,1.606188
1355984505180,0.042163134,-5.0847845,6.2767963
1355984505219,-4.044751,-6.3797207,-4.6240587
1355984505259,-3.9497416,1.4517608,-0.9779035
1355984505299,-1.2407103,5.5597963,0.10168773
1355984505339,-0.27593064,4.7907176,0.27405348
1355984505379,-3.991239,5.1158366,-0.39762664
1355984505419,-3.4474201,7.0399513,-1.8204345
1355984505458,2.0365107,6.2207503,-6.6247587
1355984505499,7.480812,1.5416956,-9.274636
1355984505539,1.6775842,1.8662024,-7.014733
1355984505578,-2.205771,-0.34731007,-3.0841227
1355984505618,-0.33863294,-6.069138,6.7609982
1355984505679,-1.0049875,-0.4164343,4.6564775
1355984505700,-0.7998537,-4.6957865,4.206324
1355984505740,3.3289356,-3.569611,2.7474058
1355984505779,0.95063806,1.1994734,2.4832344
1355984505819,-1.3075562,1.046638,1.3993452
1355984505858,0.0114405155,0.21738291,3.4462006
1355984505899,1.0458817,-0.123701096,2.1198716
1355984505938,0.5527966,0.04788208,0.4168992
1355984505979,1.5607553,-0.9970541,-0.035116196
1355984506018,2.9389334,-1.1067314,-0.13848019
1355984506058,2.0669818,0.4460945,-2.409029
1355984506099,0.9569042,-3.2453775,-0.10238743
1355984506140,0.9387474,-2.6094637,0.064545095
1355984506178,-1.1467555,-3.902874,5.6509886
1355984506218,-4.2592597,-9.526818,-0.15090954
1355984506260,-5.622852,-1.7793026,-4.543009
1355984506298,-3.6497614,4.686127,1.3596954
1355984506340,-1.2076216,6.226116,0.8073943
1355984506379,-2.174234,6.1687064,0.12709385
1355984506421,-3.9313235,6.9577103,-1.5456548
1355984506459,2.5293868,6.076771,-6.5031686
1355984506507,7.807603,3.0171623,-10.304613
1355984506544,-0.12210274,1.9917364,-7.921284
1355984506584,-3.7984734,0.08285999,-2.1697428
1355984506628,-0.1228497,-9.051422,6.9580503
1355984506678,0.8662803,-0.10349655,4.613076
1355984506715,0.37427568,-5.1002097,5.0489006
1355984506750,3.380206,-1.5058732,3.4627855
1355984506789,0.6846199,0.40768147,2.928879
1355984506830,-1.3087686,0.449955,2.5150025
1355984506870,0.15390372,1.5359378,3.8740118
1355984506908,1.059998,1.3434973,1.2880225
1355984506949,0.75875235,0.2516842,1.25509
1355984506989,1.2467968,-1.5946836,0.14680636
1355984507029,1.9123378,-1.8861837,-0.29936993
1355984507069,2.5345836,-1.3492794,-1.3984241
1355984507109,1.8573313,-2.250208,-1.4334095
1355984507153,-0.49212074,-3.6062746,-1.8537271
1355984507188,-0.40224528,-4.0728264,5.6061997
1355984507225,-2.053018,-7.3047237,2.213633
1355984507257,-4.3935347,-4.0362873,-4.982273
1355984507295,-4.2992935,2.0010247,-0.46979254
1355984507347,-2.2914357,6.245531,0.849286
1355984507388,-1.6999993,5.759264,0.32855567
1355984507429,-4.449279,6.788095,-0.4672016
1355984507467,-0.20691395,7.233757,-6.1652055
1355984507511,9.325362,4.1958003,-9.696581
1355984507549,3.012226,2.136405,-8.6005535
1355984507590,-4.5019183,3.3656468,-3.284464
1355984507629,-2.3817487,-8.963261,6.171094
1355984507676,1.2107685,-4.0583262,3.8880808
1355984507710,1.3743682,-2.8361955,4.393879
1355984507749,2.8202715,-3.9303794,3.0021384
1355984507789,0.7397151,-0.6633816,3.296801
1355984507829,-1.402595,-0.43132162,2.8247051
1355984507869,-0.8988241,0.6604314,2.5443878
1355984507907,-0.06509066,1.4577422,2.833764
1355984507947,0.2156887,0.6096339,1.1861259
1355984507987,0.8465688,0.20840931,0.6028903
1355984508029,1.9522843,-1.0531063,-0.41292894
1355984508069,3.4941213,-2.0827923,-1.7249525
1355984508109,2.741416,-0.75371647,-2.4482822
1355984508150,1.5287688,-3.2282448,-1.7928361
1355984508191,-0.67475367,-3.0530605,1.9682872
1355984508230,-0.9875953,-6.469593,6.072482
1355984508269,-5.559507,-7.5882034,-5.2382774
1355984508309,-4.3117185,1.4050431,-0.72640693
1355984508350,-2.1891384,6.682719,1.3669142
1355984508389,0.8307133,6.0327373,0.101337254
1355984508430,-3.8640094,5.811461,0.3647698
1355984508470,-3.5936763,8.483537,-2.2902894
1355984508510,6.0639772,5.4077296,-9.463969
1355984508550,7.192312,2.134468,-10.407198
1355984508589,-2.5047944,0.122151375,-7.8802147
1355984508631,-0.6180395,-7.3332024,5.3531075
1355984508669,-1.0316232,0.60802555,4.8762145
1355984508694,-0.66386795,-2.4172869,4.4702826
1355984508738,-0.6909083,-6.19657,4.0298085
1355984508777,3.1427054,-1.6034284,3.2129517
1355984508817,0.5368097,1.324017,2.2389107
1355984508857,-2.0303788,0.995728,1.5476228
1355984508897,-0.15748572,0.92456245,3.899174
1355984508937,1.2766285,0.29962063,1.3549994
1355984508977,1.8041716,-0.24816704,0.92407894
1355984509017,1.9518352,-0.8568258,-0.25877523
1355984509057,2.3468003,-0.48133945,-0.27891815
1355984509097,1.9302242,-1.8690739,-0.09894532
1355984509137,-1.5687755,-3.2126389,-0.48460734
1355984509177,-2.5911846,-4.8030634,2.8291688
1355984509217,0.13054085,-8.171305,3.5421956
1355984509257,-3.4742916,-4.5539074,-3.748417
1355984509300,-3.561964,1.9192567,-1.3164092
1355984509339,-1.7854282,5.78131,0.23068976
1355984509380,-0.87844276,6.5312133,0.8190863
1355984509419,-3.63723,7.2646875,-0.41184378
1355984509459,-2.2945495,7.7875814,-2.129927
1355984509499,3.1606975,6.9912357,-7.9935875
1355984509539,9.686295,2.3166537,-11.04767
1355984509579,0.38565016,0.2928152,-7.3394794
1355984509618,-1.8084779,-8.926598,2.9627395
1355984509672,-2.9532802,0.55860424,4.5553365
1355984509699,0.19411778,-3.1008792,4.6911645
1355984509739,1.2709568,-6.8681307,2.689495
1355984509779,4.0414333,-0.38266087,2.466914
1355984509819,-0.08142948,1.1885958,2.583036
1355984509858,-1.4496567,1.3691897,2.2581944
1355984509899,-0.038425207,1.0413508,3.5467587
1355984509939,0.39493608,0.32526588,1.5005335
1355984509979,0.6865709,0.5864048,0.6987252
1355984510018,1.3773975,-0.3803444,0.56002903
1355984510060,3.228878,-1.810915,-0.34123528
1355984510100,3.1361394,-0.70009136,-1.267377
1355984510140,-0.17566848,-3.7890778,-1.0891237
1355984510181,-3.6335864,-2.5654306,1.4669844
1355984510218,-0.7515404,-6.3108892,5.370479
1355984510259,-3.169291,-7.1788197,-2.754833
1355984510299,-3.969357,-0.20458126,-2.0108
1355984510338,-3.5096593,4.8326507,1.049378
1355984510379,-1.7740095,5.731571,0.7180613
1355984510419,-1.4833229,6.5861807,-0.17385155
1355984510459,-3.4790606,7.1570053,-1.4598
1355984510499,1.1821122,6.7851954,-6.7935348
1355984510539,8.933268,3.3487782,-9.899607
1355984510579,0.5099833,1.9173751,-9.158445
1355984510619,-2.406016,-2.3868113,-2.5702353
1355984510674,0.5139843,-6.9054384,7.410062
1355984510700,-0.012861729,0.7807598,3.4180589
1355984510740,-0.44237018,-5.0812216,4.171072
1355984510780,3.8057299,-3.2876077,2.3211136
1355984510819,2.5793233,1.270772,2.8876448
1355984510860,-0.56134725,0.37525988,2.0953426
1355984510898,-0.24042916,0.9425969,3.7251933
1355984510938,0.3536234,0.7684674,1.700614
1355984510978,0.41557264,0.4837494,1.0730071
1355984511019,0.50028205,-0.72116375,0.3986994
1355984511060,2.324164,-1.4754553,0.22110021
1355984511101,2.945166,-0.93871784,-0.8276979
1355984511140,2.3967454,-2.8729534,-0.7166903
1355984511180,-0.9459429,-2.776496,-1.5766563
1355984511220,-2.2273462,-3.4326982,3.8832583
1355984511257,-1.1391907,-8.19816,3.2658448
1355984511297,-4.8783245,-3.1431112,-4.695469
1355984511334,-3.3297782,3.7925992,0.03778851
1355984511378,-1.424264,6.6751575,0.83508337
1355984511417,-2.456546,5.6581693,0.58888245
1355984511457,-4.7267237,6.7405386,-0.8832445
1355984511497,-0.12498331,6.6491613,-5.373225
1355984511537,7.4501333,3.68618,-9.517211
1355984511577,0.115017176,1.5747318,-10.052328
1355984511617,-1.4906478,2.039742,-4.2033925
1355984511673,1.1791973,-8.429703,4.8837986
1355984511699,-0.8708689,-0.59887695,3.705265
1355984511738,-0.6593889,-1.8491979,5.0185523
1355984511779,2.233418,-6.112861,2.9005651
1355984511820,3.1701002,-0.26448107,3.1255894
1355984511860,-0.39363003,1.2513804,1.9440168
1355984511899,-0.4695425,0.9114151,3.2905087
1355984511938,0.5949478,1.107799,3.4292617
1355984511979,0.9030571,0.14172077,0.3870908
1355984512018,1.2656634,-0.21213913,-0.15024269
1355984512059,3.0949101,-0.2451868,-0.99160445
1355984512099,3.526851,-0.4458952,-0.8303546
1355984512139,2.8198729,-1.9688072,0.48675293
1355984512177,0.054615974,-2.9518929,-1.1277301
1355984512218,-3.6361926,-4.01527,3.3847132
1355984512257,-1.9750843,-9.552183,3.4069757
1355984512297,-5.9403315,-5.064707,-5.055567
1355984512340,-3.9542797,1.7015352,0.01378274
1355984512379,-1.7599511,5.9672647,0.8875763
1355984512422,-0.08779287,6.661312,0.8282922
1355984512459,-5.22541,7.0054445,0.62007934
1355984512499,-3.6350381,7.913268,-1.6200517
1355984512539,4.4994802,5.265587,-8.377766
1355984512579,8.257634,1.8259754,-10.906714
1355984512619,-1.1446631,4.359798,-5.84732
1355984512673,-1.2347548,-1.4586191,-0.28808165
1355984512699,-0.5145508,-8.272406,6.3532867
1355984512739,1.2012439,1.9945011,4.2025976
1355984512778,0.3365829,-6.131182,3.0841758
1355984512817,2.3655787,-1.2577276,3.1870766
1355984512857,0.65043235,0.7467952,2.921824
1355984512898,-0.53189564,0.22415972,3.1987672
1355984512939,-0.18952608,0.41852093,2.7492576
1355984512979,0.3291452,0.019854546,0.54012394
1355984513019,0.56265116,0.10827303,1.5007253
1355984513059,1.3231723,-2.063075,-0.35547924
1355984513099,2.7871308,-1.3721848,-0.8211111
1355984513139,2.6974554,-1.4563465,-1.6603373
1355984513179,2.2660007,-4.650876,-0.12027943
1355984513220,-2.4438796,-4.0590496,-1.0850943
1355984513260,-2.0503569,-5.8619366,6.967489
1355984513299,-4.7731414,-8.239786,-2.7547712
1355984513339,-4.048752,0.9364977,-1.8433464
1355984513379,-2.3249722,6.2019663,0.74305725
1355984513421,-0.16111517,6.760607,1.0780319
1355984513459,-3.0184205,5.91214,0.3340277
1355984513499,-3.600994,6.794246,-1.8098783
1355984513540,0.3177979,6.992974,-5.8990154
1355984513579,7.7264056,3.9605298,-10.17786
1355984513619,3.6744957,1.3534937,-11.195092
1355984513674,-0.13268077,-0.6672487,-4.476173
1355984513699,-0.99175924,-7.820306,6.4382977
1355984513738,-0.9724459,0.60188913,4.990773
1355984513778,-1.1820152,-4.656263,4.60867
1355984513819,0.36980033,-4.9403596,2.942877
1355984513858,2.828816,0.16429806,1.9823532
1355984513899,1.1529336,1.6968265,1.8120649
1355984513938,0.94173455,1.1583848,3.3513472
1355984513978,0.7024691,0.54077244,3.0843678
1355984514019,-0.32433772,-0.46484947,-0.2378757
1355984514059,1.2883325,-0.7923708,0.88836944
1355984514099,2.9266164,-0.9895859,0.619094
1355984514138,2.8439574,-0.30491447,-0.88636065
1355984514179,2.0621514,-2.9226513,-0.71221423
1355984514220,-1.0825717,-3.0597363,-0.804146
1355984514259,-1.7223067,-5.413681,6.767614
1355984514298,-3.8135095,-9.602499,-0.9199989
1355984514340,-5.231609,-1.2498064,-2.902221
1355984514378,-3.114474,5.383491,1.285351
1355984514419,-1.1122651,6.812294,0.9024086
1355984514459,-2.7637753,6.5997972,0.07652402
1355984514499,-4.6860514,7.3220806,-0.5468708
1355984514539,0.27784395,7.2281075,-5.3309803
1355984514578,8.629664,3.646451,-11.016128
1355984514619,2.7235518,1.973577,-10.301232
1355984514672,-1.1431952,0.66529083,-3.8750186
1355984514699,0.58319426,-8.684406,4.4720874
1355984514739,-1.7250828,0.88002825,4.218191
1355984514779,-0.8013449,-4.3932195,4.554509
1355984514820,1.7340031,-5.7472982,2.7760487
1355984514859,3.957808,-0.43686867,2.41921
1355984514899,0.22351313,0.9525366,2.1223965
1355984514939,-0.31198144,1.536037,3.3604083
1355984514979,0.19405079,1.165916,3.746831
1355984515019,0.050911188,-0.3959217,0.3350351
1355984515059,1.4173794,-0.27503586,-0.19233298
1355984515098,2.291418,-0.6385126,0.38582456
1355984515138,2.4432735,-0.4820223,-1.3397453
1355984515180,2.2604885,-2.2322493,-2.1110766
1355984515221,0.58746076,-3.2214565,0.5672962
1355984515258,-1.2822692,-3.8498688,6.0222254
1355984515299,-3.827059,-9.706732,-0.39864045
1355984515339,-5.905553,-2.936617,-3.411444
1355984515380,-2.8748631,4.5342,0.8571118
1355984515419,-1.7361557,5.8934717,0.34417346
1355984515459,-2.2689986,5.4948325,0.21556032
1355984515498,-3.3304656,6.658313,-0.6505782
1355984515538,-1.1450278,6.78543,-3.43154
1355984515578,5.362153,5.125119,-8.432459
1355984515618,5.212435,2.462912,-10.6857
1355984515671,1.4161861,2.308227,-6.1110506
1355984515699,-0.9209084,-4.480035,-1.4091313
1355984515738,-3.165761,-5.3857064,6.208152
1355984515778,-1.1621755,1.0116467,6.1727257
1355984515818,-0.47753608,-7.0785007,4.4804487
1355984515858,2.3804855,-5.3909564,2.149014
1355984515898,3.877111,1.3244257,2.0772681
1355984515938,1.1615617,1.520175,2.205737
1355984515979,-0.28774548,1.9914918,3.586217
1355984516018,0.1362958,0.43555307,3.100428
1355984516077,0.43009615,-0.024306297,0.28238773
1355984516097,1.6445806,0.15536594,0.5162221
1355984516138,2.5939064,-1.2689028,0.6731836
1355984516175,2.1884294,-0.8670578,-1.750215
1355984516204,1.020927,-3.8601074,-1.038096
1355984516246,-2.0559835,-3.3149052,0.013873696
1355984516287,-0.6909933,-3.84653,6.1513762
1355984516327,-2.762598,-9.602954,-3.565354
1355984516367,-4.4987173,-1.521841,-2.3803031
1355984516407,-2.4585567,5.2947364,1.0407276
1355984516447,-0.9798081,5.526882,-0.21095693
1355984516489,-2.4673376,6.4546194,0.19279632
1355984516529,-4.746021,7.4180026,0.11108518
1355984516569,-1.1175202,7.1822557,-3.0476398
1355984516609,6.326926,3.1883698,-9.163578
1355984516670,3.8357894,1.7857609,-11.0246935
1355984516689,-0.16697049,3.3508935,-4.7662535
1355984516729,-1.0749621,-7.664138,1.7592485
1355984516770,-0.10455525,-2.3957877,5.0127134
1355984516812,-0.17060268,-1.9912796,5.4727287
1355984516850,0.6521926,-6.8140903,3.2357419
1355984516891,2.896866,-1.0435767,2.6843576
1355984516930,0.231817,0.6375246,2.5540245
1355984516971,0.27426958,1.2452335,3.1108832
1355984517009,0.6829703,1.6619968,3.482395
1355984517050,0.5532074,0.20906162,-0.3442769
1355984517089,0.9718611,0.30321217,0.98304987
1355984517130,1.500586,-0.6300039,0.3604381
1355984517169,2.5539842,-1.515935,0.039723456
1355984517209,2.5673585,-1.0989742,-1.5514562
1355984517249,1.8380182,-3.6623201,-1.4413782
1355984517290,-0.9902203,-2.0265427,-1.1499314
1355984517329,-0.47066212,-4.731598,6.859873
1355984517369,-3.8701804,-9.242342,-0.178496
1355984517409,-5.8667192,-1.3317041,-3.1766944
1355984517451,-3.1052074,4.622731,0.053159058
1355984517490,0.021790028,6.5451126,1.1077902
1355984517530,-3.159309,6.5557337,0.457183
1355984517570,-3.9999633,7.6303797,-1.6112676
1355984517610,2.103768,6.2840443,-6.9644203
1355984517677,9.790169,2.1218872,-9.206284
1355984517691,0.46315384,1.2613239,-8.489452
1355984517729,-2.054343,0.8387699,-0.774948
1355984517769,-1.6188571,-8.971254,5.413369
1355984517809,-0.93282354,0.9068327,4.560053
1355984517849,-0.821658,-3.6464386,4.6883373
1355984517898,1.3785801,-3.614286,2.948777
1355984517927,1.9697037,0.5218725,2.2596476
1355984517967,-0.035538197,1.0188651,1.8114709
1355984518007,0.4548664,1.4123335,3.3988025
1355984518048,0.32264924,0.22182465,1.7301185
1355984518089,0.76550126,-0.61251736,-0.020531893
1355984518128,1.9537306,-0.64232826,-0.70728064
1355984518169,3.498464,-0.47942734,-0.5467541
1355984518208,3.0972934,-0.5618315,-1.4769447
1355984518252,1.2797704,-4.402978,-0.8198298
1355984518290,-2.4243937,-2.7720642,1.8978578
1355984518330,-0.8380203,-6.1660604,5.545927
1355984518368,-5.3246174,-8.139813,-4.5899897
1355984518408,-5.0572777,0.6675844,-1.063046
1355984518450,-3.0331645,6.1359043,1.2962525
1355984518490,-1.2703202,6.2484713,0.5326583
1355984518530,-2.7779806,6.852541,0.06017232
1355984518570,-3.3485007,7.5974646,-1.5615853
1355984518610,3.601539,4.7506485,-7.399764
1355984518674,7.536544,0.97737885,-10.075001
1355984518690,-1.1263624,4.067267,-6.9372854
1355984518735,-2.8390765,1.2578659,-2.6866295
1355984518771,-0.73313296,-9.858252,7.127632
1355984518809,1.2510606,1.6261401,3.7034261
1355984518851,1.0348034,-4.7610316,3.9634426
1355984518888,3.2634728,-3.6536121,2.191434
1355984518928,1.6094997,0.60072327,2.9431245
1355984518969,-0.35905242,0.10685587,1.9318709
1355984519008,0.45321608,0.2833557,3.2901785
1355984519048,0.95942473,1.2602358,2.0722299
1355984519088,0.12242603,1.1346178,0.4910351
1355984519128,0.45778084,-0.62658215,1.0760779
1355984519168,1.6154194,-0.9348726,0.415711
1355984519209,2.5556216,-1.6795034,-0.4946034
1355984519249,1.3434138,-0.40873337,-2.9909706
1355984519292,0.7606015,-4.0182705,-1.5028968
1355984519329,0.17260933,-3.002861,2.643347
1355984519368,-0.36871672,-4.5277576,6.848501
1355984519408,-5.0881453,-8.882168,-4.2067146
1355984519448,-4.7090774,-0.2075491,-2.2526326
1355984519489,-1.6568825,5.638095,0.80847436
1355984519529,-0.88679385,5.1841145,0.21106249
1355984519571,-3.54656,5.845964,0.49974018
1355984519609,-3.8984249,7.075693,-0.97379863
1355984519666,0.27221394,6.180608,-5.430076
1355984519689,7.370533,1.5424938,-9.221424
1355984519728,3.23316,1.1840839,-8.899315
1355984519770,-0.38619494,4.0437346,-4.3447547
1355984519809,-2.68011,-8.341951,5.342691
1355984519849,-0.95850825,-2.1546311,4.56824
1355984519888,0.65590334,-0.32464886,5.474019
1355984519929,1.5524733,-5.904126,2.6081128
1355984519969,1.3322685,-0.8009825,2.812838
1355984520019,0.34993863,1.1514902,2.9636931
1355984520059,0.27261472,0.4803071,3.545476
1355984520099,0.050602198,1.3723273,1.3716882
1355984520139,0.08860612,1.189323,0.49397826
1355984520178,0.9478328,-0.022306442,0.6670917
1355984520219,2.0700877,-0.3984251,-0.71112716
1355984520259,2.657362,-1.252306,-1.749161
1355984520299,2.336263,-2.1952095,-1.459384
1355984520339,-0.58479977,-4.5025396,-1.4331776
1355984520378,-1.7893674,-4.4405107,4.1172967
1355984520420,-0.70961785,-7.4373865,4.1186223
1355984520459,-5.545844,-3.626358,-4.440979
1355984520498,-4.183455,3.3990788,-0.48238945
1355984520538,-1.1445298,6.9744077,1.6656314
1355984520578,-0.8008449,5.8193493,0.6642289
1355984520619,-4.7008247,5.8487787,-0.2570668
1355984520662,-2.4050074,7.538453,-2.9146373
1355984520698,7.691822,4.8917947,-9.244948
1355984520738,6.070161,2.8205643,-11.890923
1355984520778,-1.3915219,0.24098873,-5.9852705
1355984520819,1.013252,-6.329171,1.7328069
1355984520858,-3.4697723,-1.7089529,3.932692
1355984520898,-0.88082016,-2.821414,5.8106594
1355984520937,-1.110097,-5.954543,4.3993773
1355984520977,3.3102732,-2.5833588,2.3417218
1355984521015,2.6484947,1.1017022,2.475264
1355984521044,0.95141554,0.57546043,2.0476985
1355984521086,0.50306964,1.4745831,3.2501767
1355984521127,0.7383578,1.1740012,1.1275995
1355984521167,1.2874823,0.5742769,0.49448574
1355984521207,1.6165068,-0.11122894,-0.11824906
1355984521247,1.6859043,-0.06106186,-0.21454704
1355984521287,2.1504595,-1.4685469,-0.52474314
1355984521327,1.5532615,-3.5661335,-0.24037558
1355984521367,-2.4035525,-2.7746725,-0.19453341
1355984521407,-1.1053805,-4.3597784,4.957796
1355984521448,-2.0760932,-8.480129,1.2861915
1355984521490,-5.12617,-2.288867,-3.3230872
1355984521529,-3.3427653,4.286898,0.17668721
1355984521571,-2.3895645,6.0204573,0.3037572
1355984521609,-1.8238304,6.6353674,0.42804387
1355984521662,-3.1039412,6.9251394,-0.93287086
1355984521689,-1.072774,7.1689453,-3.564912
1355984521728,4.723015,3.8050776,-7.571885
1355984521769,6.023767,-0.34250164,-10.471341
1355984521809,1.2820077,3.349801,-6.6104903
1355984521849,-1.2610282,-3.9615278,-1.1460323
1355984521889,-2.6868978,-4.9855366,7.1181993
1355984521933,0.5701554,-0.44513226,5.3862743
1355984521969,0.3696704,-6.937742,4.014917
1355984522010,3.0071032,-1.9028211,2.1264505
1355984522049,1.304785,1.4696345,2.066358
1355984522090,0.28143215,1.3559046,2.4030256
1355984522130,0.6592181,1.2097335,2.5190384
1355984522169,0.6540146,0.10781956,0.7512007
1355984522209,0.7506769,0.371562,0.61625755
1355984522248,1.1000066,-0.4640541,-0.14861238
1355984522289,2.8729324,-1.7317162,0.0121243
1355984522329,3.2143056,-0.7657242,-0.9239745
1355984522369,0.6126783,-3.866043,-1.1468537
1355984522409,-3.4011335,-3.0532122,1.537245
1355984522448,-1.08233,-5.5298033,6.2785406
1355984522489,-5.184672,-7.6940393,-2.8451257
1355984522529,-5.381021,-0.12599659,-1.149412
1355984522569,-3.352479,5.501804,0.7710092
1355984522610,-0.6403105,6.036052,0.6611306
1355984522661,-2.8710792,6.0118203,0.4366784
1355984522689,-3.4478385,7.2889194,-1.321904
1355984522728,2.2954443,6.7639437,-8.046202
1355984522769,9.06753,3.4238229,-11.099772
1355984522809,2.4306679,2.0153627,-8.645992
1355984522849,-2.1368287,-2.5346565,-2.069976
1355984522889,-1.9731686,-4.7167025,7.913838
1355984522927,0.105659366,-1.7919183,3.8796806
1355984522971,-0.3590516,-5.7585564,3.8057427
1355984523019,3.8789842,-2.7580109,1.8309131
1355984523060,1.7569661,0.37577915,3.417566
1355984523099,-0.7102634,1.5654888,2.9798863
1355984523138,0.11364937,1.8201847,3.5419073
1355984523178,0.36174417,0.1492567,0.87571025
1355984523218,1.0552008,-0.45457268,0.4489311
1355984523258,2.2331223,-0.6614075,-0.75023544
1355984523299,3.189343,0.16112328,-0.6967355
1355984523338,2.281815,-0.84321785,-2.1693382
1355984523378,-0.38662934,-4.6309204,-1.2975745
1355984523419,-1.9959763,-3.7513447,2.9032407
1355984523459,-0.06520343,-6.550787,5.4323683
1355984523500,-6.1376095,-6.2373047,-4.583994
1355984523541,-4.8075867,1.9148097,-0.1841318
1355984523579,-2.7786307,7.185196,0.750371
1355984523621,-0.79243135,6.9572806,0.9667214
1355984523664,-3.713111,6.7817583,0.44313508
1355984523700,-3.284834,7.0847855,-1.8647856
1355984523739,3.3793974,4.045836,-8.499784
1355984523781,6.820008,1.1299906,-10.790095
1355984523819,0.8007711,2.9823174,-7.8711576
1355984523859,-1.5620347,1.2180533,-4.1401186
1355984523900,-1.9157547,-9.346001,6.499381
1355984523940,1.0754107,-0.6334133,3.8821378
1355984523980,0.46435833,-5.9333773,4.710795
1355984524019,1.4445817,-4.2402096,3.7353177
1355984524058,1.6421652,0.030985355,3.3884728
1355984524098,0.7673421,0.7258067,2.4275274
1355984524138,1.3919756,1.5600872,3.604857
1355984524178,1.1029944,1.214037,1.5899986
1355984524219,1.0747182,2.1661787,0.74107313
1355984524258,1.3301549,0.60616493,1.0764422
1355984524299,2.3042808,-0.11968517,0.27597344
1355984524338,2.6335897,-1.2944841,-0.27538514
1355984524379,1.4543037,-0.921011,-1.8731177
1355984524420,0.92884684,-4.96089,-0.6381801
1355984524461,-2.4815173,-3.536994,0.9167224
1355984524500,-1.0130291,-5.6222916,5.671852
1355984524540,-4.0576463,-8.281012,-2.8802323
1355984524579,-4.7110825,1.0428829,-1.0804229
1355984524620,-3.6261897,5.6049757,0.33472204
1355984524663,-1.9067917,5.504539,0.3468644
1355984524701,-3.4162123,6.075279,0.6903971
1355984524739,-3.4525886,7.5101666,-1.5259113
1355984524780,2.2812996,6.5569606,-6.2632375
1355984524820,8.716419,3.4761539,-9.236005
1355984524860,1.2408121,1.7596827,-9.132625
1355984524900,-1.9533137,1.5515561,-3.258196
1355984524940,-1.4149896,-9.461055,6.7690334
1355984524978,0.57414997,0.59841204,3.0879576
1355984525029,0.8576853,-2.480557,4.442672
1355984525067,2.9975042,-3.0212493,3.302205
1355984525107,0.47485042,-0.04698038,2.9845974
1355984525147,-0.46839905,-0.601161,2.3951006
1355984525187,0.64442563,1.0512671,2.0302145
1355984525228,0.8240464,1.5868449,1.6386228
1355984525268,0.55623126,0.75165176,1.1021259
1355984525308,0.5697856,0.36671257,-0.08507407
1355984525348,1.3751173,-1.0316153,0.0489915
1355984525388,2.6097555,-2.337925,-0.8394666
1355984525429,1.9862018,-1.6180305,-2.7163846
1355984525469,2.5823064,-4.8562374,-0.16863692
1355984525512,-1.3480237,-2.2447262,0.25351527
1355984525548,-1.1680262,-5.8056564,6.3670983
1355984525588,-3.5067656,-8.703081,-2.0142918
1355984525629,-3.273482,-0.9533539,-2.7866378
1355984525670,-2.621879,5.216748,0.43824655
1355984525708,-2.7748213,5.3200216,0.64847505
1355984525749,-3.7448297,5.242304,1.7344254
1355984525787,-4.645309,6.639089,-0.518631
1355984525828,-0.9364381,7.1499248,-5.6869326
1355984525865,8.358072,4.676767,-10.448635
1355984525906,3.9621263,2.7960324,-12.687466
1355984525947,-0.5390544,4.763227,1.1838056
1355984525989,-2.1984818,-5.808552,1.2303705
1355984526029,-2.168348,-6.0893173,3.8676372
1355984526072,0.5241635,-2.484302,5.2114935
1355984526110,2.6847281,-4.950387,3.5129097
1355984526149,2.4593697,-0.8141875,3.7965033
1355984526189,-0.75345886,0.47912264,0.93463683
1355984526229,0.190902,1.1940765,2.3106022
1355984526268,1.3722334,0.8767681,2.454149
1355984526309,1.4794409,1.6765785,0.8203114
1355984526349,1.3917923,0.43081093,0.77265775
1355984526388,1.6716142,-1.2878036,-0.056172013
1355984526429,2.5403914,-0.8538904,-0.21537697
1355984526469,2.1265383,-0.5908613,-1.6520572
1355984526509,0.70693064,-3.5311165,-0.7672894
1355984526550,-2.6569386,-4.2092896,2.1884189
1355984526590,0.07904959,-7.7904644,6.518339
1355984526630,-4.7724013,-7.960127,-5.2285843
1355984526669,-3.574137,0.16388893,-1.009455
1355984526709,-2.7458048,5.61977,-0.0021765232
1355984526750,-1.808496,6.775915,2.1115577
1355984526790,-4.280928,6.2053604,0.45815015
1355984526829,-4.139368,7.8303776,-1.4098709
1355984526871,2.0538192,6.5295353,-7.630499
1355984526909,8.394015,2.0513067,-12.134798
1355984526951,-0.34096932,1.8790922,-6.368227
1355984526995,-0.42472422,-1.242238,-2.7281191
1355984527029,-1.8283148,-7.6870832,6.40946
1355984527070,-1.1837916,1.1053715,4.7363005
1355984527110,0.81256354,-4.679781,4.023328
1355984527148,3.5484014,-4.145383,2.2348838
1355984527189,2.1416237,0.4892006,3.1593633
1355984527229,-0.38449228,1.2218213,2.5661223
1355984527270,0.43161535,0.81999636,2.6408591
1355984527309,1.3848746,0.970366,2.1180809
1355984527349,1.0240924,0.7586341,0.12866724
1355984527388,1.0835643,0.092638016,0.1908418
1355984527429,1.8349123,-0.4796524,0.45146596
1355984527469,2.757813,-1.0264292,-0.5269454
1355984527508,2.683672,-1.9733448,-1.1150985
1355984527549,-0.4829402,-3.8359613,-1.3341366
1355984527590,-3.143848,-3.4021044,2.925229
1355984527632,-0.8716738,-6.493269,4.084537
1355984527669,-5.0003424,-4.8708715,-4.2892103
1355984527711,-4.245046,2.224567,-0.5482595
1355984527750,-1.7446461,5.9013295,0.62633085
1355984527791,-1.1356683,5.793186,0.95950097
1355984527829,-4.0909843,5.7758584,-0.13648528
1355984527870,-3.1800463,6.954151,-1.3801408
1355984527908,1.7373667,5.496608,-7.325539
1355984527949,8.513401,0.8696785,-10.227519
1355984527989,1.5253992,2.0931873,-7.6491866
1355984528030,-2.1528475,3.0618367,-1.5914701
1355984528071,-1.6374493,-9.554853,5.593535
1355984528108,0.12149572,-1.871428,2.886426
1355984528148,1.6926553,-2.431656,5.010234
1355984528188,2.9589796,-4.7218223,3.3056574
1355984528229,1.6778855,-0.23293495,4.017044
1355984528269,-0.98966634,-0.64382696,2.1543229
1355984528309,-0.13601995,-0.004518032,1.6673121
1355984528350,0.53810716,2.1370015,2.5948482
1355984528388,0.6208632,1.313736,1.8141359
1355984528429,0.34741473,0.41340065,0.55623794
1355984528468,1.8097908,-0.5913515,-0.14343
1355984528509,2.937595,-0.8209219,-0.48632145
1355984528548,2.1016889,-0.7967081,-1.7635891
1355984528589,1.6476426,-4.5458336,-0.9875464
