1355984830770,0.0,0.0,0.0
1355984830772,-0.040823698,0.040823936,0.040824115
1355984830805,0.109110594,-0.1499443,-0.109110415
1355984830834,2.3841858E-4,0.08159065,0.5852778
1355984830870,1.4066696E-4,8.4877014E-5,-0.45066375
1355984830908,-0.082166195,0.16403961,0.7313984
1355984830947,0.10773277,-0.14913368,-0.6225963
1355984830989,0.03887415,-0.10901165,0.59496135
1355984831029,-0.23430419,0.12156963,0.1351363
1355984831069,-0.08486438,-0.028590202,-0.10875839
1355984831109,-0.12440562,-0.15063572,-0.24546659
1355984831149,-0.18785906,0.0823946,-0.2588951
1355984831188,0.0110292435,-0.1466999,0.31801984
1355984831229,-0.017956734,0.17007256,0.2748018
1355984831270,0.11841774,-0.016685486,0.38499886
1355984831308,0.15866232,-0.20390797,0.23443195
1355984831349,0.018133879,-0.051237106,0.41717446
1355984831388,-0.01904416,0.01998043,0.16761595
1355984831429,0.019846916,0.064964294,-0.0920347
1355984831469,-0.09477925,0.11039829,-0.5886965
1355984831508,0.088869095,-0.11739254,-0.38864002
1355984831549,0.23209572,0.116093636,0.013199508
1355984831589,0.076303005,0.115927696,-0.41261393
1355984831628,0.13786745,-0.15870953,-0.42609224
1355984831668,0.10222626,-0.03987789,-0.24766928
1355984831709,0.20027113,0.1468172,-0.289585
1355984831749,-0.23528028,-0.08787823,-0.47425562
1355984831808,-0.16780066,-0.08986664,-0.38305163
1355984831829,-0.3022871,0.14095402,-0.5219723
1355984831869,0.11409545,0.14124966,-0.36036325
1355984831909,0.5787544,0.10047531,-0.45639598
1355984831950,-0.10996556,0.47963905,-0.020321667
1355984831987,0.62995625,0.13219357,-0.8102158
1355984832030,1.0761604,0.15932655,-1.3957734
1355984832069,1.2217758,0.47890043,-1.7993784
1355984832111,1.7529664,0.41046333,-1.4520597
1355984832149,0.8367386,-0.34474468,-1.6229491
1355984832190,0.5814872,0.1498642,-0.7673032
1355984832230,1.0168381,1.3388944,-0.7914746
1355984832270,0.4059868,1.9559822,-1.2665689
1355984832311,0.3356495,2.3692083,-1.3391595
1355984832350,0.577826,2.5505538,-1.6236556
1355984832390,1.1106248,3.349791,-2.2127042
1355984832429,1.6202502,3.349989,-2.8811753
1355984832471,2.3963141,2.8170037,-3.0708914
1355984832509,0.65740395,2.6531382,-4.154192
1355984832549,-2.992958,0.08563423,-2.7261848
1355984832591,1.0427289,-4.8545346,2.9087071
1355984832629,-2.8575153,-2.8317533,3.487092
1355984832672,-2.5423563,-5.7862577,4.5282807
1355984832709,0.75702477,-4.1497116,3.7204554
1355984832750,-0.39186907,-0.5528226,3.3088298
1355984832812,-2.1765635,-0.86708736,3.2704341
1355984832831,-2.3118358,-0.042206764,3.6843638
1355984832871,-1.4063482,0.42795086,3.2479753
1355984832908,-0.47874784,-0.64878845,2.610478
1355984832950,0.44301176,-0.34373713,1.8975178
1355984832990,0.7566838,0.106565475,1.4910063
1355984833030,1.6368833,-0.90252495,1.5048689
1355984833069,1.9286938,-0.53606415,-0.1938448
1355984833108,2.9485617,-1.4276295,-1.1278
1355984833151,2.2308893,-3.4615917,-2.391273
1355984833190,-0.8215046,-1.8923216,1.8116287
1355984833231,-1.0381317,-4.590831,2.6062226
1355984833270,-3.6584768,-5.9463654,-4.7221603
1355984833310,-4.4192963,0.83956623,-0.4471289
1355984833351,-1.2380929,5.3575053,-0.10111773
1355984833390,-1.455822,4.9336534,-0.62680817
1355984833430,-3.850057,4.7246785,-1.0675173
1355984833470,-4.0404196,6.533392,-2.865353
1355984833513,2.0603132,6.8397045,-7.1875806
1355984833550,8.731884,4.642928,-9.117846
1355984833590,3.511188,3.317593,-6.663319
1355984833630,-4.1866283,2.314764,-2.0236988
1355984833669,1.9451282,-11.278731,6.0771303
1355984833711,-1.0762808,-0.97884226,3.4621725
1355984833769,-0.8336823,-4.4591923,5.079377
1355984833835,0.8930192,-2.8445382,5.237171
1355984833836,-1.4586806,-0.94995546,2.8706164
1355984833854,-1.8071518,-0.79074764,1.7797084
1355984833889,0.27394867,-0.18226671,2.4546494
1355984833915,1.077147,0.16736698,1.9171689
1355984833956,1.3349314,0.33956623,1.8421783
1355984834000,0.39115715,-0.7800617,2.3712249
1355984834037,0.3107643,-1.0486403,0.21882689
1355984834079,1.6830051,-0.83244896,0.7364442
1355984834118,3.5998676,-0.8037634,-0.57582384
1355984834159,4.080862,0.3415537,-1.3052083
1355984834199,1.9271502,-2.0501823,-0.47832474
1355984834240,-2.6051946,-3.443822,1.0168648
1355984834281,-1.7101285,-7.9748974,1.9799162
1355984834319,-3.673997,-5.423357,-5.0097246
1355984834361,-3.6587682,2.429616,-0.2670191
1355984834400,-2.6842859,5.569503,-0.026014924
1355984834440,-3.4034128,4.764519,-0.31735384
1355984834481,-5.3156967,5.0290008,-0.37837285
1355984834521,-3.3483315,6.8042593,-2.41619
1355984834560,4.142565,6.7049484,-7.8247333
1355984834600,8.16745,4.4140577,-9.6439
1355984834641,0.04426694,3.7302294,-4.5507784
1355984834686,-2.8612406,-2.1227808,3.3481169
1355984834719,-2.1728635,-10.349333,4.4139214
1355984834759,-0.44165325,-1.36274,5.252469
1355984834810,1.6915169,-3.895204,3.6355968
1355984834829,1.7134871,-2.224174,4.192716
1355984834869,0.99630666,0.02025032,2.0327287
1355984834908,-0.38308668,0.16947365,1.8730351
1355984834949,0.6843724,0.86916304,2.959607
1355984834989,1.3065038,0.54848385,1.7249522
1355984835029,1.4519072,-0.2980547,0.13505542
1355984835069,1.6841674,-0.40795898,-0.40359306
1355984835110,3.1491525,-1.0090685,-0.48722285
1355984835150,3.9752934,-0.79951096,-1.4082301
1355984835190,1.826983,-2.4862938,-0.3987354
1355984835231,-1.7679403,-3.2319965,2.9362743
1355984835270,-1.2748437,-9.329003,0.4523303
1355984835311,-4.3530374,-4.9736996,-5.312166
1355984835349,-3.9357076,2.9897947,0.42286044
1355984835391,-2.53954,6.5235434,0.77151495
1355984835430,-3.6993241,5.1896667,0.28709355
1355984835470,-6.043293,5.7575088,-0.009079158
1355984835510,-3.3741944,6.289032,-3.6556473
1355984835550,7.849494,4.102629,-8.601413
1355984835589,6.0200295,2.948516,-10.791742
1355984835629,-1.5318261,1.129437,-4.996421
1355984835670,0.2983489,-7.028116,4.730724
1355984835711,-2.215313,-1.9591804,4.0237722
1355984835751,0.22133803,-4.2910247,4.485731
1355984835815,2.3761525,-3.3279958,4.442711
1355984835831,1.0682054,0.37469292,2.89016
1355984835871,-0.89415884,0.5395651,2.7053833
1355984835909,0.7296438,1.3626275,4.30581
1355984835950,0.942332,1.9602008,1.9704614
1355984835989,0.9102943,0.06275463,0.88043535
1355984836030,1.3832047,-0.5936489,0.8073106
1355984836070,2.505707,-0.6689186,-0.11883247
1355984836110,4.3021812,-0.54548454,-0.35262525
1355984836148,4.509743,-2.357936,-0.14481282
1355984836189,0.13284683,-2.5804138,-2.6529217
1355984836230,-1.5398166,-4.8166304,5.3835826
1355984836271,-1.1397822,-7.8697796,-1.8610889
1355984836310,-5.499179,-1.9923801,-1.8919773
1355984836350,-5.508825,4.809254,0.41666758
1355984836513,-2.372647,6.6350274,0.6466075
1355984836516,-3.4825392,5.2544026,-0.0848203
1355984836518,-6.0207143,5.3796344,-1.4117479
1355984836519,-1.4017901,6.6559787,-7.09123
1355984836558,10.777062,4.1790013,-9.768095
1355984836598,1.5629168,2.4542513,-8.393589
1355984836641,-1.7272346,-8.079777,2.740383
1355984836679,-1.9812928,-1.5465908,4.13887
1355984836719,0.53126717,-2.0672646,4.813783
1355984836759,0.047330856,-6.79523,3.5332794
1355984836813,2.2665052,-1.6463695,2.465957
1355984836840,2.0690246,1.643765,1.6199796
1355984836879,1.5871644,1.5807147,2.3732088
1355984836921,1.2870595,1.1409445,3.7406988
1355984836959,0.71887946,-0.15307236,0.6846968
1355984837000,1.3639126,-0.15359592,0.6614908
1355984837040,1.6968143,-0.24314022,1.0010995
1355984837080,1.8627708,-1.0678377,0.33911163
1355984837121,1.7981839,-2.5782795,0.08304542
1355984837160,0.76299715,-3.1811085,-2.0677073
1355984837201,-1.6148248,-3.3421326,3.5533044
1355984837239,-1.7763112,-7.1973715,-0.46764803
1355984837281,-4.7544694,-2.8659582,-4.5711346
1355984837319,-5.233358,2.5435205,0.08258045
1355984837359,-1.1333249,5.723981,0.5165785
1355984837400,-1.5068502,4.1990323,0.028568655
1355984837439,-4.9577374,5.216611,-0.25265265
1355984837480,-3.1725414,7.1350718,-3.3290465
1355984837519,4.3314,5.80685,-8.556463
1355984837560,9.0935,2.875968,-9.382864
1355984837600,-0.27999473,1.6049771,-6.051452
1355984837644,-2.357998,-6.4169025,4.7911367
1355984837681,-2.0037625,-7.275467,5.0425277
1355984837720,0.27000332,-1.8981204,5.3012342
1355984837762,0.48363233,-4.998154,4.038861
1355984837817,0.98938584,-0.6840124,3.2227442
1355984837840,1.224638,1.5694747,2.7762806
1355984837879,0.73135424,1.4175692,3.2243123
1355984837917,0.7947483,0.71892023,1.8625464
1355984837957,1.5146456,1.2842607,0.6760435
1355984837997,1.7292931,-0.050453186,1.7109764
1355984838037,1.6026924,0.30469036,0.55043346
1355984838077,2.5154765,0.026471138,-0.19500405
1355984838117,2.3112197,-1.3907757,-1.7107091
1355984838161,1.0026221,-3.834547,-1.5022373
1355984838199,-1.3868816,-4.057399,4.031157
1355984838241,-0.09219074,-7.150174,3.4574993
1355984838279,-4.2144613,-5.3276587,-5.3880973
1355984838320,-4.8833055,3.761355,0.52764004
1355984838360,-1.2605727,7.2581015,-0.0034567714
1355984838400,-2.640318,5.3345833,0.4186293
1355984838440,-5.9032803,4.7058296,-0.458987
1355984838480,-4.613138,6.552,-3.6301737
1355984838521,7.7796416,5.204277,-9.745385
1355984838559,6.950411,2.9644876,-9.711179
1355984838601,-1.3377644,1.9579368,-3.7790194
1355984838639,-0.49366832,-8.288819,3.546163
1355984838679,-2.8688378,-3.3231544,2.3175545
1355984838719,-0.13364935,-2.3349872,5.2860384
1355984838759,1.5213804,-5.790203,4.2804523
1355984838812,1.6590586,-0.21022892,3.5998125
1355984838839,-0.82963085,0.26279736,0.85256004
1355984838879,0.2347076,0.25490665,2.5518584
1355984838918,0.879066,1.5837312,3.5861201
1355984838958,1.8004639,1.4244828,-0.056548715
1355984838999,1.9597108,0.9646869,0.45986342
1355984839039,2.1788325,0.08683491,-0.0045204163
1355984839079,2.5326598,-0.20999146,-0.6836982
1355984839121,3.456515,-2.12541,-0.6983967
1355984839161,0.7137513,-3.4201136,-1.1595556
1355984839200,-0.8160827,-4.5219984,5.6632977
1355984839240,-1.0693069,-9.459908,-0.09019658
1355984839280,-4.8601837,-2.915123,-3.118077
1355984839320,-4.0017333,4.1575074,0.036534965
1355984839360,-1.7178454,6.199809,0.10847332
1355984839401,-4.009301,5.5707088,0.3562218
1355984839439,-6.295095,6.2293234,-0.91368794
1355984839481,-1.4153562,7.23123,-5.0305514
1355984839519,8.562083,3.648521,-8.553075
1355984839560,5.299273,2.9979162,-9.372476
1355984839599,-2.074004,4.0911016,-5.130609
1355984839639,-3.1365402,-6.0859222,5.5691247
1355984839679,-2.3280103,-7.298662,3.9767451
1355984839719,1.4570954,-0.9343028,4.803583
1355984839759,3.51128,-3.4405842,3.4505112
1355984839813,1.9370599,0.3646474,4.41289
1355984839839,-1.3112166,0.175663,0.90598226
1355984839878,-0.10499716,-1.1190014,2.92844
1355984839919,0.6395297,1.10183,3.7590044
1355984839957,0.5788338,0.8117418,0.86697394
1355984839997,1.2009666,-0.77040195,1.0904777
1355984840037,2.635133,-0.32015896,0.35765946
1355984840077,3.7464504,-0.13321495,-0.70693314
1355984840127,2.9092264,-2.0603476,-1.8033893
1355984840169,-0.35200167,-2.910966,-0.13329427
1355984840209,0.22430372,-4.668088,4.7238684
1355984840252,-1.718147,-10.219158,-3.5972905
1355984840290,-5.5146003,-3.402608,-3.8922296
1355984840330,-4.4302287,4.7919564,0.3210849
1355984840370,-1.5046256,6.343547,0.03783381
1355984840410,-4.2903666,5.426251,0.15410519
1355984840451,-6.86777,6.150992,-0.9065648
1355984840489,-1.5327823,7.8365307,-4.6563473
1355984840530,9.176419,4.227673,-9.476414
1355984840569,3.5303388,2.2175374,-10.1363125
1355984840609,-2.769267,4.056363,-2.3834248
1355984840652,-0.08526635,-9.268277,5.029006
1355984840689,-0.82528794,-3.7240214,3.1846542
1355984840731,0.101846695,-3.2050605,4.82961
1355984840769,2.4379046,-4.60119,4.4851937
1355984840816,1.0113373,-0.016422272,2.9634771
1355984840850,-0.51033473,1.2700844,1.7750502
1355984840890,0.69913936,0.6850772,3.5457296
1355984840930,1.287786,0.89991474,2.7108543
1355984840970,1.5396776,0.5054145,-0.32158208
1355984841010,1.5367475,0.17039585,1.3900714
1355984841049,1.6345055,-0.61668396,1.0322546
1355984841091,2.5790641,0.16863728,0.4186247
1355984841129,2.5494742,-1.4823074,-0.8912653
1355984841169,1.1311054,-3.800414,-2.2080686
1355984841211,-1.1285195,-4.4714766,5.7462554
1355984841249,-0.80099845,-9.991114,-1.0146284
1355984841291,-4.5880814,-3.8235092,-5.0679393
1355984841329,-4.4981823,3.5907974,-0.34139
1355984841370,-1.9835291,6.6711397,-0.1827654
1355984841409,-2.1916459,6.499359,0.46172
1355984841450,-5.9924726,5.5033445,-0.5548644
1355984841490,-3.1472406,7.294215,-3.0841448
1355984841556,5.6398516,6.1114383,-7.948299
1355984841570,8.604206,3.344993,-9.310519
1355984841611,-1.4841748,1.169476,-5.83754
1355984841650,-0.76844573,-9.6336975,4.5793095
1355984841689,-3.3140717,-2.4060078,3.86548
1355984841728,-0.6499748,-2.8922172,5.32681
1355984841768,0.08725381,-5.790459,4.594663
1355984841815,2.4824705,-1.1307955,2.78186
1355984841849,1.2182221,1.4680085,1.768024
1355984841889,0.8656001,1.0468059,2.9948862
1355984841929,0.916811,1.3745403,2.6521761
1355984841968,1.6746278,0.76754475,-0.117747545
1355984842008,1.7895501,0.999176,1.5001634
1355984842049,1.3366246,0.2172575,-0.08732098
1355984842089,2.3300734,-0.43442726,0.3458581
1355984842128,2.4571006,-0.48135376,-1.5592687
1355984842169,1.9247756,-4.0845537,-1.3098022
1355984842210,-1.8125112,-2.6821737,-0.92603034
1355984842249,0.19849634,-5.7008553,5.68966
1355984842290,-2.939715,-7.056571,-5.518669
1355984842329,-5.4252853,-0.81272125,-1.410059
1355984842371,-3.442817,5.308183,0.4342097
1355984842414,-0.3556018,6.1046543,0.68979335
1355984842450,-5.560138,4.770785,0.19403008
1355984842489,-5.2489996,6.033917,-1.9880693
1355984842530,1.3197947,7.2189703,-7.013911
1355984842570,10.074921,5.5683055,-8.908343
1355984842610,1.2027056,1.249382,-8.222828
1355984842650,-1.5906298,-5.2177687,0.17233503
1355984842690,-1.2401713,-4.5005803,4.676252
1355984842730,-1.0741411,-0.91782093,4.6352844
1355984842769,-0.5583911,-5.914393,4.396537
1355984842815,2.052249,-2.639978,3.5863
1355984842849,1.0407615,1.1678295,2.383534
1355984842888,0.5667045,1.1522727,2.4120035
1355984842929,1.1172743,0.90583134,3.8363023
1355984842969,1.2822387,0.40902233,0.5006386
1355984843009,1.4110434,0.44074488,2.5919044
1355984843049,1.137397,-0.62003994,0.45841777
1355984843089,1.7612457,-0.73066425,0.7635774
1355984843129,2.613499,-0.01239872,-2.5403905
1355984843170,2.545918,-2.5434227,-1.563286
1355984843212,0.11975193,-2.4173012,-0.16736561
1355984843248,1.0701118,-5.068367,6.5982466
1355984843290,-3.190372,-9.420641,-6.139868
1355984843330,-5.282576,-1.5715113,-2.5788324
1355984843369,-4.0207343,5.24414,0.25233606
1355984843411,-1.737494,5.885766,0.5033773
1355984843451,-4.6726427,5.21954,0.46727255
1355984843491,-5.281138,5.9219203,-1.36797
1355984843529,0.754374,7.1643047,-5.93866
1355984843570,10.216558,4.8323054,-8.662148
1355984843611,2.484565,1.4568405,-8.786986
1355984843649,-3.2554717,-2.6122465,-1.2021142
1355984843689,0.50591874,-6.703124,6.802175
1355984843729,-0.671268,-1.3319125,3.8200192
1355984843770,-0.44996667,-4.390692,4.4840145
1355984843815,1.9730697,-3.3711863,3.7217097
1355984843849,1.934866,0.80165577,2.5428686
1355984843889,-0.3478787,1.2358932,1.294739
1355984843929,0.64501643,1.2603683,3.337481
1355984843986,0.788605,1.3372412,2.5310717
1355984844007,0.29204845,0.56624174,0.73236
1355984844048,0.98684835,-0.5040226,0.8368983
1355984844085,1.9538083,0.005578041,1.2826347
1355984844114,2.8527756,0.19601154,-0.40077537
1355984844156,3.1786113,-1.8213615,-1.6185582
1355984844198,0.27326488,-3.5507383,-1.8117402
1355984844238,-1.5606697,-3.791957,4.6514597
1355984844280,-0.7467556,-8.772307,-0.31893486
1355984844328,-4.4381876,-3.20957,-4.3703527
1355984844371,-4.852542,4.7184787,0.38551164
1355984844421,-0.74936485,5.807849,-0.25526735
1355984844458,-3.9060912,5.3557153,-0.3003607
1355984844501,-4.5750794,6.136948,-2.2099695
1355984844539,0.14921713,6.798998,-6.063571
1355984844580,9.057146,5.095355,-8.75869
1355984844619,4.243248,1.711523,-8.757799
1355984844660,-1.4202139,-2.4243765,-1.3999172
1355984844699,-0.66529346,-7.654428,5.8913116
1355984844743,-1.2593277,-0.6264324,4.8029833
1355984844779,-0.6167948,-5.402994,4.8505855
1355984844818,1.6320553,-3.326108,4.147198
1355984844858,1.0549331,0.52772045,2.2527413
1355984844899,0.010245562,0.2622018,2.3617651
1355984844939,0.5436933,1.4831476,4.062634
1355984844979,0.30784416,2.206407,1.8318164
1355984845018,0.53867245,-0.085074425,0.9849485
1355984845059,0.97705626,0.18814659,0.67978144
1355984845099,1.978775,-0.46846962,0.27522883
1355984845139,2.999248,0.07210541,-0.9452932
1355984845179,2.713848,-2.7634363,-1.3887349
1355984845219,-0.00917387,-3.2364082,-2.049094
1355984845259,-1.1634438,-3.6342134,4.443452
1355984845299,-0.43512583,-8.608167,-0.1696605
1355984845339,-4.3577137,-3.4620733,-5.149092
1355984845381,-5.1290274,3.5724068,0.38519597
1355984845420,-1.857677,5.420974,-0.07243359
1355984845459,-2.1016161,5.516054,0.06393354
1355984845500,-5.271039,5.856699,-0.7503238
1355984845539,-2.4663897,7.210471,-3.4880593
1355984845580,7.295475,6.326733,-9.026735
1355984845620,8.840254,4.327924,-10.093163
1355984845660,-0.5279641,4.2814546,-3.1570153
1355984845703,-4.4527097,-2.1722727,-0.0020760298
1355984845739,-0.8043058,-8.6424465,4.5887194
1355984845780,0.9420624,0.15298033,5.1902685
1355984845820,1.6169028,-5.7083416,4.0007887
1355984845845,1.6132679,-2.3772607,5.249329
1355984845886,-1.2513177,-1.0210567,3.6962996
1355984845927,-1.4916136,-1.0120015,2.3887591
1355984845969,0.42547584,0.46367455,4.0871468
1355984846009,0.3020897,0.47202682,1.5381105
1355984846049,0.14275646,0.58337927,1.6007698
1355984846089,1.0316358,-0.6442442,1.1080952
1355984846129,2.2118986,-0.90539074,0.05859208
1355984846169,2.9115274,-0.51447487,-0.38702345
1355984846209,1.7445762,-1.8369827,-2.7627544
1355984846249,1.8576775,-3.4728193,-1.5370047
1355984846289,-0.6580436,-2.2423735,2.0732553
1355984846329,-0.044652462,-5.270525,4.0202847
1355984846370,-3.5094333,-7.344783,-6.7118363
1355984846411,-4.0356245,1.7643161,-0.017474532
1355984846449,-1.6273329,5.08908,-0.43106455
1355984846490,-1.0512338,4.9167275,-0.49055672
1355984846530,-4.4240537,5.2311788,-0.5156383
1355984846570,-4.4641166,6.0903254,-1.8335928
1355984846611,2.2590756,6.5041037,-7.7296343
1355984846651,11.114463,3.6489005,-7.9382563
1355984846689,0.981719,2.114406,-5.466739
1355984846747,-3.9791706,-2.6910496,1.6638163
1355984846781,-3.1518974,-8.488617,3.5938735
1355984846820,0.33364654,-2.2584443,5.2055454
1355984846857,0.87586236,-3.9956326,3.8773892
1355984846888,1.1129818,-0.5901847,4.0783024
1355984846927,0.113175154,0.6493783,3.8411624
1355984846969,-0.4561603,0.28561783,2.4799867
1355984847007,0.028618097,0.046281815,2.895142
1355984847047,0.42197824,0.90291977,0.69341373
1355984847089,1.2023396,0.32583046,2.5430446
1355984847129,1.2933264,-0.15159512,0.36668128
1355984847169,2.6264586,-0.38886642,0.86902636
1355984847209,2.4062157,-0.33123684,-1.3895178
1355984847250,2.5651312,-2.8303823,-1.9049232
1355984847290,-0.29931736,-2.7151012,-1.9225934
1355984847330,0.74272585,-3.91778,7.476812
1355984847371,-1.2620358,-8.423706,-1.3173901
1355984847409,-5.057512,-2.9625702,-4.065275
1355984847450,-4.026751,4.632152,0.15456477
1355984847489,-0.86790895,6.0212765,0.14037646
1355984847530,-2.7825153,5.46434,-0.20974845
1355984847569,-5.5272,5.5953836,-1.312402
1355984847610,-1.4107265,6.918044,-6.0510087
1355984847650,9.20535,3.9624667,-8.826822
1355984847690,4.5565767,2.2304935,-8.069763
1355984847731,-2.6394482,-1.1213789,-4.2622747
1355984847769,-0.50644493,-7.2886133,6.058401
1355984847823,-2.4871476,-1.9229994,4.667139
1355984847849,-1.1333005,-4.756315,4.7954693
1355984847889,1.9856901,-3.1674018,4.07895
1355984847927,1.0126157,0.9904251,1.9161782
1355984847967,-0.7461169,1.0419722,2.365894
1355984848007,1.038352,0.8765435,3.8919382
1355984848047,0.99233603,0.26754713,-0.090661764
1355984848087,1.6012642,0.93033695,2.6957746
1355984848127,1.1559422,0.26892185,0.96796596
1355984848167,2.0921602,-0.5261488,0.8631653
1355984848208,2.8341424,-0.1535778,-0.7276718
1355984848249,1.9855795,-1.8213043,-2.3787956
1355984848289,1.2513967,-2.6843739,-1.7294582
1355984848331,-0.5664499,-2.2456226,3.1747453
1355984848371,0.27991295,-6.618972,1.8353142
1355984848412,-5.1314836,-5.3724356,-5.3321776
1355984848449,-5.4071636,2.8303752,0.732166
1355984848491,-2.7272708,5.7061863,0.55689466
1355984848529,-1.996129,4.9252915,-0.17787468
1355984848570,-5.101976,4.1482,-1.0163443
1355984848609,-3.707496,7.1153426,-3.5132034
1355984848650,7.504239,6.0034204,-9.079593
1355984848690,7.607939,2.5964909,-9.553816
1355984848730,-3.5594168,0.6852665,-3.8800182
1355984848771,-0.06081438,-5.5587196,3.6740012
1355984848830,-0.92704034,-4.16786,3.191896
1355984848849,-1.2613312,-3.9124002,4.6885
1355984848889,-0.15277958,-4.9998474,5.1796255
1355984848928,0.7629757,-0.7692566,3.7494695
1355984848969,-0.20989752,0.25731277,1.6950177
1355984849008,1.3824825,0.835268,3.3388116
1355984849049,2.3470101,1.5885186,3.213594
1355984849089,2.036228,1.4381347,-0.21670175
1355984849140,1.857868,1.2276387,2.0050023
1355984849168,0.7795179,0.3066244,0.34410048
1355984849209,1.1255715,-1.5651007,1.1890106
1355984849249,1.7520308,-0.7396288,-0.89393795
1355984849289,2.5558066,-2.0396109,-1.9300905
1355984849329,0.18705988,-1.9030523,-1.6531056
1355984849368,-0.6979685,-3.6227713,5.605958
1355984849411,-1.5950089,-8.263807,-1.8087927
1355984849450,-5.138439,-1.563446,-2.6353214
1355984849490,-3.5635157,4.252439,0.24439663
1355984849530,-0.8780198,6.0380297,-0.13927832
1355984849571,-3.7891831,5.094649,-0.62885576
1355984849609,-5.294886,5.8249464,-2.0810523
1355984849650,-0.1578598,6.3612022,-6.7991066
1355984849689,9.276369,3.8197765,-8.921354
1355984849730,3.8049264,1.5714455,-8.089743
1355984849770,-2.8918357,0.8194647,-2.3719826
1355984849826,-3.0200894,-10.165528,3.9381385
1355984849850,-1.0591965,-1.2877221,5.0306263
1355984849888,0.16813016,-3.245162,5.048572
1355984849928,2.1280813,-5.1041427,3.7780776
1355984849969,1.544466,0.39670563,3.1414459
1355984850008,-0.5000696,0.0043592453,2.198622
1355984850048,0.5225942,0.5326843,2.9930394
1355984850089,0.79761195,2.510903,2.967794
1355984850129,0.8353965,2.154315,0.97418076
1355984850168,-0.226233,1.2709537,1.7569188
1355984850209,0.13267446,-1.1346645,0.5595324
1355984850248,1.9441576,-1.5427465,0.109294325
1355984850289,3.0563684,-1.0588341,-1.5698957
1355984850329,3.6601567,-3.0659647,-1.8727555
1355984850369,-1.2239139,-1.9032431,-2.6097622
1355984850409,0.05504608,-5.4293594,7.2838736
1355984850449,-2.1794229,-7.5583143,-5.5683885
1355984850491,-5.0079074,-1.871872,-2.5841873
1355984850531,-2.9806485,4.933659,-0.33125788
1355984850598,0.16425562,6.023952,0.08600877
1355984850628,-5.1483803,6.2216024,-0.78795767
1355984850667,-3.190824,8.0489235,-3.854136
1355984850695,4.07627,6.2907095,-8.623385
1355984850736,9.3343,3.226416,-8.558082
1355984850779,0.3323908,2.114295,-7.9805913
1355984850827,-1.938017,-4.659175,0.47064245
1355984850860,-0.8731077,-7.0248895,6.3970466
1355984850901,-1.8059647,-2.0882096,5.6066685
1355984850940,0.6299684,-7.2282414,4.714632
1355984850980,3.6694999,-2.1329765,3.7242038
1355984851019,0.7644825,0.8234668,1.7230866
1355984851059,-0.79488206,1.036655,1.9257337
1355984851099,0.008436918,2.0953746,3.3003066
1355984851139,0.7841568,0.27979803,1.8511517
1355984851179,1.0270295,-0.073441505,1.3976874
1355984851219,1.48002,-0.42063427,0.4080583
1355984851259,3.559534,-0.5156965,1.1541245
1355984851299,1.7564893,-0.845829,-1.2772957
1355984851339,1.4315495,-4.2197676,-0.40057433
1355984851379,-2.7025504,-2.1436148,0.58969295
1355984851419,-0.9235196,-7.079706,4.260985
1355984851459,-4.7872424,-6.711114,-4.9362864
1355984851501,-4.9334793,1.018148,-0.8680435
1355984851539,-2.6738026,5.8501577,0.33587283
1355984851581,-0.2746954,6.0337243,-0.048709363
1355984851621,-4.231772,4.7443466,-0.22151655
1355984851660,-3.8338146,6.968231,-2.2271934
1355984851701,2.5131078,6.3512373,-7.325341
1355984851740,8.6498165,2.5667787,-9.770035
1355984851779,1.6372721,2.2871528,-8.361149
1355984851827,-1.4874918,1.7099466,-3.118978
1355984851860,0.5245056,-9.506868,4.549515
1355984851902,-0.5441177,-0.6292486,4.512864
1355984851941,-0.1709888,-4.5428114,5.7957144
1355984851981,2.5025668,-3.365152,4.5432787
1355984852019,-0.34109807,-0.6537576,3.583854
1355984852060,-2.2465286,-1.1369839,2.7205052
1355984852099,-0.3089037,1.1747255,4.3312244
1355984852140,0.5713887,2.03412,3.1522737
1355984852179,0.71494985,0.2897997,-0.22451973
1355984852220,1.4860325,-0.027844429,1.5408767
1355984852260,1.7235017,-0.32421684,0.6641406
1355984852299,2.6222892,-0.63504696,0.69877356
1355984852339,2.262129,-0.021866798,-0.8097381
1355984852379,2.3731105,-2.274228,-2.0845718
1355984852419,1.8785582,-2.5403862,-1.4355562
1355984852459,-0.52856016,-2.1333885,2.5929594
1355984852501,-1.5820005,-7.23018,2.5921938
1355984852540,-5.7537465,-3.1456099,-3.486236
1355984852580,-4.3222013,2.3780413,-0.35256848
1355984852620,-1.3368449,5.0439086,-0.14617871
1355984852661,-2.3734148,4.7499247,-0.049384415
1355984852700,-5.304603,4.6701126,-1.0178695
1355984852740,-3.761719,6.320087,-3.246638
1355984852779,2.7295003,5.955451,-8.20074
1355984852825,8.730419,2.7783918,-9.1071
1355984852859,3.1951811,1.6813374,-7.57135
1355984852907,-3.000455,-1.594904,-1.4460435
1355984852937,-0.95038164,-7.5204825,6.372933
1355984852980,0.0011639595,-1.4459138,4.6765594
1355984853019,0.74150896,-4.933542,4.9036894
1355984853059,1.3280339,-1.2985406,4.1741867
1355984853098,-0.6159222,0.40260077,2.540017
1355984853143,-0.26542544,0.42287397,2.4346538
1355984853179,1.0171323,0.7032623,3.8844886
1355984853219,1.4774883,0.6313863,1.5296937
1355984853259,1.1874604,0.4957137,1.6188887
1355984853299,0.7453337,-0.21898079,1.2711967
1355984853339,1.7773459,0.24163246,0.64714754
1355984853379,2.4599147,-0.5401802,0.5630926
1355984853419,2.0643148,-2.6975784,-2.0662465
1355984853459,3.2008944,-3.7713327,-0.36555526
1355984853498,-1.266659,-0.49920654,-1.4786797
1355984853539,-1.366265,-5.5677795,5.6509223
1355984853579,-5.011644,-7.041507,-4.4011273
1355984853621,-5.3298016,0.51044273,-1.3928447
1355984853660,-1.9255219,5.0028014,0.35707355
1355984853701,-1.3442578,5.2086563,-0.19327286
1355984853739,-5.1838284,5.028865,-0.97124493
1355984853780,-4.523345,6.5577984,-2.7807608
1355984853825,1.5500724,6.6727514,-7.8160543
1355984853860,8.635933,3.1420693,-8.643286
1355984853899,1.8979437,0.8107729,-9.378599
1355984853940,-3.475623,3.775185,-3.506503
1355984853981,-2.9097714,-7.4820786,7.7937503
1355984854020,-0.9033295,-6.482928,4.3490143
1355984854061,2.5701904,-3.6145668,4.83641
1355984854099,4.0705166,-2.0379653,3.756918
1355984854139,1.3421919,0.95009756,4.5127935
1355984854179,0.57043123,0.6758318,2.5821142
1355984854219,0.5208719,0.15813589,3.951572
1355984854259,0.18422651,1.1827621,3.1252172
1355984854299,0.4493823,0.29972172,1.8944792
1355984854339,1.4146485,-0.22445011,0.6719057
1355984854380,2.6940455,-0.12255192,0.5123677
1355984854419,2.3737736,0.09751797,-0.88534576
1355984854459,2.6137257,-2.7027617,-0.25738063
1355984854501,-0.860183,-3.597229,-1.9526652
1355984854540,-0.2962141,-5.256254,5.127334
1355984854584,-2.3457859,-9.807208,-4.519894
1355984854619,-5.2298837,-1.6124411,-2.2062857
1355984854661,-3.6808271,4.584422,0.13536833
1355984854699,-0.4089222,6.477624,0.32145014
1355984854740,-3.058844,4.79207,-0.5941217
1355984854779,-5.5199156,6.601465,-1.1686126
1355984854823,-1.795135,8.003242,-4.352379
1355984854860,8.875338,3.7102094,-8.859197
1355984854900,3.1968892,2.1449819,-9.143828
1355984854941,-1.2654879,-0.4219675,-3.5756764
1355984854980,-1.648039,-6.836114,5.6655283
1355984855021,-1.7055432,0.65372705,4.6053557
1355984855060,0.19037652,-5.1269917,4.5714827
1355984855099,2.0702682,-5.0379596,4.059827
1355984855139,1.0357337,0.5042734,2.5712929
1355984855179,-0.21073699,0.3782959,1.8431479
1355984855219,0.7307849,0.73919773,3.1905687
1355984855259,0.44453406,1.4838128,3.4299834
1355984855299,0.58469987,-0.32855606,0.21707284
1355984855339,1.4854937,0.22152519,0.6339407
1355984855379,2.185812,-0.18115711,0.15860844
1355984855419,2.9458983,-0.45924568,0.12256612
1355984855459,2.2106044,-0.33713722,-1.9364175
1355984855499,3.0305943,-3.5957212,-0.052449957
1355984855538,-1.4071703,-2.3176537,-0.5977868
1355984855579,-0.97823143,-6.471237,5.308266
1355984855619,-4.614738,-8.034151,-4.62017
1355984855659,-4.423911,-0.06510639,-1.7640578
1355984855728,-3.4098787,4.725789,0.16775846
1355984855738,-0.9334407,5.5236964,-0.53935647
1355984855780,-3.6970055,5.0105815,-0.02269271
1355984855827,-4.0785365,5.9989433,-1.552132
1355984855860,-0.46077013,6.8646107,-5.7151203
1355984855900,9.324621,5.2586274,-9.080432
1355984855940,2.7526512,1.4865952,-8.417516
1355984855982,-3.1320603,-0.29351425,-2.2351751
1355984856019,-1.6102089,-9.054337,6.7871256
1355984856065,-0.9036428,-0.7207222,4.2231445
1355984856099,0.81548524,-5.0009785,3.760055
1355984856138,2.4564214,-2.458714,3.8854127
1355984856179,0.41258287,0.2621336,2.735697
1355984856219,-0.8233137,0.45520973,1.6991491
1355984856258,0.9452796,1.0715022,3.1353467
1355984856299,1.9247589,1.1257129,1.9655416
1355984856339,0.756361,0.6144061,1.5413817
1355984856379,1.5385787,-0.3936472,0.22565556
1355984856419,3.1000466,0.24454594,0.6255296
1355984856459,2.6363807,-0.11831856,-0.64949375
1355984856499,3.607909,-2.7405996,-0.65976846
1355984856538,-0.5309658,-3.7686777,-1.7899698
1355984856579,-0.7669642,-3.7058258,4.378514
1355984856619,-0.67510843,-8.656284,-1.6875817
1355984856661,-5.678198,-3.6945744,-3.3284743
1355984856699,-5.286797,3.4608645,-0.33100596
1355984856740,-2.2685962,5.747318,-0.37241095
1355984856780,-2.129512,5.1276846,-0.55626893
1355984856824,-4.1779814,5.5228662,-0.3741989
1355984856861,-3.9613824,6.3113093,-0.9606819
1355984856899,2.4317157,5.4405117,-7.0901785
1355984856941,8.758828,3.7995143,-8.454043
1355984856979,3.4841027,1.7186913,-7.7751236
1355984857022,-0.93186605,2.4038148,-6.607887
1355984857059,-4.4710646,-9.6688175,5.4978867
1355984857099,-0.4712689,-2.806065,7.050567
1355984857156,0.1309874,0.12292719,5.2894635
1355984857179,1.5956783,-6.277343,2.8813896
1355984857218,1.6204839,-0.31551552,3.0945861
1355984857255,1.2724142,1.398489,2.0816474
1355984857284,1.6041746,0.5876703,2.742354
1355984857326,0.103018045,0.7497792,2.8728178
1355984857367,-0.29525924,0.6549268,2.5922863
1355984857407,0.51478434,-0.31438923,2.2320268
1355984857447,1.7235882,-1.2607317,0.9225974
1355984857487,3.1309528,-0.85273075,-0.158409
1355984857527,3.446301,0.04226017,-0.90988326
1355984857569,1.9216409,-2.0324106,-1.3320781
1355984857607,-0.76611686,-3.0629501,1.0517608
1355984857647,0.026643276,-3.944851,5.3312597
1355984857690,-3.250133,-9.345377,-4.0915246
1355984857731,-5.5294304,-1.292448,-2.58048
1355984857769,-4.25751,4.7418575,-0.19678195
1355984857820,-1.9042296,5.2344513,-0.27435574
1355984857849,-3.7107568,4.9613214,0.08510566
1355984857890,-5.4560747,5.375799,-0.9503105
1355984857932,-1.0122678,6.071281,-4.7873974
1355984857970,8.920473,5.332253,-9.274175
1355984858010,5.245492,2.72722,-9.7608
1355984858051,-0.8579153,5.723935,-1.0128149
1355984858090,-2.9988585,-6.331976,0.21096241
1355984858130,-0.56542826,-5.274977,4.563979
1355984858170,3.1774535,-2.3750887,4.418488
1355984858211,2.6161573,-3.56783,5.0008135
1355984858250,-2.0130033,-1.4841986,3.2809188
1355984858291,-1.5999383,-0.8966913,2.7947278
1355984858329,0.51058984,0.09779787,1.7468138
1355984858371,0.5748799,0.92829466,2.6980228
1355984858409,0.08782172,0.92589426,1.0695779
1355984858450,1.5197842,-0.47019196,1.6605959
1355984858490,2.2815554,-0.28281116,1.159874
1355984858530,2.4356163,0.13206005,0.60302204
1355984858569,2.3462026,-1.1874332,-0.31733966
1355984858609,2.580495,-1.6910868,-2.053898
1355984858649,2.873437,-2.4778738,-0.83757186
1355984858689,-0.8340137,-1.4516544,2.0021565
1355984858730,-1.1403053,-8.043644,2.9873357
1355984858770,-5.3019214,-6.2254276,-4.8048606
1355984858817,-5.366503,1.1867342,-0.2797957
1355984858857,-2.1782587,4.900324,-0.16269284
1355984858889,-2.1097982,4.813281,0.55797964
1355984858931,-5.6137257,5.0039954,-0.5788419
1355984858969,-4.542991,6.7754183,-2.8683865
1355984859010,4.3106217,6.0556426,-8.807682
1355984859049,9.697125,4.0682106,-9.568983
1355984859090,1.39886,2.3532481,-7.287528
1355984859130,-1.398831,-6.549368,1.9385877
1355984859170,-2.0077043,-2.9799714,4.423759
1355984859211,-1.0116929,-2.7215319,5.236122
1355984859249,0.11640811,-5.3289247,4.43041
1355984859289,2.2295344,-1.8140869,3.445086
1355984859329,1.5974343,0.7663193,2.3827434
1355984859369,0.9543843,1.2803531,2.5822737
1355984859409,0.41108084,2.0755644,4.184122
1355984859449,-0.5455227,1.3342414,1.2699158
1355984859489,0.11922121,-0.08363438,1.1530046
1355984859529,2.1890864,-0.28563213,0.6297947
1355984859569,2.9249778,0.2370348,0.5837553
1355984859609,2.3110433,0.35979652,-0.60707223
1355984859649,2.4220486,-1.9348059,-1.7358811
1355984859689,1.4032879,-3.207735,-0.87098694
1355984859729,-0.0076818466,-4.8163404,4.1936
1355984859769,-3.1098857,-8.755897,0.02153847
1355984859816,-4.994763,-4.4251194,-4.9895687
1355984859851,-3.9868965,3.2729745,-0.10184745
1355984859890,-1.592571,6.0924067,0.10439304
1355984859930,-4.2202682,5.2792783,0.09934976
1355984859970,-5.522383,6.202195,-0.87488663
1355984860010,-2.3317199,6.9888525,-4.0757065
1355984860050,6.5613976,4.7643867,-9.184107
1355984860090,7.106703,2.8266616,-10.960575
1355984860129,-1.5458666,3.0652423,-5.5574846
1355984860169,-2.0760891,-6.022747,3.2515135
1355984860209,-0.67010903,-5.2455564,5.0723004
1355984860249,-0.12989998,-1.9521117,5.576724
1355984860292,0.33786058,-5.7620792,4.4062595
1355984860329,1.9695408,-0.7068596,3.3668258
1355984860369,0.51114535,0.40536165,2.651459
1355984860409,1.1192269,1.1819148,2.8406606
1355984860449,0.6979425,2.9969053,3.9641
1355984860489,0.4430406,0.4223838,1.1051993
1355984860529,0.49484158,-0.35157776,0.9812301
1355984860569,1.6674199,-0.3380518,0.92006344
1355984860609,2.7336767,-0.09948921,0.30294415
1355984860648,2.621533,0.40353584,-0.86297756
1355984860689,1.6694689,-1.5687504,-2.463816
1355984860729,1.6281357,-3.3289194,0.9960786
1355984860769,-1.2449515,-2.5789604,2.7858179
1355984860812,-1.803479,-8.286611,1.9513822
1355984860849,-6.2669153,-5.666971,-5.645975
1355984860891,-4.047096,2.701635,-0.24185714
1355984860930,-2.1137674,4.5698323,-0.6058907
1355984860970,-1.8855169,4.6257052,-0.24618728
1355984861009,-4.955323,5.348885,-0.40655515
1355984861050,-3.525074,6.1798677,-2.0729759
1355984861090,2.3001885,5.0854573,-6.3338313
1355984861130,8.195313,2.7096682,-8.870001
1355984861171,4.072987,2.501483,-7.4337883
1355984861209,-0.7348223,-0.92867184,-3.0220065
1355984861251,-2.2068884,-7.0226574,7.752327
1355984861289,-1.4104934,-2.1876168,3.8617582
1355984861332,-1.0737346,-4.542828,4.267702
1355984861369,0.9330747,-3.0838199,3.7223368
1355984861409,1.5359855,0.45984697,1.8668886
1355984861449,1.7084265,2.095954,1.9898078
1355984861489,1.3375359,1.6725311,3.4073532
1355984861529,0.6258483,0.43409395,1.304817
1355984861569,0.10005927,0.78994703,0.6947675
1355984861609,0.6068127,0.20331001,2.159057
1355984861648,1.8914931,-0.8740225,0.3867811
1355984861689,3.1687877,0.48846626,0.025995076
1355984861729,2.6787148,-1.5637321,-0.40670544
1355984861769,0.20465851,-4.815604,-1.1479135
1355984861813,-1.6389039,-4.1508694,1.9200099
1355984861850,0.8479543,-7.200817,1.940161
1355984861889,-5.056842,-4.7754803,-2.6855922
1355984861930,-5.1033587,2.2687407,-2.4181108
1355984861970,-2.8489068,6.260336,0.74338424
1355984862010,-2.1029015,6.409157,0.5044511
1355984862051,-5.334192,5.551022,-0.77346325
1355984862089,-3.8594832,5.9509945,-2.0972354
1355984862130,3.4330132,4.503457,-8.910374
1355984862169,9.067133,2.436171,-9.926292
1355984862210,1.0916073,2.7441373,-6.954028
1355984862250,-2.889387,-1.4743738,-2.6150239
1355984862316,-1.8789824,-9.472129,8.556761
1355984862329,0.63926864,0.1535778,5.3030324
1355984862369,1.2150214,-4.674839,4.1618123
1355984862409,2.1074038,-2.08073,3.6988187
1355984862449,-0.7296717,0.5986967,2.3544135
1355984862489,-0.006603241,0.75788116,2.595758
1355984862529,1.0190089,1.3108106,3.6407657
1355984862568,0.95334506,1.2145772,1.4312372
1355984862609,0.77987766,-0.19979191,1.4498231
1355984862649,0.9200578,-0.1924038,0.93072665
1355984862689,2.3156338,-0.60578537,0.6064138
1355984862729,2.31151,0.09911156,-0.9037581
1355984862771,2.6747017,-1.6121597,-1.1930989
1355984862815,0.7123232,-4.1492157,-1.2121606
1355984862850,-1.2607336,-3.7646437,3.5338042
1355984862889,-1.0667768,-8.667549,1.0010655
1355984862929,-5.686005,-5.103444,-4.541385
1355984862968,-4.2322426,3.2323122,-0.8817699
1355984863010,-1.6227064,5.911951,-0.06904531
1355984863049,-0.7382636,5.888124,-0.046205014
1355984863091,-4.693913,6.252311,-0.5797398
1355984863129,-3.0022583,6.496833,-2.4381032
1355984863170,1.6694086,5.529626,-6.2886033
1355984863209,7.481784,4.1797247,-9.0645
1355984863250,2.6192126,3.5688214,-7.2238426
1355984863290,-2.413576,-0.4271946,-5.0626297
1355984863329,-0.44983053,-11.137899,7.0194044
1355984863372,-0.35527706,1.1993465,3.96347
1355984863409,0.90272737,-4.360448,4.0963945
1355984863450,3.1827989,-3.061603,4.642651
1355984863489,-0.16225791,-0.022695065,2.9230473
1355984863530,-0.9997828,-0.6142721,2.225738
1355984863570,0.46336198,1.1872454,4.148389
1355984863609,0.6352937,0.636395,1.8815104
1355984863651,0.7415652,0.07643318,0.3188722
1355984863690,1.4235864,-0.120625496,1.1428131
1355984863730,2.6918805,-0.5987034,0.65010476
1355984863767,2.3995621,-0.18128109,-0.09007716
1355984863813,1.9542291,-0.8526058,-0.04657179
1355984863845,2.9367595,-3.7653885,-0.52215797
1355984863874,-1.95787,-2.2273588,-0.42679012
1355984863915,-1.2005665,-6.0002975,6.485472
1355984863958,-2.6681762,-8.387439,-4.6858926
1355984863998,-4.6071367,-0.46724033,-1.6997403
1355984864040,-3.3801694,5.4142265,-0.060232304
1355984864081,-0.6473069,6.7897935,-0.2501666
1355984864120,-3.179952,5.519665,-1.2214702
1355984864161,-5.2964516,6.283575,-1.7005807
1355984864199,-0.2966032,6.181633,-6.218841
1355984864240,9.567183,2.2618284,-10.327157
1355984864280,3.2591512,2.8865852,-9.799246
1355984864321,-1.667701,5.804455,-2.527012
1355984864359,-2.4224722,-6.045724,5.8705015
1355984864400,-0.08123946,-5.719434,2.390242
1355984864441,0.22294402,-3.4596715,4.4716206
1355984864480,1.7882733,-3.5057359,5.555956
1355984864519,0.49330258,-1.2599545,3.447983
1355984864559,-0.7278836,0.05958128,2.5782204
1355984864599,-0.5212469,0.49504042,3.2607498
1355984864639,0.8616524,-0.52700615,2.7714047
1355984864679,1.1248903,0.6309285,1.2022579
1355984864718,1.382993,0.47814274,2.0494666
1355984864759,3.1396103,-0.90793705,0.3844983
1355984864814,3.7404277,0.1514225,-0.40502828
1355984864839,2.2336075,0.095295906,-1.5812474
1355984864879,1.8185644,-3.6769972,0.08975643
1355984864920,-0.60381246,-3.7251005,2.3246634
1355984864961,0.49259424,-8.612614,2.5073726
1355984865000,-5.243368,-6.376457,-5.5905066
1355984865041,-4.6029882,2.7735057,-0.11938654
1355984865080,-3.6996531,6.358605,-0.2533493
1355984865121,-1.7879848,6.241329,0.60104
1355984865159,-6.645236,3.8901205,0.60174984
1355984865200,-5.4295664,6.0964637,-1.9282179
1355984865239,3.8578572,5.289625,-9.443555
1355984865280,6.978794,3.3853345,-10.794983
1355984865319,0.51088667,4.162222,-7.2751822
1355984865360,-0.18196273,-3.001913,0.834349
1355984865400,0.97584033,-8.074312,5.217402
1355984865439,-0.36728954,0.023911953,4.5946255
1355984865479,-0.9602612,-4.944268,5.0110354
1355984865519,1.464158,-3.7562375,3.979805
1355984865560,2.3603077,0.041665077,2.6079638
1355984865599,0.24189162,2.066298,1.4819402
1355984865639,0.14605808,2.0240417,3.4447448
1355984865679,-0.12813044,1.0763125,3.431006
1355984865719,0.8593323,-1.1925697,0.7104449
1355984865759,2.7496686,-0.26600838,0.07162678
1355984865798,3.4849467,0.2448597,0.24521747
1355984865839,2.4236124,0.6017852,-0.6305981
1355984865879,2.3179798,-3.5569658,0.42639703
1355984865920,-1.9980831,-3.6050596,-0.360064
1355984865959,-0.47896075,-7.431984,4.4938946
1355984866001,-2.0828378,-9.813171,-3.4719238
1355984866040,-5.0288687,-0.5416784,-1.9226773
1355984866080,-3.5064511,4.9882216,-0.5360847
1355984866119,-1.0364697,7.4733496,0.7142268
1355984866161,-3.364399,6.7823353,-0.08518464
1355984866200,-5.8659887,6.3004165,-1.9452891
1355984866240,-1.6979177,7.3071055,-4.9400945
1355984866279,7.4521813,4.093893,-9.578671
1355984866321,4.1083975,1.4016991,-11.691405
1355984866360,0.06371665,-1.5328665,-5.4744763
1355984866400,-1.9086257,-8.6369915,7.67724
1355984866440,-1.3930284,-0.7842684,4.287367
1355984866480,0.5917883,-4.856189,5.352703
1355984866520,2.440023,-3.1607509,2.872309
1355984866561,1.5070472,0.98428345,3.146614
1355984866600,0.7093854,1.5646853,1.6345167
1355984866641,0.58186054,1.5930543,3.0734458
1355984866679,1.0483036,1.1880469,1.9079334
