1356334072609,0.0,0.0,0.0
1356334072649,0.12247075,-0.19050884,-0.31298083
1356334072687,-0.0415067,0.19160461,0.15144277
1356334072729,0.16135186,0.002456665,0.23620892
1356334072768,-0.00492163,0.2764225,-0.5359208
1356334072811,0.112877324,0.23496342,-0.59832907
1356334072849,0.21572122,0.1488657,-0.058161676
1356334072891,0.13847569,0.055166245,-0.27095836
1356334072926,0.0049745888,0.039372444,-0.586693
1356334072973,-0.11759535,-0.70140076,-0.7436211
1356334073003,-0.21329501,-0.608551,-0.932797
1356334073039,0.088478655,-0.26035213,-0.18436891
1356334073071,-0.15060455,-0.33777905,-0.059834063
1356334073100,-0.61654437,0.41398716,0.31286907
1356334073141,-0.56997305,0.32518196,0.18828672
1356334073179,-0.44418812,0.17378521,0.20729244
1356334073211,-0.42029026,-0.09407234,0.40149862
1356334073257,-0.06540679,0.22306824,0.38034272
1356334073297,0.89598346,0.8396416,0.11974263
1356334073336,2.101456,0.4461336,1.4711471
1356334073378,2.3863237,-0.84824085,2.120008
1356334073415,1.564741,0.19064713,0.8253305
1356334073457,1.5648122,0.23390388,-0.38985866
1356334073496,2.2851832,0.11982155,-0.17278159
1356334073542,2.2766747,0.626729,-0.1792174
1356334073576,1.7200489,0.307724,-0.2469669
1356334073620,1.2061228,0.055970192,-0.7434472
1356334073657,0.35407495,-0.116568565,-0.5899423
1356334073701,-0.23955119,-1.0284595,-0.15822196
1356334073737,-0.05514109,-1.2395506,0.4496336
1356334073778,0.4554478,-1.1596012,0.31617033
1356334073817,0.43974447,-1.1316624,0.6334318
1356334073856,-0.65344274,-2.6450539,0.6081103
1356334073897,-2.4941764,-1.5405989,-0.49280477
1356334073936,-2.4419894,0.8338661,-1.7974187
1356334073979,-0.84165657,0.48785973,-1.9000554
1356334074017,-1.5755854,-0.85634995,-1.1009965
1356334074060,-2.0160878,0.6756706,-1.781053
1356334074097,-1.3538723,1.3192396,-2.0894752
1356334074140,-0.019542217,1.878191,-2.4690113
1356334074176,0.5205393,2.4488764,-2.385241
1356334074216,0.6453717,3.0310187,-1.5736812
1356334074259,0.9563943,3.4537601,-1.4877886
1356334074295,2.1293561,3.7341948,-1.3196414
1356334074376,2.869788,3.4985886,-1.5193232
1356334074377,3.689213,1.5210586,-2.2125814
1356334074414,5.2131824,-3.4215145,-2.297419
1356334074456,6.5618515,0.039596558,-2.739894
1356334074499,-0.14879799,-3.7059755,1.0981337
1356334074536,-4.5950947,-5.8426647,3.2757883
1356334074579,-0.5703181,1.5158014,3.6402044
1356334074617,-4.2858257,1.2066183,2.6876445
1356334074658,0.015680075,-1.331037,7.384564
1356334074697,-1.9524634,-0.8159733,1.3619573
1356334074737,-1.6254779,-0.09869194,1.6268106
1356334074777,-0.9476042,0.048184395,3.0359318
1356334074819,-1.3112046,0.23968601,2.1590946
1356334074859,-1.5736574,-0.32605934,1.9185553
1356334074897,-0.70967877,-0.7110424,0.7339284
1356334074953,0.9284147,-0.670104,1.1624804
1356334074976,1.598094,-3.697917,0.74521077
1356334075021,-1.1391102,-3.331317,-0.39910913
1356334075058,-3.2825336,0.102145195,-3.2288113
1356334075098,-1.9234195,-3.483305,-2.5280507
1356334075139,0.6313838,-2.915656,-1.9537693
1356334075177,-0.8862432,0.11789322,-2.6094503
1356334075216,-1.1105595,2.4493127,-2.3877943
1356334075256,-1.101042,4.3030787,-2.5912251
1356334075295,0.029549599,5.8873873,-1.431308
1356334075337,0.06342554,5.944419,-1.4228499
1356334075377,0.9159559,4.8160043,-2.1115112
1356334075423,3.5765662,2.0680995,-3.2720413
1356334075457,7.571496,-3.7224283,-3.0068383
1356334075502,6.112295,-4.282686,-2.4639702
1356334075549,-4.9142966,-3.8403025,0.8585062
1356334075597,0.28907454,2.3506184,4.4756966
1356334075639,-0.17868531,1.624887,4.3506804
1356334075677,-2.1575713,-1.3101578,3.798367
1356334075720,-1.511696,-0.071665764,1.7686567
1356334075757,-0.8239249,0.090628624,3.3526587
1356334075796,-1.1663563,0.7177963,2.9239755
1356334075837,-1.5818846,-0.55941486,2.5388775
1356334075876,-0.29248416,-1.1692209,1.4113656
1356334075917,1.1254263,-0.27877903,0.42717347
1356334075957,2.6451576,-2.5032291,1.4926585
1356334075999,-1.0278988,-4.8250513,0.434534
1356334076037,-2.5704455,-0.33286572,-2.4861867
1356334076081,-2.10033,-4.672758,-1.4847547
1356334076117,1.1447065,-2.664774,-2.4883375
1356334076159,-0.41376603,-0.28427315,-2.1608653
1356334076197,-2.600426,3.8467236,-1.2019227
1356334076235,-1.3108155,5.219373,-2.4225304
1356334076277,-0.110289335,7.579232,-2.466211
1356334076316,-0.13205332,7.305845,-1.7647016
1356334076360,0.8544609,5.35762,-3.2937794
1356334076396,2.8656125,-1.1788559,-7.136717
1356334076438,6.4788265,-6.575692,-5.526871
1356334076475,3.5178556,-2.5319567,-1.1524532
1356334076520,-5.862129,-5.1350307,2.7726088
1356334076571,-0.19445264,3.7010112,4.5544105
1356334076625,-1.3579137,3.0993857,3.828867
1356334076632,0.92743254,-1.8327713,6.081764
1356334076675,0.6448307,-0.38716507,3.7017918
1356334076714,0.29479897,0.17499352,2.9690154
1356334076755,-0.08441329,-0.24656487,3.664411
1356334076794,-0.9084473,0.13154411,2.9346142
1356334076824,-0.28824043,-0.79845905,2.56937
1356334076864,0.5221839,-0.972311,-0.1593615
1356334076895,2.3318357,-0.50796604,0.27210802
1356334076935,2.5420718,-2.662486,0.044534624
1356334076974,1.0654867,-4.9436665,-0.37939233
1356334077006,-1.5643437,-1.2788658,-1.8958561
1356334077045,-3.9567046,-2.566742,-3.5234802
1356334077086,-0.01876223,-5.599737,-0.4613595
1356334077124,0.12992454,-1.4072266,-2.8505383
1356334077165,-1.5743606,3.09439,-1.5820345
1356334077204,-1.9025121,5.122642,-1.7084754
1356334077245,-1.8338193,7.0440044,-1.8438305
1356334077286,-1.907953,8.310451,-1.1659632
1356334077325,-1.440072,6.5671673,-2.9071841
1356334077367,1.92201,1.292345,-4.8846426
1356334077405,6.890842,-6.587139,-6.9104476
1356334077447,3.4081588,-3.7167873,-2.588986
1356334077485,-5.278595,-5.8530207,4.484266
1356334077531,-2.6211932,0.90487194,2.222391
1356334077595,1.5716808,3.1758585,4.378314
1356334077600,-0.85186017,-1.1130972,3.969822
1356334077644,0.34040678,0.17436361,4.530957
1356334077686,0.046486497,0.03025055,1.9826099
1356334077727,0.44651473,-0.1129179,2.5785625
1356334077755,-0.40371388,-0.020378113,2.9171603
1356334077800,0.30119598,-0.8163729,2.186881
1356334077837,0.64870465,-0.9810543,0.3660357
1356334077879,1.6872785,-0.5284357,0.9202603
1356334077916,1.5276742,-4.4875994,0.34470528
1356334077958,-1.1962951,-2.8775206,0.28964865
1356334077997,-2.219294,-0.14692879,-3.0824656
1356334078036,-1.5644604,-6.3340864,-1.7462716
1356334078077,0.40924025,-2.4781952,-2.03405
1356334078116,-1.6662633,1.2339582,-1.4453527
1356334078210,-2.2293544,3.9774384,-1.3882455
1356334078212,-1.3198286,5.7863097,-1.8532965
1356334078232,-1.1278223,7.325832,-1.3227084
1356334078272,-0.7927275,7.3532386,-1.5215632
1356334078320,1.7860284,5.399816,-4.2520995
1356334078355,8.644487,-4.5760937,-7.443839
1356334078399,6.023085,-3.4262772,-6.45112
1356334078436,-3.516059,-3.3265696,2.252736
1356334078479,-4.313451,-5.629739,3.4479914
1356334078519,2.1597095,3.7424088,6.9744625
1356334078557,-3.7369347,2.5714998,2.8166437
1356334078596,1.4522452,-1.3566709,5.862969
1356334078637,1.0460796,-0.7576065,1.3409934
1356334078665,1.1586095,0.17155933,2.599045
1356334078707,0.23443174,0.2809744,3.1709948
1356334078745,0.19657815,-0.05593872,3.050134
1356334078786,-0.16388655,-0.41814327,1.281132
1356334078826,1.476402,-0.21858788,1.1855499
1356334078868,2.4653392,-2.83984,0.11996299
1356334078906,0.1325053,-3.8072271,-0.31409818
1356334078949,-0.84802604,-1.0896206,-1.28779
1356334078987,-3.2231436,-4.3691654,-2.7921402
1356334079030,-0.185444,-4.3915625,-2.0295634
1356334079067,-1.473202,-0.7747431,-2.165421
1356334079106,-1.8567684,2.9207006,-1.5185105
1356334079147,-1.9867543,4.7615757,-1.9230947
1356334079185,-1.413044,6.3719587,-1.6168776
1356334079227,-1.0612558,6.4604278,-1.2384995
1356334079266,0.2099706,5.870871,-2.358056
1356334079308,2.8932943,2.5238543,-3.6872978
1356334079337,5.303525,-2.2493677,-5.6575356
1356334079393,5.523789,-3.3869343,-5.583898
1356334079416,3.4290013,-1.3894482,0.6715088
1356334079456,-4.1157036,-7.1289043,2.1933808
1356334079497,0.26433825,3.178821,5.6014624
1356334079537,-3.826406,1.4379687,3.3237495
1356334079578,0.4913652,-1.0235162,6.1016884
1356334079619,-0.4165436,-0.08071804,2.7740464
1356334079657,0.23641181,-0.36091995,3.6737792
1356334079696,-1.0555558,-0.2781887,2.8239875
1356334079737,-1.0590045,-0.16427231,2.2375681
1356334079765,-0.65787053,-1.0379152,1.1133772
1356334079807,0.71633387,-0.6165323,-0.056396864
1356334079849,2.314203,-0.5229206,0.7012775
1356334079887,1.4897671,-4.229081,-0.082291424
1356334079926,-0.3798182,-1.9678421,-0.70094675
1356334079968,-3.4439692,-2.8274536,-3.4337056
1356334080051,-0.826899,-5.613969,-0.37312043
1356334080052,0.18798077,-1.7764273,-2.675045
1356334080079,-1.1684445,2.3425965,-1.3086553
1356334080143,-2.15868,4.9057293,-1.7311943
1356334080186,-1.1979083,6.944442,-1.2666478
1356334080226,-1.0896074,7.064167,-1.568511
1356334080272,0.5922762,4.9257846,-3.8990455
1356334080306,6.1657214,-1.9320345,-5.3626595
1356334080349,7.2951193,-3.1169071,-3.8571868
1356334080387,0.010544181,-4.817644,1.3552444
1356334080429,-4.9229136,-5.3768635,1.9210012
1356334080508,2.0176754,2.9128008,5.069908
1356334080509,-0.65770876,1.2975082,2.4338725
1356334080542,-1.4272306,0.15387869,3.4172409
1356334080584,0.8111783,0.8639722,4.1693487
1356334080625,0.02174592,-0.25038338,1.0729626
1356334080665,-0.7510859,-0.19947338,2.5362864
1356334080704,-0.5605421,-0.4215746,2.1747346
1356334080745,0.0037710667,-0.46439457,0.7472458
1356334080784,1.7742705,-0.17245865,1.1785735
1356334080826,2.837753,-3.2929096,0.11152166
1356334080864,-0.53661513,-3.4965334,-0.19262004
1356334080896,-2.535658,-1.8264608,-2.5682752
1356334080934,-2.5938485,-6.755172,-1.0538875
1356334080986,1.2433354,-3.4472256,-2.5885553
1356334081017,-0.63805985,0.022053719,-1.6404836
1356334081055,-2.93883,3.7381682,-0.7693506
1356334081100,-2.6103358,5.504355,-1.7638811
1356334081135,-1.6701007,7.3174148,-1.025896
1356334081180,-1.6052891,6.7262955,-0.901719
1356334081217,0.41340566,5.4843116,-3.1853309
1356334081279,4.7585278,0.8627119,-5.7230477
1356334081297,7.351937,-4.7274075,-5.447591
1356334081348,2.8392973,0.7978859,-1.0470858
1356334081378,-5.2242317,-7.9878902,1.1371335
1356334081418,-0.46401876,-1.1397748,4.027382
1356334081450,-0.006824732,1.1468811,3.639276
1356334081480,-3.2202134,0.3055315,2.3116646
1356334081528,0.3688798,0.033190727,6.2524047
1356334081550,0.022358894,0.45033932,2.7120733
1356334081591,-0.20598936,0.25193024,2.4479148
1356334081639,-0.44638443,-0.08975029,2.953364
1356334081677,-0.021854281,-0.6630869,2.6293242
1356334081716,0.27179396,-0.6767082,0.9694096
1356334081757,1.75485,-0.49807358,1.0906403
1356334081796,2.5145807,-2.0034857,0.49121833
1356334081836,0.5159159,-3.6985483,-0.014309764
1356334081904,-1.7234882,-1.7878132,-2.3870354
1356334081913,-2.6846628,-5.840869,0.03147781
1356334081954,1.8326974,-3.5082312,-2.3333175
1356334081997,-0.76321924,0.51343346,-1.3739531
1356334082036,-2.2484758,4.1789618,-1.0118755
1356334082078,-2.299287,6.6830707,-1.520006
1356334082117,-1.9080697,7.5040483,-0.7518298
1356334082155,-1.8097622,6.9276457,-1.7664293
1356334082197,0.75035024,5.168564,-3.2860408
1356334082235,4.876107,0.8759699,-6.3699636
1356334082278,6.9056764,-5.2011585,-5.3251834
1356334082355,2.8273718,-2.825695,-1.1107429
1356334082356,-5.107633,-6.330551,2.659409
1356334082393,-0.34083885,0.8626728,3.658786
1356334082437,-1.5957943,2.222124,0.97942483
1356334082476,-2.1492326,-0.46013594,4.414587
1356334082518,1.644419,0.054969788,4.7998123
1356334082556,-0.09599805,0.39399385,1.6775923
1356334082596,-0.17396867,-0.1162262,3.0864923
1356334082682,-0.5589545,-0.07096577,2.2994337
1356334082685,0.44227326,-1.0487347,1.4734225
1356334082712,1.8785337,-0.60658264,1.0936117
1356334082759,2.8569043,-2.878685,2.1450658
1356334082798,1.024533,-4.6121635,-0.15966284
1356334082840,-1.0669549,-0.69887066,-0.8888458
1356334082886,-2.2316008,-4.9991083,-1.2607067
1356334082917,-0.027665496,-4.3589067,-1.2743787
1356334082958,-2.4807544,-1.2723675,-1.282135
1356334082995,-2.749104,4.2088194,-1.0799772
1356334083035,-1.7994539,5.313131,-1.9361873
1356334083077,-1.4414461,7.334265,-1.2308611
1356334083116,-2.5657387,8.431179,-1.8379593
1356334083157,-0.5066567,6.247032,-5.681796
1356334083208,6.711093,0.20543957,-8.430717
1356334083240,4.7648544,-5.686737,-5.0183573
1356334083286,-2.0839107,-6.6721077,1.039381
1356334083330,0.33932638,2.1060958,4.9799876
1356334083367,-0.12125623,0.33743143,3.4441428
1356334083406,0.022112608,-1.8352957,3.1820736
1356334083452,-0.91880554,1.4381127,2.9438283
1356334083486,-0.048413396,1.2341442,3.8631191
1356334083527,0.2377758,0.84057,3.4172995
1356334083565,-0.4774847,0.50526047,2.2325647
1356334083609,-0.0147327185,-0.46374512,2.739182
1356334083636,0.00919354,-0.8715191,0.72710496
1356334083677,0.90497684,-0.79186344,1.0136737
1356334083716,1.5305831,-2.755888,1.7905989
1356334083759,-0.08484328,-5.277218,0.25103205
1356334083796,-0.92845255,-0.7586298,-1.3789785
1356334083840,-2.6104434,-2.8557806,-2.5061889
1356334083877,0.22850692,-3.6530333,-2.003318
1356334083917,-1.6203687,-1.1124897,-1.46135
1356334083957,-1.8472847,3.1229334,-1.4038218
1356334083996,-1.9303157,5.0570064,-1.8787684
1356334084037,-1.256611,7.098131,-1.1449597
1356334084076,-1.5873611,7.7129765,-1.4756589
1356334084118,0.07598686,5.4267154,-3.4762125
1356334084157,4.9610257,1.1643801,-6.662305
1356334084198,9.003238,-4.998104,-6.148981
1356334084236,2.786721,-2.2266703,-2.1712973
1356334084280,-2.520643,-5.23637,3.9499846
1356334084317,-0.63957,0.5135064,4.177435
1356334084358,-1.4165074,-1.556293,4.054864
1356334084395,-0.68124723,0.008957386,3.4595385
1356334084437,-1.027617,1.2291899,3.4720626
1356334084479,-0.2622156,0.9445996,3.8580837
1356334084516,-0.7569618,1.0470829,3.1702476
1356334084557,-1.21717,0.024629593,1.6090186
1356334084596,-0.7006608,-0.9988346,2.2447648
1356334084639,0.35153818,-1.0002041,-0.67494893
1356334084666,1.6095271,-1.1446514,1.7680566
1356334084706,2.437925,-4.0042944,1.5936642
1356334084746,-0.6523662,-4.871537,0.106680036
1356334084790,-2.5157948,-0.4822111,-3.024569
1356334084826,-3.3525233,-5.1756096,-2.0000796
1356334084869,0.5477927,-4.0384617,-2.2691739
1356334084906,-1.2469815,-0.53994465,-2.137847
1356334084948,-2.166381,4.0950465,-1.5931747
1356334084989,-1.5790943,6.51307,-1.6797881
1356334085060,-0.4258514,8.695556,-1.2157235
1356334085072,-0.48183125,8.645001,-1.3517996
1356334085103,1.0216341,6.4055634,-4.4553685
1356334085147,5.720627,-1.0743494,-7.6357327
1356334085186,8.134749,-6.6180058,-6.4635744
1356334085229,-0.5143539,-2.9763145,0.95280176
1356334085266,-0.2225613,-3.030323,3.921732
1356334085319,-0.72106814,2.5359154,3.7525575
1356334085347,-0.82775176,-3.3010721,4.2001023
1356334085392,-1.0012884,0.379663,3.3928554
1356334085426,-1.1210257,1.0716915,3.5316865
1356334085468,-0.567557,0.70009327,3.7235713
1356334085507,-0.66477585,0.648973,3.207904
1356334085545,-0.6545588,0.07281685,2.005808
1356334085587,-0.25713885,-1.2492456,2.4506307
1356334085626,1.293628,-1.5414076,0.39380604
1356334085668,2.1631622,-2.5717573,1.4547527
1356334085695,0.7725892,-6.3591204,0.38856775
1356334085737,-1.8984448,-2.6100855,0.19238627
1356334085776,-2.6532912,-1.4040556,-4.048768
1356334085816,-0.6271724,-7.0189314,-1.840303
1356334085857,-0.31017137,-1.9968128,-2.0892003
1356334085902,-2.499201,2.9176621,-1.0940679
1356334085937,-2.5737593,5.1356297,-1.7181797
1356334085980,-1.3525393,7.4614005,-2.0022368
1356334086017,-1.4023321,8.884658,-0.6539712
1356334086056,-0.7532062,7.27616,-1.7913452
1356334086097,2.8538268,4.6270385,-5.3519545
1356334086137,11.038111,-5.127159,-6.043178
1356334086178,4.682804,-0.9761057,-5.601754
1356334086217,-0.8181449,-4.9306774,0.885794
1356334086260,0.43933332,-6.6529446,4.473488
1356334086294,-0.005405426,2.1357503,4.9490824
1356334086337,-2.7732735,-2.2216487,5.1843367
1356334086380,-2.9729152,-0.1423626,3.8121593
1356334086417,-2.2466123,0.7286763,3.719331
1356334086456,-1.2467936,1.6789947,4.7332554
1356334086497,-0.43545341,1.1211581,2.7525096
1356334086538,0.07770753,0.35684395,1.1943803
1356334086628,-0.29780245,-0.6292753,1.7811773
1356334086630,0.06048858,-0.7356701,-1.0363276
1356334086639,1.8118446,-0.79935265,1.4138067
1356334086683,2.5772471,-4.1544094,0.4655416
1356334086729,-0.38454336,-4.7584505,-0.36311293
1356334086764,-2.3626847,-0.49581814,-2.432447
1356334086805,-3.2524762,-4.3869877,-1.9873413
1356334086844,0.21217322,-4.135149,-2.5715597
1356334086884,-0.1308068,0.084368706,-1.9580024
1356334086926,-1.3695188,3.7641282,-1.7667935
1356334086964,-2.0099802,5.81704,-2.2221842
1356334087006,-0.22904283,8.524255,-1.445226
1356334087044,-0.34615356,8.813788,-0.9479685
1356334087084,0.7061079,7.0548368,-2.7672186
1356334087132,3.1520505,1.4337635,-6.184751
1356334087173,8.39345,-5.8655195,-7.128182
1356334087205,2.347822,-4.727503,-4.729396
1356334087236,-0.45884663,-4.911745,3.7766302
1356334087274,-2.504117,1.5795112,4.558887
1356334087315,-1.8063903,-2.7342024,5.0442886
1356334087354,0.27413905,-1.99822,3.6807566
1356334087395,-1.3824775,-0.21818209,2.7388601
1356334087436,-0.30887938,-0.011892319,3.2444916
1356334087475,0.72373104,0.5289507,3.4284742
1356334087517,0.3239982,0.35689926,2.5148017
1356334087560,-0.40216136,0.27748108,0.98258626
1356334087591,0.09600258,-0.6287918,1.6103742
1356334087633,0.9065168,-1.5356703,-0.22246829
1356334087676,1.5684342,-1.7764702,0.23828709
1356334087719,1.6520956,-4.559534,1.540324
1356334087756,-0.5499872,-3.4986372,-0.4998232
1356334087795,-2.5065043,-1.0057774,-3.3673127
1356334087836,-2.2704453,-6.0022297,-0.111573815
1356334087876,0.6791017,-3.0505085,-1.8845353
1356334087916,-1.4462008,0.6786175,-1.1152996
1356334087957,-2.4504857,4.6152635,-1.0374529
1356334087996,-1.9194398,6.6288185,-1.7512072
1356334088038,-1.4090391,8.434296,-0.79135907
1356334088076,-0.86876,7.7495975,-1.0188985
1356334088115,0.8556807,6.5395007,-2.9645314
1356334088156,4.902226,-0.55730057,-6.4091988
1356334088185,8.641421,-7.2336273,-8.181937
1356334088228,4.177818,-3.9503155,-4.539244
1356334088265,-1.9876375,-2.6632366,4.244962
1356334088348,-4.048973,3.4992151,4.387303
1356334088349,-2.1019633,-4.269805,4.030341
1356334088380,-0.05378604,-1.1246686,3.3536646
1356334088413,-1.1279769,0.48423433,3.1458187
1356334088457,-0.022084355,0.20210552,3.5977845
1356334088495,0.71895194,0.22935486,3.1212537
1356334088536,0.315984,0.6688895,2.7203355
1356334088576,-0.840841,0.30191898,1.0869474
1356334088619,-0.28156936,-1.0134182,1.4652066
1356334088656,1.0048139,-1.1107368,0.20905432
1356334088702,1.9462888,-1.2093506,1.3966081
1356334088738,1.3063413,-4.7677307,0.8036387
1356334088775,-1.6471026,-3.230214,0.3052261
1356334088817,-3.4827414,0.20130444,-2.4431586
1356334088855,-2.865838,-5.360197,-3.094924
1356334088897,0.78278303,-3.7776423,-2.760591
1356334088938,-0.7085944,0.39604282,-1.4154763
1356334088978,-2.190686,3.096929,-1.7465135
1356334089017,-1.6844418,4.7389307,-1.9625291
1356334089059,-0.82419485,7.87283,-2.1275434
1356334089096,0.1846146,8.0999365,-0.94472575
1356334089138,1.2340395,7.6812353,-2.4770145
1356334089176,4.698984,3.5306082,-6.288312
1356334089215,9.463383,-7.1910763,-5.7372136
1356334089256,4.053464,-3.6203623,-3.717007
1356334089296,-1.9812808,-3.6519222,4.6005054
1356334089336,-2.9250865,4.6445003,3.7052474
1356334089377,-2.8033867,-5.271162,4.5629063
1356334089449,-0.2248435,-0.9647727,3.9531958
1356334089459,-1.6197603,0.27218628,3.9287639
1356334089503,-0.702631,0.3295498,4.424431
1356334089544,-0.81270385,0.5571666,3.6330616
1356334089585,-0.30397105,-0.07383442,1.5934725
1356334089624,-0.47781885,0.028126717,1.3082211
1356334089654,-1.0948548,-1.4475031,0.88805884
1356334089694,0.5668763,-1.678935,-0.25361094
1356334089726,2.7570446,-0.22209167,1.6985819
1356334089764,2.5878868,-4.59966,0.5293509
1356334089804,-2.818818,-3.9994478,0.30842352
1356334089844,-4.208064,-0.33276272,-0.5232463
1356334089877,-3.5680008,-3.5669327,-2.8312538
1356334089915,-0.76963603,-7.1403866,-2.1639135
1356334089940,0.69661844,-3.3220549,-1.9338309
1356334089980,-1.5493883,0.9788265,-1.7677149
1356334090009,-2.032104,3.8993096,-1.8395433
1356334090040,-1.9490095,5.0601234,-2.6159654
1356334090080,-0.6478275,8.385365,-2.5855632
1356334090122,0.7254902,10.17306,-1.4756725
1356334090171,2.3544993,8.170859,-2.7340684
1356334090207,3.199238,4.330544,-7.246456
1356334090245,8.069135,-4.5665855,-8.178631
1356334090287,4.292607,-3.4187288,-4.2263036
1356334090325,-0.034299463,-5.665807,1.4435813
1356334090404,-2.631749,6.4912934,4.3111243
1356334090407,-2.2862504,-4.2297645,5.7798815
1356334090448,-1.1136658,-3.2847257,4.0234303
1356334090489,-2.1011128,0.3061881,3.2916074
1356334090528,0.32645655,0.19548512,4.5576963
1356334090566,0.005436182,0.995522,4.520035
1356334090607,-0.9625804,-0.3187685,2.1834285
1356334090647,-1.6767167,-1.0845118,1.4182775
1356334090686,-1.2063936,-1.4420319,1.766289
1356334090716,0.62879515,-1.9625759,-0.40887058
1356334090761,3.178758,-0.5408039,2.1993716
1356334090797,3.4058306,-5.1303415,0.5054507
1356334090837,-1.3751216,-4.40117,-0.95419014
1356334090878,-4.567898,-1.0385971,-1.5091435
1356334090915,-4.008313,-3.5505104,-2.7362754
1356334090958,0.16986585,-4.6402664,-2.3087382
1356334090995,0.17983413,-0.68841934,-2.0235639
1356334091036,-2.0478635,3.5044818,-1.8210374
1356334091076,-1.8803349,5.2929387,-1.6930567
1356334091120,-0.285455,7.6306276,-2.2855487
1356334091157,-0.14496164,8.681299,-0.49212432
1356334091199,0.49673387,8.029566,-2.912117
1356334091237,4.7750587,4.0641904,-5.381463
1356334091276,10.73315,-7.104043,-5.1814356
1356334091320,4.7327724,-1.7713861,-3.0322285
1356334091355,-2.695142,-6.6522703,2.7773104
1356334091397,-1.1143548,3.2032385,4.2371635
1356334091445,-3.5138965,-2.4099016,5.2007895
1356334091487,0.3681568,-0.3981347,3.2572925
1356334091526,-1.212126,0.8746095,3.341642
1356334091571,-0.18787587,0.4192152,4.2243958
1356334091606,-0.7454176,-0.042363167,2.7737617
1356334091647,-0.42524874,-0.11662865,0.89040583
1356334091686,-0.6731047,-0.8014498,1.4868784
1356334091715,-1.088745,-1.6474962,0.22765821
1356334091746,1.2605928,-1.0092611,-0.13746935
1356334091787,2.8936086,-0.86342144,1.6110605
1356334091830,1.4065084,-5.885683,0.03894651
1356334091866,-2.4558356,-3.9136772,0.8598647
1356334091909,-3.2898927,-0.5623522,-3.9126544
1356334091947,-2.8229957,-5.097061,-1.3481567
1356334092026,0.815959,-3.04922,-2.316976
1356334092027,-1.780112,0.41059208,-1.7057762
1356334092065,-1.5130637,4.5570393,-1.8491383
1356334092106,-0.8855989,5.753394,-2.1650884
1356334092173,-0.19624269,8.971006,-1.1870664
1356334092181,-0.2877775,8.394132,-1.4403008
1356334092227,1.0901487,6.4657598,-4.7475247
1356334092268,7.5156827,-2.08634,-5.4801664
1356334092306,9.262464,-4.5447435,-6.0107903
1356334092349,3.0362468,3.2814903,-2.2854643
1356334092385,-2.0367427,-9.036192,4.769649
1356334092465,0.8006804,2.732638,2.3977737
1356334092466,-1.8394954,-2.3825746,5.326071
1356334092505,0.36086082,-1.9122562,3.9699311
1356334092549,-3.3487413,0.5464034,3.0711157
1356334092587,-2.499675,0.20288754,4.1397786
1356334092626,-1.322263,-0.052085876,3.3481236
1356334092668,-0.9613881,-0.45766258,1.2359091
1356334092706,-0.65567994,-0.7230253,2.057859
1356334092790,-0.07038832,-1.4098749,0.6490482
1356334092791,1.0218352,-0.9286938,0.33596605
1356334092828,0.73274744,-3.42595,0.5432888
1356334092865,-1.8257649,-5.101598,-0.13157499
1356334092912,-1.3132832,-0.2023201,-1.8187531
1356334092962,-3.1171074,-3.9194098,-2.5606594
1356334092982,0.5152695,-3.9860697,-2.8972635
1356334093055,0.3756866,-0.1638012,-2.3156452
1356334093071,-2.110751,4.662804,-1.3307273
1356334093107,-1.2820878,5.3041897,-2.0111694
1356334093147,-0.68778163,7.068461,-1.9887228
1356334093178,-0.15851566,7.2351975,-1.2160838
1356334093216,0.5702435,6.4443483,-2.3820677
1356334093255,3.3250647,4.245844,-4.5393457
1356334093298,8.72526,-2.4656353,-5.50892
1356334093336,6.5929184,-1.1456614,-3.416615
1356334093377,-0.16499934,-4.757967,2.1537032
1356334093417,-3.395025,-3.6588078,1.7531135
1356334093458,-3.5558467,2.351956,4.8155537
1356334093514,-1.5466161,-3.2656202,4.209563
1356334093541,0.62445474,-0.28986216,3.5888996
1356334093576,-1.3737097,0.7046132,3.740924
1356334093617,-1.0917405,0.60001516,3.2698956
1356334093658,-1.0785629,0.9298625,3.2530203
1356334093697,-0.87117434,-0.16927528,1.2640566
1356334093737,-0.5138924,-0.6324606,1.4237385
1356334093776,0.39367282,-0.8423004,0.08643304
1356334093827,1.2789619,-0.79115677,1.4000795
1356334093849,1.1412868,-3.8544798,1.0046341
1356334093900,-0.6346306,-4.323207,0.60259247
1356334093935,-2.6628473,-0.15853119,-4.277215
1356334093981,-2.5342455,-4.937299,-1.9946632
1356334094031,1.1475176,-2.083582,-2.1563876
1356334094074,-1.7518144,2.4020567,-1.6968113
1356334094115,-1.7411227,4.610113,-1.6147128
1356334094157,-0.85222024,6.3889785,-1.5750043
1356334094200,-0.52403814,7.1861324,-0.6801528
1356334094237,0.067756,6.665759,-1.61291
1356334094277,2.9430974,4.391148,-4.716503
1356334094317,8.394266,-3.4661636,-5.721957
1356334094356,8.272428,-1.296483,-3.9876318
1356334094399,-0.52387327,-5.3116083,3.458996
1356334094435,-2.6472924,-2.9527802,1.3349333
1356334094476,-3.5951986,1.8425541,4.920236
1356334094516,-0.65758324,-3.4413595,3.9181886
1356334094559,-1.1022627,0.62423515,3.309616
1356334094595,-1.1840532,0.8244362,4.345584
1356334094637,-0.93822813,0.19463348,3.8995323
1356334094676,-0.7830459,0.20048141,1.9732785
1356334094717,0.31032717,-0.4085989,1.6688557
1356334094757,0.017584562,-0.8360634,1.2936833
1356334094798,1.4650075,-0.91646194,0.5213555
1356334094837,0.47103655,-1.4266596,1.372341
1356334094875,-0.014745474,-4.7960367,0.051101923
1356334094918,-1.187507,-3.152831,0.83431745
1356334094946,-3.468073,-0.36423397,-3.7832491
1356334094984,-2.8291054,-4.9604588,-2.495655
1356334095025,1.4203677,-3.4988604,-2.261455
1356334095120,-1.7613375,0.6341009,-0.9393755
1356334095122,-2.1825123,4.481385,-1.3685546
1356334095139,-1.3321371,5.670247,-2.7765985
1356334095181,-0.46071863,7.638172,-1.808561
1356334095227,-0.4422743,7.7709846,-1.7109718
1356334095267,1.1744612,6.025209,-4.001293
1356334095308,6.4778776,-0.3336153,-7.155
1356334095347,8.679142,-6.0577583,-6.5187726
1356334095386,1.7604938,-1.2556791,-1.3836105
1356334095427,-1.1811613,-6.875576,4.3461704
1356334095467,-2.034195,2.5393996,3.697652
1356334095507,-0.9686748,-2.5344782,5.2613487
1356334095546,0.30583954,-1.1341262,3.741478
1356334095592,-1.936385,1.02103,3.1756487
1356334095636,-0.18222678,0.2031269,3.5788107
1356334095675,-0.2234714,0.6187115,2.900081
1356334095717,-0.8263218,1.0878062,2.2496877
1356334095756,-0.83020365,-0.29739475,1.9300331
1356334095797,0.026001453,-1.3513756,0.3827772
1356334095836,1.2820857,-0.9629326,1.4323398
1356334095878,2.165596,-3.9425898,-0.34181505
1356334095916,-1.2531568,-3.9842176,-0.14783877
1356334095960,-1.2498821,-0.41847992,-1.4148804
1356334095996,-1.9210616,-4.184884,-2.7019086
1356334096043,0.13694382,-4.9787464,-2.3204756
1356334096077,-0.94104916,-0.92106247,-1.4650799
1356334096127,-2.031143,3.2730165,-1.2335862
1356334096156,-1.5777302,5.0640817,-1.8808787
1356334096195,-0.8076818,7.616628,-1.5952713
1356334096240,-0.46302986,8.568488,-1.0537796
1356334096275,0.36555797,7.010418,-3.7050443
1356334096318,5.056576,1.5753117,-7.463963
1356334096357,7.9265046,-4.7827244,-6.4201097
1356334096400,-0.049177557,1.9888287,-3.089227
1356334096435,1.421151,-7.739772,5.7781434
1356334096494,0.3426851,1.4269791,4.6768966
1356334096517,-1.9555051,-2.8894587,5.293637
1356334096557,-1.7731533,-1.6782098,3.67761
1356334096607,-1.5148811,0.49630022,3.5044136
1356334096645,-0.72823775,1.6359057,3.541788
1356334096686,-0.6611513,0.51151085,3.6219668
1356334096726,-0.97206724,0.095272064,1.4796587
1356334096768,-0.8568496,-1.2840118,0.5047664
1356334096854,0.7195296,-1.6445808,0.7036475
1356334096855,2.346815,-1.2582941,0.11572403
1356334096881,0.31333256,-3.756567,-0.33080477
1356334096930,-2.667358,-2.2704754,0.52986765
1356334096962,-4.8252993,-0.8704834,-3.9944587
1356334097011,-1.840236,-7.7504616,-2.3664522
1356334097043,1.6866076,-1.4241152,-3.7438388
1356334097103,-0.08085054,1.5573549,-1.6956134
1356334097123,-2.7773213,4.8925276,-1.0147176
1356334097166,-1.5708314,6.873405,-1.7076328
1356334097207,-0.1205183,7.9601254,-0.81696665
1356334097246,-0.21600139,6.6706023,-0.83745915
1356334097288,1.263099,5.034493,-4.1959734
1356334097337,11.511235,-3.1195974,-5.107239
1356334097376,7.3892756,-5.2928295,-3.5295815
1356334097418,-2.3063405,-4.3319597,0.98290884
1356334097455,-3.786014,2.801856,6.351453
1356334097512,-2.5428033,-5.4721885,4.676424
1356334097553,-0.5619228,-1.8957777,3.590837
1356334097577,-0.72510505,-0.2128911,3.6340747
1356334097616,1.6846051,0.86914825,4.036529
1356334097658,1.3256469,1.8004494,4.016369
1356334097696,0.017148256,0.34272957,1.9753878
1356334097736,-0.27052522,-0.19429874,1.0671606
1356334097777,-0.6631965,-0.9479246,1.0784378
1356334097822,0.97110856,-0.78446674,-1.1963912
1356334097851,1.6526117,-1.5835323,0.9872346
1356334097884,0.08870268,-5.2992535,-0.32426262
1356334097934,-3.0122995,-2.7431908,-1.3071091
1356334097966,-3.2130704,-4.2334146,-1.7912109
1356334098011,0.24877346,-6.426713,-2.9163003
1356334098065,1.0020804,-2.1613789,-1.8801181
1356334098091,-3.1151671,3.721169,-0.5983786
1356334098119,-2.873856,4.9286027,-1.4765728
1356334098163,-1.5474256,7.392935,-2.0270562
1356334098228,-1.4716287,9.407812,-0.48105228
1356334098246,-1.2391832,9.111646,-2.035505
1356334098281,0.76021284,5.1540737,-6.6722383
1356334098309,10.987872,-5.5508156,-8.683368
1356334098351,7.0745435,-2.8170242,-5.168033
1356334098380,-0.32887614,-6.1564207,0.98792195
1356334098421,0.053279907,-2.46101,2.3056011
1356334098486,-1.2413019,-0.31792164,5.8325896
1356334098504,-1.730679,-3.0254192,3.5005574
1356334098547,-1.4067191,-0.07971001,3.4243288
1356334098587,-0.5849972,0.029786587,3.9001324
1356334098615,0.48871827,0.7825961,3.5452871
1356334098646,0.058755994,1.3683853,2.8641963
1356334098687,-0.084720254,1.1037793,1.452043
1356334098726,0.5852208,0.18023682,0.831214
1356334098806,0.39340293,-0.51850605,0.56875926
1356334098811,1.083435,-1.0204163,-0.226756
1356334098848,1.9102943,-2.6839714,0.5755833
1356334098888,1.292932,-5.579568,0.9742963
1356334098938,-1.4438523,-1.4878073,-0.47889698
1356334098971,-2.984747,-2.7215557,-2.3280504
1356334099004,-0.3511765,-5.032902,-1.6041626
1356334099051,0.420115,-2.2165022,-1.9550741
1356334099083,-0.9685978,0.7400274,-1.4011146
1356334099128,-2.0726056,4.3642693,-1.1985272
1356334099167,-1.4367511,6.9920816,-0.8220569
1356334099205,-1.6873325,9.107743,-0.15263696
1356334099245,-1.8373996,8.777573,-0.18013361
1356334099285,0.1076169,5.2323585,-3.5925148
1356334099330,7.084351,-1.2430191,-8.30411
1356334099366,6.626569,-2.2627048,-5.92671
1356334099408,1.1949844,-5.515522,-3.861658
1356334099436,-2.5418172,0.29433918,0.707849
1356334099482,-4.400813,2.6905198,6.2770586
1356334099518,-0.6899152,-7.7013307,3.7402334
1356334099560,0.49496126,-1.8481374,3.8586655
1356334099597,-1.384418,-0.17045355,3.4060574
1356334099637,0.7544813,0.28753042,3.6900191
1356334099676,0.57406294,1.0642571,3.2346673
1356334099718,0.45841932,1.0277276,2.8052206
1356334099756,0.42695045,0.51226616,1.2235553
1356334099798,0.20298243,-0.67710876,1.5191067
1356334099838,1.5953987,-1.2893515,1.026983
1356334099876,1.8179277,-1.7029743,1.4164332
1356334099917,1.7161312,-4.627205,1.1402093
1356334099956,-2.2614267,-3.875824,0.1800673
1356334099998,-3.326874,-1.8342934,-2.1173868
1356334100037,-2.4824843,-6.6242533,-1.8795314
1356334100077,-0.16522348,-3.5687704,-2.9936924
1356334100116,-1.8178504,0.9532299,-1.1163282
1356334100159,-2.7747993,4.339973,-1.5098175
1356334100197,-2.3146832,6.4155445,-1.4425733
1356334100237,-0.13942862,8.736279,-1.5464509
1356334100276,-0.5523364,8.599155,-1.2898926
1356334100308,-0.39917803,7.1794033,-3.26932
1356334100346,1.9070275,4.2501435,-6.218687
1356334100386,9.906168,-5.867015,-6.529963
1356334100427,4.6516185,-3.5271578,-5.824876
1356334100466,0.28638947,-4.192274,1.5726154
1356334100508,-2.2511601,1.5044413,5.449398
1356334100535,-1.767559,-1.322351,5.4531555
1356334100577,0.79561305,-3.5622993,3.9370003
1356334100616,-1.3890573,0.23413181,2.9001224
1356334100656,-0.63700426,0.5854025,3.5992308
1356334100696,0.3135631,1.0816936,4.5179415
1356334100739,-0.6225561,0.36359024,3.1714916
1356334100776,-0.5670773,-0.04873848,1.5242043
1356334100818,0.20115852,-0.73931503,1.8002155
1356334100857,0.009840488,-0.83623505,0.8891297
1356334100896,1.5366313,0.0129003525,1.1066167
1356334100937,1.1908349,-2.2208672,0.6169654
1356334100970,0.04256487,-4.7917957,0.2000041
1356334101007,-0.3937664,-2.3704786,0.0965116
1356334101046,-2.7111654,-2.8078136,-3.6667025
1356334101088,-1.4017677,-5.5955276,-0.84101737
1356334101126,0.44063878,-0.5156565,-2.035982
1356334101167,-1.6573159,2.1167426,-1.430921
1356334101207,-2.4169943,4.590983,-1.1547948
1356334101250,-1.7996057,6.243456,-1.7823659
1356334101287,-1.1349089,7.5395536,-1.0109539
1356334101327,-0.7400813,6.987763,-2.1908257
1356334101367,1.2343261,4.1826878,-6.10034
1356334101410,8.143067,-3.3217363,-6.576898
1356334101447,7.36235,-0.46982956,-4.088004
1356334101486,0.13957411,-4.9608974,2.070447
1356334101532,-0.022744358,-3.012371,2.7303128
1356334101565,-1.0795156,0.13435793,4.292713
1356334101619,-2.0491114,-3.2294664,4.039093
1356334101656,-1.8482294,-0.20636368,3.1380455
1356334101698,-0.92598355,0.38761806,3.1901128
1356334101736,0.009943008,1.1985617,2.7251966
1356334101781,-0.36791122,1.3240209,3.4469125
1356334101818,-0.46720016,-0.37325382,1.0069408
1356334101855,0.114860415,-1.3272123,1.0805349
1356334101898,0.9254446,-0.5972738,0.8684949
1356334101939,2.141745,-2.3955317,0.59932244
1356334101976,-0.29055452,-4.966859,1.2604455
1356334102020,-1.6333786,-1.118784,-0.15853822
1356334102057,-2.3961048,-1.864871,-3.1190128
1356334102098,-0.9558242,-5.47729,-0.9331815
1356334102135,0.19951975,-2.2335835,-2.0830605
1356334102177,-2.9195204,1.4314623,-1.20364
1356334102216,-2.946865,4.00185,-1.4890887
1356334102248,-1.6454755,4.915694,-2.4706516
1356334102286,-0.16574025,6.997164,-1.35845
1356334102327,0.12455249,7.2518044,-1.5895482
1356334102370,1.1632464,5.8164415,-3.2483168
1356334102406,6.311106,2.1070557,-6.4039216
1356334102450,9.259081,-2.7953053,-5.5035715
1356334102486,2.1354542,-6.9550285,-0.55544454
1356334102531,-2.1881516,-0.739522,0.48892167
1356334102578,-2.321765,-0.15011501,6.402714
1356334102610,-0.31558955,-3.97996,3.3540287
1356334102648,-0.6155826,0.55799913,2.8075652
1356334102688,-0.98875535,0.27281046,3.070086
1356334102728,0.279289,0.80152035,3.8689985
1356334102766,-0.2210381,0.89224005,2.730731
1356334102808,0.123766184,0.8718872,1.508696
1356334102845,0.33254004,0.09355068,1.4633546
1356334102887,-0.23305595,-0.82099724,0.91654664
1356334102926,0.86280465,-0.6296902,-0.60872483
1356334102968,0.62208176,-0.79306984,0.94987476
1356334103006,1.589859,-3.959137,0.84009194
1356334103049,-1.469921,-2.3343391,-1.116466
1356334103087,-3.5603747,-2.8305473,-2.087873
1356334103129,0.013219357,-6.800535,-1.5279703
1356334103167,0.40794992,-1.0948706,-1.9085596
1356334103206,-1.8637114,1.25912,-1.9522641
1356334103247,-2.4217727,3.8346152,-1.067712
1356334103286,-1.7670194,5.479565,-1.7361022
1356334103327,-1.142328,7.009652,-0.8546649
1356334103366,-1.4515781,7.2911158,-0.55167073
1356334103462,-0.006058097,6.0660043,-2.6514447
1356334103463,2.4701056,2.0256329,-4.8234406
1356334103479,7.7855515,-5.7363787,-6.21609
1356334103521,4.0741305,-2.392807,-4.160605
1356334103568,-1.0913985,-5.4048786,1.8660886
1356334103611,-1.8867595,2.3183093,3.9082603
1356334103645,-1.9272722,-1.0610533,4.200595
1356334103675,-0.4672966,-2.589405,3.7969403
1356334103716,-1.8267547,0.14913559,3.8779407
1356334103748,-1.3471136,0.7096982,5.2711987
1356334103786,-0.26723576,0.12462807,4.441512
1356334103826,-0.40786254,-0.030293465,3.3805997
1356334103867,-0.16941106,0.08108425,1.7770939
1356334103906,0.34865236,0.030939102,1.898782
1356334103946,-0.03760755,-1.0152111,0.5394952
1356334103986,2.0087848,-0.25517178,0.61431193
1356334104027,2.0814621,-1.5515709,0.36584067
1356334104056,1.2618463,-4.598811,0.72928977
1356334104098,-0.20606661,-2.7873516,0.5539117
1356334104136,-3.192922,0.40079594,-3.2027416
1356334104180,-3.288818,-4.596118,-2.0112484
1356334104217,1.2885191,-2.6753263,-2.2951622
1356334104260,-0.36526406,0.3942032,-2.0958798
1356334104297,-1.5303376,3.1227489,-2.113284
1356334104335,-2.7185967,5.180485,-2.3002315
1356334104366,-2.4218168,7.0115128,-1.798424
1356334104410,-1.1745005,7.1018305,-1.5000468
1356334104447,0.22724295,6.6940794,-2.9987726
1356334104485,2.2423208,4.134752,-4.644398
1356334104527,7.026875,-4.813034,-7.1642075
1356334104565,3.1615214,-4.722006,-4.713379
1356334104614,-0.6693407,-4.668103,1.461444
1356334104645,-1.0317174,1.1831894,6.077392
1356334104686,-1.6467174,-0.45727682,4.0884657
1356334104726,-1.142864,-1.6226234,3.9692283
1356334104767,-1.6988306,0.5237503,4.138073
1356334104807,0.3953905,0.48077106,4.95815
1356334104848,0.6005405,-0.7839289,3.2727659
1356334104886,-0.014817953,-0.4342537,2.124733
1356334104927,-0.51512945,0.48922634,2.557819
1356334104969,-0.62653804,0.043056488,1.7376232
1356334104995,0.38665164,-0.84081936,0.61191404
1356334105037,2.5043821,-0.11110115,0.5842334
1356334105076,2.335482,-2.4792652,0.2968104
1356334105118,1.1312723,-4.099454,-0.14229262
1356334105156,-0.32831585,-0.34850407,-1.0225899
1356334105197,-4.102589,-0.35423374,-4.3671846
1356334105236,-2.0277913,-5.7005835,-1.1110485
1356334105278,0.09444487,-2.488349,-2.773626
1356334105316,-1.4170072,0.8565731,-2.4839506
1356334105359,-1.549216,3.740654,-1.9859282
1356334105396,-1.6123552,5.29738,-2.1776788
1356334105440,-0.593329,7.128784,-1.3028388
1356334105477,0.14913464,6.768193,-1.9644253
1356334105516,1.5833359,5.5897965,-4.5553656
1356334105557,6.8054485,-1.641612,-4.966869
1356334105595,5.5120277,-3.2193956,-3.9637036
1356334105638,-0.019973993,-4.47375,0.6848483
1356334105676,-0.65596104,-2.3923216,3.037294
1356334105728,-2.3534608,1.2437987,4.7349644
1356334105770,0.09529984,-1.0384645,3.8679824
1356334105806,-1.6767799,0.11881542,3.7188287
1356334105846,-0.18155909,0.116909504,4.3152676
1356334105887,0.017248869,-0.2352581,3.506952
1356334105927,-0.12192845,-0.34548283,2.211872
1356334105966,-0.53443205,0.055635452,1.8293073
1356334106008,-0.8508158,-0.6178274,2.0828338
1356334106047,0.50890493,-0.21569061,-0.15389921
1356334106089,2.0046573,-0.43750095,1.4855154
1356334106126,1.3766598,-3.9650126,-0.22753733
1356334106170,0.4697926,-2.949953,-0.20839286
1356334106207,-2.296982,0.26053715,-2.2070062
1356334106246,-3.4534073,-2.6003819,-3.4321332
1356334106286,0.3407451,-3.9244738,-2.2907958
1356334106325,-0.33801413,-0.3743534,-2.2531583
1356334106367,-1.9063381,2.1730356,-2.347334
1356334106407,-1.6190107,3.2612424,-2.7660558
1356334106468,-1.1205417,4.903078,-2.5460258
1356334106488,-0.028062463,6.6443076,-1.1886132
1356334106523,1.1137185,6.286807,-2.5812793
1356334106560,3.6247528,4.256482,-4.1964498
1356334106599,6.720167,-2.8628502,-6.115875
1356334106640,4.6564794,-0.97844505,-2.1270719
1356334106683,-1.3279549,-5.563879,1.7623124
1356334106723,-1.2719607,-1.835392,3.5091543
1356334106765,-2.9168768,1.1509385,5.286842
1356334106807,-0.37387323,-2.3303137,4.7675
1356334106845,-0.2724707,-0.0023975372,3.9792304
1356334106887,-0.75866187,0.7464576,4.26303
1356334106926,-0.9217446,-0.0258255,3.8182404
1356334106966,-0.7728609,-0.38658524,1.5721325
1356334107007,-0.23696327,-0.39595413,1.8206458
1356334107050,-0.75610375,-0.4850855,1.9960692
1356334107087,1.0559473,-0.17816544,0.44521475
1356334107129,1.6561316,-0.17071152,1.3501773
1356334107167,1.935421,-4.3408957,-0.23616707
1356334107206,-1.6938161,-3.644596,-0.025754333
1356334107247,-3.176086,-0.8121357,-3.9000669
1356334107286,-1.7150828,-5.3759613,-1.5115548
1356334107328,1.3075213,-3.378973,-2.5150678
1356334107365,-2.236233,1.4264412,-2.0368083
1356334107406,-2.2897534,4.1067066,-1.7225235
1356334107447,-1.7879689,5.3527174,-2.5346375
1356334107490,-0.6838595,7.8959036,-1.9880369
1356334107541,0.1951524,7.364038,-1.9063008
1356334107569,0.7272707,6.4929028,-3.4449153
1356334107607,6.2418795,-0.6445112,-6.808209
1356334107646,7.2693195,-6.131962,-5.601702
1356334107687,0.059013546,-2.4327707,-0.8440529
1356334107726,-1.4724596,-2.881194,6.25883
1356334107767,-2.6716933,0.46375942,4.718851
1356334107807,-2.4823446,-2.5378804,4.420332
1356334107845,-1.2140772,0.19600534,3.58482
1356334107886,-0.0366385,0.5193286,4.786389
1356334107931,0.44425368,0.42794132,4.4974275
1356334107977,-0.6039474,-0.96692944,1.710152
1356334108016,0.09821224,-0.47629738,2.2130263
1356334108057,-0.08149445,-0.55710983,1.0623827
1356334108096,0.5762464,-0.6889849,-0.25297156
1356334108138,1.2693384,0.23995972,0.5545645
1356334108177,1.9503658,-3.3547373,0.78079605
1356334108219,-0.06682372,-5.218088,-0.18843043
1356334108255,-3.0175657,-1.6620798,-2.5762982
1356334108300,-3.497514,-5.2523184,-1.9138525
1356334108340,1.9924474,-3.8805552,-2.6391273
1356334108380,-1.0392765,1.0523882,-1.6396077
1356334108417,-1.661304,4.5386996,-1.5692495
1356334108456,-1.9346287,6.178867,-2.2205434
1356334108498,-1.3695903,8.290712,-1.2589035
1356334108536,-1.0909599,7.8275747,-2.2037487
1356334108577,1.0857791,5.9242005,-4.0712214
