1356333489623,0.0,0.0,0.0
1356333489643,-5.9604645E-8,-0.06805706,0.10889089
1356333489659,0.06808114,-0.19040775,0.21750486
1356333489703,0.026971817,-0.29785824,-0.16550279
1356333489745,0.02613157,0.08790207,0.144315
1356333489784,0.024314165,-0.17569733,0.1798079
1356333489822,-0.005556166,-1.9645691E-4,-0.017618299
1356333489863,-0.09045923,0.04127407,-0.18922067
1356333489904,-0.011662126,0.21882153,0.18367612
1356333489943,-0.013388574,0.1072855,0.36682606
1356333489983,-0.013389349,0.19427776,0.2913338
1356333490025,-0.05260694,0.23292542,0.3492577
1356333490064,0.059258163,0.1816473,0.22390711
1356333490104,0.22593099,0.27324772,0.39105153
1356333490145,0.06455964,0.18157673,-0.21186256
1356333490184,0.4174881,-0.20031929,-0.5870477
1356333490223,0.28832763,-0.37835884,-0.3593681
1356333490263,0.27427644,-0.12939072,0.42473525
1356333490305,0.37437385,0.04783535,-0.0019091368
1356333490343,0.07144201,-0.18511105,-0.2121588
1356333490384,0.1850493,-0.36667633,0.4415738
1356333490423,0.18728304,-0.008973122,-0.30718923
1356333490463,0.1494993,-0.36724377,-0.0241251
1356333490503,0.2238478,-0.19056702,0.8260581
1356333490543,-0.14712292,0.06992245,-0.10074806
1356333490583,-0.7441657,-0.1733818,0.23084164
1356333490624,-1.5627561,0.27557087,0.94823706
1356333490665,-1.7073529,0.9502201,0.8380102
1356333490689,-2.6099024,1.4667864,1.3085133
1356333490719,-3.021705,1.4667912,1.8379599
1356333490760,-2.5491314,1.7354679,2.9092627
1356333490801,-2.4433823,2.4411602,3.110239
1356333490842,-4.2202506,0.2138567,-0.19821668
1356333490882,-1.5673194,-0.63857365,-0.83035535
1356333490922,-1.1850216,-1.0759115,1.7011306
1356333490980,-2.9052823,-3.1594973,1.1366253
1356333491002,-0.9644344,-3.387566,1.6628711
1356333491042,-0.08209479,-3.7358122,1.9989498
1356333491079,-1.1487601,-3.4733734,2.8399918
1356333491111,-1.3872294,-3.663979,3.6470294
1356333491149,-0.69753766,-2.0826693,4.193737
1356333491193,0.07096362,0.9804802,4.7608776
1356333491232,1.1853803,3.4592667,5.29537
1356333491272,-1.4103467,5.7378893,-2.0342548
1356333491312,1.2603726,0.75594807,-6.738722
1356333491352,3.3416677,-4.7267523,-4.526702
1356333491392,7.655019,4.0321198,-4.5071807
1356333491432,4.998251,2.1054554,-3.1627405
1356333491474,1.8238521,-0.39489174,-3.7249103
1356333491513,4.37964,0.3551731,-3.5307302
1356333491554,3.6298594,0.28360748,-3.0404558
1356333491593,2.2746043,-0.34383965,-2.2732701
1356333491633,1.0150468,-0.35958862,-1.6349273
1356333491674,-0.20815554,0.37577152,-0.8935234
1356333491712,-0.16202444,1.5739555,0.6933846
1356333491754,0.19802928,1.3131819,1.7615032
1356333491793,0.39473665,3.024726,1.0565164
1356333491834,-0.35765195,5.4356565,2.467682
1356333491873,-1.6607921,2.3407898,1.887571
1356333491913,-1.998604,0.9752779,-0.33888566
1356333491954,-1.8878553,3.4398184,-2.0938632
1356333491993,-1.9596169,1.7264671,-0.1935144
1356333492033,-1.8765409,-0.65497684,-0.75375205
1356333492074,-1.7400622,-4.437836,-0.14302611
1356333492114,-1.4374735,-6.090238,-0.5178442
1356333492153,-1.186068,-7.2015758,-0.105494976
1356333492194,-1.422013,-7.948501,0.9622215
1356333492234,-1.4499816,-6.6854377,2.777269
1356333492273,-1.453509,-4.0523877,4.974987
1356333492313,-0.3989323,4.675411,10.011383
1356333492354,-0.67047316,5.891015,10.3990135
1356333492394,-1.139376,-0.67574406,-8.506265
1356333492433,1.9914956,3.564618,-4.0549426
1356333492474,-1.5254489,-3.440886,-0.016415894
1356333492514,6.864103,2.9501371,-6.096833
1356333492552,5.3171053,1.8161745,-1.9049991
1356333492592,1.6271417,0.7037592,-2.3667736
1356333492632,1.9640021,0.79104424,-1.1002333
1356333492677,0.64472777,-0.10018349,-1.5887346
1356333492713,1.5443308,-0.37446404,-2.2281175
1356333492754,0.7158281,0.63822746,-1.2793334
1356333492794,0.6573603,1.1829338,2.7199633
1356333492833,2.7589922,2.8918447,0.59293747
1356333492874,-0.58839655,7.2415314,2.4977186
1356333492914,-4.7869062,3.4723024,1.5931389
1356333492953,-2.8693333,1.40588,-2.3477654
1356333492994,-2.2334878,5.2826033,-2.4675841
1356333493034,-2.2195501,3.4162807,0.5175833
1356333493073,-1.782951,-2.3082829,-0.8245516
1356333493113,-1.5354173,-5.3808293,-1.17691
1356333493154,-1.2017276,-7.074907,-1.2419227
1356333493193,-1.4322867,-8.169163,-0.31939375
1356333493233,-1.0040534,-8.8318205,0.79641795
1356333493274,-1.1737854,-7.080461,3.384267
1356333493314,-2.626884,-2.191884,8.093283
1356333493354,-0.7787428,7.327832,10.973868
1356333493395,0.7072288,-3.51231,7.837984
1356333493434,0.47300202,-0.049736023,-11.072675
1356333493473,4.0644274,7.8791943,3.6487637
1356333493514,-0.3510437,-9.216873,-4.3701673
1356333493553,5.1423616,3.6365404,-4.594487
1356333493594,5.28249,2.1988883,-1.8866041
1356333493633,2.08931,-0.8876562,-4.6718006
1356333493672,1.629064,1.6039886,-1.9165725
1356333493712,0.4295059,-0.17934513,-3.4695396
1356333493752,0.5301619,1.6687803,-2.6473467
1356333493794,0.3937165,3.2154894,-0.77471477
1356333493834,1.0035702,2.9064407,3.0492387
1356333493874,2.283101,5.6006613,1.6225109
1356333493913,0.21970916,7.663931,4.324672
1356333493954,-2.551055,4.26884,1.0201966
1356333493993,-2.1724777,3.1449347,-4.2709103
1356333494034,-1.7543238,7.107939,1.0783265
1356333494073,-2.9441748,1.0548887,-1.586941
1356333494114,-2.1746244,-3.9657836,-2.0324202
1356333494154,-1.9006569,-6.7919507,-1.3788013
1356333494194,-0.46069604,-9.652956,-1.3053626
1356333494234,-1.8577337,-11.3251705,-0.6431257
1356333494274,-0.5248683,-10.096689,0.6645267
1356333494314,-2.7652786,-4.722135,7.748334
1356333494354,-2.5547926,6.5095167,13.762363
1356333494394,-1.7114661,-0.19416332,2.3635924
1356333494434,-2.9434688,6.5871162,-6.5749784
1356333494474,6.5469484,1.4186478,0.0073261335
1356333494514,1.0526197,-7.8226204,-3.3948512
1356333494554,6.9059796,7.126444,-2.87506
1356333494594,3.1007714,0.32275295,-1.7181424
1356333494633,2.7736373,-0.78047085,-1.5045954
1356333494672,2.646935,0.8713484,-2.6779227
1356333494711,1.0855383,0.51367664,-1.8697469
1356333494752,0.64701957,1.3661098,-0.90498704
1356333494792,-0.3763047,2.4285946,2.3924549
1356333494832,1.7805452,2.4297543,2.5775928
1356333494872,1.9873817,8.401044,1.6067703
1356333494912,-4.0570655,4.24494,1.8492796
1356333494952,-1.2958791,3.9097147,-5.715626
1356333494994,-1.7684554,6.603881,-0.014485806
1356333495034,-1.8356341,1.6002216,-1.2943581
1356333495074,-1.8183495,-4.020627,-1.8072072
1356333495114,-2.1692863,-6.5133862,-1.5179546
1356333495154,-0.8932832,-7.7731047,-1.6991009
1356333495194,-1.853054,-9.594036,-1.2034854
1356333495234,-1.6226754,-8.901376,0.1501635
1356333495274,-3.2660513,-6.5901346,4.8594775
1356333495314,-1.3359627,2.339034,13.477526
1356333495354,-0.2818144,5.920018,11.005519
1356333495394,-4.160712,-9.310804,-1.9562466
1356333495434,4.3075385,9.369076,-9.868379
1356333495474,1.3541234,1.3231153,5.355102
1356333495514,0.48723996,-5.817403,-6.355012
1356333495554,5.705384,4.037896,-4.765261
1356333495594,4.7250485,0.78832054,-2.7419338
1356333495633,0.5817334,1.1218481,-1.6097044
1356333495672,1.0926015,1.5831423,-0.47809976
1356333495710,1.6172304,0.54350185,-2.4780183
1356333495752,1.6859672,1.7712746,-2.3473644
1356333495792,-0.1926568,2.5036736,2.1711583
1356333495832,2.2259164,2.4448662,2.1832614
1356333495872,2.3085155,7.6741505,2.8879342
1356333495912,-3.2316623,4.5754375,2.8609734
1356333495952,-0.6843444,3.3512154,-4.471366
1356333495992,-1.1702061,6.7579155,-0.19685721
1356333496032,-1.8857148,1.3710804,-0.88852084
1356333496074,-1.5878233,-4.05794,-1.6244698
1356333496149,-1.641797,-5.8348207,-1.9767097
1356333496159,-1.3317748,-7.5289836,-1.9588646
1356333496202,-2.5290322,-8.330052,-1.110677
1356333496242,-1.9093378,-7.483977,0.943305
1356333496282,-3.0738025,-5.885994,6.3832808
1356333496324,-1.5146469,1.2920322,10.546893
1356333496364,-2.2985823,7.696005,10.483531
1356333496403,-3.426304,-3.1994495,2.7029717
1356333496444,2.1565895,8.118962,-9.840741
1356333496483,1.7925614,1.6697912,0.7282662
1356333496523,0.8573173,-4.893161,-3.8732433
1356333496564,6.6487255,3.2514057,-5.4995832
1356333496603,4.581267,0.85053825,-2.6901622
1356333496677,1.4038696,0.72502327,-0.86101824
1356333496678,1.6271875,0.23540878,-0.5351291
1356333496709,1.3499975,-0.58334255,-2.476154
1356333496742,2.4231508,-0.34523773,-2.2891831
1356333496782,1.3332114,0.6636181,0.16347533
1356333496822,1.1390955,1.150012,2.666491
1356333496862,1.289792,2.750907,2.480054
1356333496902,-0.4815377,6.841173,3.138416
1356333496942,-2.5861554,2.6355038,-0.028404057
1356333496984,-2.0178423,4.999197,-5.0992827
1356333497024,-2.6859884,6.155981,1.0623047
1356333497064,-2.321055,-0.9745674,-0.84313387
1356333497104,-0.1791755,-4.5585933,-1.8596802
1356333497144,-0.37099552,-6.0741,-1.632682
1356333497184,-0.86635256,-7.169155,-1.6277424
1356333497224,-2.2511773,-7.061873,-1.2686211
1356333497264,-1.6751059,-6.733305,0.8393749
1356333497304,-2.925161,-5.331971,6.2932
1356333497344,-1.7369115,2.5732183,9.7160015
1356333497384,-1.6876131,4.400859,8.71285
1356333497424,-2.5471349,-2.677464,-0.14060897
1356333497464,4.80899,9.101696,-8.415068
1356333497646,1.2473918,-2.5045586,1.8544775
1356333497662,1.1471909,-3.7496176,-5.0230546
1356333497664,5.20155,3.5094728,-3.4981563
1356333497665,5.1392508,1.1457415,-2.6726696
1356333497666,1.4765816,0.09897709,-1.6165783
1356333497689,1.1146493,0.010420799,-0.6316092
1356333497731,0.60721767,-0.76387596,-1.9477315
1356333497772,1.173249,0.069690704,-1.4935699
1356333497812,0.6964962,1.4107018,1.5875549
1356333497852,1.1430554,1.3224201,2.239077
1356333497892,0.20557225,4.903034,4.042872
1356333497932,-1.8423276,6.0540714,2.2246444
1356333497972,-2.157977,3.1101608,-4.058709
1356333498014,-2.4702241,7.097966,-0.92304254
1356333498054,-1.4274068,5.1387987,-0.21433818
1356333498094,-2.560588,-3.2209034,-2.226455
1356333498134,-1.8102092,-5.3945313,-2.6205165
1356333498174,-0.87234044,-7.859463,-1.6596739
1356333498214,-1.3102436,-9.546925,-1.084567
1356333498254,-1.6785178,-9.896308,-0.8458714
1356333498294,-2.3359802,-8.673083,3.1865957
1356333498334,-3.3815517,0.80570984,13.688778
1356333498374,-0.46059936,6.914424,11.4634695
1356333498414,-2.9855425,-6.4804153,1.9591511
1356333498454,1.4421692,8.40892,-0.06970829
1356333498493,3.7110276,-4.2009563,-5.5144606
1356333498534,0.91483516,0.07205963,-3.6327581
1356333498574,5.7155204,6.3477707,-2.8764255
1356333498614,1.9082606,-0.061510086,-3.3348193
1356333498687,2.7564602,0.32797337,-2.4176128
1356333498692,2.33254,0.221591,-2.257129
1356333498719,1.715266,-0.6283474,-3.148313
1356333498762,1.4901953,0.23227882,-2.3867347
1356333498802,0.53372,2.8930483,1.5017055
1356333498842,0.75909567,2.494461,3.089858
1356333498882,1.0148401,4.415122,3.5061936
1356333498922,-0.9711786,6.590579,2.3006716
1356333498964,-1.8712598,3.4781952,-2.3824677
1356333499004,-2.1997578,6.6135387,-4.0317254
1356333499044,-1.1076844,6.0638466,0.6774074
1356333499084,-1.225158,-0.47891903,-2.0394456
1356333499124,-2.605969,-4.838789,-3.1400783
1356333499163,-1.5384462,-7.679755,-2.634728
1356333499204,-0.52959955,-10.2586,-1.4779304
1356333499244,-1.9021342,-10.286857,-1.824693
1356333499283,-1.1531076,-8.70063,0.2258809
1356333499324,-4.091988,-2.2398481,11.911456
1356333499364,-1.3861344,7.4846706,14.637538
1356333499404,-1.9849054,-4.807897,4.3193665
1356333499444,-2.8546119,4.6298046,0.99683464
1356333499484,7.360203,1.0369263,-5.90079
1356333499524,-1.6615539,-2.319202,-2.6393886
1356333499564,5.8922467,6.1627903,-3.1832695
1356333499604,3.3063455,0.8786421,-3.1830735
1356333499644,2.5802004,0.22935867,-2.5801294
1356333499686,1.6164942,-0.9306979,-2.1091185
1356333499723,1.6969155,-1.1797681,-3.9353461
1356333499764,1.3706723,1.0322714,-1.8422036
1356333499803,1.0244703,2.7460852,1.1220582
1356333499844,0.8736115,2.2949696,2.5147357
1356333499884,0.9733679,4.3350973,2.1999404
1356333499924,-0.5050011,6.8873672,2.9339254
1356333499964,-1.599363,3.4635677,-0.69280136
1356333500004,-1.0696692,5.6916485,-5.897197
1356333500044,-2.5224805,6.71846,0.7664887
1356333500084,-3.7750196,-0.39029503,-1.6123015
1356333500123,-2.3591235,-5.5330167,-2.6960864
1356333500164,-1.4171897,-7.460548,-1.5810711
1356333500204,-1.2639865,-9.804069,-0.9219575
1356333500244,-1.7509085,-11.813734,-1.4188589
1356333500284,-1.8066984,-9.296168,0.01362288
1356333500324,-5.3613396,-2.2466888,13.296582
1356333500364,-2.7564955,7.403404,14.983578
1356333500404,-5.018471,-2.0790138,2.0588527
1356333500444,3.8348076,5.8854723,-2.5507767
1356333500484,3.6468325,-4.7367177,-5.6303954
1356333500524,4.0046816,5.415786,-4.60506
1356333500564,0.8833785,2.1344786,-0.5932469
1356333500604,2.6792715,0.4101429,-2.2097328
1356333500644,4.2408915,0.70283604,-2.205634
1356333500687,2.5858266,-0.6047869,-1.2591058
1356333500723,1.4959934,-0.8721218,-3.2445822
1356333500764,0.72571594,1.4856434,-2.053763
1356333500804,0.31705117,2.7092,1.8319397
1356333500844,0.4273366,3.0426598,3.1098757
1356333500884,2.2874665,6.4151516,2.5111818
1356333500924,-1.4349242,5.8286524,1.4574172
1356333500964,-0.9401141,2.9643517,-3.5537453
1356333501004,-1.8328463,7.8919144,-2.775024
1356333501044,-2.2337735,3.7180357,-0.85525995
1356333501084,-3.678464,-3.0618296,-2.0859854
1356333501124,-2.0898645,-6.399434,-1.9217644
1356333501163,-0.61526555,-8.204201,-1.5726377
1356333501204,-0.87838125,-11.08443,-1.6339984
1356333501244,-1.9986511,-10.846881,-1.3962686
1356333501284,-4.7405133,-8.542732,4.7026043
1356333501324,-7.66379,4.868492,17.309235
1356333501364,-3.3576417,0.80792713,6.7573905
1356333501404,-2.1088793,3.7728615,1.5418202
1356333501444,9.596567,0.85799503,-6.235812
1356333501484,3.2538488,2.0304031,-3.9850013
1356333501524,-0.09239483,1.894887,0.074799895
1356333501564,1.6981792,0.65436554,-1.867921
1356333501604,5.0592546,0.46415043,-2.4540687
1356333501644,4.6421795,-0.45210075,-0.9978036
1356333501687,2.935064,-0.09105015,-3.4545207
1356333501723,0.4116068,0.7875109,-1.6619046
1356333501764,-0.323645,2.1356564,0.16799235
1356333501804,1.1106942,3.3471012,2.2687964
1356333501843,3.4196928,5.321289,1.6098273
1356333501884,0.22113286,4.783208,5.3267064
1356333501924,-0.14509135,3.5540714,-0.8266895
1356333501964,-1.4268336,4.350461,-5.9432244
1356333502004,-0.8241425,7.574897,0.7073587
1356333502044,-1.9575902,1.4858446,-1.4507829
1356333502084,-1.8677536,-4.717955,-2.4043775
1356333502124,-0.9899261,-6.780222,-2.8400273
1356333502164,-1.0063069,-10.204489,-1.8618853
1356333502204,-1.9461043,-10.851072,-1.4796965
1356333502244,-1.5118965,-9.867937,-0.79193914
1356333502284,-3.897095,-6.4949946,5.865928
1356333502324,-3.3259113,6.0412426,17.41298
1356333502364,-0.30649474,-0.7296829,6.4483495
1356333502404,-1.8626809,3.0284634,-1.2563068
1356333502444,5.7041636,2.1026955,-4.537468
1356333502484,-3.2920065,-1.7071385,-3.878456
1356333502523,4.4752865,5.3135004,-2.860887
1356333502562,2.8134928,1.3307996,-2.894291
1356333502602,2.6011155,0.22310162,-1.4733338
1356333502642,2.3797903,-0.6289077,-1.3897066
1356333502723,2.6810212,-1.190876,-3.9688144
1356333502724,2.1651063,1.0621443,-2.6219997
1356333502749,0.95593137,3.08465,2.8681178
1356333502791,0.5131367,2.7151012,1.9167427
1356333502832,1.5767015,4.2387094,1.0177926
1356333502872,1.2348243,8.079193,1.6040806
1356333502912,-2.7824607,3.5457554,0.2859154
1356333502952,-1.6375895,3.998846,-5.7972016
1356333502992,-3.5808187,7.223028,0.8771584
1356333503032,-2.2326803,0.8984251,-1.4902725
1356333503072,-1.5083907,-5.526976,-2.3158383
1356333503112,-0.4534696,-7.548665,-1.4805003
1356333503152,0.07987797,-10.018507,-1.3661319
1356333503192,-1.999248,-11.590454,-1.3753053
1356333503232,-0.7338464,-9.908993,0.45937693
1356333503273,-2.7631054,-3.6625261,11.272356
1356333503314,-2.2944412,6.899538,15.946414
1356333503354,-3.1487336,1.496131,6.115428
1356333503394,-2.262546,6.358079,-0.75637615
1356333503434,3.731071,-7.5013204,-6.8533096
1356333503473,2.968072,3.4931812,-5.7861166
1356333503514,4.9589634,6.9446297,-1.6662335
1356333503553,2.2987783,-1.4536982,-3.304408
1356333503594,4.1176453,0.2491827,-2.635672
1356333503634,2.8649697,-0.79652977,-2.56158
1356333503693,1.3296087,-0.7723589,-3.7988033
1356333503713,1.3410604,1.7755709,-1.0303777
1356333503754,0.30014402,2.433343,2.592402
1356333503794,1.9310224,3.3612223,1.2305467
1356333503834,1.4770534,6.3462877,2.2433362
1356333503873,-1.5660231,5.874158,2.6668134
1356333503914,-0.82386625,2.5598965,-4.3639927
1356333503954,-2.0568728,7.554495,-1.5908945
1356333503994,-1.611069,4.579957,-1.1937144
1356333504034,-2.7957668,-2.9314375,-2.9661064
1356333504074,-1.8287003,-6.7972426,-2.7363229
1356333504114,0.20271015,-8.684879,-2.1778386
1356333504154,-1.8190701,-11.649084,-1.3030177
1356333504194,-1.9847796,-11.201948,-1.5369644
1356333504234,-2.8088768,-7.3986197,4.6489816
1356333504274,-4.361509,5.190338,18.026989
1356333504313,-0.8554692,0.924242,7.4912167
1356333504354,-3.1008322,-2.536634,-1.0796092
1356333504394,6.835662,4.2699976,-5.523001
1356333504434,-2.990415,-4.3514433,-3.114829
1356333504474,4.120275,6.14026,-4.543126
1356333504514,5.462912,2.4327803,-2.5869365
1356333504553,3.5005271,0.03715706,-1.3127329
1356333504593,3.2944102,-0.20738459,-1.5697123
1356333504634,2.097487,0.35865784,-2.5457962
1356333504694,1.418309,1.225277,-1.3767447
1356333504714,-0.28692886,3.1327877,1.2999489
1356333504753,1.1540737,3.2715302,3.6432881
1356333504794,2.439146,5.0334587,2.699213
1356333504833,0.70360625,8.397192,3.017203
1356333504874,-4.5168743,4.4379625,-3.5406413
1356333504914,-2.4478378,6.524472,-3.6061554
1356333504954,-0.30761445,7.119649,0.5877825
1356333504994,-1.5617179,-2.4508343,-2.7182515
1356333505034,-2.1112587,-6.5172644,-3.1130948
1356333505074,-0.21448582,-9.207857,-2.5456998
1356333505114,-0.506444,-12.202271,-1.7759843
1356333505153,-2.3778265,-11.938238,-1.2881169
1356333505194,-2.1955428,-9.377247,1.7576592
1356333505234,-6.2777505,3.554698,17.669573
1356333505274,-2.3814158,3.3029184,8.01877
1356333505313,-6.7078195,-2.6805692,-0.57398975
1356333505354,6.9615493,1.6681309,-4.8089037
1356333505393,2.394763,-0.76625156,-3.5492015
1356333505433,6.1857095,7.5138063,-1.6907847
1356333505473,1.7976537,0.99610186,-1.4076059
1356333505514,2.5936227,0.54519033,-1.6503758
1356333505554,3.857008,-0.13436699,-0.9518678
1356333505593,2.1008883,-0.2887516,-1.6062825
1356333505632,1.4346501,1.1651363,-1.4147418
1356333505699,1.050354,2.8331995,2.5891435
1356333505700,0.29602277,3.6650305,3.3836668
1356333505739,1.8589804,3.9775467,2.3064585
1356333505769,0.84122705,8.115637,3.9489908
1356333505812,-0.7000992,5.6274414,0.26153445
1356333505852,-1.990793,4.1251764,-6.284969
1356333505892,-3.1250913,7.361986,0.8533421
1356333505932,-1.5330147,1.4325075,-1.9504087
1356333505972,-1.4164119,-4.945027,-3.1870368
1356333506012,-1.6384388,-7.72828,-2.959022
1356333506052,0.31071973,-10.101344,-2.7149355
1356333506092,-2.8189435,-11.535775,-1.7561154
1356333506132,-2.1479294,-10.362963,-0.6317681
1356333506174,-4.8879843,-3.6328945,11.370089
1356333506213,-4.380902,7.027029,16.29182
1356333506254,-3.524141,-3.0837412,3.8130207
1356333506294,-3.0998144,4.535887,0.60961425
1356333506334,8.561265,1.114397,-7.9552517
1356333506374,0.03974819,1.1444616,-3.3039665
1356333506414,4.6460304,4.3167553,-1.5530306
1356333506454,4.488346,0.7398472,-2.3392634
1356333506494,5.1375966,-0.39399338,-1.6659372
1356333506534,2.9008336,-0.9324775,-1.8537129
1356333506574,1.1711934,0.28342724,-2.2748866
1356333506614,1.5237625,1.4611883,-0.8900938
1356333506654,-0.34703594,2.3577375,1.838712
1356333506696,0.6541467,2.7141838,3.4587197
1356333506733,1.3111023,4.999916,3.2826824
1356333506774,0.2922449,6.595747,0.917825
1356333506814,-2.1528897,3.5605268,-6.351961
1356333506854,-2.3650193,8.330328,1.3455468
1356333506894,-1.251348,3.2315502,-2.343489
1356333506934,-1.405928,-5.029351,-3.2049074
1356333506974,-2.2140129,-7.8504715,-2.7715006
1356333507014,0.35059607,-9.968674,-2.3425817
1356333507054,-2.6420143,-11.658247,-2.1376908
1356333507094,-2.4536622,-9.972129,-1.0371939
1356333507134,-4.865117,-3.212781,11.138796
1356333507174,-4.808751,7.5092087,14.383966
1356333507214,-3.822754,-2.9606256,4.1050363
1356333507254,1.3536084,6.538521,-2.1849813
1356333507294,2.8745234,-5.229246,-6.8618555
1356333507334,3.4597583,4.1593113,-4.9444513
1356333507374,4.293236,4.1199102,-1.0077223
1356333507414,3.3153858,-0.69066715,-2.3302064
1356333507454,4.875902,0.068657875,-1.3896506
1356333507494,2.808006,-0.59851074,-1.7017194
1356333507538,0.9764504,0.7030792,-1.261943
1356333507572,1.2793095,2.114027,1.5432658
1356333507612,0.45816177,2.9131203,3.686654
1356333507654,2.453985,2.887535,3.0775898
1356333507697,0.5674232,6.946495,3.3034654
1356333507733,-1.2807039,5.1977196,-0.9640237
1356333507774,-2.299571,5.3199167,-6.5309706
1356333507814,-3.7105355,8.126095,1.8736671
1356333507854,-1.7302501,1.1334515,-2.2116482
1356333507894,-2.128986,-5.995679,-3.6688645
1356333507934,-1.1192553,-7.555875,-3.0128622
1356333507974,0.08233631,-10.780219,-2.075674
1356333508014,-2.4886236,-12.364458,-1.7834831
1356333508054,-1.4325125,-9.565253,-0.033554517
1356333508093,-5.33323,-0.0145635605,13.573082
1356333508134,-4.506863,6.6021585,11.775736
1356333508174,-5.199309,-4.364235,2.9075718
1356333508214,0.30610907,7.620327,-0.9608098
1356333508254,5.134758,-5.134102,-7.589973
1356333508294,3.077329,4.742031,-4.27658
1356333508333,4.1234984,4.1281443,-0.8701491
1356333508374,3.8462756,-0.3490386,-2.1807382
1356333508414,5.1212764,-0.28732777,-1.5426952
1356333508454,3.4399495,-0.8007488,-1.5779186
1356333508494,1.6287131,-0.014064789,-1.9809631
1356333508534,1.4639246,1.8523865,-0.096996844
1356333508574,-0.48991397,2.6965094,2.9485524
1356333508614,2.1476862,1.8851233,3.0561838
1356333508654,3.1206887,6.970562,2.890553
1356333508697,-2.3792753,5.70275,1.7207065
1356333508733,-1.0940838,3.7143822,-5.545377
1356333508774,-2.5752532,7.8813953,-0.15389714
1356333508814,-1.5209528,2.6025267,-2.0215979
1356333508854,-2.534762,-4.5320206,-3.059161
1356333508893,-2.7101483,-6.65985,-3.165801
1356333508934,-0.31403887,-9.130943,-2.4960546
1356333508974,-2.223839,-10.89569,-1.7686484
1356333509014,-1.6987574,-9.686417,-1.2316895
1356333509054,-3.5144606,-5.903394,5.616682
1356333509094,-4.285873,5.9081593,16.746778
1356333509134,-2.0406685,0.5515928,7.379057
1356333509174,-2.5258782,0.6120863,0.81240404
1356333509214,5.507959,1.9948521,-6.680303
1356333509254,-1.9426768,-2.2501688,-3.030868
1356333509294,6.4779797,6.7047176,-3.4863355
1356333509333,3.9409401,1.0259857,-1.9791619
1356333509373,3.5208416,0.001332283,-1.622738
1356333509413,3.594224,0.026809692,-1.5239747
1356333509454,1.9814506,-0.9010763,-1.8999201
1356333509494,1.0761254,-0.11724186,-2.6079211
1356333509534,0.6409807,2.6020546,0.7685447
1356333509574,0.34742755,2.523488,3.6939828
1356333509614,2.3575647,2.366869,2.563539
1356333509654,2.4430008,8.099232,1.734633
1356333509697,-4.415141,4.2553673,1.5620422
1356333509733,-2.1265488,2.8489656,-6.5190773
1356333509774,-1.550712,7.786995,1.4148238
1356333509814,-1.762917,1.4860783,-2.1963277
1356333509854,-1.9202274,-5.3102975,-2.656915
1356333509894,-1.8355346,-7.2621455,-2.439062
1356333509934,-0.17251766,-9.538102,-2.1061187
1356333509974,-2.5034847,-11.018831,-1.410791
1356333510014,-1.3214326,-9.518436,-0.9402949
1356333510054,-3.74855,-4.022979,7.2280684
1356333510094,-2.5080123,7.4306717,17.29515
1356333510133,-1.6455024,-3.167849,4.854413
1356333510174,-2.141238,3.4269896,-1.8986512
1356333510214,6.0225487,-0.40413094,-7.213795
1356333510254,-0.6126621,0.648756,-3.9554265
1356333510294,4.2040935,5.726515,-1.7274767
1356333510334,2.6418886,0.4077444,-2.7789736
1356333510374,4.186399,-0.16694736,-2.0172086
1356333510414,2.761124,0.6194029,-1.31239
1356333510454,0.9030764,0.53286266,-0.611218
1356333510494,1.0499307,1.3544798,-0.048383594
1356333510534,-0.19102335,1.5217791,1.0640904
1356333510574,2.0704103,2.1783667,2.5983908
1356333510614,0.92408335,3.940156,3.208666
1356333510653,-1.0034057,6.8614197,3.3676753
1356333510699,-0.26909053,3.2233105,-2.3360906
1356333510733,-3.4814112,5.2380056,-3.5734355
1356333510797,-2.287035,5.597623,0.84768593
1356333510804,-2.1852796,-1.6865854,-2.1946788
1356333510840,-2.3387282,-4.987968,-2.7826397
1356333510883,-2.2811317,-6.559264,-2.0320964
1356333510928,0.039589882,-9.16249,-1.8256575
1356333510969,-2.2330127,-9.222801,-1.7790077
1356333511012,-1.3078082,-7.7029333,1.0284764
1356333511052,-3.3693445,2.3664894,16.107084
1356333511092,-0.39249802,5.480877,10.927735
1356333511132,-2.037353,-8.1161995,0.7342864
1356333511172,0.48760152,8.26258,-1.1868078
1356333511212,2.4239993,-2.5366454,-7.9628944
1356333511252,1.0959836,1.1233969,-5.4321613
1356333511292,8.048191,5.7190704,-2.4610696
1356333511332,2.5648956,0.00607872,-2.5553186
1356333511372,2.9176528,-0.038092613,-2.146774
1356333511412,2.346699,-0.27219677,-2.5099435
1356333511453,1.2837557,0.58929443,-2.2427459
1356333511494,1.2355485,1.2647896,-0.4802103
1356333511534,-0.26738778,2.432189,2.6200314
1356333511574,1.7024459,2.6372347,3.319435
1356333511614,1.2909873,5.875695,3.380291
1356333511653,-2.3953462,5.8730936,2.723433
1356333511700,-1.787751,3.4998875,-3.369768
1356333511733,-2.4699874,7.7371655,-2.1526322
1356333511774,-3.33122,2.8121138,-1.1214657
1356333511814,-3.2786517,-3.1049776,-2.385379
1356333511854,-1.156774,-6.609237,-2.7341754
1356333511894,0.6738769,-8.615953,-2.019102
1356333511933,-1.5724126,-10.892586,-1.446304
1356333511974,-1.1682084,-10.114247,-0.95816934
1356333512014,-4.179596,-5.9029646,8.541545
1356333512054,-3.6600215,6.7477684,15.699656
1356333512094,-4.376473,0.07104206,4.8436947
1356333512134,-2.627783,2.0632124,-1.9003663
1356333512174,7.106768,-2.9769168,-8.444199
1356333512213,3.750783,5.0685005,-3.6662972
1356333512253,1.7060044,3.437276,-0.5687537
1356333512294,1.4003063,0.25508404,-1.2542225
1356333512333,5.9119267,-0.2633543,-1.9815805
1356333512374,3.7478807,-0.6574621,-0.023794532
1356333512414,1.9785042,-0.43421936,-2.0119488
1356333512454,0.7908641,0.7679558,-1.0814362
1356333512494,0.25447282,2.7413101,2.399292
1356333512539,-0.18513957,2.2390242,1.7038443
1356333512572,1.9068887,4.949931,2.4110816
1356333512612,-0.03861904,6.812229,1.834306
1356333512652,-2.072609,2.4942827,-1.3634781
1356333512700,-0.84245026,5.6850433,-5.037184
1356333512733,-2.049421,6.360237,0.65748656
1356333512774,-2.0356932,-1.4595642,-2.3070302
1356333512814,-1.6004735,-5.6673646,-2.5372334
1356333512854,-1.1922702,-7.469728,-2.1712537
1356333512894,0.28901887,-9.989675,-1.9628806
1356333512933,-2.4392478,-9.917954,-1.4171681
1356333512974,-1.4138421,-8.321928,0.6515944
1356333513014,-4.338221,-0.29319286,13.314539
1356333513054,0.2659289,6.9385166,13.052055
1356333513094,-5.3743067,-9.6336155,-0.66953886
1356333513134,-2.530582,7.4611683,0.57953924
1356333513174,8.160901,-2.427806,-8.146625
1356333513214,-0.4607662,2.0263605,-3.2477694
1356333513254,5.536806,5.109456,-1.6262833
1356333513294,3.1660504,-1.0100741,-2.2899494
1356333513332,3.6595073,-0.3079486,-2.6974137
1356333513372,2.1485069,0.33792496,-2.6988006
1356333513409,0.78248835,1.1045761,-1.7307091
1356333513439,1.0902491,1.7003212,-0.04143566
1356333513469,-0.62885106,3.3842468,1.8002605
1356333513512,-0.26195857,2.348833,3.0364282
1356333513552,3.3044205,4.0911875,0.66600525
1356333513592,1.1213596,7.5166273,2.366779
1356333513632,-2.471839,3.1840105,0.97219896
1356333513697,-1.3051535,3.6343098,-5.6452413
1356333513713,-2.5150168,6.6132317,-0.9179354
1356333513753,-2.658409,1.5312338,-1.801561
1356333513794,-3.031219,-4.560036,-2.2345524
1356333513834,-2.5556853,-6.119372,-2.037337
1356333513874,0.23061204,-9.137549,-1.6750096
1356333513914,-1.7655926,-10.880824,-0.43474513
1356333513954,-0.9402509,-10.005121,0.22846305
1356333513994,-3.358953,-5.2348056,10.1496
1356333514034,-1.0944605,7.3026743,15.323925
1356333514073,-2.5607288,-6.881228,4.1939507
1356333514114,-6.2294474,-8.824863,-3.5484042
1356333514154,9.148693,9.253588,-3.0355327
1356333514194,-0.6873157,-7.933256,-1.5324092
1356333514234,2.3403869,3.2804742,-5.895945
1356333514274,5.4319534,4.7749763,-2.4410808
1356333514314,3.3658094,0.3664093,-1.7844638
1356333514356,3.631982,0.88588476,-2.0618346
1356333514394,1.704642,2.0494385,-2.2769232
1356333514434,0.56026316,3.4659863,-0.27058154
1356333514474,-0.17898765,4.177542,2.7357812
1356333514513,2.4805505,3.5602937,1.2771943
1356333514554,1.4045404,7.0960836,2.573009
1356333514594,-1.2643929,7.75653,3.095904
1356333514634,-3.2095041,4.0854883,-0.37606478
1356333514702,-2.258911,6.2432766,-5.548484
1356333514714,-2.6547985,6.9919167,1.3424587
1356333514751,-2.3342237,-2.2229242,-2.4963024
1356333514792,-2.1422822,-6.096434,-2.6094744
1356333514832,-0.13616079,-8.088152,-1.7604157
1356333514872,-0.21179879,-10.809899,-0.76917434
1356333514912,-1.378476,-10.41934,-1.1303413
1356333514952,-0.84003246,-8.638575,1.58056
1356333514994,-3.6355057,1.4718761,16.30865
1356333515034,0.79881865,6.9476585,11.076645
1356333515074,-5.589977,1.2731514,1.0096323
1356333515114,4.922598,-1.0399446,-6.301913
1356333515154,0.9446067,-3.9309945,-5.64192
1356333515194,4.296351,8.055016,-3.070619
1356333515233,1.5725796,0.60840034,-1.729245
1356333515274,3.1829975,-0.6355977,-2.4295197
1356333515314,4.676744,-0.601202,-2.3696756
1356333515354,2.2588124,-0.59518147,-3.4009933
1356333515394,0.48319107,0.08390427,-1.6515267
1356333515434,-0.1893735,1.6037512,0.18312973
1356333515474,0.30958575,3.6012802,2.612697
1356333515513,2.1689672,2.3524656,2.7174888
1356333515554,1.1238511,6.3026333,2.2074645
1356333515594,-1.6825794,5.1377115,1.6216282
1356333515634,-2.9361167,2.6102753,-4.0859065
1356333515697,-3.532481,7.146285,-2.6544504
1356333515713,-2.2831275,4.46157,-0.6992404
1356333515754,-1.7748034,-2.6831207,-2.2918715
1356333515794,-1.2550706,-5.6805787,-2.6600983
1356333515834,-0.38321728,-8.60733,-1.7648757
1356333515874,-0.87502867,-10.608305,-1.4172771
1356333515914,-1.1900562,-9.345232,-0.8308852
1356333515954,-3.0418012,-8.335293,4.94796
1356333515994,-0.9844583,3.801116,17.087069
1356333516034,0.6630372,1.8997822,8.380147
1356333516074,-1.8900025,2.2708855,-1.9534466
1356333516114,6.607469,0.588789,-5.036268
1356333516154,-3.28318,-1.788003,-4.44523
1356333516194,4.999194,5.1366577,-1.8626977
1356333516234,1.3541673,0.045820236,-2.970479
1356333516274,3.6617172,0.059901237,-1.6582409
1356333516314,2.8105304,-0.5164881,-2.771716
1356333516354,0.6607981,0.53706837,-2.6193705
1356333516394,-0.69516385,1.4595852,-0.12166834
1356333516433,-1.0250645,2.5527458,1.6391857
1356333516474,1.0928323,2.3381996,2.870378
1356333516513,2.2202249,5.114154,1.4379239
1356333516554,-0.26838607,6.4193497,2.5205598
1356333516594,-3.1901975,2.8274698,-1.6816912
1356333516634,-1.8968462,5.744341,-4.8284683
1356333516693,-0.2642045,6.0120306,0.552045
1356333516713,-3.5687385,-1.4771805,-1.2174908
1356333516754,-0.6415482,-5.264862,-2.1563964
1356333516794,-1.3675507,-7.444513,-1.6362832
1356333516834,-1.2678344,-9.848594,-0.97120017
1356333516874,-1.3299019,-10.257902,-0.9450375
1356333516914,-1.3669778,-8.499834,1.6652409
1356333516954,-4.3565807,-3.2744398,11.11557
1356333516994,-1.8751509,7.6102886,14.49257
1356333517034,-4.746505,3.2999363,4.85567
1356333517074,5.4042244,3.0364742,-3.9469619
1356333517114,-2.474823,-7.910889,-4.1459737
1356333517154,3.8304205,6.2180567,-5.7030473
1356333517194,1.4605333,2.4492874,0.121994376
1356333517234,2.2313116,-0.7495136,-3.1416159
1356333517274,3.8104115,1.2168188,-2.1511354
1356333517314,2.479456,-0.12027359,-1.5954332
1356333517354,1.275915,-0.48998356,-3.3447886
1356333517394,1.0592575,1.5384302,-0.08619547
1356333517434,0.019357383,2.3019352,2.0960116
1356333517474,0.70834565,1.9626789,2.1214306
1356333517513,3.0120106,5.469022,0.4995824
1356333517552,0.47138113,6.6831875,1.1851441
1356333517592,-1.9361911,2.7992907,-2.207513
1356333517632,-2.3766227,5.27818,-3.9807887
1356333517690,-2.7721043,4.6371937,0.66117454
1356333517713,-2.9232135,-2.0030756,-1.6327586
1356333517754,-1.7507064,-5.471762,-2.0137653
1356333517794,-1.1778657,-7.5442557,-1.3613861
1356333517834,-0.8866912,-9.5800495,-1.061105
1356333517874,-1.1180438,-10.051486,-1.3913616
1356333517914,-1.8541857,-8.852442,1.3672514
1356333517954,-5.7854347,-0.5510864,14.8547535
1356333517994,-0.7440237,7.619794,11.282984
1356333518034,-3.4615004,-8.771609,0.49161464
1356333518074,-0.34326077,6.2167664,0.05340077
1356333518114,8.873589,-1.4189658,-8.500936
1356333518154,-2.8935542,-0.16659641,-2.7657108
1356333518194,5.16824,5.4221063,-2.2202897
1356333518234,2.8098543,0.62709236,-2.0092168
1356333518273,4.0803695,0.30844784,-2.116153
1356333518314,2.8539789,-0.42415,-2.6017728
1356333518354,1.5307345,0.5710163,-3.263289
1356333518393,1.8950858,2.0702772,-0.964633
1356333518434,0.21045695,3.0781012,2.3050578
1356333518486,2.190931,2.9039946,1.7813497
1356333518513,2.4724424,6.7154217,2.0635178
1356333518553,-0.74813443,7.1617584,1.3674223
1356333518594,-3.9312983,3.137782,-2.2903895
1356333518634,-2.2307932,5.660658,-3.7344332
1356333518690,-1.1404232,4.5612373,0.18611696
1356333518714,-2.97393,-1.5613136,-1.4882644
1356333518754,-2.2486138,-6.170221,-1.8338261
1356333518793,-1.4399796,-8.3386,-1.2761322
1356333518834,-0.63971436,-9.817038,-0.95104164
1356333518874,-1.1256708,-10.832643,-0.8697513
1356333518914,-2.0458555,-9.521915,2.9815743
1356333518954,-4.684694,1.8829641,17.333334
1356333518993,0.46893942,5.87274,9.4275055
1356333519034,-5.143592,3.0001497,-1.8197057
1356333519074,5.2515574,-0.93696594,-5.097099
1356333519114,0.58956516,-2.068071,-4.7612696
1356333519154,3.6606977,6.1167707,-1.5099227
1356333519194,2.9635448,1.0852842,-1.9962907
1356333519234,3.5579114,0.31575203,-1.9115176
1356333519273,2.9827707,-0.37243462,-1.0152172
1356333519314,2.1278944,-0.9551811,-2.7740903
1356333519354,0.71732265,0.22755909,-2.4904654
1356333519393,1.3729489,2.2157898,0.7871285
1356333519434,0.95912987,2.1967869,3.4698699
1356333519474,1.9255308,4.714962,1.9968439
1356333519513,1.5524082,7.778227,1.9259657
1356333519554,-4.1371374,3.9731665,-0.776669
1356333519594,-2.348765,5.569936,-5.421091
1356333519634,-1.7941549,5.896945,0.7927532
1356333519689,-2.8368096,0.040664673,-0.647289
1356333519713,-2.1765203,-6.472202,-2.469842
1356333519754,-0.87590975,-8.372265,-1.564092
1356333519793,-0.43834507,-9.703997,-0.9706817
1356333519834,-0.9313297,-10.354399,-1.3719052
1356333519874,-1.3589873,-9.491148,0.21632475
1356333519914,-4.9838853,-1.633112,12.688669
1356333519954,-0.76782435,7.908268,13.790938
1356333519994,-3.533065,-2.2767735,3.9598486
1356333520034,0.7972541,4.446971,-4.021927
1356333520074,2.7165923,-3.732521,-6.4035373
1356333520114,4.292164,4.5654793,-4.384229
1356333520154,2.41903,3.3661413,-1.1530442
1356333520194,1.0657539,-0.39075422,-1.9490117
1356333520233,4.490826,0.85929966,-2.0892768
1356333520274,3.5803864,-0.36093807,-1.5215738
1356333520314,1.9399744,-0.1740017,-2.8183937
1356333520353,0.5411957,1.1903629,-1.1200349
1356333520393,-0.120550066,2.4476023,2.5332832
1356333520434,1.2681483,2.8501234,1.8586788
1356333520474,1.9985764,6.549776,1.7166128
1356333520513,-1.3728843,5.410671,1.691726
1356333520554,-2.78508,1.7136688,-1.9947482
1356333520594,-1.8130741,5.265916,-3.5680974
1356333520634,-2.288289,4.0475464,0.4997657
1356333520691,-3.729918,-1.3484812,-1.1213472
1356333520713,-2.216411,-6.0071425,-2.1246984
1356333520753,-0.99980605,-7.7250547,-1.8573219
1356333520794,-0.747689,-8.943292,-1.2509279
1356333520833,-0.40911368,-9.231209,-0.648337
1356333520874,-1.0579181,-8.366447,2.824354
1356333520914,-3.4965088,-1.2534819,14.099949
1356333520954,-0.29049325,7.466566,11.441081
1356333520993,-5.0425463,0.3364687,2.8320644
1356333521034,2.4980173,4.1525364,-4.1940503
1356333521091,0.6594552,-4.261661,-5.582111
1356333521112,5.3195934,4.639064,-5.5819254
1356333521152,3.3449583,2.9571905,-1.7513102
1356333521189,2.0141478,-0.2925892,-2.2526863
1356333521219,4.29188,0.26769447,-2.2034216
1356333521249,3.060057,-1.1236129,-2.0652733
1356333521292,1.8541839,-1.5022826,-3.375963
1356333521332,0.66994447,1.3343906,-2.237397
1356333521372,1.0976465,3.4103355,1.8160588
1356333521412,1.5073868,2.2947626,2.5695782
1356333521452,2.2788181,5.5968657,2.4698145
1356333521492,-0.89469814,6.184601,2.5524712
1356333521532,-2.1984434,1.9973173,-1.460991
1356333521572,-1.80615,4.6328726,-4.7853065
1356333521614,-3.0289865,4.0705853,0.6121051
1356333521654,-3.525415,0.20604706,-0.55582964
1356333521695,-2.7049797,-4.9848404,-2.2231417
1356333521734,-1.6456754,-7.634637,-1.8477577
1356333521773,-0.49706107,-9.251543,-1.1502085
1356333521814,-1.0497336,-10.08881,-0.87754613
1356333521854,-0.927306,-8.171388,1.5946361
1356333521894,-4.9014983,-0.6184921,14.605919
1356333521934,-1.7126853,7.118059,10.84956
1356333521974,-5.898884,-0.25550842,2.7750022
1356333522014,1.9118029,3.2494392,-4.9751105
1356333522054,3.8463104,-2.316012,-6.4420586
1356333522094,2.1610434,3.7744198,-3.3999417
1356333522134,2.8692296,1.4239082,-1.9482921
1356333522174,4.0097246,0.5367756,-2.6454518
1356333522214,3.9753404,0.2120018,-1.3676481
1356333522254,2.7107356,-1.3372645,-1.5026937
1356333522293,2.3535194,-0.93497944,-3.1817508
1356333522334,1.4537973,1.5754042,-0.92482513
1356333522374,1.1884997,2.707838,1.9800129
1356333522414,2.1402752,1.743206,1.4456363
1356333522454,1.5386606,5.618293,2.8861287
1356333522494,-0.8327062,6.264674,2.9036367
1356333522539,-1.2914145,3.2501316,-3.1616147
1356333522572,-3.1527727,6.1186647,-1.8325143
1356333522612,-2.3694086,2.8772001,-0.36844155
1356333522652,-2.6064105,-3.0769835,-1.3784703
1356333522693,-1.521509,-5.864916,-2.0197499
1356333522733,-0.91509527,-7.906405,-1.3302217
1356333522774,-0.9409865,-10.199625,-1.1603036
1356333522813,-1.1670659,-9.738716,-0.69952464
1356333522854,-1.8712846,-7.1577177,3.6854591
1356333522894,-5.098796,1.5067368,14.946383
1356333522934,-1.0739844,5.4193954,9.37906
1356333522974,-3.2434263,-5.087874,2.4332173
1356333523014,0.1644966,8.425371,-2.3773456
1356333523054,3.3836474,-2.337294,-5.856902
1356333523094,1.0826882,1.2506905,-4.9350276
1356333523134,4.2980013,3.8958015,-2.5264423
1356333523174,3.6120014,0.30290127,-3.197882
1356333523214,3.5446582,0.1947794,-2.511639
1356333523254,2.8237667,-0.34243107,-4.007954
1356333523293,0.11203718,1.2114687,-2.2670083
1356333523334,0.49244606,1.6019993,-0.21613026
1356333523374,0.09781936,2.404766,1.1543264
1356333523414,2.5831003,1.6110048,2.2270615
1356333523454,1.7001982,6.893072,1.7924745
1356333523494,-0.4547196,6.353218,1.3380146
1356333523534,-1.6218495,2.3904133,-4.636971
1356333523573,-3.3455143,5.1750517,-0.13323635
1356333523614,-1.6361169,2.921214,-0.26452917
1356333523654,-2.593711,-3.1578188,-1.7882217
1356333523696,-2.004328,-6.2202945,-1.7517972
1356333523734,-0.8418887,-8.559059,-0.87521905
1356333523773,-0.38819748,-9.1682415,-0.81245315
1356333523814,-0.021087155,-8.937118,-0.23013783
1356333523854,-2.857791,-6.5247397,6.8009987
1356333523894,-3.3193207,3.713129,15.8727
1356333523934,0.49368995,2.5569973,6.312081
1356333523974,-4.407872,-1.8960128,-1.459567
1356333524014,6.013414,6.3353786,-4.213123
1356333524054,-1.7037253,-5.553931,-4.666089
1356333524094,4.0782337,4.925952,-5.085581
1356333524134,3.4527578,2.1475172,-2.6344345
1356333524174,2.3446417,-0.37891674,-1.5941869
1356333524214,2.8924196,-0.8277297,-2.3073182
1356333524254,1.7122841,-0.66625786,-3.7529187
1356333524292,1.0390227,1.7224073,-1.0510049
1356333524334,1.090063,2.6128845,2.6066577
1356333524374,1.6765587,2.529563,2.6013937
1356333524413,2.5029268,6.105855,2.1932552
1356333524454,-1.963702,7.5768566,1.8993372
1356333524494,-3.2700484,2.6742191,-3.136888
1356333524534,-3.0712116,6.134775,-2.9574473
1356333524574,-2.63104,4.783517,0.6940687
1356333524613,-1.5639176,-2.830059,-1.9339093
1356333524653,-0.7608439,-6.5468583,-1.856927
1356333524694,-0.21268229,-8.281914,-1.4532964
1356333524734,0.47574973,-11.13328,-1.8043973
1356333524774,-0.84457433,-10.879624,-1.4293268
1356333524813,-4.0572014,-8.083202,6.19271
1356333524854,-6.3668103,5.3713207,16.518827
1356333524894,0.20718056,-2.8307953,5.2867765
1356333524934,-4.0655255,1.5301371,-2.204029
1356333524974,10.438351,2.3687162,-5.75507
1356333525014,-1.5968616,-2.6719847,-2.486749
1356333525053,4.5781937,6.825205,-2.405684
1356333525093,2.4918346,1.2895403,-1.6637325
1356333525134,3.0153086,-0.77735806,-1.3635864
1356333525174,3.5586553,-0.38806915,-2.7154584
1356333525214,1.6310298,1.6487665,-2.9381697
1356333525254,0.7207188,2.0202389,0.24619341
1356333525294,0.12988722,3.4621954,1.6364768
1356333525334,1.6671576,2.934245,1.6678603
1356333525374,1.2826707,6.1257896,2.714188
1356333525413,0.06413072,7.720976,2.1844056
1356333525454,-0.65919685,3.904706,-4.867599
1356333525494,-2.82863,3.58035,-1.2559487
1356333525534,-0.8859556,4.053898,0.8190842
1356333525574,-1.418195,-1.8398018,-1.8304633
