1356333655079,5.8567495,8.076866,-0.5720546
1356333655082,5.9793324,8.308413,-0.50395286
1356333655118,5.829509,8.308413,-0.5720546
1356333655148,5.6660647,8.580819,-0.53119355
1356333655190,5.47538,8.499097,-0.7627395
1356333655229,5.366417,8.158588,-0.8036005
1356333655270,5.597963,8.349273,-0.7627395
1356333655309,5.597963,8.471856,-0.6946377
1356333655349,5.6252036,8.390134,-0.38136974
1356333655390,5.6660647,8.62168,-0.6537767
1356333655429,5.6660647,8.853226,-0.0
1356333655469,5.366417,8.689782,0.3405087
1356333655510,5.243834,8.921328,0.27240697
1356333655549,5.407278,8.730643,0.19068487
1356333655589,5.284695,8.281172,1.1849703
1356333655629,5.5162406,8.19945,0.6537767
1356333655670,5.47538,7.7772183,-0.23154591
1356333655709,6.0201936,8.008764,-1.920469
1356333655749,6.66035,6.3607025,-2.3018389
1356333655789,7.5865335,5.5162406,-3.336985
1356333655829,7.6273947,7.082581,-1.1441092
1356333655869,8.117727,7.246025,-1.6480621
1356333655909,8.281172,8.049625,-1.9477097
1356333655949,6.973618,7.6273947,-1.2666923
1356333655989,6.238119,8.049625,-1.1168685
1356333656029,7.5865335,10.119919,-0.38136974
1356333656069,8.853226,8.049625,2.1111538
1356333656120,10.760075,9.234595,-0.42223078
1356333656149,7.9679036,10.310603,3.0645783
1356333656189,8.430995,8.430995,-2.4516625
1356333656229,7.7772183,11.372991,-3.214402
1356333656269,7.4639506,10.228881,0.95342433
1356333656309,3.255263,8.921328,0.46309182
1356333656349,2.5606253,7.0553403,-0.0
1356333656389,3.718355,3.8273177,0.19068487
1356333656429,2.6014864,2.2201166,0.95342433
1356333656469,2.4516625,2.7240696,2.6832085
1356333656509,4.5628166,4.0588636,6.469665
1356333656549,16.317177,11.264028,7.5865335
1356333656589,9.656827,14.601013,4.1814466
1356333656629,1.4982382,12.067628,-8.62168
1356333656669,4.944186,3.173541,-2.5606253
1356333656709,7.4639506,5.6660647,0.50395286
1356333656749,10.038197,7.1234417,-1.7978859
1356333656789,6.973618,4.399372,-2.1111538
1356333656829,6.8237944,6.0882955,-1.4165162
1356333656869,6.701211,7.3958488,-1.2666923
1356333656909,6.742072,8.19945,-1.1849703
1356333656949,9.00305,8.281172,2.070293
1356333656989,11.604536,5.47538,1.4982382
1356333657029,14.206022,9.997335,1.4982382
1356333657069,9.425281,11.413852,2.9556155
1356333657120,9.534244,9.00305,-4.3312707
1356333657149,10.228881,12.639683,-1.4165162
1356333657189,7.43671,10.079058,0.3405087
1356333657229,3.405087,7.8861814,-0.88532263
1356333657269,2.9147544,5.284695,-1.6889231
1356333657309,2.4925237,3.759216,-1.1441092
1356333657349,0.8036005,3.9090397,-0.19068487
1356333657389,2.152015,2.8330324,2.070293
1356333657429,6.2108784,4.2495484,7.8861814
1356333657469,15.322891,9.425281,8.894087
1356333657509,11.645397,12.912089,9.997335
1356333657549,6.5513873,10.269742,-7.164303
1356333657589,-2.5606253,4.4810944,-5.5571017
1356333657629,16.780268,10.56939,-3.405087
1356333657669,6.3198414,5.012288,-0.46309182
1356333657709,6.3607025,5.5571017,-1.7570249
1356333657749,7.8589406,4.862464,-1.3756552
1356333657789,5.8976107,6.5513873,-0.6946377
1356333657829,7.1234417,7.5865335,-0.08172209
1356333657869,8.689782,7.9679036,0.5720546
1356333657909,10.528529,6.782933,2.1111538
1356333657949,12.871228,6.8237944,0.27240697
1356333657989,12.489859,10.923519,3.214402
1356333658029,8.117727,10.528529,-0.61291564
1356333658069,9.193735,14.015338,-3.0645783
1356333658121,9.765789,13.021052,-0.5720546
1356333658149,7.273266,8.771504,-0.27240697
1356333658189,2.9147544,7.164303,-1.1168685
1356333658229,3.0645783,6.0882955,-1.6480621
1356333658269,2.3426998,3.255263,-0.7627395
1356333658309,0.38136974,2.9556155,-0.040861044
1356333658349,1.9477097,3.0237172,2.070293
1356333658389,6.742072,5.09401,11.836082
1356333658429,16.317177,10.56939,10.800936
1356333658469,5.2165933,6.701211,7.3958488
1356333658509,11.75436,14.7916975,-2.9147544
1356333658549,-0.3405087,3.6774938,-3.759216
1356333658589,8.158588,8.730643,-5.9793324
1356333658629,11.985906,6.1700177,-1.3075534
1356333658669,4.630918,6.238119,-0.61291564
1356333658709,7.5865335,4.2495484,-1.7978859
1356333658749,7.164303,5.325556,-1.334794
1356333658789,7.43671,7.1234417,-0.10896278
1356333658829,8.471856,7.082581,-0.50395286
1356333658869,8.894087,8.308413,1.8387469
1356333658909,9.956474,6.851035,1.7978859
1356333658949,13.593107,7.8861814,1.0760075
1356333658990,12.340035,10.038197,2.2201166
1356333659047,8.240311,10.269742,-1.8387469
1356333659069,11.114203,12.762266,-3.759216
1356333659126,10.760075,9.888372,0.040861044
1356333659148,5.5571017,8.158588,-1.0760075
1356333659181,2.4516625,6.3607025,-0.7218784
1356333659208,2.7921712,5.829509,-0.6537767
1356333659249,2.7921712,3.336985,-0.88532263
1356333659289,0.313268,3.5276701,-0.88532263
1356333659329,1.56634,3.568531,1.1168685
1356333659370,6.0474343,5.053149,9.384419
1356333659409,17.815414,9.915613,11.727119
1356333659450,6.782933,6.238119,6.2108784
1356333659489,8.308413,11.563675,0.08172209
1356333659529,4.7126403,5.5571017,-4.2495484
1356333659569,2.9556155,8.308413,-4.671779
1356333659609,11.536434,8.308413,-2.1383946
1356333659649,7.4639506,6.0474343,-2.0294318
1356333659689,6.973618,5.243834,-1.3756552
1356333659730,6.8237944,5.134871,-0.9125633
1356333659770,6.851035,5.5571017,-1.7297841
1356333659810,7.273266,6.891896,-0.46309182
1356333659850,9.343558,7.014479,0.313268
1356333659890,9.956474,7.273266,2.4925237
1356333659930,10.923519,5.7477865,-0.53119355
1356333659972,15.28203,8.771504,1.7570249
1356333660017,9.534244,10.800936,1.6480621
1356333660059,9.00305,12.639683,-3.255263
1356333660120,12.598822,12.871228,-1.920469
1356333660141,8.076866,9.847511,0.040861044
1356333660179,3.8273177,7.43671,-1.56634
1356333660219,2.7240696,6.0201936,-0.61291564
1356333660259,2.4925237,3.336985,-0.8036005
1356333660299,0.14982383,2.0294318,-0.27240697
1356333660339,1.334794,2.982856,-0.0
1356333660379,4.630918,4.944186,6.742072
1356333660420,17.434046,10.147159,14.437569
1356333660460,9.80665,7.014479,6.0201936
1356333660500,-1.607201,6.1291566,0.84446156
1356333660540,15.935807,13.375181,-1.920469
1356333660579,-1.4165162,4.3312707,-3.8681788
1356333660620,8.308413,9.847511,-4.862464
1356333660659,12.489859,5.597963,-3.173541
1356333660700,5.938472,5.9793324,-0.7627395
1356333660740,6.851035,5.5571017,-0.5720546
1356333660780,6.469665,5.09401,-1.525479
1356333660819,7.164303,5.6252036,-1.9885708
1356333660860,7.5865335,6.742072,-0.61291564
1356333660899,9.234595,7.5865335,1.4573772
1356333660939,10.501288,6.2789803,0.61291564
1356333660980,10.95076,8.349273,0.6537767
1356333661020,14.982383,9.656827,1.0760075
1356333661059,8.730643,11.264028,1.3075534
1356333661132,8.117727,11.563675,-3.636633
1356333661141,12.108489,11.304889,-1.4982382
1356333661179,7.7363577,10.119919,-0.23154591
1356333661219,3.636633,7.082581,-1.4573772
1356333661259,2.4108016,5.012288,-1.1168685
1356333661300,2.5333846,3.5276701,-1.2258313
1356333661340,0.7627395,3.2961242,-1.0760075
1356333661379,1.4982382,3.990762,-0.23154591
1356333661420,5.938472,6.1291566,9.084772
1356333661460,18.578154,9.888372,13.947236
1356333661499,3.6774938,5.7886477,3.336985
1356333661539,4.140586,13.633968,-0.19068487
1356333661579,12.762266,7.082581,-4.862464
1356333661619,-0.23154591,6.1700177,-3.1463003
1356333661659,12.299174,8.349273,-2.7240696
1356333661699,6.2108784,6.0882955,-0.9942854
1356333661740,6.851035,5.597963,-0.95342433
1356333661780,7.504812,5.325556,-1.56634
1356333661820,7.014479,5.597963,-1.4573772
1356333661860,7.3141265,6.510526,-0.84446156
1356333661900,9.084772,7.7772183,0.6537767
1356333661940,10.079058,7.3141265,1.7978859
1356333661980,10.419566,7.082581,0.46309182
1356333662020,13.143636,8.853226,3.214402
1356333662059,10.378705,10.501288,0.53119355
1356333662120,8.308413,10.691973,-3.3642259
1356333662139,11.223166,13.375181,-1.7297841
1356333662180,8.580819,9.534244,-0.08172209
1356333662220,3.718355,8.076866,-1.3756552
1356333662260,3.214402,6.5513873,-1.0351465
1356333662300,3.568531,3.568531,-0.88532263
1356333662340,1.0351465,2.9147544,-1.0351465
1356333662380,0.7627395,3.568531,-0.42223078
1356333662419,2.3426998,4.4810944,5.9793324
1356333662460,16.126492,10.61025,15.854085
1356333662500,9.425281,8.308413,5.706926
1356333662541,7.3958488,12.680544,-0.5720546
1356333662579,2.6423476,4.2495484,-4.3312707
1356333662619,5.9793324,8.430995,-5.434519
1356333662659,11.876944,8.281172,-1.1168685
1356333662700,5.47538,6.4424243,-1.2258313
1356333662740,7.6954966,4.7126403,-1.920469
1356333662780,7.246025,4.862464,-1.7978859
1356333662819,7.504812,5.7477865,-1.334794
1356333662860,7.5865335,6.6331096,-0.7218784
1356333662900,8.62168,8.117727,0.7218784
1356333662939,9.847511,7.6273947,2.9556155
1356333662980,12.026767,7.5865335,1.56634
1356333663020,12.598822,10.269742,2.6423476
1356333663060,9.466142,9.847511,-1.7570249
1356333663120,9.425281,13.6748295,-4.1814466
1356333663139,11.454713,11.495573,-0.46309182
1356333663180,6.891896,8.308413,-0.7627395
1356333663220,3.568531,7.3141265,-1.7570249
1356333663260,3.173541,5.366417,-1.4573772
1356333663300,1.7297841,3.445948,-1.2666923
1356333663340,0.6537767,4.1814466,-0.7627395
1356333663380,1.56634,3.214402,0.92618364
1356333663419,5.175732,5.284695,9.847511
1356333663460,18.727978,12.176591,12.789507
1356333663500,3.2961242,5.053149,6.0201936
1356333663539,2.2609777,13.33432,-1.1168685
1356333663580,12.340035,6.6331096,-5.5571017
1356333663620,-0.6946377,8.308413,-3.214402
1356333663659,10.651112,9.384419,-1.525479
1356333663700,7.6954966,5.134871,-2.3018389
1356333663740,7.4639506,4.6036777,-0.84446156
1356333663780,7.0553403,5.5162406,-0.8036005
1356333663819,7.164303,5.5162406,-1.3756552
1356333663860,7.3141265,6.2789803,-0.53119355
1356333663900,9.193735,7.9679036,0.50395286
1356333663939,9.765789,7.164303,2.2201166
1356333663980,11.536434,6.469665,0.08172209
1356333664020,14.818938,9.575105,1.56634
1356333664060,9.888372,10.228881,1.4573772
1356333664120,8.349273,11.495573,-3.6774938
1356333664139,11.073342,13.293459,-2.0294318
1356333664180,7.6954966,10.079058,-0.46309182
1356333664246,3.486809,7.4639506,-1.525479
1356333664252,2.7649305,5.706926,-0.9942854
1356333664288,3.6774938,3.9090397,-1.3075534
1356333664330,1.1441092,2.6423476,-0.88532263
1356333664369,0.7218784,3.486809,-0.08172209
1356333664409,3.214402,3.718355,6.5513873
1356333664449,15.241169,9.275456,15.091345
1356333664489,11.264028,9.615966,6.510526
1356333664529,5.5571017,12.176591,1.7297841
1356333664569,7.9679036,6.932757,-4.8216033
1356333664609,1.3075534,5.6252036,-4.903325
1356333664650,12.258313,8.921328,-2.1792557
1356333664689,6.1291566,5.6252036,-0.9125633
1356333664730,7.6273947,5.053149,-1.6480621
1356333664770,7.5865335,5.09401,-1.607201
1356333664810,6.6331096,5.6660647,-1.2258313
1356333664850,5.9793324,6.5513873,-1.3756552
1356333664890,8.240311,8.158588,-0.19068487
1356333664930,9.956474,8.158588,1.5390993
1356333664969,10.310603,5.5571017,0.50395286
1356333665009,11.413852,7.8180795,3.0645783
1356333665050,13.252599,10.310603,1.6889231
1356333665098,10.228881,9.888372,-1.7297841
1356333665128,10.119919,14.246883,-3.336985
1356333665160,10.56939,11.454713,-0.10896278
1356333665200,7.3549876,8.894087,-0.53119355
1356333665240,2.5606253,7.273266,-1.1168685
1356333665280,2.2201166,5.09401,-1.0351465
1356333665320,3.214402,2.3018389,-0.95342433
1356333665360,0.3405087,3.405087,-0.61291564
1356333665400,2.1792557,3.636633,0.50395286
1356333665439,7.246025,4.9850473,9.80665
1356333665480,16.43976,9.615966,13.33432
1356333665519,6.0201936,8.662541,6.3198414
1356333665560,10.269742,15.894946,-0.3405087
1356333665600,2.4516625,4.099725,-3.5957718
1356333665640,5.434519,6.2789803,-6.742072
1356333665679,14.941522,8.662541,-2.1383946
1356333665720,5.243834,5.5162406,-0.5720546
1356333665760,6.8237944,5.175732,-0.23154591
1356333665800,6.932757,5.366417,-0.50395286
1356333665840,7.3549876,5.8567495,-1.0760075
1356333665881,8.19945,7.1234417,-0.27240697
1356333665920,9.00305,8.349273,0.92618364
1356333665960,9.915613,6.510526,1.5390993
1356333666000,12.912089,7.1234417,1.607201
1356333666040,12.217452,9.656827,2.4108016
1356333666079,8.812365,9.656827,-3.255263
1356333666121,9.765789,13.988097,-2.2201166
1356333666159,9.043911,12.912089,-0.7627395
1356333666199,4.6036777,7.8180795,-1.0760075
1356333666239,2.7649305,6.3198414,-0.88532263
1356333666279,3.9090397,4.1814466,-1.4573772
1356333666320,2.152015,3.1054392,-0.8036005
1356333666360,1.8387469,3.1463003,-0.3405087
1356333666400,3.1054392,2.5606253,3.8273177
1356333666440,8.430995,6.0201936,13.715691
1356333666480,15.091345,13.33432,8.076866
1356333666520,5.434519,12.980191,4.630918
1356333666560,7.3958488,6.2108784,-6.782933
1356333666599,1.879608,4.8216033,-5.8158884
1356333666640,11.727119,10.651112,-2.4925237
1356333666679,6.3607025,5.597963,-0.95342433
1356333666720,7.6273947,5.5571017,-1.607201
1356333666760,6.510526,4.8216033,-1.6889231
1356333666799,6.701211,6.2108784,-1.334794
1356333666839,7.6954966,7.1234417,-1.2258313
1356333666880,9.466142,6.973618,-0.10896278
1356333666920,9.956474,7.5456724,2.9147544
1356333666959,10.61025,5.434519,0.6537767
1356333666999,13.715691,8.962189,3.255263
1356333667039,10.800936,9.888372,1.1168685
1356333667079,9.724928,9.997335,-3.718355
1356333667122,11.304889,14.859799,-3.0645783
1356333667159,9.043911,9.765789,0.46309182
1356333667199,3.2961242,7.504812,-0.38136974
1356333667239,3.0237172,5.47538,-1.3075534
1356333667280,3.568531,3.6774938,-1.1168685
1356333667320,1.2258313,3.2961242,-1.3756552
1356333667359,1.1441092,3.9499009,-0.95342433
1356333667400,2.3426998,4.4810944,5.366417
1356333667438,14.669114,8.117727,14.560152
1356333667468,14.628253,8.962189,8.430995
1356333667498,2.6014864,7.4639506,5.243834
1356333667539,10.419566,14.9006605,-2.4516625
1356333667579,1.6889231,2.7921712,-4.5628166
1356333667619,7.9270425,9.234595,-4.399372
1356333667659,10.528529,6.891896,-1.56634
1356333667700,5.2165933,6.510526,-0.9942854
1356333667740,6.782933,4.9850473,-0.6537767
1356333667780,6.510526,5.938472,-1.1168685
1356333667820,6.510526,6.3607025,-1.607201
1356333667860,8.580819,6.8237944,-0.53119355
1356333667900,10.61025,7.082581,1.3756552
1356333667940,10.841797,6.238119,0.84446156
1356333667979,13.021052,8.499097,2.4925237
1356333668020,12.367276,10.079058,2.070293
1356333668060,9.302697,10.310603,-2.7240696
1356333668123,11.141444,14.09706,-3.3642259
1356333668139,8.62168,11.563675,0.95342433
1356333668179,4.7126403,8.894087,-1.3075534
1356333668220,3.3778462,5.47538,-1.4573772
1356333668260,3.9090397,3.718355,-1.4573772
1356333668300,0.23154591,2.3699405,-1.4573772
1356333668340,-0.0,2.7921712,-0.6537767
1356333668380,2.2609777,3.336985,6.1291566
1356333668420,16.548723,10.337844,16.04477
1356333668460,10.923519,12.830367,6.4424243
1356333668500,2.7921712,12.639683,-2.3426998
1356333668539,3.336985,4.630918,-4.944186
1356333668580,9.112013,8.662541,-4.862464
1356333668619,10.337844,6.1291566,-0.5720546
1356333668659,5.434519,5.829509,-0.7218784
1356333668700,8.049625,4.671779,-1.2258313
1356333668740,6.932757,5.243834,-1.3075534
1356333668780,7.504812,6.3607025,-0.53119355
1356333668819,8.240311,6.8237944,-0.53119355
1356333668860,8.730643,8.240311,0.50395286
1356333668899,9.00305,7.8861814,2.4108016
1356333668939,11.985906,6.891896,0.14982383
1356333668979,14.818938,10.691973,2.8738933
1356333669019,8.894087,9.084772,-0.10896278
1356333669060,8.812365,12.258313,-3.9771416
1356333669121,9.275456,12.067628,1.1849703
1356333669139,5.6252036,9.193735,-0.88532263
1356333669179,3.486809,6.238119,-0.9942854
1356333669219,3.990762,5.175732,-1.4573772
1356333669260,1.9885708,2.6014864,-0.53119355
1356333669300,0.6537767,2.4925237,-0.46309182
1356333669340,1.56634,3.3778462,3.214402
1356333669380,11.795221,7.668256,16.467001
1356333669420,14.519291,13.33432,7.504812
1356333669459,-2.4516625,6.701211,2.5333846
1356333669500,14.2877445,14.982383,-3.5957718
1356333669539,1.9885708,1.8387469,-5.6252036
1356333669580,9.697687,8.076866,-4.3312707
1356333669619,10.038197,6.5922484,-0.8036005
1356333669659,5.175732,5.8567495,-0.19068487
1356333669699,6.8237944,4.7943625,-0.6537767
1356333669740,6.5513873,5.7886477,-1.525479
1356333669780,7.5456724,6.66035,-1.525479
1356333669819,8.076866,7.8861814,0.7218784
1356333669860,10.419566,7.9679036,3.0645783
1356333669900,12.408136,5.6660647,1.7978859
1356333669940,14.709975,9.343558,3.3778462
1356333669980,10.147159,10.119919,0.3405087
1356333670020,8.812365,11.917805,-4.5900574
1356333670059,11.032481,13.484144,-0.50395286
1356333670123,8.390134,8.962189,-0.8036005
1356333670139,2.982856,7.164303,-1.0351465
1356333670180,1.9885708,6.4015636,-0.95342433
1356333670219,2.3426998,3.1463003,-0.6946377
1356333670260,0.61291564,4.1814466,-0.3405087
1356333670300,2.4108016,5.09401,0.88532263
1356333670340,5.829509,4.5628166,6.932757
1356333670380,15.5135765,9.384419,12.680544
1356333670420,8.349273,6.510526,5.407278
1356333670460,1.334794,10.310603,-1.56634
1356333670499,15.173067,11.495573,-4.903325
1356333670540,-4.440233,3.9499009,-2.5333846
1356333670579,12.026767,9.888372,-5.09401
1356333670620,8.349273,5.053149,-0.7218784
1356333670659,4.7943625,5.012288,-0.61291564
1356333670699,7.014479,5.053149,-2.4108016
1356333670740,7.0553403,7.5456724,-0.3405087
1356333670780,8.349273,7.8589406,-0.19068487
1356333670819,9.466142,7.9270425,2.1792557
1356333670860,11.182305,5.9793324,1.2258313
1356333670900,13.906375,10.038197,3.8681788
1356333670940,12.4489975,9.997335,-0.27240697
1356333670979,7.504812,12.217452,-5.053149
1356333671020,9.80665,13.6748295,0.23154591
1356333671060,7.164303,9.234595,-0.6946377
1356333671122,2.4925237,6.3607025,-1.0351465
1356333671139,2.7240696,5.5162406,-0.7218784
1356333671180,3.255263,3.568531,-0.9942854
1356333671219,0.38136974,3.568531,-0.14982383
1356333671260,1.2258313,2.982856,1.6889231
1356333671300,7.668256,4.903325,11.917805
1356333671340,18.496431,12.871228,10.038197
1356333671380,1.1441092,6.0201936,3.445948
1356333671420,7.8180795,15.826844,-2.4925237
1356333671460,7.9679036,1.1849703,-5.8158884
1356333671499,5.938472,6.1291566,-3.6774938
1356333671540,9.343558,8.730643,-1.4165162
1356333671580,5.012288,6.469665,-0.38136974
1356333671619,6.3198414,5.243834,-0.7218784
1356333671659,6.5922484,5.8567495,-1.6889231
1356333671699,7.9270425,7.164303,-0.5720546
1356333671740,9.193735,7.246025,2.7921712
1356333671780,10.56939,6.742072,2.0294318
1356333671820,12.9529505,7.43671,2.2201166
1356333671860,12.53072,11.413852,1.920469
1356333671900,7.082581,11.917805,-2.1383946
1356333671940,9.697687,14.246883,-2.4108016
1356333671979,10.841797,9.80665,-0.3405087
1356333672020,5.284695,8.281172,-1.56634
1356333672060,2.3699405,7.0553403,-1.4165162
1356333672122,2.5333846,5.09401,-1.7978859
1356333672139,1.0760075,2.6423476,-1.3756552
1356333672179,0.23154591,4.2086873,-0.7627395
1356333672219,2.1792557,4.862464,6.4015636
1356333672259,16.970953,10.18802,15.6634
1356333672300,7.6273947,8.049625,5.597963
1356333672340,6.701211,14.859799,-1.8387469
1356333672380,4.2904096,2.6014864,-5.366417
1356333672420,6.3198414,8.281172,-5.202973
1356333672460,10.228881,8.962189,-0.6946377
1356333672526,4.3312707,6.891896,-0.8036005
1356333672536,7.6273947,5.053149,-1.1441092
1356333672568,7.5456724,4.6036777,-1.4165162
1356333672609,6.742072,5.5571017,-1.56634
1356333672649,8.008764,6.238119,-0.10896278
1356333672689,9.343558,7.0553403,0.9942854
1356333672729,10.419566,6.973618,2.4108016
1356333672769,12.067628,7.3958488,2.3018389
1356333672810,13.633968,10.419566,3.336985
1356333672850,9.534244,10.691973,-2.7240696
1356333672889,10.119919,14.669114,-3.0237172
1356333672929,11.073342,11.372991,-0.14982383
1356333672969,5.938472,7.668256,-0.84446156
1356333673009,2.6832085,7.082581,-1.8387469
1356333673049,3.568531,4.8216033,-1.6480621
1356333673121,2.070293,1.8387469,-1.1168685
1356333673131,-0.27240697,3.214402,-1.2258313
1356333673169,1.1441092,3.3778462,0.8036005
1356333673209,7.8861814,7.273266,13.947236
1356333673249,18.278507,14.47843,11.372991
1356333673289,0.10896278,6.701211,2.6423476
1356333673329,13.633968,11.264028,-4.7535014
1356333673369,-1.9477097,4.4810944,-5.134871
1356333673409,11.454713,10.038197,-3.486809
1356333673449,7.9679036,6.3607025,-0.6537767
1356333673489,5.366417,6.0474343,-0.46309182
1356333673529,7.3958488,4.671779,-0.84446156
1356333673569,6.742072,5.407278,-1.3756552
1356333673610,6.8237944,6.5513873,-1.1441092
1356333673649,8.076866,7.3141265,0.53119355
1356333673689,9.80665,7.4639506,2.6832085
1356333673729,11.454713,5.325556,0.50395286
1356333673769,14.328606,10.56939,2.6423476
1356333673810,8.117727,13.6748295,1.56634
1356333673850,8.471856,13.211738,-4.372132
1356333673890,11.114203,13.525005,-0.6537767
1356333673930,7.9679036,9.888372,-0.8036005
1356333673970,2.8330324,7.3549876,-1.6480621
1356333674009,2.7240696,5.706926,-1.607201
1356333674050,2.3018389,2.7921712,-1.7297841
1356333674090,-0.040861044,1.3075534,-1.9885708
1356333674130,-0.14982383,2.4108016,0.88532263
1356333674170,5.597963,7.9679036,12.639683
1356333674209,17.311462,14.137921,10.079058
1356333674249,0.84446156,8.158588,2.5333846
1356333674289,9.343558,8.894087,-5.7886477
1356333674329,2.2201166,6.2789803,-5.284695
1356333674369,10.923519,9.615966,-2.1792557
1356333674409,6.3607025,6.0882955,-0.9942854
1356333674449,6.5513873,5.366417,-1.4982382
1356333674490,6.851035,5.012288,-2.0294318
1356333674529,6.510526,5.706926,-1.2666923
1356333674570,7.5865335,7.3141265,-0.46309182
1356333674610,8.853226,7.082581,-0.14982383
1356333674649,8.730643,8.730643,1.879608
1356333674689,10.651112,6.469665,0.6946377
1356333674730,13.593107,9.724928,3.1463003
1356333674770,11.182305,10.732834,1.1441092
1356333674810,9.084772,11.073342,-3.9090397
1356333674849,10.310603,14.056199,-1.1849703
1356333674890,7.8180795,9.425281,-0.27240697
1356333674930,3.718355,6.3607025,-1.7978859
1356333674969,3.0237172,5.09401,-1.7978859
1356333675009,2.982856,3.0237172,-1.2258313
1356333675049,0.6537767,3.1054392,-1.4573772
1356333675090,0.7627395,3.568531,-0.5720546
1356333675130,3.6774938,5.175732,7.43671
1356333675170,17.161638,14.519291,14.859799
1356333675209,7.6954966,12.762266,5.47538
1356333675249,2.5333846,6.8237944,-8.19945
1356333675289,1.1168685,4.7535014,-4.5900574
1356333675329,14.9006605,10.760075,-2.1111538
1356333675369,5.366417,5.706926,-0.3405087
1356333675410,5.8567495,6.238119,-1.334794
1356333675450,7.8589406,5.284695,-1.4165162
1356333675490,6.2789803,6.0474343,-1.0760075
1356333675530,6.238119,6.8237944,-0.6946377
1356333675569,8.049625,7.014479,-0.08172209
1356333675610,9.656827,8.539958,2.1111538
1356333675650,10.269742,6.0201936,1.0760075
1356333675689,13.756551,7.8180795,1.8387469
1356333675730,11.686258,11.141444,1.2666923
1356333675771,7.7363577,11.073342,-1.607201
1356333675809,9.915613,15.826844,-1.920469
1356333675849,7.8589406,10.991621,0.5720546
1356333675889,5.325556,6.701211,-1.7978859
1356333675930,2.6423476,5.7886477,-1.6889231
1356333675968,3.1463003,3.9090397,-1.334794
1356333675998,1.4573772,1.879608,-1.0760075
1356333676028,1.0351465,3.1054392,-1.1168685
1356333676070,2.5333846,3.9499009,-0.27240697
1356333676124,6.4015636,6.4424243,10.419566
1356333676159,18.46919,13.525005,10.460427
1356333676200,0.46309182,3.990762,5.012288
1356333676240,7.9679036,15.132206,-1.7978859
1356333676279,6.701211,7.246025,-5.012288
1356333676320,4.5219555,7.3141265,-4.372132
1356333676360,10.378705,7.9679036,-1.525479
1356333676400,6.0882955,5.7477865,-0.88532263
1356333676440,7.668256,4.671779,-0.9125633
1356333676480,6.3198414,5.2165933,-2.0294318
1356333676520,7.3549876,6.8237944,-0.7627395
1356333676559,7.5456724,7.9679036,-0.19068487
1356333676599,8.471856,8.771504,1.1441092
1356333676639,9.384419,6.742072,0.9942854
1356333676679,13.102775,6.2789803,-0.53119355
1356333676720,12.762266,10.923519,2.9147544
1356333676760,8.349273,10.18802,0.84446156
1356333676799,8.390134,12.762266,-3.9771416
1356333676840,8.158588,12.598822,1.2258313
1356333676880,6.5922484,8.349273,-1.6480621
1356333676920,3.0645783,6.4015636,-0.7218784
1356333676960,3.5276701,6.0474343,-1.0351465
1356333677000,2.4516625,2.5333846,-0.6537767
1356333677039,0.95342433,2.5606253,-0.61291564
1356333677079,1.1441092,3.5957718,1.3075534
1356333677125,6.510526,8.499097,12.871228
1356333677159,17.502148,15.132206,10.760075
1356333677199,6.891896,10.119919,5.434519
1356333677240,4.5628166,5.7886477,-7.43671
1356333677279,0.95342433,6.0201936,-4.099725
1356333677320,12.53072,10.147159,-2.1383946
1356333677360,5.407278,5.7477865,0.040861044
1356333677400,6.742072,5.284695,-1.0351465
1356333677440,7.668256,4.6036777,-1.1168685
1356333677480,6.4015636,6.1291566,-1.7570249
1356333677519,7.0553403,7.014479,-0.7218784
1356333677559,8.662541,7.668256,0.19068487
1356333677600,8.580819,9.534244,2.7921712
1356333677640,10.419566,6.782933,0.6946377
1356333677680,13.525005,9.724928,3.0645783
1356333677720,9.234595,10.841797,0.88532263
1356333677760,8.580819,12.299174,-3.255263
1356333677800,9.956474,13.756551,-0.88532263
1356333677840,8.19945,8.076866,-0.5720546
1356333677879,3.486809,6.469665,-1.0351465
1356333677920,2.2609777,6.8237944,-0.88532263
1356333677960,2.8738933,4.7535014,-0.53119355
1356333678000,2.1792557,3.486809,-0.61291564
1356333678039,1.9885708,4.140586,-0.19068487
1356333678079,3.3778462,4.0180025,4.5628166
1356333678124,13.021052,9.915613,16.276316
1356333678159,14.2877445,11.645397,7.014479
1356333678199,5.706926,10.760075,0.61291564
1356333678240,1.1849703,5.9793324,-4.9850473
1356333678279,4.671779,7.5456724,-4.7535014
1356333678320,11.75436,7.9679036,-1.56634
1356333678360,5.938472,5.366417,-0.95342433
1356333678400,7.273266,5.407278,-1.1849703
1356333678440,7.3141265,6.0882955,-0.84446156
1356333678480,6.8237944,6.469665,-1.0351465
1356333678520,7.014479,7.4639506,-0.14982383
1356333678560,8.240311,7.3958488,-0.5720546
1356333678600,8.430995,8.771504,1.6889231
1356333678640,10.732834,5.6660647,-0.7218784
1356333678679,13.593107,8.580819,2.2201166
1356333678720,10.119919,10.651112,0.5720546
1356333678760,7.0553403,10.528529,-1.7978859
1356333678799,8.62168,13.947236,-3.0237172
1356333678840,7.504812,10.310603,-0.23154591
1356333678879,4.399372,8.730643,-1.0760075
1356333678920,2.982856,6.973618,-0.5720546
1356333678960,3.0645783,4.903325,-0.9125633
1356333679000,2.4925237,3.8273177,-0.23154591
1356333679039,1.9885708,3.8681788,0.14982383
1356333679079,3.1463003,3.5276701,2.3018389
1356333679121,9.425281,5.6252036,13.525005
1356333679159,16.970953,12.53072,8.689782
1356333679199,1.6889231,5.706926,3.8681788
1356333679240,10.841797,13.633968,-5.5571017
1356333679280,0.5720546,4.7943625,-5.243834
1356333679319,10.310603,8.853226,-4.140586
1356333679360,7.3141265,5.2165933,-0.14982383
1356333679400,6.0882955,6.2789803,-0.3405087
1356333679440,6.8237944,5.09401,-2.1383946
1356333679480,6.8237944,6.469665,-1.4982382
1356333679520,7.082581,7.504812,-1.0760075
1356333679559,8.008764,8.049625,-0.14982383
1356333679599,8.308413,8.008764,2.4925237
1356333679640,10.337844,5.366417,0.08172209
1356333679679,13.715691,8.349273,1.8387469
1356333679720,10.269742,11.727119,3.255263
1356333679760,8.049625,9.384419,-3.1054392
1356333679800,11.304889,14.09706,-1.879608
1356333679840,8.921328,10.038197,0.14982383
1356333679879,3.568531,7.7772183,-1.0351465
1356333679920,3.0645783,5.829509,-1.1849703
1356333679960,3.0645783,5.053149,-1.1441092
1356333680000,0.7218784,2.982856,-0.46309182
1356333680039,0.7627395,3.2961242,-0.040861044
1356333680079,3.7864566,4.372132,5.597963
1356333680125,16.86199,12.217452,16.3989
1356333680159,6.782933,8.117727,3.7864566
1356333680199,1.7297841,12.176591,-2.6423476
1356333680240,9.724928,5.284695,-5.407278
1356333680280,5.434519,6.5922484,-2.5333846
1356333680319,8.471856,8.499097,-1.1849703
1356333680360,5.243834,6.973618,-1.3756552
1356333680400,7.6954966,5.6660647,-1.6889231
1356333680440,6.5513873,6.0201936,-1.2258313
1356333680480,7.205164,6.4015636,-1.3075534
1356333680520,8.158588,6.742072,-1.7978859
1356333680560,9.343558,7.7772183,1.3756552
1356333680599,10.119919,7.014479,1.6889231
1356333680640,10.923519,7.6273947,3.0645783
1356333680679,11.413852,10.991621,3.0645783
1356333680720,9.234595,9.697687,-1.334794
1356333680760,8.471856,13.375181,-2.5333846
1356333680799,10.228881,11.727119,0.53119355
1356333680840,7.082581,7.5456724,-0.9942854
1356333680880,3.636633,6.3198414,-0.9125633
1356333680920,2.5606253,6.3607025,-1.334794
1356333680960,1.2258313,4.2904096,-0.5720546
1356333680999,0.88532263,3.8681788,0.19068487
1356333681057,2.3018389,4.440233,3.568531
1356333681079,14.328606,9.112013,15.28203
1356333681123,14.47843,9.534244,7.7363577
1356333681159,-2.1111538,1.9885708,-0.7218784
1356333681199,9.384419,17.502148,-0.6537767
1356333681239,3.173541,4.671779,-5.938472
1356333681279,3.0645783,7.7772183,-3.759216
1356333681319,11.182305,6.891896,-1.3756552
1356333681360,6.0201936,5.706926,-0.7218784
1356333681400,7.082581,4.399372,-0.95342433
1356333681440,7.3141265,6.3198414,-1.4165162
1356333681480,8.812365,6.973618,-0.9125633
1356333681520,8.921328,8.499097,2.6423476
1356333681560,9.915613,7.1234417,2.4516625
1356333681599,10.95076,7.205164,3.990762
1356333681640,12.299174,10.337844,3.1054392
1356333681679,10.991621,7.9679036,-5.243834
1356333681719,9.084772,13.6748295,-0.0
1356333681759,8.62168,12.912089,0.10896278
1356333681799,5.7886477,8.19945,-1.2258313
1356333681839,4.5219555,5.7886477,-1.525479
1356333681880,2.4925237,5.6252036,-0.9942854
1356333681920,0.6537767,3.759216,-0.29964766
1356333681959,1.2258313,3.336985,1.3075534
1356333682000,3.6774938,4.440233,7.9270425
1356333682039,14.859799,9.466142,12.598822
1356333682079,9.888372,11.604536,5.5162406
1356333682119,3.486809,13.184497,-3.6774938
1356333682159,3.636633,4.5628166,-6.851035
1356333682200,10.119919,7.4639506,-4.2086873
1356333682240,6.1291566,8.076866,0.3405087
1356333682280,5.6252036,6.0882955,-0.7218784
1356333682319,8.19945,4.903325,-1.334794
1356333682360,7.9270425,5.829509,-0.38136974
1356333682400,8.689782,5.706926,-2.0294318
1356333682440,9.043911,6.851035,0.3405087
1356333682480,9.343558,8.62168,3.2961242
1356333682519,10.800936,6.6331096,1.920469
1356333682559,12.980191,9.765789,3.0645783
1356333682599,9.302697,7.8861814,-0.19068487
1356333682639,8.771504,10.61025,-2.982856
1356333682679,10.228881,14.519291,0.5720546
1356333682719,6.932757,10.56939,-0.7627395
1356333682759,4.2904096,6.742072,-0.7627395
1356333682799,3.990762,6.5922484,-1.4165162
1356333682839,2.152015,4.903325,-0.88532263
1356333682880,0.7218784,2.6832085,-0.0
1356333682920,1.1849703,2.6014864,3.8681788
1356333682960,8.689782,5.9793324,13.402422
1356333683000,13.402422,12.912089,8.771504
1356333683039,4.099725,13.184497,1.607201
1356333683079,6.6331096,6.3607025,-5.366417
1356333683119,5.47538,6.891896,-4.903325
1356333683159,10.460427,8.008764,-0.84446156
1356333683199,5.053149,6.469665,0.50395286
1356333683240,8.349273,5.366417,-0.88532263
1356333683280,7.5865335,4.2904096,-1.2666923
1356333683320,7.3549876,5.6660647,-1.4982382
1356333683359,7.7772183,6.4015636,-1.0351465
1356333683400,9.302697,7.504812,0.3405087
1356333683440,9.997335,7.7363577,2.8330324
1356333683480,10.079058,7.014479,1.0351465
1356333683520,12.830367,11.985906,2.0294318
1356333683559,8.853226,9.534244,1.607201
1356333683600,9.152874,8.689782,-4.5628166
1356333683640,10.079058,12.108489,-0.84446156
1356333683679,6.2789803,9.765789,0.50395286
1356333683719,4.2086873,7.3141265,-0.9125633
1356333683760,3.718355,5.8976107,-0.8036005
1356333683799,2.9556155,5.7477865,-0.84446156
1356333683839,1.2258313,3.759216,-0.3405087
1356333683879,1.2666923,2.982856,2.3018389
1356333683919,5.7886477,5.243834,9.765789
1356333683959,15.935807,12.571581,10.18802
1356333683999,7.164303,11.372991,5.47538
1356333684040,5.366417,10.119919,-5.7886477
1356333684079,1.2258313,4.3312707,-4.7943625
1356333684119,11.727119,8.281172,-4.140586
1356333684160,6.2789803,6.973618,0.38136974
1356333684199,6.1700177,6.4424243,-0.6537767
1356333684239,8.62168,4.944186,-1.7297841
1356333684280,7.8180795,5.6252036,-0.7218784
1356333684318,8.076866,6.6331096,-0.46309182
1356333684348,8.076866,6.932757,-1.2258313
1356333684378,7.7772183,8.390134,0.6537767
1356333684419,8.812365,7.9679036,2.7921712
1356333684459,9.507003,6.3198414,1.2666923
1356333684499,12.912089,10.038197,2.8330324
1356333684539,9.847511,8.499097,-0.9942854
1356333684579,9.384419,11.727119,-3.1054392
1356333684619,10.228881,13.252599,-0.38136974
1356333684659,6.742072,9.043911,-0.0
1356333684699,3.9090397,7.8180795,-0.8036005
1356333684739,3.7864566,5.938472,-1.4982382
1356333684780,2.6832085,4.7126403,-0.9125633
1356333684819,0.6537767,3.5957718,-0.46309182
1356333684859,0.7218784,3.718355,0.9942854
1356333684900,5.407278,6.0474343,9.80665
1356333684940,17.120777,13.021052,11.536434
1356333684980,9.302697,12.871228,2.8738933
1356333685020,-1.3075534,5.938472,-6.3607025
1356333685059,7.273266,5.597963,-6.3198414
1356333685119,12.680544,8.008764,-1.4165162
1356333685139,2.9147544,8.158588,1.0760075
1356333685180,7.5865335,5.6660647,-1.4982382
1356333685219,8.430995,4.671779,-1.9477097
1356333685260,7.8861814,5.7886477,-0.08172209
1356333685300,8.19945,6.701211,-0.29964766
1356333685340,8.049625,7.668256,0.6537767
1356333685379,8.894087,8.308413,2.4925237
1356333685420,10.378705,6.4015636,1.607201
1356333685460,13.525005,9.888372,0.6946377
1356333685500,8.158588,10.310603,2.3699405
1356333685540,8.390134,10.528529,-3.636633
1356333685580,9.575105,11.645397,-1.0351465
1356333685619,7.1234417,9.384419,-0.23154591
1356333685660,3.445948,6.851035,-0.7627395
1356333685699,3.1054392,5.9793324,-0.95342433
1356333685739,2.7649305,5.175732,-0.7627395
1356333685780,0.9942854,3.759216,-0.10896278
1356333685819,1.1168685,4.2904096,1.0760075
1356333685859,6.510526,7.3141265,9.084772
1356333685899,17.965239,10.337844,11.223166
1356333685940,5.407278,10.760075,2.5606253
1356333685980,5.09401,10.378705,-5.6660647
1356333686020,2.6423476,3.6774938,-5.7477865
1356333686059,11.727119,9.956474,-3.3642259
1356333686120,5.706926,7.3549876,0.040861044
1356333686139,5.9793324,5.706926,-1.1849703
1356333686180,8.430995,4.630918,-1.607201
1356333686219,7.8180795,6.238119,-0.19068487
1356333686260,7.5456724,6.6331096,-0.14982383
1356333686300,9.302697,6.5513873,0.5720546
1356333686340,10.419566,6.701211,2.3018389
1356333686379,10.079058,6.973618,2.1111538
1356333686420,13.33432,10.882658,1.1849703
1356333686460,9.043911,8.853226,2.3018389
1356333686500,8.62168,9.534244,-4.630918
1356333686540,9.697687,12.14935,-0.14982383
1356333686580,7.3958488,9.724928,-0.9125633
1356333686620,3.6774938,6.782933,-0.6946377
1356333686659,2.8738933,6.469665,-1.1849703
1356333686699,2.9556155,5.5571017,-0.9125633
1356333686740,1.334794,4.0588636,-0.27240697
1356333686780,0.14982383,4.372132,3.1463003
1356333686819,7.9270425,6.66035,11.454713
1356333686860,15.785983,11.876944,7.8589406
1356333686900,3.1054392,9.697687,0.27240697
1356333686940,10.760075,8.853226,-6.701211
1356333686980,1.9885708,5.8976107,-3.336985
1356333687020,8.281172,9.343558,-2.2201166
1356333687060,6.510526,7.0553403,-0.08172209
1356333687119,8.117727,4.7535014,-1.6480621
1356333687139,8.281172,4.2495484,-1.3756552
1356333687180,7.246025,7.0553403,-0.9942854
1356333687219,6.5922484,8.349273,-0.88532263
1356333687260,8.689782,8.008764,0.38136974
1356333687300,10.119919,6.0882955,1.1849703
1356333687340,11.836082,5.6660647,2.5606253
1356333687380,12.680544,9.888372,3.0237172
1356333687420,8.894087,8.539958,1.3075534
1356333687460,7.8180795,10.419566,-3.8681788
1356333687500,10.079058,12.108489,1.334794
1356333687539,7.014479,9.888372,-0.8036005
1356333687580,4.6036777,6.3198414,-0.7218784
1356333687619,3.0645783,5.9793324,-1.0351465
1356333687659,1.7297841,4.7943625,-0.6537767
1356333687699,0.5720546,3.759216,0.23154591
1356333687739,1.334794,4.2904096,3.336985
1356333687780,11.413852,7.246025,13.988097
1356333687819,13.0619135,10.56939,6.6331096
1356333687860,3.214402,9.302697,-0.9942854
1356333687900,9.997335,11.686258,-3.486809
1356333687940,2.1792557,5.284695,-4.671779
1356333687980,10.119919,8.689782,-2.7240696
1356333688020,5.706926,7.8589406,-0.50395286
1356333688060,7.0553403,5.325556,-1.3756552
1356333688119,8.240311,4.6036777,-0.7218784
1356333688139,8.349273,5.434519,-0.95342433
1356333688180,7.7363577,5.2165933,-1.3075534
1356333688219,8.471856,7.8180795,0.53119355
1356333688260,9.043911,8.662541,1.607201
1356333688300,10.18802,7.3958488,1.1441092
1356333688340,13.715691,10.038197,2.4925237
1356333688379,10.732834,9.084772,1.607201
1356333688420,8.390134,9.084772,-2.6423476
1356333688460,9.466142,12.258313,-1.0351465
1356333688500,7.014479,9.765789,-0.0
1356333688540,4.4810944,8.349273,-0.6946377
1356333688580,3.486809,6.2108784,-1.334794
1356333688620,2.6423476,5.053149,-0.88532263
1356333688660,0.9942854,3.568531,-0.27240697
1356333688700,1.1849703,3.173541,0.53119355
1356333688739,4.7126403,5.325556,7.6954966
1356333688780,18.196785,11.876944,13.33432
1356333688819,7.273266,10.269742,2.7921712
1356333688860,4.630918,11.563675,-4.8216033
1356333688900,1.2258313,4.862464,-4.372132
1356333688939,10.337844,9.234595,-4.399372
1356333688980,7.205164,6.3198414,-0.5720546
1356333689019,6.0201936,5.597963,-1.879608
1356333689060,8.430995,4.5628166,-1.7570249
1356333689116,8.730643,6.4424243,0.46309182
1356333689139,8.349273,6.0882955,-0.50395286
1356333689180,7.668256,6.742072,-0.9125633
1356333689220,9.724928,7.8180795,2.152015
1356333689259,9.656827,6.973618,1.1441092
1356333689300,12.408136,10.147159,2.3699405
1356333689340,10.528529,10.923519,1.7570249
1356333689408,7.5456724,8.962189,-2.9147544
1356333689414,9.466142,11.958665,-2.8738933
1356333689448,9.234595,10.147159,0.88532263
1356333689490,6.238119,8.390134,-1.1441092
1356333689530,3.1054392,6.782933,-1.3075534
1356333689570,2.7240696,6.3607025,-1.1168685
1356333689609,1.56634,4.3312707,-0.5720546
1356333689649,0.7627395,3.568531,-0.0
1356333689689,1.1168685,4.2495484,3.568531
1356333689729,12.367276,8.771504,13.633968
1356333689770,13.6748295,12.53072,5.938472
1356333689810,2.3018389,9.697687,-1.6889231
1356333689850,6.3198414,7.8861814,-3.1054392
1356333689890,4.903325,3.2961242,-6.2789803
1356333689930,8.921328,9.575105,-1.7978859
1356333689970,5.2165933,7.4639506,-1.1849703
1356333690010,7.246025,5.175732,-2.7240696
1356333690050,8.076866,5.9793324,-0.6537767
1356333690089,8.240311,6.6331096,-0.6946377
1356333690130,8.308413,6.782933,-1.1849703
1356333690170,7.7363577,7.8180795,1.9885708
1356333690209,9.425281,7.082581,1.0351465
1356333690249,10.228881,7.668256,2.4108016
1356333690290,12.14935,10.269742,2.8738933
1356333690330,8.962189,7.3549876,-0.84446156
1356333690370,8.812365,12.4489975,-3.255263
1356333690410,9.915613,10.760075,0.53119355
1356333690450,6.3198414,7.3549876,-0.9125633
1356333690490,3.718355,5.2165933,-0.53119355
1356333690530,3.1054392,4.862464,-0.53119355
1356333690570,3.1054392,4.7535014,-0.19068487
1356333690610,2.6014864,5.053149,0.14982383
1356333690650,3.173541,5.8976107,3.336985
1356333690689,8.308413,7.3141265,7.5865335
1356333690729,14.056199,11.34575,7.1234417
1356333690769,5.829509,5.5571017,4.7126403
1356333690810,7.0553403,15.173067,-4.2495484
1356333690850,7.8861814,6.2789803,-1.525479
1356333690890,1.7297841,3.990762,-1.4982382
1356333690930,8.308413,7.5456724,-4.0588636
1356333690969,8.662541,6.2789803,-2.3018389
1356333691010,7.6273947,6.973618,0.08172209
