1356333137418,1.0351465,-9.00305,-0.9942854
1356333137420,0.95342433,-9.084772,-0.88532263
1356333137445,1.0351465,-9.043911,-0.6946377
1356333137458,1.0351465,-8.812365,-0.7218784
1356333137489,1.0760075,-8.962189,-0.50395286
1356333137537,0.9942854,-8.962189,-0.7218784
1356333137580,0.9942854,-9.112013,-1.1441092
1356333137620,1.0351465,-9.00305,-1.2258313
1356333137660,1.0760075,-9.00305,-1.4165162
1356333137701,1.1168685,-8.962189,-0.95342433
1356333137740,1.2258313,-8.962189,-0.27240697
1356333137780,0.9942854,-8.812365,-1.334794
1356333137821,1.2666923,-9.043911,-1.4982382
1356333137860,1.3075534,-8.880466,-1.0351465
1356333137900,1.4573772,-9.152874,-0.84446156
1356333137940,1.3756552,-9.275456,-0.5720546
1356333137980,1.1441092,-9.084772,-0.19068487
1356333138019,1.0351465,-8.880466,-0.3405087
1356333138059,0.84446156,-8.853226,-1.4573772
1356333138101,0.88532263,-9.00305,-1.607201
1356333138145,0.5720546,-9.043911,-1.7570249
1356333138180,0.313268,-9.152874,-1.2258313
1356333138220,-0.08172209,-8.880466,-2.4516625
1356333138259,-0.23154591,-9.384419,-1.920469
1356333138300,-0.040861044,-9.193735,-2.4108016
1356333138340,0.42223078,-9.084772,-2.070293
1356333138380,0.50395286,-9.275456,-1.6889231
1356333138455,0.23154591,-9.112013,-2.3699405
1356333138476,-0.3405087,-8.921328,-2.3699405
1356333138498,0.08172209,-8.689782,-1.9885708
1356333138538,0.46309182,-8.880466,-1.7570249
1356333138580,0.6537767,-8.962189,-1.6889231
1356333138619,0.50395286,-8.662541,-1.56634
1356333138659,0.313268,-8.880466,-1.56634
1356333138699,0.42223078,-9.466142,-1.0351465
1356333138739,-0.14982383,-9.193735,-0.95342433
1356333138779,-0.61291564,-9.234595,-1.2258313
1356333138819,-0.50395286,-10.991621,-2.7240696
1356333138859,1.607201,-11.114203,-1.2258313
1356333138899,1.5390993,-9.575105,-0.27240697
1356333138939,0.92618364,-9.043911,0.313268
1356333138979,1.9885708,-8.117727,-0.46309182
1356333139021,2.4108016,-10.106298,0.040861044
1356333139062,1.607201,-11.032481,0.61291564
1356333139099,-0.23154591,-10.501288,0.88532263
1356333139139,-0.61291564,-9.425281,1.3756552
1356333139179,0.61291564,-7.5456724,1.7570249
1356333139219,-0.040861044,-6.8237944,1.56634
1356333139259,-0.7218784,-6.0882955,1.5390993
1356333139299,-0.46309182,-5.053149,2.0294318
1356333139339,-0.6946377,-4.7943625,2.7649305
1356333139379,-2.2609777,-7.164303,4.2904096
1356333139454,-5.175732,-15.009624,6.510526
1356333139461,-4.5628166,-10.61025,5.8567495
1356333139488,1.6889231,-11.223166,-0.88532263
1356333139519,7.3549876,-12.871228,-4.440233
1356333139559,-1.0351465,-5.434519,-0.19068487
1356333139599,1.5390993,-6.66035,-0.95342433
1356333139639,0.84446156,-10.691973,-3.636633
1356333139679,-1.1441092,-8.853226,-0.3405087
1356333139719,-0.08172209,-8.853226,-0.46309182
1356333139759,-0.8036005,-8.962189,-1.1849703
1356333139799,0.27240697,-8.689782,-1.0351465
1356333139839,0.27240697,-8.430995,-1.2666923
1356333139879,0.14982383,-8.499097,-1.0351465
1356333139919,0.50395286,-9.00305,-0.9942854
1356333139959,-0.50395286,-9.425281,-0.9942854
1356333139999,-0.95342433,-10.310603,-1.2258313
1356333140039,-0.08172209,-10.923519,-1.1849703
1356333140079,0.14982383,-14.09706,-0.23154591
1356333140119,0.08172209,-11.836082,-0.10896278
1356333140159,1.3075534,-8.19945,0.5720546
1356333140199,0.88532263,-10.147159,0.7627395
1356333140239,0.92618364,-11.141444,0.42223078
1356333140279,1.3075534,-9.888372,1.6480621
1356333140319,0.50395286,-7.8180795,1.4573772
1356333140359,-0.46309182,-5.7477865,1.879608
1356333140399,-0.6946377,-5.175732,1.56634
1356333140454,-0.040861044,-3.9090397,2.1792557
1356333140479,0.14982383,-3.5957718,2.8330324
1356333140519,-1.2666923,-6.8237944,4.2086873
1356333140559,-3.1054392,-15.5135765,6.742072
1356333140599,-5.366417,-14.396708,6.469665
1356333140639,2.0294318,-11.917805,0.50395286
1356333140679,5.243834,-7.6273947,-3.445948
1356333140719,-0.3405087,-4.9850473,-0.6946377
1356333140759,-0.29964766,-9.084772,-1.3075534
1356333140799,1.1849703,-9.384419,-1.3075534
1356333140839,-0.6537767,-8.158588,-0.9942854
1356333140879,-0.88532263,-9.302697,-0.27240697
1356333140919,-0.0,-8.430995,-1.1849703
1356333140959,0.10896278,-8.117727,-1.0760075
1356333140999,0.23154591,-8.076866,-1.7978859
1356333141039,0.313268,-9.084772,-1.334794
1356333141079,-0.42223078,-10.106298,-1.525479
1356333141119,-0.61291564,-10.95076,-1.56634
1356333141159,-0.3405087,-11.604536,0.92618364
1356333141199,-0.53119355,-13.102775,-1.6889231
1356333141239,1.4165162,-12.5579605,-0.7627395
1356333141279,3.0237172,-9.534244,1.1849703
1356333141319,0.50395286,-10.841797,-0.08172209
1356333141359,0.14982383,-10.079058,0.61291564
1356333141399,2.4108016,-8.308413,0.10896278
1356333141450,1.56634,-7.3141265,0.8036005
1356333141479,0.27240697,-6.238119,1.2258313
1356333141519,-0.38136974,-4.4810944,1.2666923
1356333141559,-0.8036005,-4.7943625,1.4573772
1356333141599,-1.7978859,-5.175732,2.6423476
1356333141639,-2.1111538,-8.267551,3.445948
1356333141679,-4.2904096,-16.84837,5.407278
1356333141719,-5.134871,-6.5513873,7.273266
1356333141759,1.8387469,-9.915613,-3.214402
1356333141799,5.7477865,-11.985906,-1.3756552
1356333141839,-0.95342433,-3.486809,0.6537767
1356333141879,4.372132,-8.539958,-3.336985
1356333141919,-1.0351465,-10.147159,-2.4516625
1356333141959,0.23154591,-7.6954966,-0.95342433
1356333141999,-0.6946377,-8.689782,-1.4982382
1356333142039,0.8036005,-8.771504,-0.9125633
1356333142079,0.3405087,-8.580819,-1.1168685
1356333142119,0.313268,-9.384419,-1.2258313
1356333142159,0.040861044,-9.765789,-0.9942854
1356333142199,-0.9942854,-10.460427,-0.95342433
1356333142239,-0.29964766,-13.865514,0.313268
1356333142279,1.1168685,-13.293459,-0.42223078
1356333142319,3.255263,-9.656827,0.08172209
1356333142360,2.5333846,-9.765789,0.92618364
1356333142399,0.313268,-10.310603,0.7218784
1356333142454,1.4982382,-9.343558,0.5720546
1356333142480,1.4982382,-8.076866,0.53119355
1356333142519,1.1441092,-6.8237944,1.334794
1356333142559,0.88532263,-5.053149,1.4165162
1356333142599,0.61291564,-5.012288,2.1792557
1356333142639,-0.14982383,-5.284695,2.3426998
1356333142679,-1.920469,-6.891896,3.636633
1356333142719,-2.8330324,-12.980191,6.8237944
1356333142759,-4.140586,-14.246883,5.706926
1356333142799,-3.405087,-4.099725,6.0474343
1356333142840,8.539958,-17.011814,-4.140586
1356333142879,-0.5720546,-6.891896,-0.040861044
1356333142919,1.4573772,-3.405087,-1.1441092
1356333142959,1.1849703,-10.106298,-1.56634
1356333142999,-1.920469,-9.193735,-1.6889231
1356333143040,0.27240697,-6.891896,-2.0294318
1356333143079,-0.3405087,-7.7363577,-1.7297841
1356333143119,1.5390993,-9.425281,-0.9942854
1356333143159,0.6946377,-9.343558,-0.6946377
1356333143199,-0.08172209,-9.466142,-0.95342433
1356333143239,-0.6537767,-9.888372,-1.0351465
1356333143279,-0.88532263,-9.915613,-1.0760075
1356333143319,-0.42223078,-10.7192135,-0.38136974
1356333143360,-1.1168685,-12.912089,-0.10896278
1356333143398,1.1168685,-13.0619135,-1.9477097
1356333143433,3.759216,-9.765789,1.1168685
1356333143458,3.214402,-10.7192135,-0.3405087
1356333143499,0.53119355,-12.108489,-0.27240697
1356333143539,0.50395286,-9.997335,0.61291564
1356333143579,0.6537767,-8.117727,0.08172209
1356333143619,1.2666923,-6.469665,1.1168685
1356333143659,0.6946377,-5.434519,1.3075534
1356333143699,0.5720546,-4.8216033,1.334794
1356333143739,0.50395286,-4.440233,1.9885708
1356333143779,-1.1849703,-4.9850473,2.8738933
1356333143819,-2.070293,-8.008764,3.990762
1356333143859,-2.7921712,-13.565866,6.2108784
1356333143899,-4.099725,-11.604536,6.4424243
1356333143939,-2.5333846,-3.636633,4.440233
1356333143979,7.082581,-17.66559,-6.238119
1356333144019,0.53119355,-9.575105,2.7240696
1356333144059,3.336985,-1.6889231,-1.3075534
1356333144099,1.9885708,-10.038197,-2.8738933
1356333144139,-2.3426998,-9.697687,-2.6014864
1356333144179,0.7218784,-8.349273,0.313268
1356333144219,-1.0351465,-8.539958,-0.38136974
1356333144259,-0.10896278,-8.580819,-1.0351465
1356333144299,-0.08172209,-8.430995,-0.7627395
1356333144339,0.14982383,-9.084772,-0.6946377
1356333144379,-0.46309182,-9.888372,-0.23154591
1356333144462,-1.4573772,-9.80665,-1.3075534
1356333144463,-0.23154591,-13.593107,-0.84446156
1356333144488,0.9942854,-12.598822,1.0760075
1356333144529,3.1463003,-10.18802,0.23154591
1356333144569,2.8330324,-12.4489975,0.14982383
1356333144609,0.7627395,-12.4489975,1.4982382
1356333144649,1.6480621,-8.499097,-0.0
1356333144689,2.070293,-6.4015636,1.0760075
1356333144729,1.9477097,-6.0474343,1.334794
1356333144769,0.8036005,-5.175732,1.56634
1356333144810,0.50395286,-4.0180025,2.070293
1356333144849,0.040861044,-4.5900574,2.982856
1356333144889,-1.56634,-6.66035,3.759216
1356333144929,-1.7570249,-11.223166,6.0201936
1356333144969,-1.1168685,-16.04477,7.7772183
1356333145009,-1.525479,-7.3141265,5.175732
1356333145049,5.6660647,-14.396708,-1.8387469
1356333145089,2.6423476,-9.534244,-1.525479
1356333145129,-1.0760075,-3.5957718,-2.3699405
1356333145169,2.5333846,-9.724928,-2.1792557
1356333145209,-0.5720546,-9.534244,-0.7627395
1356333145249,-0.46309182,-8.349273,-0.53119355
1356333145289,-1.4573772,-8.771504,-0.9942854
1356333145329,-0.23154591,-8.19945,-0.95342433
1356333145369,0.50395286,-8.158588,-0.61291564
1356333145409,0.7627395,-8.308413,-0.8036005
1356333145460,0.88532263,-9.80665,-0.8036005
1356333145489,-0.42223078,-9.888372,-0.8036005
1356333145529,-0.6537767,-10.56939,-1.56634
1356333145569,-0.7218784,-13.1708765,-0.9125633
1356333145609,-0.14982383,-13.715691,-0.29964766
1356333145649,1.7978859,-10.528529,-0.0
1356333145689,3.1054392,-10.269742,-0.29964766
1356333145729,1.8387469,-12.14935,1.0351465
1356333145769,2.9556155,-10.106298,-0.19068487
1356333145809,1.4573772,-7.43671,0.5720546
1356333145849,0.7627395,-6.1700177,1.1849703
1356333145889,0.50395286,-4.2904096,1.2258313
1356333145929,0.19068487,-2.7513103,2.1111538
1356333145969,-0.5720546,-4.0180025,2.9556155
1356333146009,-1.8387469,-7.3141265,4.7535014
1356333146049,-2.1111538,-14.206022,7.3549876
1356333146089,-1.7570249,-12.871228,5.366417
1356333146129,1.1441092,-13.293459,3.214402
1356333146169,5.2165933,-9.343558,-2.1111538
1356333146209,0.95342433,-4.671779,-1.2258313
1356333146249,-1.2666923,-8.62168,-2.6014864
1356333146289,0.27240697,-9.80665,-0.6946377
1356333146329,0.27240697,-8.240311,-0.7627395
1356333146369,-0.42223078,-8.430995,-0.61291564
1356333146409,-0.42223078,-8.62168,-1.3075534
1356333146461,0.10896278,-8.240311,-0.7627395
1356333146489,0.9942854,-8.62168,-0.7627395
1356333146529,0.6946377,-9.425281,-0.38136974
1356333146569,-0.10896278,-9.956474,-0.7627395
1356333146609,-1.879608,-9.80665,-1.7570249
1356333146649,0.5720546,-13.783792,-0.23154591
1356333146689,0.95342433,-12.026767,-0.14982383
1356333146729,2.2609777,-9.847511,-0.19068487
1356333146769,3.445948,-10.800936,1.1441092
1356333146810,2.7649305,-12.340035,1.56634
1356333146849,2.2609777,-9.275456,0.19068487
1356333146889,1.9885708,-7.5456724,1.4165162
1356333146930,1.4573772,-6.5922484,1.3756552
1356333146969,0.92618364,-4.903325,1.8387469
1356333147009,0.14982383,-4.2495484,2.7649305
1356333147049,-0.7627395,-4.5219555,3.1463003
1356333147089,-2.0294318,-5.7886477,3.8273177
1356333147129,-2.3699405,-9.534244,5.5571017
1356333147169,-1.525479,-15.241169,7.205164
1356333147209,-0.38136974,-11.604536,5.053149
1356333147249,5.012288,-12.639683,-0.88532263
1356333147289,2.5606253,-6.2789803,-2.4925237
1356333147329,-1.6889231,-5.7477865,-3.1054392
1356333147369,1.6480621,-10.61025,-1.1168685
1356333147409,0.23154591,-9.493382,0.313268
1356333147456,-1.1441092,-8.267551,-0.19068487
1356333147489,-0.29964766,-8.662541,-1.920469
1356333147531,0.10896278,-8.662541,-1.2258313
1356333147569,0.92618364,-8.008764,-0.7627395
1356333147609,0.92618364,-8.390134,-0.5720546
1356333147649,1.1441092,-9.615966,-0.84446156
1356333147689,0.61291564,-10.038197,-0.5720546
1356333147729,-0.42223078,-9.915613,-1.525479
1356333147769,0.19068487,-12.912089,-1.0760075
1356333147809,-0.23154591,-13.252599,-0.6537767
1356333147849,0.84446156,-10.882658,-0.50395286
1356333147889,2.6423476,-9.234595,1.1168685
1356333147929,2.7921712,-11.304889,0.88532263
1356333147969,1.920469,-10.991621,0.38136974
1356333148009,0.92618364,-9.043911,0.8036005
1356333148049,1.1168685,-6.973618,1.3075534
1356333148089,0.61291564,-5.134871,1.5390993
1356333148130,0.3405087,-4.4810944,2.1792557
1356333148168,-0.46309182,-4.2904096,2.7240696
1356333148209,-0.9125633,-5.09401,3.405087
1356333148249,-2.3699405,-7.8861814,4.2086873
1356333148289,-2.3426998,-13.756551,7.082581
1356333148329,-3.1463003,-12.14935,4.4810944
1356333148369,0.50395286,-9.152874,3.718355
1356333148409,7.668256,-15.050485,-3.336985
1356333148456,-0.7218784,-4.862464,1.1168685
1356333148489,1.5390993,-5.706926,-2.8738933
1356333148529,0.313268,-10.460427,-1.3756552
1356333148569,-0.61291564,-8.499097,-0.5720546
1356333148609,-0.08172209,-8.471856,-0.53119355
1356333148649,-0.46309182,-8.308413,-0.9942854
1356333148689,-0.08172209,-8.240311,-0.5720546
1356333148729,0.46309182,-8.308413,-0.9942854
1356333148769,0.5720546,-8.921328,-0.50395286
1356333148810,0.6537767,-10.18802,-0.23154591
1356333148849,-1.3756552,-9.466142,-2.1111538
1356333148889,-0.14982383,-13.633968,-1.3075534
1356333148929,1.4165162,-14.015338,0.3405087
1356333148969,2.3426998,-10.841797,-0.50395286
1356333149010,3.2961242,-9.997335,0.8036005
1356333149049,3.8681788,-11.9450445,1.334794
1356333149089,2.1111538,-9.997335,0.08172209
1356333149129,1.6480621,-7.5865335,1.2258313
1356333149169,0.61291564,-6.782933,0.95342433
1356333149210,0.92618364,-4.7126403,1.4982382
1356333149250,0.23154591,-3.9771416,2.152015
1356333149289,-0.38136974,-4.7535014,2.4516625
1356333149329,-2.1111538,-5.7477865,3.568531
1356333149369,-3.214402,-8.349273,4.7535014
1356333149409,-2.7240696,-13.211738,6.851035
1356333149456,-1.9885708,-12.067628,5.09401
1356333149489,1.1441092,-11.495573,2.8330324
1356333149529,6.742072,-12.762266,-2.0294318
1356333149569,-0.7218784,-3.8273177,0.10896278
1356333149609,1.0760075,-7.6273947,-4.0180025
1356333149649,-0.88532263,-10.501288,-0.7627395
1356333149689,0.23154591,-7.9679036,-0.84446156
1356333149729,-1.1168685,-8.962189,-0.0
1356333149769,-0.5720546,-8.19945,-1.1849703
1356333149809,0.313268,-8.308413,-0.88532263
1356333149850,0.8036005,-8.390134,-0.88532263
1356333149889,1.1849703,-9.043911,-0.9942854
1356333149930,0.88532263,-10.147159,-0.6946377
1356333149969,-0.42223078,-9.997335,-1.607201
1356333150009,0.46309182,-13.947236,-1.2258313
1356333150049,0.6537767,-13.252599,-0.0
1356333150089,2.2609777,-10.310603,-0.27240697
1356333150129,3.0237172,-10.310603,0.5720546
1356333150169,2.2201166,-11.495573,0.53119355
1356333150209,1.9477097,-9.724928,0.50395286
1356333150249,1.6480621,-6.932757,0.46309182
1356333150290,1.1168685,-6.2108784,1.56634
1356333150329,0.3405087,-4.944186,1.6480621
1356333150369,0.19068487,-4.2904096,1.7297841
1356333150409,-0.08172209,-4.7535014,2.4108016
1356333150455,-1.1441092,-6.5513873,3.1463003
1356333150489,-2.070293,-10.147159,5.2165933
1356333150529,-2.9147544,-15.213928,5.938472
1356333150569,-2.5606253,-7.3958488,6.3607025
1356333150610,6.0474343,-14.437569,-2.4108016
1356333150649,2.982856,-10.378705,-0.7627395
1356333150689,0.3405087,-4.140586,-0.50395286
1356333150729,1.879608,-8.580819,-2.8738933
1356333150769,-1.334794,-9.275456,-1.6480621
1356333150810,0.42223078,-8.267551,-1.3756552
1356333150849,0.38136974,-9.084772,-0.3405087
1356333150889,0.46309182,-8.430995,-1.0760075
1356333150929,0.9942854,-8.267551,-1.1168685
1356333150969,0.8036005,-8.499097,-1.0760075
1356333151009,0.7218784,-9.534244,-0.9125633
1356333151049,-0.42223078,-9.765789,-0.84446156
1356333151089,-0.14982383,-11.223166,-1.0760075
1356333151129,0.7218784,-14.560152,-0.6537767
1356333151169,1.5390993,-11.686258,-0.50395286
1356333151209,4.2495484,-9.956474,0.38136974
1356333151249,3.9090397,-12.14935,0.46309182
1356333151289,2.1792557,-12.067628,0.6537767
1356333151329,3.173541,-8.008764,-0.50395286
1356333151369,1.7978859,-5.8976107,0.9942854
1356333151409,1.0351465,-4.7126403,1.3075534
1356333151454,0.27240697,-4.099725,1.1849703
1356333151489,0.08172209,-3.173541,2.152015
1356333151529,-0.5720546,-4.9850473,3.255263
1356333151569,-2.4108016,-9.956474,6.0201936
1356333151609,-3.445948,-17.62473,6.851035
1356333151649,-1.7978859,-6.5513873,5.706926
1356333151689,7.5456724,-13.525005,-2.3699405
1356333151729,3.214402,-10.419566,-1.1168685
1356333151769,0.08172209,-2.6423476,-1.0760075
1356333151809,2.6832085,-8.662541,-2.1792557
1356333151849,-1.879608,-9.847511,-1.6889231
1356333151889,-0.7627395,-8.539958,-0.08172209
1356333151930,-0.38136974,-8.62168,-0.7627395
1356333151969,0.5720546,-8.008764,-1.1441092
1356333152009,0.95342433,-8.076866,-1.2666923
1356333152049,1.1441092,-8.689782,-1.2258313
1356333152089,1.334794,-10.228881,-0.84446156
1356333152129,-0.5720546,-9.997335,-0.61291564
1356333152169,-0.42223078,-11.727119,-1.525479
1356333152209,0.313268,-15.213928,0.23154591
1356333152249,1.1849703,-11.985906,-0.6946377
1356333152289,3.8273177,-9.384419,0.040861044
1356333152329,2.1111538,-11.727119,0.50395286
1356333152369,3.336985,-11.372991,0.61291564
1356333152409,2.6423476,-7.9679036,-0.040861044
1356333152457,1.2666923,-5.6660647,1.4573772
1356333152489,0.61291564,-4.440233,1.1168685
1356333152534,0.42223078,-2.8738933,2.0294318
1356333152569,0.10896278,-3.9090397,2.5333846
1356333152609,-0.8036005,-6.701211,3.3778462
1356333152649,-2.6014864,-11.645397,6.4015636
1356333152689,-2.9147544,-15.976667,7.3141265
1356333152729,1.3756552,-11.686258,5.175732
1356333152769,7.205164,-12.14935,-2.7513103
1356333152809,2.5333846,-5.5162406,-2.8330324
1356333152849,-0.3405087,-5.6252036,-1.920469
1356333152889,1.334794,-9.888372,-0.9942854
1356333152929,0.19068487,-8.921328,-1.4573772
1356333152969,-0.19068487,-8.880466,-0.19068487
1356333153009,-0.14982383,-8.308413,-0.88532263
1356333153049,0.46309182,-8.158588,-0.9125633
1356333153089,1.0351465,-8.430995,-0.46309182
1356333153129,0.7627395,-8.689782,-0.50395286
1356333153170,0.23154591,-10.841797,-0.38136974
1356333153208,-0.50395286,-10.228881,-1.4165162
1356333153250,1.5390993,-14.437569,-0.6946377
1356333153289,2.6014864,-13.565866,-0.0
1356333153329,3.8273177,-8.853226,0.14982383
1356333153369,3.759216,-10.337844,0.14982383
1356333153409,1.7570249,-11.141444,1.334794
1356333153455,1.879608,-8.730643,-0.0
1356333153489,2.9556155,-6.6331096,0.88532263
1356333153529,1.920469,-5.597963,0.84446156
1356333153569,0.95342433,-4.7943625,1.4982382
1356333153609,0.84446156,-4.2904096,2.3018389
1356333153649,0.08172209,-4.9850473,2.6832085
1356333153689,-1.8387469,-6.5922484,3.486809
1356333153729,-3.636633,-11.876944,6.2789803
1356333153769,-2.9556155,-14.437569,4.6036777
1356333153809,0.14982383,-10.079058,3.636633
1356333153849,10.228881,-16.08563,-3.3642259
1356333153889,0.08172209,-3.1054392,-0.8036005
1356333153929,1.2258313,-5.938472,-3.255263
1356333153969,1.1441092,-10.882658,-1.7297841
1356333154009,-0.08172209,-9.00305,-0.42223078
1356333154049,-0.040861044,-8.349273,0.53119355
1356333154089,-0.5720546,-8.539958,-1.6480621
1356333154129,0.27240697,-8.308413,-1.0351465
1356333154169,0.7218784,-8.267551,-0.95342433
1356333154209,0.7627395,-9.80665,-0.46309182
1356333154249,-0.5720546,-9.888372,-1.2666923
1356333154289,0.6946377,-12.299174,-1.1849703
1356333154329,2.1111538,-14.560152,0.19068487
1356333154369,2.9147544,-10.528529,-0.38136974
1356333154409,3.9090397,-9.697687,0.38136974
1356333154456,2.7921712,-11.9450445,0.50395286
1356333154489,1.4165162,-10.528529,0.84446156
1356333154529,2.2201166,-6.8237944,0.313268
1356333154569,2.3018389,-6.469665,0.8036005
1356333154609,1.7297841,-5.7886477,1.1441092
1356333154649,1.2666923,-4.9850473,1.920469
1356333154689,0.6537767,-4.944186,2.4925237
1356333154729,-1.607201,-5.7477865,2.7649305
1356333154769,-3.0237172,-8.390134,3.8273177
1356333154810,-2.9147544,-13.375181,4.671779
1356333154849,-2.7240696,-10.800936,4.8216033
1356333154889,5.012288,-14.628253,0.42223078
1356333154929,7.8861814,-11.182305,-3.6774938
1356333154970,0.7218784,-2.7240696,0.53119355
1356333155009,3.5957718,-8.730643,-3.8681788
1356333155049,0.42223078,-10.56939,-2.1383946
1356333155089,-0.5720546,-8.117727,-0.88532263
1356333155129,0.14982383,-8.499097,-0.9942854
1356333155169,0.08172209,-8.880466,-1.2666923
1356333155209,0.46309182,-9.234595,-0.6537767
1356333155249,-0.19068487,-9.425281,-0.27240697
1356333155289,-0.7627395,-9.152874,-0.6537767
1356333155329,-1.7978859,-9.234595,-2.070293
1356333155369,-0.6537767,-10.7192135,-2.0294318
1356333155409,1.2666923,-12.258313,0.61291564
1356333155458,4.6036777,-12.5579605,1.3756552
1356333155489,4.6036777,-9.343558,2.4108016
1356333155529,1.4982382,-9.302697,4.0588636
1356333155569,-0.0,-9.043911,0.10896278
1356333155609,0.23154591,-7.7772183,1.920469
1356333155649,1.920469,-7.43671,1.6480621
1356333155689,1.607201,-7.164303,1.5390993
1356333155729,0.040861044,-7.5865335,1.1849703
1356333155769,0.92618364,-6.3198414,1.9885708
1356333155809,0.61291564,-5.8976107,2.8330324
1356333155849,-0.6946377,-6.238119,2.6423476
1356333155889,-1.3075534,-9.275456,4.140586
1356333155929,-4.7943625,-14.396708,2.8738933
1356333155970,-4.903325,-8.771504,6.0882955
1356333156009,6.469665,-14.709975,-5.8567495
1356333156049,5.407278,-9.697687,-0.53119355
1356333156089,2.070293,-2.5333846,1.9885708
1356333156129,2.7240696,-8.471856,-2.4925237
1356333156169,-0.9942854,-10.228881,-2.8330324
1356333156209,0.88532263,-8.117727,-0.6946377
1356333156249,0.95342433,-9.384419,-0.19068487
1356333156289,0.9942854,-8.19945,-1.3075534
1356333156329,2.6423476,-8.049625,-1.0351465
1356333156369,1.6480621,-9.466142,-0.040861044
1356333156409,0.040861044,-10.106298,-0.42223078
1356333156458,-1.920469,-10.460427,-1.334794
1356333156489,2.2201166,-15.472715,-0.040861044
1356333156529,3.336985,-12.026767,0.23154591
1356333156569,3.336985,-8.580819,0.6537767
1356333156609,3.3778462,-11.9450445,0.88532263
1356333156649,1.6889231,-11.182305,0.46309182
1356333156689,3.214402,-8.117727,0.14982383
1356333156729,2.152015,-6.1700177,1.2666923
1356333156769,1.879608,-5.012288,0.6946377
1356333156810,1.2666923,-3.9771416,2.2201166
1356333156849,0.84446156,-4.140586,2.5333846
1356333156889,-0.61291564,-5.012288,3.445948
1356333156929,-1.6889231,-8.812365,5.6660647
1356333156969,-3.2961242,-17.393185,7.8589406
1356333157009,-1.2666923,-8.771504,5.6252036
1356333157049,7.6954966,-13.633968,-3.0237172
1356333157089,4.9850473,-9.615966,-2.4516625
1356333157129,0.53119355,-3.255263,-0.61291564
1356333157169,2.5333846,-9.575105,-2.6832085
1356333157209,-1.6480621,-10.038197,-2.070293
1356333157249,-0.29964766,-8.308413,-0.10896278
1356333157289,-0.3405087,-8.499097,-1.2258313
1356333157329,0.46309182,-8.117727,-0.95342433
1356333157369,0.9942854,-8.049625,-0.9942854
1356333157409,1.0760075,-8.730643,-0.6537767
1356333157458,0.53119355,-10.378705,-0.27240697
1356333157489,-1.525479,-9.847511,-1.3756552
1356333157531,-0.040861044,-13.633968,-0.84446156
1356333157569,0.9942854,-13.484144,0.7218784
1356333157609,2.0294318,-9.847511,-0.7218784
1356333157649,3.2961242,-10.95076,-0.0
1356333157689,2.2609777,-12.598822,0.6537767
1356333157729,3.636633,-9.193735,0.6537767
1356333157769,2.5333846,-6.469665,0.50395286
1356333157809,0.8036005,-6.0201936,0.8036005
1356333157849,1.0760075,-4.2904096,0.84446156
1356333157889,1.0351465,-3.2961242,1.9477097
1356333157929,0.27240697,-4.2904096,3.2961242
1356333157969,-1.2666923,-7.504812,5.284695
1356333158009,-1.9885708,-14.628253,8.662541
1356333158049,0.8036005,-13.402422,5.243834
1356333158089,1.607201,-7.43671,3.336985
1356333158130,7.7363577,-14.818938,-3.3642259
1356333158168,-0.9942854,-5.012288,-0.23154591
1356333158210,0.7627395,-4.862464,-4.3312707
1356333158249,0.53119355,-10.61025,-0.84446156
1356333158289,-0.19068487,-8.62168,-0.5720546
1356333158329,0.10896278,-8.771504,0.040861044
1356333158369,-0.23154591,-8.158588,-1.1441092
1356333158409,0.9942854,-8.267551,-0.6537767
1356333158459,0.84446156,-8.471856,-0.95342433
1356333158489,0.84446156,-10.18802,0.040861044
1356333158529,-0.5720546,-9.847511,-0.50395286
1356333158569,-0.84446156,-11.563675,-1.1441092
1356333158609,1.4573772,-14.601013,0.42223078
1356333158649,2.7921712,-10.7192135,-0.3405087
1356333158689,4.5628166,-9.847511,0.19068487
1356333158729,2.4108016,-13.484144,1.2666923
1356333158769,1.7297841,-10.95076,0.6537767
1356333158810,2.6832085,-6.891896,-0.10896278
1356333158849,2.152015,-5.8567495,1.0351465
1356333158889,1.7978859,-4.5219555,1.4982382
1356333158929,1.1441092,-3.9090397,1.8387469
1356333158969,0.61291564,-3.9771416,2.5333846
1356333159009,-0.42223078,-5.134871,2.9556155
1356333159049,-2.0294318,-11.9450445,6.5922484
1356333159090,-2.2609777,-18.278507,8.689782
1356333159129,-0.19068487,-5.053149,4.903325
1356333159169,6.932757,-12.217452,-2.5333846
1356333159209,0.88532263,-11.563675,-0.38136974
1356333159249,-1.4165162,-3.7864566,-2.3699405
1356333159289,3.6774938,-8.689782,-2.6832085
1356333159329,0.38136974,-9.847511,0.10896278
1356333159369,0.08172209,-8.308413,0.08172209
1356333159409,-0.42223078,-8.471856,-0.38136974
1356333159461,-0.6946377,-8.349273,-0.8036005
1356333159489,0.38136974,-8.158588,-0.27240697
1356333159529,1.0351465,-8.689782,-0.46309182
1356333159569,1.2258313,-10.337844,-0.08172209
1356333159609,-0.7218784,-9.302697,-1.9477097
1356333159649,0.50395286,-11.9450445,-0.14982383
1356333159689,1.6889231,-13.6748295,-0.08172209
1356333159729,1.6889231,-11.645397,-0.29964766
1356333159769,4.3312707,-9.956474,0.3405087
1356333159809,2.7240696,-13.143636,1.4982382
1356333159849,1.607201,-10.800936,1.1168685
1356333159890,2.6832085,-7.3141265,0.14982383
1356333159929,2.3426998,-6.66035,1.4165162
1356333159969,2.3426998,-5.243834,1.334794
1356333160009,1.879608,-4.7535014,1.4982382
1356333160049,0.9942854,-4.140586,2.4108016
1356333160089,0.5720546,-4.9850473,3.1463003
1356333160129,-1.6889231,-7.7772183,4.2495484
1356333160169,-5.012288,-13.525005,7.246025
1356333160210,-2.2609777,-14.328606,4.7535014
1356333160249,0.7218784,-10.147159,4.0588636
1356333160289,8.580819,-10.800936,-3.1463003
1356333160329,1.7297841,-3.255263,-0.0
1356333160369,0.8036005,-9.343558,-3.405087
1356333160409,-1.4982382,-10.079058,-1.607201
1356333160459,-0.29964766,-7.9270425,-0.6537767
1356333160489,-0.0,-8.812365,-0.3405087
1356333160529,0.6537767,-8.539958,-1.1168685
1356333160569,0.92618364,-8.430995,-0.8036005
1356333160609,0.6946377,-8.689782,-1.1441092
1356333160649,0.50395286,-10.147159,-0.38136974
1356333160689,-0.7218784,-9.765789,-1.56634
1356333160729,0.313268,-12.762266,-1.0760075
1356333160769,3.336985,-13.375181,1.334794
1356333160810,3.1054392,-9.765789,-0.42223078
1356333160849,3.8681788,-10.460427,-0.0
1356333160889,2.9147544,-13.756551,1.607201
1356333160929,2.9147544,-9.275456,0.19068487
1356333160969,3.1054392,-6.1700177,0.84446156
1356333161009,1.879608,-6.0474343,1.0351465
1356333161049,1.56634,-4.4810944,1.334794
1356333161089,0.9942854,-3.486809,2.1111538
1356333161129,0.61291564,-4.2495484,3.486809
1356333161169,-0.42223078,-7.273266,4.7126403
1356333161209,-1.7978859,-13.947236,8.008764
1356333161249,-1.1441092,-12.789507,6.1700177
1356333161289,1.4165162,-10.501288,2.9147544
1356333161329,7.1234417,-12.53072,-3.9771416
1356333161369,0.46309182,-3.6774938,-1.3075534
1356333161409,0.95342433,-6.742072,-2.7240696
1356333161459,0.61291564,-10.882658,-1.0351465
1356333161489,-0.5720546,-8.240311,-0.46309182
1356333161529,-0.27240697,-8.430995,-0.3405087
1356333161569,0.10896278,-8.349273,-0.9125633
1356333161609,1.0351465,-7.8861814,-0.61291564
1356333161649,0.84446156,-8.730643,-1.0351465
1356333161689,0.8036005,-10.038197,-0.5720546
1356333161729,-0.50395286,-9.888372,-1.4165162
1356333161769,-0.8036005,-13.0619135,-1.2258313
1356333161809,2.1792557,-14.2877445,0.8036005
1356333161849,1.607201,-11.304889,0.14982383
1356333161889,3.1054392,-10.228881,-0.38136974
1356333161929,2.4516625,-13.252599,2.152015
1356333161969,3.8273177,-10.147159,-0.38136974
1356333162009,3.1054392,-6.428804,0.08172209
1356333162049,1.4982382,-6.0474343,1.0760075
1356333162090,1.3756552,-4.944186,1.4982382
1356333162129,1.2666923,-3.445948,2.070293
1356333162169,0.6537767,-3.5276701,2.7649305
1356333162209,-0.53119355,-5.325556,4.3312707
1356333162249,-0.50395286,-12.108489,7.5456724
1356333162289,0.38136974,-18.305748,7.205164
1356333162329,2.2201166,-12.5579605,3.214402
1356333162369,5.7886477,-9.466142,-3.3642259
1356333162409,0.6946377,-3.255263,-2.6423476
1356333162459,-1.56634,-8.430995,-1.334794
1356333162489,0.5720546,-10.079058,-0.23154591
1356333162534,0.6946377,-7.3958488,-1.879608
1356333162569,-0.0,-9.384419,0.14982383
1356333162609,0.6537767,-8.349273,-0.88532263
1356333162649,1.607201,-8.008764,-0.7627395
1356333162689,0.92618364,-8.430995,-0.88532263
1356333162729,1.0760075,-9.956474,-0.8036005
1356333162769,-0.27240697,-9.656827,-0.95342433
1356333162810,-0.50395286,-11.372991,-0.7627395
1356333162849,1.8387469,-14.818938,-0.0
1356333162889,2.4925237,-10.991621,-0.19068487
1356333162929,3.5276701,-10.147159,-0.50395286
1356333162969,2.7921712,-13.293459,0.7218784
1356333163010,2.7921712,-11.604536,0.7218784
1356333163048,3.173541,-6.742072,-0.46309182
1356333163078,1.7570249,-6.3607025,0.61291564
1356333163120,1.7297841,-5.434519,0.7627395
1356333163159,0.8036005,-3.9771416,1.5390993
1356333163199,0.6946377,-4.440233,1.8387469
1356333163239,0.84446156,-5.5162406,2.9556155
1356333163279,-0.08172209,-7.8861814,4.140586
1356333163319,-1.8387469,-13.6748295,7.082581
1356333163359,-2.3699405,-12.5579605,5.938472
1356333163399,1.4165162,-7.164303,2.6014864
1356333163458,8.689782,-17.24336,-5.09401
1356333163479,-2.2201166,-4.944186,-0.14982383
1356333163519,2.1111538,-3.568531,-3.0645783
1356333163559,0.9942854,-10.038197,-1.0760075
1356333163599,0.84446156,-8.267551,-2.7513103
1356333163639,0.23154591,-9.043911,0.27240697
1356333163679,1.0760075,-8.580819,-0.8036005
1356333163719,1.2258313,-8.539958,-0.88532263
1356333163759,1.1168685,-8.430995,-0.84446156
1356333163799,1.2666923,-9.656827,-0.7627395
1356333163839,-0.46309182,-9.656827,-0.3405087
1356333163879,-0.5720546,-11.413852,-1.525479
1356333163919,2.1792557,-15.472715,-0.08172209
1356333163959,3.6774938,-11.182305,-0.6537767
1356333163999,4.2086873,-11.3321295,-0.08172209
1356333164039,1.9885708,-13.402422,-0.27240697
1356333164079,2.9147544,-10.61025,0.313268
1356333164119,2.982856,-6.238119,-0.53119355
1356333164159,2.0294318,-5.243834,0.84446156
1356333164199,0.95342433,-4.4810944,1.1849703
1356333164239,0.6946377,-3.336985,1.607201
1356333164279,-0.29964766,-3.486809,3.0237172
1356333164319,-0.95342433,-6.0882955,4.0180025
1356333164359,-1.1168685,-11.413852,6.4424243
1356333164399,-0.53119355,-18.34661,7.504812
1356333164453,-0.08172209,-8.471856,5.325556
1356333164479,8.19945,-12.639683,-3.0645783
1356333164519,-0.14982383,-5.243834,-1.334794
1356333164559,-0.7218784,-5.6252036,-1.9477097
1356333164599,1.1849703,-9.152874,-2.3018389
1356333164639,0.313268,-7.7772183,-2.7513103
1356333164679,1.4982382,-9.466142,0.08172209
1356333164719,0.19068487,-9.112013,-0.14982383
1356333164759,0.7627395,-7.9679036,-1.6480621
1356333164799,0.53119355,-8.158588,-1.1441092
1356333164839,1.56634,-9.697687,-1.2666923
1356333164879,0.92618364,-10.337844,0.19068487
1356333164919,-1.0351465,-10.147159,-2.1111538
1356333164959,0.6946377,-15.050485,-0.6946377
1356333164999,1.920469,-13.102775,-0.040861044
1356333165039,2.6423476,-9.847511,-0.23154591
1356333165079,2.6832085,-11.536434,-0.9942854
1356333165119,2.8738933,-11.495573,0.10896278
1356333165159,2.7649305,-8.471856,-0.19068487
1356333165199,1.7978859,-6.932757,0.50395286
1356333165239,1.4982382,-5.325556,0.7218784
1356333165279,0.6946377,-4.4810944,1.1168685
1356333165319,0.8036005,-3.636633,1.7978859
1356333165359,0.42223078,-3.7864566,2.9147544
1356333165399,-0.7218784,-7.273266,4.372132
1356333165449,-2.1792557,-16.017529,8.19945
1356333165479,-1.2666923,-14.056199,5.7477865
1356333165519,4.903325,-10.079058,0.23154591
1356333165559,3.173541,-8.771504,-3.2961242
1356333165599,-0.84446156,-5.407278,-1.7978859
1356333165639,1.8387469,-8.390134,-1.1441092
1356333165680,1.607201,-8.390134,-2.1792557
1356333165719,-0.10896278,-8.880466,-0.61291564
1356333165759,0.040861044,-8.853226,-0.88532263
1356333165799,0.6946377,-8.158588,-1.1441092
1356333165839,1.2666923,-8.812365,-0.6946377
1356333165879,0.313268,-9.534244,-0.7627395
1356333165919,0.040861044,-9.847511,-0.88532263
1356333165959,-0.7627395,-10.460427,-1.3075534
1356333165999,1.6889231,-15.091345,0.10896278
1356333166039,4.0180025,-11.454713,0.6537767
1356333166079,4.0180025,-9.466142,0.040861044
1356333166119,2.1111538,-13.783792,0.50395286
1356333166159,0.7627395,-11.223166,0.5720546
1356333166199,2.4108016,-6.5513873,-0.23154591
1356333166239,3.2961242,-6.0201936,0.38136974
1356333166279,2.9147544,-5.6252036,1.7570249
1356333166319,1.7978859,-4.671779,1.607201
1356333166359,1.4573772,-3.9771416,2.6014864
1356333166399,0.3405087,-4.5900574,2.8330324
1356333166450,-1.7570249,-7.205164,4.5628166
1356333166479,-3.5957718,-15.826844,8.430995
1356333166519,-1.4573772,-12.4489975,5.47538
1356333166559,6.1700177,-12.067628,-0.95342433
1356333166599,3.990762,-7.6273947,-2.7921712
1356333166639,0.61291564,-3.759216,-1.9477097
1356333166679,1.1441092,-10.038197,-2.4108016
1356333166719,-0.46309182,-9.084772,-2.2201166
1356333166759,0.27240697,-8.19945,-0.46309182
1356333166799,-0.29964766,-9.00305,-0.46309182
1356333166839,1.2258313,-8.117727,-0.8036005
1356333166879,0.92618364,-8.240311,-0.7627395
1356333166919,0.61291564,-9.534244,-1.0351465
1356333166959,-0.50395286,-9.575105,-0.9942854
1356333166999,-0.7218784,-11.223166,-1.7297841
1356333167039,1.7978859,-15.595298,0.08172209
1356333167079,3.1463003,-12.176591,0.50395286
1356333167119,3.636633,-9.724928,-0.10896278
1356333167159,2.6423476,-12.5579605,-0.19068487
1356333167199,2.7649305,-11.304889,1.0351465
1356333167239,3.759216,-7.1234417,-0.53119355
1356333167279,2.3018389,-5.366417,0.7218784
1356333167319,1.56634,-5.8567495,1.56634
1356333167359,1.8387469,-3.9771416,0.92618364
1356333167399,1.2258313,-2.7513103,2.8330324
1356333167451,-0.3405087,-4.440233,3.8681788
1356333167479,-2.1383946,-10.61025,6.0882955
1356333167519,-3.173541,-17.270601,7.8861814
1356333167559,2.1792557,-13.375181,5.597963
1356333167599,7.9679036,-8.689782,-2.9556155
1356333167639,2.152015,-3.568531,-4.140586
1356333167679,-2.4108016,-7.7772183,-0.7218784
1356333167719,-0.46309182,-11.372991,-1.3075534
1356333167759,0.19068487,-8.349273,-1.2258313
1356333167799,0.19068487,-7.7363577,-0.61291564
1356333167839,0.8036005,-8.539958,-1.3756552
1356333167879,1.1849703,-8.240311,-1.0760075
1356333167919,1.0760075,-8.158588,-0.61291564
1356333167959,0.8036005,-8.962189,-0.6537767
1356333168000,0.5720546,-10.337844,-0.7627395
1356333168039,0.313268,-9.915613,-0.7627395
1356333168079,0.46309182,-13.783792,-0.5720546
1356333168118,1.7570249,-14.47843,0.19068487
1356333168159,2.3018389,-10.56939,-0.29964766
1356333168199,4.903325,-11.454713,-0.38136974
1356333168239,1.4573772,-12.598822,1.5390993
1356333168279,3.173541,-9.234595,-0.9942854
1356333168319,1.1168685,-5.8976107,0.8036005
1356333168359,0.84446156,-4.099725,0.6946377
1356333168399,1.2258313,-3.1054392,1.0760075
1356333168455,0.61291564,-2.7513103,1.7978859
1356333168479,0.3405087,-4.2904096,2.152015
1356333168519,-0.46309182,-7.6273947,4.440233
1356333168559,-3.8681788,-17.011814,9.193735
1356333168599,-1.0760075,-10.760075,6.66035
1356333168639,6.3198414,-7.6546354,1.1168685
1356333168679,7.8861814,-15.050485,-3.1463003
1356333168719,-2.7513103,-3.8681788,-0.14982383
1356333168759,0.7627395,-6.3198414,-3.9499009
1356333168800,1.2258313,-9.466142,-1.4165162
1356333168839,0.53119355,-8.117727,-1.4982382
1356333168879,1.6480621,-8.689782,0.10896278
1356333168919,0.61291564,-8.240311,-1.1849703
1356333168959,0.9942854,-8.267551,-1.3075534
1356333168999,1.4165162,-9.656827,-1.1441092
1356333169039,1.0760075,-10.269742,0.08172209
1356333169079,-1.879608,-9.888372,-0.84446156
1356333169119,-0.46309182,-13.988097,-0.7627395
1356333169159,3.568531,-13.906375,0.6537767
1356333169199,4.0180025,-10.228881,-0.23154591
1356333169239,3.759216,-12.067628,-1.0760075
1356333169279,2.1111538,-12.639683,1.0351465
1356333169319,4.2086873,-7.6546354,-0.95342433
1356333169359,2.4516625,-5.7886477,-0.14982383
1356333169399,1.0760075,-4.7535014,0.3405087
1356333169452,0.9942854,-3.3642259,1.0351465
1356333169479,0.95342433,-3.1463003,1.6480621
1356333169519,-0.38136974,-4.4810944,3.405087
1356333169559,-1.2258313,-10.079058,6.932757
1356333169599,-1.0351465,-18.46919,8.539958
1356333169639,-0.61291564,-5.8976107,6.973618
1356333169679,10.691973,-16.43976,-4.944186
1356333169719,-0.040861044,-5.407278,-0.040861044
1356333169759,-0.46309182,-1.9885708,-3.0645783
1356333169799,1.6480621,-10.882658,-4.399372
1356333169839,0.5720546,-10.310603,0.040861044
1356333169880,0.95342433,-8.076866,1.6480621
1356333169919,0.7627395,-8.076866,-2.5333846
1356333169959,0.95342433,-8.240311,-0.46309182
1356333169999,1.1168685,-8.240311,-1.3756552
1356333170039,1.3075534,-9.997335,-0.42223078
1356333170079,0.08172209,-9.997335,-1.1849703
1356333170119,-0.61291564,-10.800936,-0.95342433
1356333170159,0.7218784,-13.824653,0.3405087
1356333170199,2.6423476,-11.9450445,-0.23154591
1356333170239,3.9499009,-9.80665,-0.08172209
1356333170279,3.990762,-13.402422,-0.19068487
1356333170319,2.1792557,-12.067628,1.4573772
1356333170359,2.7921712,-7.504812,-0.3405087
1356333170399,2.9147544,-5.6252036,0.42223078
1356333170455,1.879608,-4.903325,0.53119355
1356333170479,1.2258313,-4.0588636,1.7297841
1356333170519,0.8036005,-3.718355,2.2201166
1356333170559,0.3405087,-4.630918,3.173541
1356333170599,-1.334794,-8.308413,5.7886477
1356333170639,-2.070293,-17.543009,8.921328
1356333170679,-0.53119355,-10.337844,4.8216033
1356333170719,5.7886477,-10.882658,0.7218784
1356333170759,6.6331096,-12.14935,-2.9147544
1356333170799,-0.10896278,-2.8738933,-1.0351465
1356333170839,0.9942854,-8.62168,-2.4925237
1356333170879,-1.1168685,-10.269742,-1.1441092
1356333170919,-0.38136974,-8.049625,-0.61291564
1356333170959,-0.23154591,-8.730643,0.08172209
1356333170999,0.84446156,-7.9270425,-1.0760075
1356333171039,1.2666923,-7.9270425,-1.0351465
1356333171079,1.2258313,-9.466142,-0.8036005
1356333171119,0.7218784,-9.997335,-0.23154591
1356333171159,-1.1849703,-9.847511,-1.4573772
1356333171199,0.38136974,-14.396708,-0.29964766
1356333171239,1.4165162,-12.721405,0.7627395
1356333171279,2.7240696,-10.18802,-0.50395286
1356333171319,4.944186,-11.495573,0.14982383
1356333171359,2.9556155,-13.0619135,0.84446156
1356333171399,2.7649305,-9.493382,0.3405087
1356333171453,3.173541,-6.3607025,-0.19068487
1356333171479,1.7297841,-5.9793324,0.9942854
1356333171519,1.4573772,-4.630918,1.2258313
1356333171559,0.95342433,-3.759216,1.879608
1356333171599,0.6537767,-4.8216033,2.7240696
1356333171639,-0.61291564,-6.3198414,3.759216
1356333171679,-2.3018389,-11.836082,6.238119
1356333171719,-2.7513103,-15.894946,6.510526
1356333171759,1.4165162,-10.501288,4.630918
1356333171799,8.158588,-11.536434,-4.140586
1356333171839,1.2666923,-5.5571017,-0.46309182
1356333171879,-0.53119355,-6.3198414,-1.879608
1356333171919,0.38136974,-10.269742,-1.56634
1356333171959,0.23154591,-8.076866,-1.4982382
1356333171999,0.53119355,-8.267551,-0.7627395
1356333172039,0.313268,-8.812365,-0.9125633
1356333172079,1.2258313,-8.308413,-0.6537767
1356333172119,0.95342433,-8.390134,-0.61291564
1356333172159,1.3075534,-9.302697,-0.6537767
1356333172199,0.040861044,-9.915613,-0.7627395
1356333172239,-0.5720546,-10.528529,-1.607201
1356333172279,1.1168685,-14.750836,0.3405087
1356333172319,1.2666923,-12.408136,-0.6537767
1356333172359,4.2086873,-10.18802,0.19068487
1356333172399,4.5219555,-11.876944,-0.0
1356333172439,1.920469,-11.985906,0.42223078
1356333172479,3.2961242,-7.5865335,-0.50395286
1356333172519,1.9477097,-6.0474343,0.23154591
1356333172559,1.9885708,-5.202973,0.8036005
1356333172599,1.2258313,-4.7943625,1.3075534
1356333172639,0.8036005,-4.2086873,2.7921712
1356333172679,-0.0,-5.243834,3.8681788
1356333172719,-2.1792557,-9.80665,5.597963
1356333172759,-2.9147544,-14.328606,6.5922484
1356333172799,0.50395286,-13.0619135,3.405087
1356333172839,6.66035,-10.882658,-1.9477097
1356333172879,2.4925237,-4.9850473,-1.2666923
1356333172919,-1.9885708,-7.273266,0.14982383
1356333172959,-0.14982383,-10.651112,-1.3756552
1356333172999,1.56634,-7.5865335,-0.88532263
1356333173039,0.313268,-8.117727,-0.8036005
1356333173079,0.27240697,-9.534244,-0.040861044
1356333173120,1.1849703,-7.6546354,-1.3756552
1356333173158,1.5390993,-7.8861814,-0.9125633
1356333173199,1.6480621,-9.234595,-0.50395286
1356333173239,0.53119355,-10.228881,-0.88532263
1356333173279,-0.88532263,-11.372991,-1.4573772
1356333173319,1.3075534,-15.241169,-0.19068487
1356333173359,3.0645783,-11.985906,-0.6946377
