1356333955117,0.0,0.0,0.0
1356333955144,0.27232504,-9.536743E-7,-0.23147637
1356333955180,0.31209517,0.04082966,-0.2305739
1356333955211,0.22753835,-1.411438E-4,-0.22824651
1356333955239,0.22171664,0.08129406,0.15781426
1356333955274,0.25259972,0.2304306,-0.5290837
1356333955303,0.23866868,-0.15232372,-0.28705895
1356333955334,0.13884878,0.19932747,-0.23248208
1356333955373,0.23594642,-0.11845398,-0.021197438
1356333955403,0.16911864,-0.014409065,0.082437515
1356333955435,0.18429685,-0.08736801,0.13179886
1356333955462,0.1593628,-0.17326164,-0.14705151
1356333955492,0.09473586,-0.24406719,-0.08819026
1356333955524,0.11308098,-0.13527775,-0.34602314
1356333955563,0.009296417,0.20972824,0.1287185
1356333955594,0.071745634,-0.16464996,-0.32452673
1356333955633,0.0141580105,0.19947052,0.21637034
1356333955664,0.06878829,-0.10417271,-0.38724017
1356333955703,0.058404922,0.21737385,-0.10450196
1356333955734,0.21384883,-0.1990881,-0.13478029
1356333955773,0.08460903,-0.08777428,-0.4211838
1356333955804,0.2008388,-0.087067604,0.696176
1356333955843,0.21971321,-0.27754688,0.7933626
1356333955874,-0.048588276,0.06418991,-0.12141645
1356333955903,0.13096023,0.06734753,-0.30791426
1356333955933,0.18644977,-0.18623447,0.042390466
1356333955963,0.023060322,-0.152215,0.5226042
1356333955993,-0.031802654,0.2098093,0.4400481
1356333956023,0.036190033,0.21817017,-0.122396946
1356333956053,-0.058189392,0.035204887,-0.40118676
1356333956083,-0.21880293,1.2111664E-4,0.06844944
1356333956114,-0.10434246,0.15293694,0.0086378455
1356333956143,0.10883212,0.11199093,0.15674144
1356333956173,0.039504766,0.10890293,-0.16755122
1356333956203,-0.08138394,0.1030817,-0.28330463
1356333956233,-0.036848545,0.1357603,-0.36760402
1356333956263,-0.10017085,-0.06488514,-0.17498708
1356333956293,-0.5986142,-0.34823132,-0.059177995
1356333956323,-0.21064615,0.1043005,-0.11582899
1356333956354,0.13855672,0.054701805,-0.059794307
1356333956383,-0.23147964,0.0077695847,-0.04241216
1356333956413,-0.40835476,0.08608532,-0.10601598
1356333956443,-0.07925391,0.0030345917,-0.17019755
1356333956472,-0.10251069,-0.10591984,-0.072291195
1356333956503,-0.20617127,-0.06428242,-0.1394642
1356333956533,-0.10482311,0.0051488876,-0.15368748
1356333956562,-0.08520174,-0.020258904,-0.07379168
1356333956592,-0.06617713,0.009237289,-0.06281936
1356333956623,-0.0075178146,0.052571297,-0.093260884
1356333956653,-0.032352686,0.014108658,-0.110483885
1356333956683,-0.059416056,0.13864422,-0.03270209
1356333956713,0.07449603,0.017157555,0.208166
1356333956743,0.61431885,-0.20079994,0.36644268
1356333956773,0.8917165,-0.4741211,0.49538636
1356333956803,0.6593971,-0.78784084,0.41604513
1356333956832,0.5273998,-0.9350052,-0.20034859
1356333956863,0.861104,-1.4157171,-1.0954237
1356333956894,0.67921495,-1.394947,-0.83623254
1356333956925,-0.39967275,-0.3233099,-2.3725066
1356333956964,0.14928508,-1.5189676,-3.6707616
1356333956996,0.53490186,-1.8965473,-1.9845463
1356333957034,1.0588539,-0.029079437,-1.2719451
1356333957063,2.230056,1.3524351,-2.1718667
1356333957093,2.7086616,2.4613671,-2.3817606
1356333957124,3.1801543,2.6860166,-2.2210248
1356333957153,3.5238676,2.3774939,-1.9563192
1356333957183,2.9513419,2.7864118,-2.1806977
1356333957213,2.5035338,2.948923,-2.8886023
1356333957243,2.925581,2.3963318,-2.9810157
1356333957273,2.6965284,0.91446495,-2.7740145
1356333957303,0.8692093,-0.6296854,-2.0347605
1356333957333,0.1252507,-1.1546841,-1.1309118
1356333957364,0.6433467,-1.357935,-0.8406582
1356333957393,-2.1883705,-6.237055,1.1174457
1356333957423,-6.3070292,-4.1315556,2.9894583
1356333957453,-2.4956553,4.4114017,3.4108458
1356333957484,-0.4837494,2.4974313,5.616809
1356333957513,-0.042744577,-2.3582058,5.146175
1356333957550,-1.0956154,-2.042076,3.5173087
1356333957583,-1.5255699,0.29329062,3.1025233
1356333957613,0.052126884,-0.59235954,3.783006
1356333957643,0.60943353,-0.605484,3.904892
1356333957673,0.40211213,0.16754818,3.2815168
1356333957703,0.07038653,0.37578678,2.6667447
1356333957733,-0.38086522,0.57603836,1.7658738
1356333957764,-0.46317244,0.50825787,1.2934129
1356333957793,-0.25397635,0.45784473,1.1169697
1356333957823,-0.42588663,-0.17357445,0.7066324
1356333957853,-0.46509957,-0.9875765,-0.14469296
1356333957884,0.86322236,-1.5960188,-0.44961178
1356333957913,1.4266986,-1.6477976,-0.31373966
1356333957943,0.42265654,-3.1598024,-0.649357
1356333957973,-0.5440495,-5.450987,0.33743823
1356333958005,-0.98473346,-3.2201471,-0.9689313
1356333958034,-1.3867493,0.17964363,-0.8474658
1356333958074,-2.6264558,0.8957844,-2.9476805
1356333958103,-2.2414215,-1.6396246,-1.760491
1356333958133,-1.8942031,0.12941647,-1.4104666
1356333958164,-1.5230823,1.1049862,-1.2568878
1356333958193,-0.65014124,2.5123796,-2.0777214
1356333958223,-0.12557697,4.147247,-2.078413
1356333958253,0.120275974,3.9929504,-1.8071411
1356333958284,0.9841571,4.5282707,-1.402921
1356333958313,1.8225126,5.9065537,-1.7542145
1356333958343,2.074217,6.118705,-2.4143584
1356333958373,2.623514,4.9860177,-3.0311651
1356333958403,3.6087852,2.8267436,-3.6853666
1356333958433,2.6521177,-1.3799906,-5.2841864
1356333958463,2.256986,-6.663101,-5.911565
1356333958494,3.1739845,-3.8231049,-3.8238492
1356333958523,2.418699,3.09823,-1.860786
1356333958584,-4.805416,-5.66143,3.1803145
1356333958594,0.052764297,-2.58645,2.955746
1356333958651,0.16557002,0.81392527,5.771449
1356333958686,-0.45973384,-3.2776961,4.5881586
1356333958722,-1.6155148,0.6599965,3.0377395
1356333958753,0.022385716,0.80081415,3.642578
1356333958789,0.84141487,0.2022047,3.1629906
1356333958830,1.0009072,0.43918324,2.6945949
1356333958874,0.3010664,0.5153208,1.9832373
1356333958904,-0.33659232,-0.15239716,1.6347709
1356333958944,-0.40629995,-1.1859055,0.5331454
1356333959021,1.2967649,-1.1992931,0.32568407
1356333959057,-0.22419202,-4.7324905,-0.5781373
1356333959078,-1.7265432,-4.074073,-0.8436217
1356333959112,-2.6511657,-0.10886383,-2.6140409
1356333959153,-4.4969287,-1.8283634,-1.1479688
1356333959194,-1.6051202,-2.4962053,-3.0623837
1356333959234,-1.9201013,1.1305647,-1.3700844
1356333959274,-0.22626066,4.8240023,-1.6574631
1356333959314,0.951172,6.273482,-1.9307816
1356333959344,2.2178216,7.321167,-1.873579
1356333959384,2.7331734,7.8186874,-1.7985282
1356333959424,2.8515646,6.1404247,-2.7277715
1356333959465,4.5761666,0.22476387,-4.937618
1356333959504,4.1512713,-7.9491386,-7.26764
1356333959544,3.1706138,-1.2428465,-3.7886927
1356333959595,-3.575377,-5.3490553,1.5980811
1356333959634,-0.6540376,1.0588951,3.417486
1356333959675,-2.1091394,1.1820569,4.6956835
1356333959719,0.47417843,-2.9410186,4.266131
1356333959764,-0.5169062,0.84317875,3.0045006
1356333959795,0.36265057,0.2167511,3.6128924
1356333959834,0.5978956,0.646132,3.2373533
1356333959894,0.114409626,0.9149995,3.6152499
1356333959950,-0.7131299,0.41282463,2.1182892
1356333959960,-0.4044106,-1.4248648,1.1824636
1356333960085,0.72634596,-1.2473841,0.5816884
1356333960421,0.41674632,-2.8490849,0.47406018
1356333960436,-0.5317024,-6.0236654,-0.16064149
1356333960437,-0.93300676,-3.270175,0.52288675
1356333960469,-2.5791483,-0.43648338,-1.8017535
1356333960481,-4.50064,-2.2920809,-1.163936
1356333960487,-2.1262543,-2.215765,-2.5001135
1356333960495,-1.7596192,0.47858334,-1.3169271
1356333960502,-0.28680623,5.0298285,-1.2654666
1356333960517,0.9797369,6.8030624,-1.8322067
1356333960716,1.5196582,7.74209,-1.5503093
1356333960721,1.9045734,6.6984177,-2.4254096
1356333960723,2.8371913,3.6272812,-4.130644
1356333960725,5.1339927,-5.3771553,-7.353044
1356333960727,4.20648,-4.5877056,-5.569389
1356333960728,2.4019208,1.9866242,-1.7220484
1356333960729,-4.9595604,-8.774869,4.81171
1356333960730,0.106939435,2.537735,2.1436536
1356333960731,-2.7907,-0.8179717,5.858861
1356333960751,0.94143176,-2.0805569,4.2805643
1356333960796,-0.28089118,0.23642874,3.1435597
1356333960834,0.012103915,0.661119,3.9780061
1356333960875,-0.06412959,0.82183695,4.0643964
1356333960934,-0.3333373,0.045443535,2.125677
1356333960958,-0.6739179,-1.077117,2.1677876
1356333960993,-0.6352601,-1.9935179,-0.5136729
1356333961023,1.7975359,-2.2790833,0.7347271
1356333961064,1.1968026,-4.1628485,-1.0459003
1356333961094,0.22745013,-5.9038506,0.016585827
1356333961124,-0.7437198,-2.626461,0.364123
1356333961166,-5.3118076,-2.5061626,-1.33608
1356333961217,-3.1162481,-5.00531,-2.2735267
1356333961245,-0.45341122,-0.66522217,-0.6757683
1356333961284,-1.0791856,3.8798637,-0.2661137
1356333961324,-0.8445754,6.3020835,-1.2669082
1356333961364,1.046859,7.7021513,-1.232468
1356333961424,1.2551382,9.035608,-1.4550163
1356333961448,1.7332227,7.7025537,-2.8653605
1356333961470,3.6318116,3.111425,-6.4377127
1356333961506,5.0040884,-5.6009264,-7.510256
1356333961542,3.4299014,-7.80369,-5.8557005
1356333961579,3.2188082,1.4970574,-3.9856095
1356333961620,-4.268981,-6.4733706,2.8476887
1356333961654,-0.46918917,4.6187124,2.645066
1356333961695,-2.7230744,-4.7046294,4.7789373
1356333961737,0.42815226,-1.968348,3.6309962
1356333961787,0.47974557,0.35087395,3.1007078
1356333961826,0.7177848,0.7393651,3.5102334
1356333961868,0.10558164,1.5273376,3.1419384
1356333961906,-0.2047075,-0.15528965,1.3821377
1356333961944,-0.28203356,-0.8350792,1.8145723
1356333961985,1.1246879,-1.7294025,0.0033713728
1356333962024,2.483545,-2.472723,0.5053669
1356333962064,0.016160727,-6.0442686,-0.502471
1356333962105,-2.4149554,-1.9451342,-0.015479147
1356333962143,-4.945804,-3.3381195,-0.51970965
1356333962184,-2.9033546,-6.0749674,-2.1185746
1356333962222,-2.0752783,-2.3269644,-1.6863072
1356333962253,-1.8307173,3.2494712,-0.017103314
1356333962294,-1.1475284,6.4416575,-0.9967441
1356333962334,1.1818694,8.122789,-1.4941852
1356333962363,2.0843053,10.302879,-1.3038943
1356333962404,1.6234597,10.280035,-1.6098995
1356333962434,2.1728425,7.540554,-3.385199
1356333962475,4.37439,-0.08022022,-7.384484
1356333962514,3.959397,-9.196804,-7.704349
1356333962555,2.093758,0.4581318,-4.1085415
1356333962605,-3.4498658,-4.920681,3.5768905
1356333962645,-0.015308857,3.026547,4.4122286
1356333962684,-1.0573165,-5.0458784,4.7140417
1356333962728,0.53467876,-1.5662489,4.0930915
1356333962764,-0.7403457,0.65438414,2.8577619
1356333962805,0.88194805,0.6246133,3.500928
1356333962845,0.42342407,0.9403391,3.391129
1356333962884,-0.072748184,0.66441727,2.135973
1356333962924,-0.10915589,-0.62510395,1.6788149
1356333962964,0.20008337,-1.4968634,0.19803138
1356333963004,1.8023072,-1.6550713,0.7909215
1356333963045,1.0988939,-4.883832,0.54105306
1356333963084,-0.7827904,-4.3489246,0.68957186
1356333963124,-3.4124913,-0.5664587,-1.2630398
1356333963164,-5.398551,-4.2647934,0.23796856
1356333963194,-2.3640726,-2.7693233,-2.4201188
1356333963235,-2.102875,0.34997654,-0.14973438
1356333963274,-1.3912446,4.855425,-1.206272
1356333963315,-0.15402031,6.4151893,-1.4483558
1356333963355,1.6265205,8.642893,-1.3194876
1356333963394,1.3862594,9.397173,-1.679042
1356333963435,1.5822203,6.8780103,-3.3796308
1356333963474,5.0497966,-2.440567,-7.987104
1356333963516,4.1195927,-7.20932,-6.695912
1356333963554,1.2917118,-3.1080437,-4.098371
1356333963618,-2.6417446,-4.188882,1.2335687
1356333963634,-1.7766112,4.7680626,2.330699
1356333963675,-1.6613874,-5.4776163,5.2820354
1356333963734,1.4991894,-2.1730561,4.1994567
1356333963755,-0.3638538,-0.06203842,3.0307
1356333963795,0.75962794,-0.015161514,3.4875686
1356333963835,1.0418538,1.4051704,3.5176587
1356333963883,0.124381304,1.5345254,3.3453722
1356333963914,0.1060946,0.32902813,1.7073362
1356333963953,0.13645685,-0.7692089,1.7434928
1356333963994,0.7436904,-1.9858608,0.028929822
1356333964035,2.138169,-3.3506508,0.2811067
1356333964074,0.2639231,-6.1333323,0.3249675
1356333964106,-2.4126532,-2.1446981,-1.2553682
1356333964144,-4.1059546,-1.6921215,-0.4901901
1356333964184,-2.6018794,-5.501048,-1.0502161
1356333964225,-1.6502166,-2.1836758,-1.583777
1356333964255,-2.336239,1.6578016,-0.13653731
1356333964294,-1.4518282,6.230704,-0.86113137
1356333964334,-0.004300475,7.285801,-0.5271418
1356333964373,0.9861588,9.027805,-0.6125343
1356333964403,0.28156245,9.483377,-1.4796993
1356333964433,0.85184264,7.340929,-3.3989182
1356333964473,2.3379583,2.3054304,-6.5810757
1356333964514,4.0523357,-8.708339,-8.752164
1356333964554,4.1398654,0.57344246,-4.3927464
1356333964609,-3.8119497,-6.95653,2.1152573
1356333964646,0.2873547,0.822772,1.4796782
1356333964684,-1.8670737,-1.63801,5.426896
1356333964729,0.6686489,-2.69812,4.579672
1356333964768,0.016794086,0.17139912,2.8079545
1356333964818,0.9205607,0.8987255,3.7702837
1356333964844,0.49986923,1.7112231,3.5303736
1356333964885,0.5296024,1.2249002,3.2355118
1356333964923,0.39504033,0.02100563,1.5490364
1356333964953,0.028599381,-1.5640221,1.7302985
1356333964994,0.7092004,-1.7932329,0.16087812
1356333965035,2.4682844,-1.8948202,0.33152142
1356333965074,0.03320837,-5.8143225,0.16955239
1356333965114,-2.2750688,-2.6971865,0.26781666
1356333965155,-5.556986,-2.919898,-0.8976114
1356333965194,-3.391128,-5.170107,-1.9734972
1356333965238,-1.413085,-0.47380543,-0.77830124
1356333965284,-1.85758,4.7114873,-0.9206853
1356333965325,-0.72062135,7.062684,-1.5562751
1356333965364,1.9503312,8.890049,-1.333607
1356333965404,1.7956303,9.853206,-0.9984338
1356333965433,1.6825187,7.707626,-2.4846516
1356333965464,2.056517,3.8019652,-5.092986
1356333965504,5.09023,-5.877342,-9.49135
1356333965544,2.9351785,-4.329548,-5.1265025
1356333965592,0.64198446,2.3801298,-4.144891
1356333965638,-1.7579048,-7.4588566,6.5001516
1356333965662,-1.2913164,3.4539921,2.435525
1356333965703,-2.5792532,-3.0216818,4.756358
1356333965768,1.3190582,-1.6691394,4.132819
1356333965782,0.7343301,0.022518635,2.8994048
1356333965826,0.81004226,1.0790758,3.8047667
1356333965867,0.3622473,1.8584557,4.3328705
1356333965904,0.16890192,0.46644783,2.6256073
1356333965933,0.5588589,-0.7513943,1.9772613
1356333965975,-0.2281462,-1.5727091,1.5970385
1356333966014,1.2136801,-1.5221415,0.068622105
1356333966055,0.98049164,-2.8670616,0.6086453
1356333966095,-0.7720151,-6.309124,0.720601
1356333966134,-1.4599688,-2.4925747,-0.5093825
1356333966175,-5.4335766,-4.1850843,-0.0657258
1356333966214,-2.4673893,-4.815319,-1.5621525
1356333966255,-1.8917582,0.13349724,-0.508413
1356333966295,-2.4029036,4.8706226,-0.8824115
1356333966334,-0.33823812,6.9636273,-1.6018467
1356333966375,1.4501339,8.619797,-1.1729008
1356333966414,0.741115,9.556044,-0.9718224
1356333966444,1.1307961,8.017114,-3.0203223
1356333966484,2.6858904,4.0015783,-6.200064
1356333966524,5.940916,-7.2485685,-8.978183
1356333966564,4.1478567,-2.2334547,-4.500011
1356333966608,-2.8587909,0.9542389,-0.30170098
1356333966654,-1.7001618,-8.47969,4.8756776
1356333966687,-0.66880155,3.0575252,3.0923867
1356333966737,-1.7535641,-3.354622,4.7522273
1356333966780,0.53606695,-0.61179304,3.1117954
1356333966834,0.7731166,0.81802654,3.713041
1356333966855,0.14884394,1.7295833,3.8216438
1356333966894,0.23953217,0.94027424,2.7283382
1356333966933,0.11329937,-0.58675385,1.059316
1356333966963,-0.18215668,-1.6581049,1.5918391
1356333966993,0.5308503,-2.0054626,-0.5588206
1356333967024,2.6737695,-1.722866,0.48628125
1356333967064,1.3110102,-3.6440372,-1.0713655
1356333967094,0.08501315,-5.1363325,-0.19607192
1356333967136,-0.43614864,-3.0120173,0.27961683
1356333967174,-4.8858857,-1.7925014,-1.6285914
1356333967214,-2.9151688,-6.3302116,-1.1939424
1356333967254,-0.9408847,-1.1863728,-1.0804881
1356333967284,-2.1303668,3.572125,-0.33539355
1356333967314,-1.8320155,5.658309,-1.2647636
1356333967353,0.26332307,7.309573,-1.3598967
1356333967394,1.5661495,9.35063,-0.89567167
1356333967423,0.8011142,9.234203,-1.1502168
1356333967454,1.21604,7.7253976,-2.7344754
1356333967494,2.7425847,3.1637921,-5.8821454
1356333967523,5.4660997,-7.6368675,-8.5189295
1356333967553,3.8613698,-4.7931414,-5.008926
1356333967593,2.5701394,1.7472715,-5.115121
1356333967638,-2.9276452,-7.711823,3.728043
1356333967674,0.3233689,3.3816593,3.2927098
1356333967714,-2.1637497,-2.876762,4.328807
1356333967755,0.3050112,-2.01824,3.834295
1356333967794,-0.50997543,0.6375756,3.1144652
1356333967834,0.38092998,0.653986,3.7764845
1356333967875,0.1805461,0.8825593,3.769542
1356333967914,-0.27508986,0.1204977,2.207539
1356333967955,-0.34543562,-1.2015324,2.306533
1356333967994,-0.09909189,-2.1410751,-0.24550128
1356333968034,2.6457224,-2.0948353,1.4057128
1356333968064,0.61395687,-5.814213,1.0935881
1356333968106,-1.1621889,-5.454056,-0.4288261
1356333968144,-1.8790234,-1.3038588,-0.5181224
1356333968185,-4.4588156,-3.4079857,-0.17276406
1356333968236,-2.1223354,-4.5539894,-2.4060826
1356333968263,-3.2652423,2.2134757,1.1206119
1356333968325,-1.5931063,6.1831303,-1.2042987
1356333968344,0.16414452,6.9354315,-1.8368815
1356333968380,1.4404435,7.934869,-1.4122156
1356333968420,0.916273,10.065239,-2.0212564
1356333968450,1.91118,7.698188,-4.2623487
1356333968490,4.1041355,2.5376678,-7.117566
1356333968538,5.732425,-8.213554,-9.088885
1356333968584,1.8841081,-0.85506535,-5.5396924
1356333968634,-1.4067347,-4.983706,3.848663
1356333968675,-0.8890394,2.5731926,4.12908
1356333968715,-2.2144477,-4.3390093,5.0000916
1356333968783,-0.28948593,-0.38940287,2.8130164
1356333968799,0.61785865,0.33718014,4.107475
1356333968846,0.75009984,1.7521887,4.759439
1356333968892,0.27992013,0.8851142,3.5047917
1356333968936,-0.42196548,-0.3254099,1.3634269
1356333968974,-0.7972058,-1.1132879,2.5235515
1356333969006,-0.14849043,-1.4867668,-0.9233974
1356333969044,2.6377811,-1.2128553,1.2175801
1356333969085,0.6538813,-6.0370283,0.70120466
1356333969124,-0.7513833,-5.033311,0.39754778
1356333969154,-2.9899774,-0.86907387,-1.512824
1356333969184,-3.847095,-3.6161795,-0.28848243
1356333969237,-1.5809679,-5.061926,-1.5369622
1356333969274,-2.4988117,1.200222,-0.26774263
1356333969314,-1.9436749,6.027137,-0.87365735
1356333969354,-0.068817854,7.079741,-1.8999033
1356333969393,1.2800895,8.962506,-1.3025541
1356333969424,1.0191035,9.369846,-1.3356354
1356333969454,1.4841053,8.097406,-3.2629905
1356333969494,2.5441515,3.5260496,-5.826382
1356333969534,5.6485105,-7.728632,-8.952077
1356333969574,3.8755603,-1.812048,-4.54786
1356333969624,-1.1961234,-4.832733,-0.57609934
1356333969665,0.026352286,1.4321313,1.8268938
1356333969705,-1.4312572,-1.5566506,5.316045
1356333969747,-0.751662,-3.0686355,4.1257944
1356333969785,-0.7027001,0.9871154,2.9193108
1356333969827,0.028887272,0.725842,3.8624847
1356333969898,0.19652998,1.3550682,3.8868937
1356333969902,-0.104843795,1.2037449,3.4537356
1356333969943,-0.47557074,-0.068431854,1.7548144
1356333969984,-0.44036424,-1.6649342,1.0647767
1356333970025,0.8780456,-1.6268196,0.7526775
1356333970065,0.98841745,-5.047221,2.0796
1356333970104,-2.540337,-5.01252,0.75692093
1356333970146,-3.4117372,-0.4693632,-1.1143032
1356333970184,-4.113924,-3.5175638,-0.8338885
1356333970234,-1.402211,-3.660057,-1.6068257
1356333970264,-1.9469988,0.48343754,-0.6744493
1356333970304,-0.91277325,5.5886903,-1.4796315
1356333970344,0.45393813,6.212904,-1.5411077
1356333970384,1.7208618,8.462774,-1.1251202
1356333970424,1.369549,9.275162,-1.1439527
1356333970468,2.0361998,7.3596454,-3.479682
1356333970505,5.93727,-2.0505362,-8.207526
1356333970544,5.1920776,-8.410791,-8.381937
1356333970584,1.6832726,-0.26351738,-4.1025743
1356333970626,-3.0516565,-7.906358,3.5512004
1356333970664,-0.3281896,2.8528752,2.0883954
1356333970706,-2.2048478,-3.002194,5.3504767
1356333970747,0.6457895,-2.251225,3.892465
1356333970785,0.23776367,0.8987298,3.1993275
1356333970824,0.6721679,0.44527864,3.7797363
1356333970865,0.05596903,1.400114,3.9703844
1356333970912,-0.79922634,1.1318526,2.7473824
1356333970954,0.37619132,-0.4545107,1.4353294
1356333970995,1.2142111,-1.7269573,0.9161368
1356333971035,0.64335495,-1.7351208,-0.1430502
1356333971076,-0.11904693,-5.219988,0.94332784
1356333971114,-1.8799922,-4.263479,0.8844574
1356333971154,-3.955658,-0.79217434,-1.0184518
1356333971194,-4.357955,-4.083864,-0.5230443
1356333971233,-1.6932915,-2.950636,-2.697157
1356333971264,-1.8329455,0.5608263,-0.46748203
1356333971304,-0.94696915,4.805838,-1.0523347
1356333971344,0.19774532,6.6904383,-1.1945132
1356333971385,1.0859523,8.614911,-1.0888861
1356333971423,0.60526,8.478764,-1.4300482
1356333971453,0.9283999,7.088855,-3.7552314
1356333971483,2.6064563,3.36791,-6.5604773
1356333971523,5.996026,-5.298064,-8.896623
1356333971565,4.9458313,-3.872099,-5.2676263
1356333971614,-2.310996,-4.52227,-1.2317697
1356333971645,0.9384205,-1.5712285,3.2530954
1356333971692,-2.8334913,0.39174366,3.2806153
1356333971736,-1.2886562,-2.4535818,4.0450516
1356333971765,-0.078686774,-0.6439514,3.85951
1356333971815,0.41751802,0.5319214,4.3477335
1356333971865,0.6338804,2.1591144,4.44213
1356333971904,0.05873257,0.84298706,2.8152876
1356333971946,0.39294717,-0.01361084,1.5519989
1356333971984,-0.12264615,-1.2367544,0.9010905
1356333972016,1.3667305,-1.711338,1.1036105
1356333972054,0.60273224,-3.6649914,0.34032598
1356333972094,-0.80827767,-5.611476,1.025523
1356333972124,-2.3935645,-2.597002,-0.057441592
1356333972166,-4.66626,-2.7238789,-0.5793348
1356333972204,-2.2703905,-5.7504253,-1.8433901
1356333972242,-0.72949183,-2.4631958,-1.2043921
1356333972275,-1.6690736,2.2339873,-0.7671702
1356333972314,-1.1702881,6.229532,-1.082637
1356333972354,0.1416452,8.594794,-1.2572447
1356333972394,0.80462056,9.797114,-0.83388615
1356333972423,0.42902708,8.493791,-1.9146752
1356333972454,0.91224515,6.4341087,-4.6485147
1356333972483,3.188665,0.7827492,-8.687414
1356333972514,6.653923,-6.83366,-9.366699
1356333972549,4.847848,-3.6944208,-4.9315276
1356333972586,-1.2769263,-5.0020523,-2.7990716
1356333972624,-1.6068398,-2.5576196,2.429332
1356333972664,-0.93611085,-0.2014656,4.3520803
1356333972697,-1.1989722,-2.434359,3.7287269
1356333972742,0.22647876,-0.18187141,3.544715
1356333972786,0.40539083,-0.3604107,2.9034705
1356333972816,0.6426419,0.41827345,3.1578846
1356333972847,0.76429063,1.8065753,3.5571961
1356333972884,0.43132624,1.9293613,3.5792892
1356333972924,0.29429364,0.47115517,2.3534558
1356333972964,-0.40679848,-0.972456,1.0013493
1356333972994,0.7248148,-1.6022491,-0.11122015
1356333973024,0.95167786,-2.4727173,0.48592117
1356333973066,0.028232038,-5.2941647,1.5191207
1356333973104,-1.2115331,-4.748187,0.22794831
1356333973144,-2.7285614,-1.5252514,-0.89344186
1356333973184,-3.527164,-4.4336395,0.2699728
1356333973214,-1.3882407,-2.6722403,-2.139158
1356333973254,-1.5330725,0.2224617,-0.9286758
1356333973294,-1.3650596,5.511506,-0.5485126
1356333973334,-0.55125356,7.702012,-0.92638594
1356333973373,0.6141833,9.098698,-1.233107
1356333973413,0.24545908,8.416255,-1.3296654
1356333973443,0.33487034,6.669042,-4.3730307
1356333973473,2.2375033,2.642671,-7.9586143
1356333973547,5.282447,-4.8180456,-9.41394
1356333973552,4.655058,-5.9031687,-6.3403516
1356333973591,1.3501096,-4.166086,-4.097043
1356333973614,-1.3689405,-2.3104358,2.9921267
1356333973657,-1.2543676,-0.08215952,3.4344003
1356333973697,-1.6564735,-1.9232941,3.769493
1356333973745,0.30009645,-0.50946903,3.1871407
1356333973822,0.8878185,0.12737226,3.168364
1356333973827,1.090066,1.1686859,3.578988
1356333973883,0.4619332,1.8048778,3.624261
1356333973924,0.5803015,-0.81118774,1.4728041
1356333973964,0.48685345,-1.6575699,0.4598708
1356333974004,1.111168,-1.5155697,1.3626251
1356333974034,0.63975877,-3.506855,0.7121735
1356333974074,-0.71438444,-5.177354,0.30644476
1356333974114,-1.8128527,-3.1787539,0.42194688
1356333974154,-4.8984847,-2.4347916,-0.82974607
1356333974195,-3.159689,-3.5868912,-1.9224734
1356333974243,-2.137405,-1.1362352,-0.9981203
1356333974274,-1.4514201,4.0562663,-0.73446584
1356333974315,-0.54669476,7.1714892,-1.4478402
1356333974353,0.5514048,8.547322,-1.8536993
1356333974393,0.88745505,8.716453,-1.5485419
1356333974434,1.0893812,7.231037,-3.3975139
1356333974463,2.793571,3.5260515,-6.5145717
1356333974495,5.2804747,-4.003436,-9.574639
1356333974536,4.4154673,-6.918524,-6.3567247
1356333974574,-1.6848273,-6.715125,-1.4198444
1356333974616,-1.1001649,-2.0123687,3.916834
1356333974654,-1.4034802,0.64852667,4.658719
1356333974694,-1.5298265,-0.3501234,3.0614684
1356333974749,0.8201862,-0.5723233,2.8579876
1356333974775,1.8140044,-0.44242382,4.0582395
1356333974814,1.7610595,0.9008856,3.8862484
1356333974876,0.31014502,1.524447,3.274674
1356333974895,0.30017114,0.52430534,2.1309588
1356333974934,0.36876965,-1.5558939,1.4485704
1356333974975,0.5594119,-1.5455713,0.17821944
1356333975014,0.65549964,-2.3332014,1.7112486
1356333975055,-1.010381,-6.680642,1.5536877
1356333975094,-2.281644,-3.7900934,0.16402614
1356333975134,-4.7113857,-2.272338,-0.31726316
1356333975174,-3.289441,-3.4396505,-0.7769265
1356333975204,-1.6617962,-0.84485054,-0.9421225
1356333975251,-1.1512777,2.7523208,-0.675339
1356333975284,-0.44838488,6.800514,-1.1229218
1356333975324,0.33230126,8.653544,-1.7836585
1356333975365,0.963859,9.369518,-1.6462234
1356333975406,1.0336449,7.732707,-3.7026486
1356333975444,2.075539,3.7058182,-7.4674563
1356333975484,4.58506,-6.605894,-8.762542
1356333975532,2.958249,-5.305316,-6.1821995
1356333975564,-2.7249265,-4.445201,3.5412784
1356333975604,-0.7797315,-0.21836519,3.5352385
1356333975644,-1.5446042,-1.0572977,3.8889036
1356333975684,0.07552159,-0.8639617,3.3772876
1356333975724,0.79158634,-0.4546299,3.3875241
1356333975766,1.0239687,0.5026636,4.306533
1356333975804,0.6802107,1.1303868,3.7551436
1356333975845,0.09834117,1.3284974,3.5596108
1356333975884,0.017855942,-0.59754276,2.1087904
1356333975924,0.3677674,-1.7655573,0.4307598
1356333975964,0.92635953,-1.9874392,1.2979114
1356333975996,0.94040716,-3.9851723,1.3280854
1356333976166,-0.7567603,-5.740881,1.0846815
1356333976167,-2.6962552,-2.2836037,-0.86833584
1356333976168,-4.353164,-2.9120932,-0.16526514
1356333976169,-2.6410947,-3.4344263,-1.6403558
1356333976237,-1.4738758,-1.116869,-1.3173023
1356333976238,-1.580563,2.9605217,-0.24613553
1356333976320,-0.8279396,6.2503676,-0.58683807
1356333976321,0.3163203,8.51758,-1.9281924
1356333976330,0.91646045,9.140024,-1.919946
1356333976386,0.6971328,8.346952,-2.86302
1356333976567,1.1510016,5.6345515,-5.576377
1356333976568,4.9839277,-1.6492558,-9.907084
1356333976575,5.5247874,-7.665187,-8.724977
1356333976576,-0.6111846,-7.0747232,-2.982757
1356333976577,-1.6740277,-0.06785536,4.295848
1356333976602,-2.4215002,-0.01595831,5.1144495
1356333976636,-1.4223957,-1.8372736,2.895506
1356333976669,0.046967924,-0.081495285,3.0599163
1356333976711,1.3578674,0.024032593,3.923407
1356333976742,1.8252383,0.6965022,4.6833344
1356333976781,1.2185974,1.3780284,4.322955
1356333976813,0.7312702,1.3038478,2.8107717
1356333976860,0.66507137,-0.0147771835,1.4164243
1356333976895,-0.021360993,-1.583559,1.1239072
1356333976934,1.286095,-2.0605192,-0.0832327
1356333976975,0.89302224,-4.094702,1.6648407
1356333977017,-1.7353766,-4.877288,0.80561024
1356333977060,-3.4229946,-2.2581615,-1.0782567
1356333977096,-3.2662506,-4.408309,0.25429535
1356333977135,-1.731735,-2.4080124,-2.469574
1356333977175,-1.4429861,1.7693491,-0.3798743
1356333977218,-1.3938231,5.923969,-0.27904755
1356333977261,-0.3190689,8.50396,-1.0719556
1356333977296,0.4625646,8.90986,-1.3314455
1356333977335,0.5012187,7.977681,-1.8539422
1356333977375,0.95040345,5.4013767,-5.4121633
1356333977420,4.677139,-1.9464045,-10.474641
1356333977462,4.308238,-6.0937634,-5.5448084
1356333977495,0.4304906,-3.2612877,-4.691519
1356333977547,-1.3759829,-3.4103212,4.021512
1356333977584,-1.2685984,1.0015507,4.730944
1356333977615,-1.7069709,-2.5528607,4.3216786
1356333977654,0.93101454,-1.1174998,3.4871721
1356333977695,1.0312083,-0.88106203,3.3893614
1356333977734,0.9688132,0.7171006,3.8754027
1356333977775,0.79141206,1.6315813,4.135913
1356333977826,0.35787195,0.9397807,3.130334
1356333977865,1.2492942,-1.757246,1.3543509
1356333977905,1.2155111,-1.7397156,0.46282756
1356333977945,0.63655204,-2.9606867,1.7433197
1356333977977,-0.17886448,-6.2644577,1.3292196
1356333978014,-1.6834123,-3.86102,-0.4793045
1356333978055,-3.4060106,-1.0785732,-1.3424029
1356333978095,-3.819191,-4.3762264,0.04071474
1356333978124,-2.0383515,-2.9526749,-2.6253593
1356333978165,-2.1663518,0.31737995,-1.5114233
1356333978196,-1.2350215,4.5617323,-1.3146173
1356333978235,-0.6205546,7.518359,-1.0912675
1356333978274,0.6888735,9.181805,-1.7538645
1356333978304,0.8545968,9.629322,-1.5540035
1356333978333,0.84030426,8.570192,-2.6737492
1356333978363,1.409313,6.0261617,-5.4942117
1356333978394,4.7461452,-0.10068607,-8.714478
1356333978425,6.906349,-7.5617027,-8.610591
1356333978464,4.5574837,-3.366847,-5.5209684
1356333978505,-4.3338833,-3.2093878,1.4660509
1356333978548,0.7623464,-2.824377,2.7610254
1356333978585,-1.439257,-0.24250984,4.142461
1356333978626,-0.6321628,-1.453877,4.8532495
1356333978664,0.72647256,0.046634197,3.1785245
1356333978706,0.56269574,0.59002686,4.0913935
1356333978745,0.29952452,1.9302931,4.880412
1356333978795,-0.06794235,1.1442275,3.1397905
1356333978834,0.37561727,-1.5031948,1.7695456
1356333978875,-2.567172E-4,-1.6516304,0.42022884
1356333978916,0.83637005,-2.2159452,1.4452498
1356333978955,0.013284206,-5.9300528,0.58175397
1356333978995,-1.6232867,-4.152108,0.7920524
1356333979035,-3.3738966,-1.2288141,-1.2879972
1356333979076,-3.8040125,-3.959793,-0.6102123
1356333979115,-1.6167805,-2.656083,-2.0366879
1356333979155,-1.2839584,1.7313671,-1.3749161
1356333979194,-0.9360329,5.1412544,-0.91550535
1356333979224,-0.31496596,7.9317045,-1.3829057
1356333979263,0.493105,9.161591,-1.3761697
1356333979293,0.67358375,9.3488655,-1.4463472
1356333979323,0.88016224,7.8140693,-3.5030391
1356333979353,1.7566098,3.239293,-7.13646
1356333979383,5.5706406,-5.089287,-9.897552
1356333979413,4.4154825,-6.338106,-6.4653335
1356333979471,1.4875937,-2.7044945,-4.373255
1356333979494,-1.4498533,-3.4612465,3.746691
1356333979533,-0.78282666,1.5945368,3.5852745
1356333979591,-0.7712759,0.7497082,4.5959797
1356333979605,-1.0502435,-1.4638033,3.7201927
1356333979644,0.4354658,0.5845494,2.9330077
1356333979676,0.98765135,0.39825678,3.8563979
1356333979716,1.0406032,0.77054167,4.369949
1356333979766,-0.026000798,0.85608435,3.3816433
1356333979806,-0.08306867,-0.39486885,1.2988348
1356333979844,0.2180335,-1.6348009,1.1369872
1356333979885,0.78730464,-1.8068314,0.80577713
1356333979924,0.67892027,-4.6128654,0.31181934
1356333979964,-1.6973338,-5.6943274,-0.13420284
1356333980004,-1.8327571,-2.4520216,-0.13262612
1356333980036,-4.2413964,-2.5464745,-0.78816485
1356333980074,-2.2885122,-3.8802862,-1.8921883
1356333980114,-1.9345883,-0.5336962,-1.0328813
1356333980155,-1.0857786,3.273725,-0.61310214
1356333980194,-0.42385232,6.644082,-0.72005516
1356333980233,-0.1457715,8.239553,-1.1427158
1356333980263,0.61175996,9.254362,-1.5057038
1356333980293,0.7885804,8.846569,-2.5587173
1356333980334,1.4221144,6.2963514,-5.4772935
1356333980363,4.7110205,-2.631816,-9.725664
1356333980405,4.498102,-7.684827,-6.740301
1356333980454,-0.3178326,-4.151411,-2.6539009
1356333980494,-0.5244038,-0.468791,4.9384356
1356333980524,-0.66624177,1.0750971,5.2760143
1356333980565,-1.577486,-3.8530917,4.048877
1356333980596,0.38526052,0.12125492,3.578549
1356333980635,0.49392158,1.1412234,3.7638676
1356333980675,1.6096282,1.3965149,4.9915876
1356333980715,1.0296911,1.2149596,4.7899246
1356333980744,-0.18119371,1.067337,2.4809237
1356333980783,-0.19696188,-0.016242981,2.3872209
1356333980814,-0.60841537,-1.2717876,1.1559031
1356333980843,0.5307029,-1.5019484,-0.52808344
1356333980876,1.8850873,-1.6007061,1.5162016
1356333980914,0.29055715,-5.4032354,0.55004394
1356333980956,-1.6715623,-4.950136,0.45817262
1356333980994,-3.8282948,-0.7789955,-0.40701967
1356333981036,-3.3054655,-7.2547655,-0.7110932
1356333981074,-1.2000847,-3.1697588,-1.2781343
1356333981114,-1.9186856,3.2212176,-0.4122588
1356333981154,-1.0270456,6.0740967,-0.81215495
1356333981193,-0.064692974,8.396673,-0.8053677
1356333981235,-0.19582355,10.240019,-0.65042174
1356333981280,-0.39386845,8.483858,-1.6870432
1356333981316,1.4688417,4.0790663,-5.5723553
1356333981354,6.7060275,-5.130681,-10.621421
1356333981394,3.4926047,-2.3070583,-4.9930453
1356333981434,-0.23211527,0.89851475,-3.3538215
1356333981491,-2.3550444,-9.200403,4.440368
1356333981514,0.33320385,2.6710129,2.5269287
1356333981555,-1.7199924,-3.0819325,5.3580084
1356333981596,0.79734576,-1.5139813,3.5698612
1356333981643,-0.61126626,0.604229,2.8715887
1356333981676,0.11109859,1.3085489,3.4785583
1356333981720,0.55869347,2.325563,4.417687
1356333981754,0.43252787,-0.44550323,1.8729427
1356333981812,-0.3185398,-1.2573595,1.139093
1356333981823,0.8084416,-2.35954,-0.43838233
1356333981862,2.0590286,-2.5787697,1.09908
1356333981905,-0.021198332,-7.1380415,1.3176404
1356333981944,-2.518416,-3.8951283,0.082704306
1356333981976,-4.835042,-2.1680021,0.19096649
1356333982014,-3.7191176,-5.989359,-0.757427
1356333982054,-0.98525584,-2.7528057,-1.4395908
1356333982094,-1.5038669,2.3669672,-0.56293476
1356333982134,-0.41615748,6.2146263,-0.9847431
1356333982174,0.63932836,7.6047716,-1.3243402
1356333982214,0.84068877,10.374933,-1.3239549
1356333982255,0.8531041,9.942315,-2.2230654
1356333982295,2.0126333,6.252152,-5.594611
1356333982334,5.7551937,-7.6536045,-10.764059
1356333982374,2.6781344,-4.104747,-5.450487
1356333982418,-2.8815193,-5.1185455,1.1983073
1356333982454,-0.31522727,1.340313,4.7834826
1356333982485,-2.4192314,-1.2096348,4.4326806
1356333982524,-1.256316,-2.1480947,2.8322508
1356333982566,0.44106475,-0.08126211,2.937463
1356333982605,2.1570349,-0.6011572,4.0270123
1356333982646,1.8128176,1.1566901,4.1266665
1356333982684,0.8102745,0.5347996,3.0881085
1356333982724,0.9535909,-0.723546,0.8752658
1356333982766,0.0048912764,-1.2337408,1.6314406
1356333982804,0.06408721,-1.7122288,-0.40777975
1356333982846,0.60364574,-3.2115107,0.64562124
1356333982884,-0.41615093,-5.9959736,-0.1264987
1356333982924,-1.4416188,-2.66543,0.5449345
1356333982964,-4.95686,-2.9035845,0.06107247
1356333983004,-2.0518909,-4.206889,-2.188329
1356333983044,-1.0858767,-0.8557396,-0.79063505
1356333983084,-1.6904724,4.316281,-0.6675204
1356333983124,-0.43264967,7.063462,-0.80552554
1356333983153,1.1533564,8.73884,-1.359251
1356333983184,0.62936014,9.897864,-0.56069255
1356333983225,-0.029039264,8.747217,-1.3890367
1356333983264,0.7573962,6.4175415,-4.5109262
1356333983304,4.614768,-4.787862,-8.875883
1356333983344,4.8121467,-5.0556374,-6.4755387
1356333983376,1.3272482,2.0257783,-4.0408506
1356333983415,-1.5247473,-7.1310916,4.6524377
1356333983454,-0.6162355,0.11461067,1.9357224
1356333983494,-3.7886124,-0.060828686,5.002084
1356333983525,-0.43500906,-2.1994805,4.7989044
1356333983564,0.7275748,-1.2377377,2.8098955
1356333983598,0.5478198,-0.39159822,3.1842241
1356333983647,0.85916287,0.78955555,2.7556925
1356333983684,0.6597914,1.1003404,3.6112084
1356333983724,0.23916227,0.08906269,0.7846584
1356333983764,0.17201954,-1.717536,0.13991305
1356333983804,1.3922365,-1.8380451,-0.16089052
1356333983844,0.5831896,-3.4938927,0.5831996
1356333983885,0.18872237,-6.39182,0.29853058
1356333983924,-1.5150031,-2.682455,0.39429438
1356333983966,-4.5913334,-1.9034357,-0.53164434
1356333984004,-1.2797565,-3.7032938,-1.8630177
1356333984044,-1.5253464,-1.4105024,-0.72419834
1356333984084,-1.3671496,3.1907578,-0.40797818
1356333984124,-0.8317019,6.545592,-1.043979
1356333984164,0.33792943,7.744024,-1.4007425
1356333984204,0.776968,8.828361,-0.5476921
1356333984244,0.108392596,7.0522346,-2.0285616
1356333984284,1.3401468,3.2311616,-5.838982
1356333984315,5.197376,-6.550108,-10.407556
1356333984353,4.419661,-4.2073917,-5.1696863
1356333984384,0.33389652,-1.5953579,-2.7353811
1356333984430,-1.8109249,-4.7444415,3.6969056
1356333984454,-1.4690427,1.0597754,2.676402
1356333984484,-2.5904322,-1.605331,5.400592
1356333984525,-0.5180146,-2.6020694,4.472621
1356333984623,-0.06243509,0.05483198,2.4434993
1356333984625,0.34772974,0.21125746,3.559764
1356333984640,0.56341213,1.1715498,4.0609894
1356333984669,0.4696273,1.2021599,3.9962602
1356333984710,0.04872793,0.44964504,2.224077
1356333984743,0.39476842,-1.205492,1.2740587
1356333984770,0.17694288,-1.5469055,0.83114064
1356333984810,1.7650578,-1.4042559,-0.2502702
1356333984854,1.4107226,-3.5720406,1.703516
1356333984896,-0.5934127,-6.255724,0.15434623
1356333984935,-2.5153418,-1.9041681,-1.0297676
1356333984975,-3.952989,-3.1523066,0.7756996
1356333985014,-1.5515743,-3.9014568,-1.7462083
1356333985046,-2.456645,-0.58809185,-0.45938498
1356333985084,-2.2842727,4.528494,-1.2052914
1356333985115,-0.9362987,6.5395827,-1.1083345
1356333985153,0.11472702,7.317896,-1.5483661
1356333985185,0.95523316,8.971986,-2.0199623
1356333985224,0.80241895,9.084502,-1.9278898
1356333985264,1.4525695,6.101025,-5.291424
1356333985305,5.039944,-3.0151987,-10.018528
1356333985344,4.0756083,-5.6092415,-6.4264584
1356333985386,-0.87961864,-0.38881493,-3.4395921
1356333985424,-1.4062806,-5.857173,4.4027524
1356333985471,0.27838457,1.0169945,3.6438932
1356333985494,-1.3361624,-2.4211016,5.301366
1356333985538,0.68218505,-1.2192597,4.0584416
1356333985584,0.54165614,-0.4160614,3.214212
1356333985615,1.3822453,0.1762538,4.6653194
1356333985674,0.56996816,1.7881222,4.2782784
1356333985705,-0.00401783,0.3269987,1.617675
1356333985745,0.46758974,-0.64896584,2.0854225
1356333985784,0.08878398,-1.8217726,1.0786254
1356333985826,1.296957,-1.2931633,0.2415396
1356333985864,0.6431184,-3.6459885,0.38016558
1356333985904,-1.6125509,-6.2876062,0.6396564
1356333985944,-3.6735628,-1.807353,-1.0918598
1356333985976,-4.524467,-4.640523,0.1373614
1356333986014,-0.68413144,-4.3252926,-2.0326943
1356333986054,-1.301739,-0.251956,-0.7506302
1356333986093,-1.7242426,4.4553423,-1.0611867
1356333986134,-0.9011129,6.657869,-1.0177445
1356333986163,0.25627798,8.651991,-0.94165134
1356333986204,-0.16991699,10.1729765,-0.8424604
1356333986245,0.16564345,9.073293,-2.8054893
1356333986284,1.987394,3.9008036,-7.0859847
1356333986325,5.915259,-8.162182,-10.265278
1356333986365,3.6918404,-2.7356539,-2.2530766
1356333986405,-4.392704,-3.43651,0.05459305
1356333986447,-0.2565632,2.6598835,3.1036525
1356333986489,-1.073677,-4.646526,5.1497707
1356333986525,1.1195118,-1.2289495,2.9455075
1356333986565,0.69365203,-0.717751,3.2207408
1356333986604,1.230731,0.41680193,3.6459541
1356333986635,0.38918987,1.54948,3.3040922
1356333986675,0.06951231,0.83333397,2.5417657
1356333986719,0.15195632,-0.1062603,0.9909268
1356333986754,-0.19422388,-1.2271862,2.0611305
1356333986795,0.46982768,-2.0291977,-0.11150856
1356333986835,1.3301152,-3.2247524,0.4754348
1356333986874,-0.6515151,-6.1742296,-0.020867467
1356333986914,-3.4559877,-1.3763838,-0.3385762
1356333986955,-4.516282,-3.8413754,0.7972506
1356333986994,-2.5305605,-5.124029,-2.825219
1356333987036,-1.7925789,-1.3079214,-0.97190076
1356333987074,-1.3243943,4.097405,-0.7220328
1356333987115,-0.6091926,6.215542,-1.0680305
1356333987154,1.1377587,8.657699,-1.3971566
1356333987185,1.5556867,10.672507,-1.3046134
1356333987225,1.1509292,9.33679,-2.4574323
1356333987265,2.416739,3.389834,-5.693361
1356333987304,5.8412147,-7.3107033,-8.739662
1356333987344,5.2284017,-2.0729418,-5.6885166
1356333987394,-2.9202285,-4.359396,-1.489409
1356333987432,0.3754872,-0.41790962,2.2760215
1356333987466,-1.8565937,1.0911326,5.098375
1356333987505,-0.64539313,-4.402421,5.6149483
1356333987546,0.7031825,-0.31170273,2.416932
1356333987587,0.42151833,-0.1819129,3.673313
1356333987655,0.9392446,1.0373669,4.2695155
1356333987658,1.0182749,1.6272006,4.4638653
1356333987691,-0.10403228,0.7421961,2.480215
1356333987732,-0.63733196,-0.28967,1.1161045
1356333987774,-0.5731566,-1.5218544,0.93104017
1356333987804,0.6645258,-1.3489904,1.2630188
1356333987836,0.6667137,-3.0897322,1.1415927
1356333987876,0.46806273,-5.894231,1.1721122
1356333987906,-1.1541542,-4.2176046,0.24436742
1356333987945,-4.089717,-0.61559486,-1.0609455
1356333987985,-4.133607,-3.6812735,-0.018277168
1356333988024,-1.3959858,-2.9057293,-1.4612167
1356333988056,-1.4760168,-0.3598776,-1.5435251
1356333988095,-1.7789183,3.7329822,-1.3605763
1356333988135,-0.041639686,6.1484394,-0.7750675
1356333988176,0.8473809,8.315128,-1.1546018
1356333988214,0.11601341,9.985598,-0.9281845
1356333988255,0.37320435,8.613503,-3.3002062
1356333988294,3.1609097,2.825006,-6.880562
1356333988335,5.824834,-9.231137,-8.75836
1356333988374,6.6275654,2.1218553,-4.577415
1356333988422,-2.8978066,-4.1179404,0.7212369
1356333988459,-0.15368414,-0.41771698,0.81261706
1356333988497,-3.573574,2.5955157,3.7974033
1356333988534,-0.016958952,-5.2139697,5.220456
1356333988575,0.111439034,-0.98606396,2.8641148
1356333988615,-0.35875478,-0.42641735,3.5648656
1356333988655,-0.077677965,0.54457426,4.4833736
1356333988694,0.17289618,1.1337523,4.526199
1356333988734,-0.376254,-0.5627508,2.155235
1356333988774,-0.4932264,-2.2123032,2.4119456
1356333988815,0.53351206,-2.659833,-0.27143592
1356333988854,2.9077969,-2.6955576,2.4906583
1356333988895,0.13387713,-8.1071615,1.0522549
1356333988935,-3.7942355,-3.1259174,0.74128026
1356333988974,-4.09914,-1.3466177,-2.3277645
1356333989016,-2.6690109,-5.314002,-0.5573125
1356333989054,-0.8732511,-3.572999,-2.0915651
1356333989087,-2.838901,2.503417,-0.5902602
1356333989124,-2.058676,5.9818377,-1.2949108
1356333989164,-0.22567296,7.450491,-2.3938122
1356333989205,1.9539387,9.807959,-2.4859526
1356333989244,1.7238309,10.208684,-2.006656
1356333989285,1.5149775,8.647737,-4.532873
1356333989324,4.051627,-2.5718775,-9.771018
1356333989356,3.575047,-7.121353,-7.276402
1356333989406,0.6322825,-3.2215338,-3.3871691
1356333989435,0.47340143,-2.214077,3.8080232
1356333989482,0.61026466,1.2195911,4.807624
1356333989514,-0.45705032,-4.745892,3.6099958
1356333989554,-0.37052256,-0.6224184,3.5336223
1356333989595,0.17106205,-1.1091866,3.9797907
1356333989634,1.5336474,-0.70041084,3.7129154
1356333989722,1.0122392,0.9535041,3.4497013
1356333989723,-0.19828513,0.13835716,2.373767
1356333989750,-0.21433356,-0.66158104,1.1947532
1356333989809,0.5006341,-2.6718454,-0.8042212
1356333989830,1.3172802,-2.093624,0.7851053
1356333989873,0.73441994,-6.206374,1.32375
1356333989914,-0.77486783,-5.6701775,1.1960857
1356333989955,-4.0086136,-0.657094,-1.560667
1356333989994,-5.0040126,-4.2628193,0.64211106
1356333990024,-1.4934269,-3.4321508,-1.9744099
1356333990064,-1.6948161,0.0132751465,-0.03019309
1356333990095,-1.0132961,4.58058,-0.58212996
1356333990124,-0.5433516,6.4452972,-1.3869593
1356333990163,0.11600298,7.7498455,-1.4642079
1356333990205,0.10475898,9.842499,-0.9823881
1356333990245,0.3403772,9.571359,-2.2117872
1356333990285,1.5954031,6.6610675,-4.968538
1356333990324,6.6818914,-3.994794,-9.4261265
1356333990356,4.333186,-7.0984297,-6.707732
1356333990395,1.8010495,-1.7437563,-4.7131
1356333990435,-2.003753,-5.3271723,3.6753302
1356333990479,-0.94562733,3.037181,3.8488793
1356333990515,-1.7554593,-3.9405403,5.0604277
1356333990555,0.7305498,-2.2258625,3.801053
1356333990595,-0.51642525,-0.011084557,3.1371908
1356333990947,0.1849426,0.38734913,3.8442476
1356333990948,0.31067285,0.5598712,4.1740246
1356333990950,0.0117378235,-0.34898472,0.9996794
1356333990951,0.39206588,-1.5814505,0.40014002
1356333990954,2.2263854,-1.8791199,0.56772804
1356333990955,0.88722694,-4.445822,0.36405313
1356333990957,-0.4017082,-6.9563494,-0.25734836
1356333990960,-3.2009234,-1.6305466,-0.24896157
1356333990980,-5.8521605,-2.5105495,-0.28575063
1356333991022,-2.0094333,-4.513604,-3.1646643
1356333991064,-2.1899312,-1.1429663,-0.8662645
1356333991094,-1.176768,4.223906,-0.6080508
