1355994677994,0.0,0.0,0.0
1355994678153,-0.53335524,0.3674221,-0.27260375
1355994678193,-0.118869305,0.06706762,0.9015945
1355994678234,-0.10077715,0.13543701,-0.13504851
1355994678273,-0.16199017,0.093058586,0.53786004
1355994678313,-0.019680023,-0.03079319,0.5048779
1355994678353,0.034728527,-0.06882286,0.30732036
1355994678393,0.11933088,-0.017497063,0.16181087
1355994678433,0.067836285,0.043605804,0.31573915
1355994678474,0.08390188,-0.15790367,0.27027142
1355994678512,0.019124031,0.098335266,0.30285972
1355994678553,0.08097792,0.033483505,-0.5081619
1355994678592,0.028108597,0.039535522,-0.31897748
1355994678632,0.054696083,-0.11784363,0.52198154
1355994678673,-0.068148136,0.1590004,-0.5973481
1355994678713,-0.03885317,0.0522213,-0.40877783
1355994678753,-0.12843513,0.09261513,-0.24837673
1355994678792,0.018082619,-0.114964485,-0.33482826
1355994678833,0.019326687,-0.038604736,0.60994625
1355994678870,-0.017028332,0.07823944,0.49535578
1355994678913,-0.010939121,-0.13068962,-0.1700859
1355994678952,-0.0049095154,0.098134995,0.07710767
1355994678992,0.16342115,0.07008648,0.036681652
1355994679033,0.19317389,0.1384058,-0.043691874
1355994679071,0.16504335,0.13787079,-0.06054187
1355994679112,0.22707987,0.02586937,0.18083346
1355994679152,0.29681396,0.08764267,-0.06528938
1355994679192,0.27859926,0.11912441,0.0059423447
1355994679232,0.29514503,0.18916416,-4.953146E-4
1355994679272,0.4150033,0.053133965,-0.19399428
1355994679312,0.57047176,0.011137009,-0.5063858
1355994679353,0.44798374,0.06405163,-0.6906271
1355994679392,0.52360487,0.008844376,-0.74263704
1355994679432,0.4293666,-0.15326309,-0.71201694
1355994679473,0.2615614,-0.24384499,-0.47307408
1355994679512,-0.4128456,-0.46516848,-0.026618958
1355994679552,-0.5932846,-0.7325001,0.2803154
1355994679593,-0.8693633,-1.2866588,1.1577555
1355994679632,-1.5430765,-1.1817012,1.3231752
1355994679673,-1.527864,-0.80672693,1.3181094
1355994679712,-1.5781484,-0.608994,1.8647033
1355994679753,-0.56117773,-0.22589636,1.7445374
1355994679796,-0.5979233,-0.41145992,1.4090651
1355994679832,-0.88380146,-0.5108628,0.8132857
1355994679873,-1.6815777,-0.9494176,0.7990576
1355994679913,-0.29130554,-0.244524,1.1134822
1355994679952,0.09315443,1.1824517,0.1843625
1355994679993,-1.0637002,2.0885887,-1.0751162
1355994680033,-1.6794858,1.2734661,-2.0235772
1355994680072,-0.92214775,1.3270488,-2.6430075
1355994680113,-2.19693,-0.35157013,-1.0049446
1355994680153,-2.0170312,0.07594204,-0.7401657
1355994680193,2.406424,4.2506876,-0.14425778
1355994680232,-1.3119688,4.4063025,-0.064294755
1355994680273,0.25124264,3.8386917,1.2464759
1355994680313,-0.3060546,0.1806593,0.63356185
1355994680352,3.6506767,-1.3435116,-0.21225572
1355994680393,5.3363647,-2.307757,0.48470616
1355994680433,5.3594723,-4.0944486,0.8931261
1355994680473,3.7795832,-5.585427,-1.4206753
1355994680513,3.281007,-4.799813,-2.1852353
1355994680553,1.6235452,-5.007175,-4.499506
1355994680593,-1.8732691,-4.091952,-7.9776936
1355994680633,-4.6132293,-2.7287278,-8.530871
1355994680673,-1.2181783,-0.70916986,-5.967759
1355994680712,-7.8830166,7.293005,-3.36338
1355994680753,8.354277,-1.8399453,4.1420693
1355994680792,-2.052689,5.1857457,7.688858
1355994680832,-3.7172346,-0.46859074,1.2369652
1355994680873,0.6785817,2.7110634,4.2830677
1355994680912,-0.90920115,-0.04789877,3.7872329
1355994680953,-0.2335267,-0.14992523,3.4079113
1355994680993,0.35331726,-0.46651268,2.8337495
1355994681034,-0.37730742,-0.51802206,2.8844984
1355994681072,-0.18407679,0.19049168,2.0534365
1355994681112,0.04132986,-0.2610607,1.188978
1355994681153,-2.2885532,1.0166435,0.124498725
1355994681192,-2.9720764,1.6115584,-2.1113126
1355994681233,-6.295679,-0.6510186,-1.8955305
1355994681273,-3.8546576,0.9817729,-1.8388295
1355994681313,1.6618233,8.409141,1.7237713
1355994681353,-2.431806,7.9519258,0.91701496
1355994681393,-2.5827894,3.1928816,0.75422716
1355994681432,-0.5436797,-1.7506309,0.19536299
1355994681473,6.517943,-2.6965027,1.4866307
1355994681512,9.436651,-4.561207,2.5777369
1355994681553,9.015719,-5.789834,2.6968021
1355994681592,6.340445,-5.973998,-1.5626669
1355994681632,2.610127,-4.4773116,-7.4007654
1355994681673,-5.3050966,-3.3637629,-13.386263
1355994681712,-2.931354,-2.833355,-9.497686
1355994681753,2.2211225,-3.3517785,-4.7779236
1355994681811,-8.70772,8.273604,-4.118608
1355994681833,11.879335,-4.972295,5.965955
1355994681873,-5.613944,6.6981564,7.835389
1355994681911,-4.7193837,-0.04821396,-0.039396763
1355994681953,1.0515051,2.5671453,5.134678
1355994681993,-1.266232,-0.6190176,3.1147084
1355994682036,0.46518135,-1.0105662,3.1723454
1355994682074,0.68364716,-0.55878496,3.6667712
1355994682114,-0.21609545,0.6296072,3.3015184
1355994682154,0.05143404,0.7592578,0.30464435
1355994682194,-3.0205517,0.3824854,0.59906495
1355994682234,-3.4562702,1.795999,-0.51674473
1355994682274,-4.3446927,0.5965843,-3.280017
1355994682314,-5.5387306,-1.2561946,-0.7414762
1355994682354,-0.7043052,8.244415,1.7940946
1355994682394,-1.3407187,9.347923,1.6290052
1355994682434,-2.0564642,5.4845605,-0.696439
1355994682474,-1.6914883,0.12592936,2.3270874
1355994682514,5.804734,-3.4457035,1.7454573
1355994682554,9.434404,-4.913661,2.868433
1355994682594,9.643894,-5.7762814,4.288477
1355994682634,7.52569,-7.2886844,0.861956
1355994682674,2.1435328,-4.580562,-9.085515
1355994682714,-5.691802,-2.7766752,-13.824625
1355994682754,-2.36522,-2.2492056,-9.512066
1355994682794,2.764848,-4.7547398,-5.4583664
1355994682834,-8.357064,8.044188,-4.5822334
1355994682874,14.344289,-7.057531,8.126354
1355994682914,-7.6397514,7.400199,6.980772
1355994682954,-3.8641043,0.26750946,-0.38151598
1355994682994,1.0771117,2.5338812,4.7467256
1355994683033,-0.34070635,-0.47898436,2.7503662
1355994683072,0.38341713,-1.4026709,2.9179504
1355994683113,-0.18010569,0.15842009,2.5973387
1355994683152,-0.9523721,0.6380954,2.5820723
1355994683192,-0.6208434,0.4906931,1.2243223
1355994683232,-4.1882176,1.2132397,0.006196499
1355994683272,-3.6723876,1.8249798,-1.5846146
1355994683312,-5.6640596,-0.24806213,-2.101825
1355994683352,-5.595829,1.1248832,0.04704404
1355994683392,0.60872364,9.491194,1.8512735
1355994683432,-2.03829,8.67345,1.1915624
1355994683472,-2.699829,4.724451,0.09287429
1355994683513,1.0016575,-1.0137486,2.284643
1355994683553,7.102529,-4.760307,2.0068834
1355994683592,9.419033,-5.43048,3.7704926
1355994683632,9.566018,-6.6625357,4.7667837
1355994683672,6.5376663,-7.452144,-1.3051784
1355994683712,1.2601461,-3.4182134,-9.984313
1355994683752,-4.9360256,-3.07416,-13.067308
1355994683792,-2.9836383,-3.654344,-8.773747
1355994683832,1.2964606,-1.7452126,-5.4652424
1355994683872,-4.5842476,5.6439366,-2.5157363
1355994683912,14.1643715,-2.1368146,7.0616326
1355994683952,-11.617914,5.8641725,4.980746
1355994683992,-2.1491318,0.5335698,0.01894474
1355994684035,0.57363844,2.3328424,4.7706704
1355994684074,-1.0499115,-0.35256815,3.0707512
1355994684114,0.006905079,-2.2367773,2.3592274
1355994684154,0.37330246,-0.412467,4.6951575
1355994684194,-0.5943794,0.54286194,0.1315713
1355994684234,-1.552134,-0.3176508,1.7790648
1355994684274,-2.9880176,2.0104656,0.77068436
1355994684315,-2.9710288,2.4606872,-1.5515643
1355994684354,-5.43995,0.17043734,-2.8037362
1355994684384,-5.838635,-0.12894917,0.00874424
1355994684424,-1.4593968,6.5694413,0.987329
1355994684464,-1.8871813,9.171907,2.53536
1355994684504,-1.4156504,6.969083,-1.4808407
1355994684544,-1.5247202,1.165132,3.2767766
1355994684582,4.2828298,-3.5859118,2.2192693
1355994684622,9.313393,-5.3832636,3.0405068
1355994684662,10.39448,-7.018282,4.3043957
1355994684702,8.033702,-7.8273125,0.9906182
1355994684742,3.3292246,-5.130822,-9.525279
1355994684802,-6.437945,-3.4555483,-14.5699625
1355994684823,-2.7317185,-3.424364,-9.229059
1355994684863,0.9581809,-1.8668265,-4.720519
1355994684901,-4.741828,4.9246774,-1.8759797
1355994684943,13.295372,-4.065591,7.309417
1355994684983,-11.418643,5.7509656,3.6861725
1355994685035,0.16413546,1.2513809,2.1408443
1355994685064,2.5733407,2.6931934,4.046926
1355994685104,-1.45085,-0.33402395,2.1453176
1355994685144,0.17231178,-1.5092745,2.1351614
1355994685184,0.6932726,0.3794098,4.312306
1355994685224,0.7477584,1.7462516,0.8989811
1355994685264,-2.9921484,1.6300526,0.0076236725
1355994685304,-5.23921,0.9768424,-0.027287245
1355994685344,-5.40324,1.0077095,-2.18005
1355994685374,-4.4510093,-0.88601875,-1.3588026
1355994685414,-5.477348,1.5195041,0.6915492
1355994685454,-1.6886163,10.351283,1.5421319
1355994685494,-1.0730872,8.762891,2.290414
1355994685534,-3.640955,3.1526856,0.7215511
1355994685574,2.8008642,-2.7703552,1.9957328
1355994685614,8.690751,-4.562818,1.5571986
1355994685654,9.530664,-5.815096,3.4529464
1355994685692,9.538234,-7.006708,3.9367988
1355994685733,6.8506064,-6.4219027,-3.5093298
1355994685772,-2.1913757,-3.8769789,-13.128616
1355994685812,-6.1383147,-4.3275166,-13.692443
1355994685852,0.8675027,-3.6649094,-7.200867
1355994685892,-6.5035515,7.9964786,-7.3971143
1355994685932,11.455353,-3.6495059,4.149161
1355994685972,-3.523902,5.7817936,9.382574
1355994686036,-8.905687,1.4620552,-1.3239732
1355994686054,2.227619,1.182518,3.7608948
1355994686094,-0.21813965,1.0186906,3.9013917
1355994686134,-0.7391114,-1.9048214,2.615974
1355994686174,0.940691,-1.5604138,3.0439668
1355994686214,0.25437737,0.6017561,4.64433
1355994686254,-0.12914991,0.2031188,-0.53971815
1355994686294,-1.715158,1.4431162,3.091971
1355994686334,-5.1249,1.5228777,-1.604744
1355994686374,-4.1420975,1.8442445,-3.0361793
1355994686414,-6.5901756,-1.0677705,1.5770694
1355994686452,-3.4775672,6.67714,0.44301277
1355994686492,-0.49787617,10.409437,2.7605414
1355994686533,-3.186719,5.613688,0.2624694
1355994686572,-0.85271454,0.8327451,3.279925
1355994686613,8.122192,-4.368223,2.3237276
1355994686653,8.667388,-6.3479195,3.2031007
1355994686693,8.806304,-6.5816193,4.2244744
1355994686733,8.646427,-7.4692473,0.9851369
1355994686772,4.671488,-3.7123013,-9.148515
1355994686813,-5.7448454,-3.6199918,-14.071395
1355994686852,-2.5740223,-4.757261,-8.454209
1355994686892,-4.266415,3.281063,-6.494401
1355994686932,9.084737,-1.1515641,2.560835
1355994686973,6.567546,4.2957706,7.605932
1355994687036,-13.2078285,1.9706044,-0.6567817
1355994687054,1.7655745,-0.058452606,2.2154357
1355994687094,0.9823954,0.9373784,2.7388687
1355994687134,-2.318562,-1.7569079,2.6278532
1355994687174,-0.1741066,-0.56613636,2.42609
1355994687214,-0.6808572,0.5345712,2.102765
1355994687254,0.25106764,0.96248627,2.0483713
1355994687294,-3.5904164,1.6216812,1.7797291
1355994687334,-4.833584,1.2854815,-1.8569704
1355994687374,-4.1853156,1.7069302,-2.1233768
1355994687414,-4.8712015,-1.175221,-0.8004153
1355994687453,-4.498701,6.745076,-0.29870963
1355994687492,-0.4677043,11.416545,3.9929087
1355994687532,-2.5905666,6.3720145,-0.81245065
1355994687573,-2.9588723,1.4654036,2.4128551
1355994687613,7.6484895,-4.266486,2.2298374
1355994687652,9.67158,-6.3294306,2.744716
1355994687692,9.563057,-6.6850724,4.2914715
1355994687732,8.049808,-7.66969,1.9983374
1355994687791,3.2545547,-4.356726,-8.275615
1355994687823,-6.173923,-2.7431402,-14.610707
1355994687863,-2.2836008,-4.468706,-8.616813
1355994687901,-1.1425085,-0.08685875,-5.632554
1355994687943,-2.1882024,4.2136397,-0.22516584
1355994687982,13.556168,-0.0022001266,4.917726
1355994688036,-11.022832,6.1645193,6.227359
1355994688075,-0.42828226,1.3134255,3.3724248
1355994688114,1.0238051,1.4350085,4.9054217
1355994688154,-1.1519685,-1.3445935,2.055332
1355994688194,-0.48123837,-1.9049091,2.2874002
1355994688234,-0.45009565,0.50336885,2.7443113
1355994688274,-1.0429721,-0.37893534,0.18550754
1355994688314,-2.324183,1.7686305,1.4429312
1355994688354,-5.371978,1.6818748,-3.03025
1355994688394,-3.950591,0.8599782,-3.7136073
1355994688434,-6.30595,-2.241293,1.6580868
1355994688474,-7.068402,6.1032577,-0.07614267
1355994688513,-0.7560878,10.501359,3.7324862
1355994688553,-3.303753,5.3149953,0.7738763
1355994688592,-0.41779947,0.54712296,2.5860777
1355994688633,7.5130396,-4.534149,2.506142
1355994688672,9.589497,-5.6152816,2.6727452
1355994688713,9.45317,-6.329934,3.450836
1355994688752,7.994499,-6.7274017,0.93186414
1355994688792,4.1367354,-4.277845,-8.403142
1355994688832,-3.8433633,-4.6679025,-13.591774
1355994688872,-4.946722,-4.975848,-11.107304
1355994688912,0.033602238,0.9187021,-5.601199
1355994688953,1.7515972,1.490704,1.1532876
1355994688992,12.6567,-0.9253025,5.3565454
1355994689037,-11.458305,5.6273465,4.0070987
1355994689074,-0.00891304,0.7274232,1.8285341
1355994689114,2.390336,1.6959186,3.7804918
1355994689154,-2.739018,-0.5257883,2.3342278
1355994689194,-1.3474131,-1.3219604,2.5245748
1355994689234,-0.66938686,0.3462882,3.9494455
1355994689274,-0.6564827,2.497117,-0.6394651
1355994689312,-2.294436,2.4846973,0.08949828
1355994689354,-5.895426,0.45379925,-1.2567724
1355994689394,-5.610652,0.41161585,-1.7762172
1355994689434,-6.7809076,-1.0098329,0.7779609
1355994689474,-4.462285,8.00518,-0.71339846
1355994689512,-0.6134405,10.435452,4.6278353
1355994689552,-3.1330395,6.695509,1.4864602
1355994689592,-2.042437,0.40499496,1.5057777
1355994689632,8.403434,-3.3153205,2.2355447
1355994689672,10.385554,-5.736129,2.6317647
1355994689712,9.759292,-6.5786505,3.0216055
1355994689752,9.035257,-7.056647,1.8101041
1355994689792,5.09781,-5.4047856,-7.0385356
1355994689833,-6.067248,-3.9767275,-15.489688
1355994689872,-4.963844,-4.5789056,-10.083095
1355994689912,0.3794651,-0.9978776,-4.976878
1355994689953,-3.2767363,4.0850825,-0.9596551
1355994689992,16.87819,-4.0849676,7.0668497
1355994690037,-10.139194,7.2556524,6.274329
1355994690074,-4.409298,0.63112307,0.12673688
1355994690114,3.0400276,1.6270719,4.6893044
1355994690154,-3.132495,-0.9966798,2.6960692
1355994690194,-1.3381667,-1.522234,2.4276736
1355994690234,-0.21583796,0.73986006,1.8423105
1355994690274,0.30232382,1.1421118,0.09077644
1355994690314,-2.5501847,1.5923729,0.6145359
1355994690354,-5.2253504,0.6213927,-0.57348025
1355994690394,-5.2123065,0.5379038,-2.4907818
1355994690434,-3.817975,-1.3626008,-0.7221776
1355994690474,-5.4841084,4.2233987,0.25481212
1355994690514,-2.4021826,11.977291,0.98742425
1355994690554,0.24075508,10.426014,0.6781001
1355994690594,-3.8510084,2.9941978,2.373775
1355994690634,3.6373534,-3.0565805,2.2765088
1355994690674,12.368459,-5.919388,3.1798534
1355994690714,10.23606,-6.863227,4.936036
1355994690754,7.5491033,-8.77145,3.13284
1355994690813,5.22863,-7.355297,-6.3227806
1355994690833,-5.331361,-3.665226,-14.760374
1355994690873,-4.526163,-4.9655046,-10.494609
1355994690911,1.4892535,-5.163149,-8.081843
1355994690953,-8.283657,8.527292,-2.8719108
1355994690993,16.752777,-6.206892,4.5442834
1355994691038,-6.001145,9.099491,7.4940743
1355994691074,-8.274819,1.0585074,-0.722481
1355994691114,4.148479,2.1414752,4.540079
1355994691154,0.5792723,0.9799619,2.4749632
1355994691194,-1.386024,-0.69829035,2.9494596
1355994691234,-0.6545038,-0.995913,4.75587
1355994691274,-0.40574598,1.2070484,0.22861719
1355994691314,-0.16332388,1.854744,0.14082241
1355994691354,-5.3099675,1.6794624,0.5800034
1355994691394,-4.2012606,2.0673623,-1.4263197
1355994691434,-4.3124614,-0.02660656,-1.6314671
1355994691474,-7.5455513,1.7951851,1.5393733
1355994691514,-1.6119027,10.790131,0.96513593
1355994691554,1.9505258,10.692381,1.7920024
1355994691594,-4.8719425,3.1324234,0.9647543
1355994691634,1.248713,-3.5606618,2.9651303
1355994691674,10.001169,-6.6470747,3.1369023
1355994691714,9.715811,-7.2815695,4.49144
1355994691754,8.535143,-7.5236692,3.9074268
1355994691794,6.923596,-6.8276935,-6.5129614
1355994691834,-2.8757362,-3.3816037,-15.164476
1355994691874,-5.6380467,-4.982033,-12.391812
1355994691914,1.1316962,-6.117626,-7.6232195
1355994691954,-2.4723878,4.3294363,1.9645152
1355994691994,8.297838,-1.9042244,0.17318094
1355994692036,2.4896784,7.213645,11.504627
1355994692074,-10.682997,0.63316107,-2.8669841
1355994692114,3.469605,1.5766277,4.0710363
1355994692154,2.1297185,1.611753,1.4399016
1355994692194,-2.9265409,-1.237679,2.0227392
1355994692234,-1.2264037,-0.7097058,2.6811686
1355994692274,1.5892467,1.6410489,1.1532468
1355994692314,-1.7431622,1.5098782,2.1035705
1355994692354,-5.148611,1.834743,-0.29751277
1355994692394,-4.359932,2.8054466,-1.9974512
1355994692434,-6.5825634,-0.69041157,-1.5980172
1355994692473,-6.60641,1.3444109,2.435333
1355994692512,-1.8651881,11.520013,0.23577976
1355994692553,0.14878082,10.102037,2.0910585
1355994692593,-5.7637353,2.4287105,1.2066313
1355994692632,2.814066,-2.013063,3.2551785
1355994692672,11.711214,-6.2480984,2.68442
1355994692712,10.301891,-6.8779182,3.51657
1355994692752,8.300489,-6.9256067,3.9980247
1355994692792,6.3981295,-6.9130545,-3.0019684
1355994692832,-1.8046622,-3.172202,-13.123444
1355994692872,-4.579668,-4.242622,-12.583087
1355994692912,-1.7225018,-5.2452564,-8.089105
1355994692952,-1.8205194,1.2626939,-3.7405732
1355994692992,1.0984538,1.4896178,1.5491712
1355994693037,11.358988,1.388475,5.649497
1355994693074,-11.66861,6.781471,3.586464
1355994693114,-1.2233605,0.888628,3.2596648
1355994693154,2.5040138,2.3995576,3.7003038
1355994693194,-2.5595517,-0.6866622,3.1363723
1355994693234,-0.40368128,-1.312429,2.492398
1355994693274,-0.433043,0.17552519,2.7014773
1355994693314,-0.20652723,1.2083893,0.9521214
1355994693354,-0.9961667,1.423645,1.7386149
1355994693394,-5.1825514,1.0394311,-1.7816653
1355994693434,-4.666579,1.1029887,-1.9950742
1355994693474,-7.3444295,-1.1710491,0.16642654
1355994693512,-3.6036105,6.026517,-1.6192825
1355994693552,0.5774913,10.813763,3.2523687
1355994693592,-0.5831928,9.532322,1.7529262
1355994693633,-5.037945,1.7758808,1.0491246
1355994693672,3.8989143,-3.4435444,3.2190046
1355994693712,11.975977,-6.2500405,2.8162234
1355994693752,10.938953,-7.0496235,3.7718875
1355994693811,7.6265516,-8.012084,2.7715316
1355994693833,4.894054,-7.4534383,-7.4532294
1355994693873,-3.7673216,-4.2684526,-13.910181
1355994693911,-4.6274295,-4.2199287,-12.132398
1355994693953,0.034979343,-5.7615075,-8.044219
1355994693993,-5.921651,7.498626,-2.9184892
1355994694036,10.439305,-4.5588436,2.9284163
1355994694074,-0.37689495,5.8490868,8.579531
1355994694114,-11.042192,1.4506245,-0.5424373
1355994694154,3.6122472,2.4047503,4.2591963
1355994694194,0.36955166,1.5816674,3.0280743
1355994694234,-2.1169062,-0.38939905,3.107573
1355994694274,0.37414646,-0.33400488,3.1655777
1355994694315,0.92136955,1.6029959,2.4356618
1355994694354,-1.1297746,0.23010254,-0.3447752
1355994694394,-3.3417883,0.9453349,2.379616
1355994694434,-3.5405312,1.8567772,-1.1953427
1355994694474,-5.9169817,1.2426758,-2.9720078
1355994694514,-5.091364,-0.21679544,-0.8640667
1355994694554,-2.3417025,6.5912294,1.0937384
1355994694592,-2.1092768,9.878458,2.8666773
1355994694632,-3.9721394,5.6518564,2.0408025
1355994694672,-1.7533913,-0.030482292,1.7036345
1355994694712,8.660441,-3.6023884,2.7224205
1355994694752,11.621675,-6.3986626,3.5394557
1355994694793,9.763,-6.7551146,3.204339
1355994694832,8.944193,-7.3905597,0.5656478
1355994694872,2.3523335,-3.3625674,-9.805374
1355994694912,-8.283143,-3.0338044,-14.214493
1355994694952,-1.6693697,-5.6216555,-8.418226
1355994694992,-0.4534731,0.7418442,-7.1356354
1355994695036,-0.25516224,1.8332281,1.2812104
1355994695074,13.905264,-1.7113934,4.9292
1355994695114,-10.596383,7.373091,5.700863
1355994695154,-1.9500551,0.45631123,1.5647551
1355994695194,3.4857173,1.8594618,4.352891
1355994695234,-1.3645091,-0.1754384,2.610508
1355994695274,-0.96904755,-0.77392197,2.4362254
1355994695314,-0.9871669,0.6401963,1.5834866
1355994695354,0.19699335,0.9825611,-0.057310104
1355994695384,-2.334351,-1.2410617,2.9724822
1355994695424,-5.282774,0.14381695,0.8432754
1355994695464,-3.1491165,3.198371,-0.29185462
1355994695504,-6.73772,1.1011963,-1.9612424
1355994695543,-7.335966,-0.28923178,-1.2902154
1355994695584,-0.083547115,8.143773,0.02515477
1355994695624,-0.93681526,10.982522,1.9467094
1355994695664,-1.4647188,7.0338287,2.6532056
1355994695703,-4.2068877,-1.1609087,0.5098407
1355994695743,8.251219,-3.7069597,3.773066
1355994695782,11.281144,-6.2630415,3.0780566
1355994695823,9.278819,-6.4359674,3.3222206
1355994695862,8.225036,-7.2589827,1.437511
1355994695902,3.6517887,-5.3689423,-9.673622
1355994695942,-6.9273157,-4.329785,-16.227726
1355994695982,-3.8157945,-5.627576,-9.276582
1355994696038,1.028841,-4.9048443,-3.6740742
1355994696064,-6.5086737,7.817049,-2.2085326
1355994696104,16.299221,-4.1681957,7.6108503
1355994696144,-9.170145,7.2800217,5.411636
1355994696184,-2.7606215,0.96031046,-0.026180029
1355994696224,3.913887,2.3250031,4.0694423
1355994696264,-3.1057434,-0.7660508,3.488301
1355994696304,-1.5747728,-1.2420025,2.8893602
1355994696344,0.9218154,0.954474,3.2342427
1355994696384,0.14771652,2.0981722,-0.19038415
1355994696424,-2.8221264,0.4680462,0.108918905
1355994696464,-4.4952154,0.7859278,0.23059416
1355994696503,-3.1704178,1.9488683,-2.4149237
1355994696542,-7.8781075,-0.79036856,0.13598758
1355994696582,-1.6208687,7.0914555,-1.1397269
1355994696622,0.2411151,10.779598,3.1474845
1355994696662,-2.7531366,7.089235,-0.6432508
1355994696702,-4.9094877,0.2806344,2.629756
1355994696743,5.477107,-3.0530958,2.3589077
1355994696802,10.337936,-5.3840294,3.122479
1355994696823,9.8606615,-6.123971,3.9855213
1355994696863,7.9835825,-7.6324806,1.9531975
1355994696901,3.493711,-5.952206,-8.665496
1355994696943,-5.6808453,-2.8275132,-14.249117
1355994696983,-1.6676912,-4.0195885,-9.712468
1355994697039,2.4278576,-5.3113985,-5.5104966
1355994697064,-0.44604778,3.056871,2.215329
1355994697104,2.8643086,-1.5798073,1.1576654
1355994697144,9.911717,1.1563401,9.670662
1355994697184,-12.166968,3.4918385,-0.8953264
1355994697224,0.6714947,1.7883859,4.6652064
1355994697264,3.0459118,1.9032273,2.7451181
1355994697304,-3.2238579,-0.31545258,2.7204673
1355994697344,-1.1472249,-0.2734313,2.3510783
1355994697384,-0.64882183,1.1744795,1.4193587
1355994697424,-2.0846658,-0.25380945,1.1767273
1355994697464,-5.399044,1.1059856,0.7205578
1355994697502,-4.640066,3.2349434,-1.2455318
1355994697543,-6.1683445,1.6628504,-3.5992575
1355994697582,-6.3980064,-0.76750135,-0.7215751
1355994697622,-1.3071489,7.9293184,0.5285165
1355994697662,-0.38927078,11.090773,1.7618811
1355994697702,-2.036398,6.6565638,0.36435825
1355994697743,-3.8260918,-0.32617378,2.4289021
1355994697782,7.616129,-3.7553535,2.3593216
1355994697822,11.140072,-6.535389,3.5929005
1355994697862,9.376027,-6.7416906,4.460671
1355994697902,8.456505,-7.6270537,1.2230809
1355994697942,1.5550027,-4.544495,-11.953608
1355994697982,-8.184376,-3.157134,-14.6859255
1355994698039,-3.5888858,-5.639065,-9.23689
1355994698064,0.16330099,-2.713513,-4.354904
1355994698104,-1.9939475,5.86781,-3.0062492
1355994698144,13.49464,-2.4600382,6.8827333
1355994698184,-10.822002,5.32149,4.018855
1355994698224,-2.8516617,-0.3811369,1.6108261
1355994698262,4.299756,2.783812,4.310443
1355994698302,-1.0122838,0.30297232,2.9045658
1355994698343,-0.050579548,-0.60891247,1.6724269
1355994698382,0.5347018,0.33090925,2.9799924
1355994698422,0.6757307,1.2310572,3.2472188
1355994698462,-1.6287947,1.3065162,-0.33166027
1355994698502,-4.5919514,1.1554308,0.35629392
1355994698542,-4.9333324,1.7192802,-0.56855965
1355994698582,-5.1021056,-0.18356752,-1.4452779
1355994698622,-5.195174,1.4349132,-0.2811607
1355994698662,-0.39111853,9.077951,2.168326
1355994698702,-0.81386805,10.300713,4.0828753
1355994698742,-4.626648,2.7492218,1.246405
1355994698782,-0.9967241,-1.6540561,2.556186
1355994698822,9.288539,-4.203309,2.3995886
1355994698862,11.643569,-6.3968873,3.813165
1355994698902,8.838884,-6.671233,3.3265657
1355994698942,7.5697412,-7.009513,-2.177828
1355994698982,0.84130096,-2.7668896,-12.846066
1355994699041,-7.5727,-5.3776484,-13.93169
1355994699064,-3.9962869,-6.30904,-8.42809
1355994699104,-4.3418264,4.898471,-6.434788
1355994699144,11.233901,-1.1807017,0.67764777
1355994699184,5.2568555,4.3307896,8.5766325
1355994699224,-11.70805,2.3199978,-2.173933
1355994699264,2.2752316,1.7078881,4.669365
1355994699304,0.60577154,1.7349305,3.5065136
1355994699344,-0.6172719,-0.27899408,2.3923464
1355994699384,1.2126033,-1.2592478,3.9396722
1355994699424,-1.3773055,0.62801504,3.3606822
1355994699464,0.18359327,1.0569797,-0.24849439
1355994699504,-2.6130724,1.2637186,2.0997212
1355994699544,-5.415325,1.0161123,-0.788682
1355994699584,-5.772312,0.61745644,-1.7786999
1355994699624,-7.497823,-0.39518547,0.682996
1355994699664,-1.3906226,7.285132,-0.3768474
1355994699704,-2.3927999,10.343249,2.8829055
1355994699742,-1.1585398,8.385958,0.44658893
1355994699808,-2.69199,0.46832752,1.562485
1355994699823,8.518994,-4.13155,2.7627666
1355994699863,11.629326,-6.925864,2.720098
1355994699901,8.77989,-6.2672367,3.4871135
1355994699943,7.70965,-7.7369514,0.49182984
1355994699983,1.2569914,-6.3910875,-10.7358675
1355994700041,-4.149887,-4.9536467,-14.048351
1355994700064,-2.7599673,-5.217605,-8.922708
1355994700104,2.4329848,-5.925988,-5.459462
1355994700144,-7.133089,8.492489,-2.3800616
1355994700184,14.93851,-7.680426,8.849461
1355994700226,-5.8502417,7.3699374,8.820483
1355994700263,-6.319639,1.2345209,-0.15063977
1355994700302,4.540091,2.9051895,3.8489306
1355994700342,-2.1030755,1.0961175,2.8632038
1355994700382,-1.370399,-0.49434566,1.818677
1355994700422,-0.70320034,-0.45271015,5.175012
1355994700462,-0.96569395,1.7051077,-1.2706671
1355994700502,-0.61810064,1.5933404,0.84504795
1355994700543,-4.260697,2.1148667,1.7410507
1355994700582,-5.736517,2.813218,-2.2483788
1355994700622,-5.2576036,0.73334646,-3.6210198
1355994700662,-4.7989397,-0.41819048,-0.43185937
1355994700702,-1.9922624,10.443593,-0.242562
1355994700742,-0.36204004,10.271591,2.9775023
1355994700782,-4.0689754,4.861693,1.0364548
1355994700822,-2.3409424,-1.2521739,2.56727
1355994700862,9.078339,-4.4717174,2.839824
1355994700902,11.222448,-6.0384955,3.930124
1355994700942,8.2566805,-6.971637,4.269926
1355994700982,6.8379803,-7.5549345,-1.2035303
1355994701041,2.4200826,-3.9478645,-10.939537
1355994701064,-2.9570045,-2.9780664,-13.487389
1355994701104,-3.4177556,-4.8656735,-9.491764
1355994701144,-0.6163907,-4.874158,-5.6721563
1355994701184,-7.077031,8.177016,-3.2696857
1355994701224,14.802271,-5.224681,6.5188065
1355994701264,-7.139222,6.6652336,6.9773927
1355994701303,-4.3101645,0.44940186,1.4204443
1355994701342,2.9127326,2.0209403,4.3567023
1355994701382,-1.1206136,0.22451639,3.459303
1355994701423,0.6240454,-0.41266108,2.9000788
1355994701462,0.120458126,-0.002521515,3.5250916
1355994701502,-0.8782158,1.0505834,2.0358267
1355994701543,-0.62928724,0.77785397,-0.48375034
1355994701582,-5.312458,1.6456928,1.0170363
1355994701622,-4.5116606,2.6879501,-2.9520016
1355994701662,-4.8353767,0.10341263,-3.2712123
1355994701702,-5.662899,1.9542332,-0.6213463
1355994701742,-2.134027,11.825117,2.366454
1355994701783,-0.824245,10.4806385,4.2423334
1355994701822,-5.8366017,1.4329038,-1.4511395
1355994701862,2.2346315,-2.3773227,3.4556427
1355994701902,12.034649,-5.65031,2.9634233
1355994701942,11.91756,-6.6827583,4.6489916
1355994701982,9.243922,-7.5018663,3.7364883
1355994702040,6.7246084,-7.7175083,-1.9762695
1355994702064,-4.946417,-1.9771872,-16.824064
1355994702104,-6.0365577,-2.7744994,-12.610347
1355994702144,2.2746012,-6.8571477,-6.698962
1355994702184,1.5613282,-2.6765528,1.1874428
1355994702224,-3.7641907,3.0745397,2.2669268
1355994702264,16.273195,-6.3874073,8.552806
1355994702304,-10.978679,7.489974,1.8681216
1355994702344,-1.4222441,1.9945121,2.1430626
1355994702384,4.6430297,3.0736408,3.583604
1355994702414,-2.8211112,0.8180485,2.8595726
1355994702454,-1.9872165,-0.61016846,1.8956046
1355994702494,-0.37466383,0.3684287,3.5076501
1355994702534,-1.3675804,2.3037128,-0.090797424
1355994702574,-1.5013804,1.1488886,-1.0016117
1355994702614,-5.4727364,1.892581,0.49594378
1355994702654,-4.8385735,3.1593523,-3.1202183
1355994702694,-6.817478,0.7495737,-2.6043186
1355994702734,-5.05729,2.5945797,-2.5272245
1355994702792,-0.76783943,9.06721,3.0484152
1355994702813,-1.2001677,9.383923,1.3293941
1355994702853,-4.503038,2.384881,1.8304532
1355994702891,-1.2342639,-2.0973177,2.0096812
1355994702933,9.160915,-4.247293,2.7413797
1355994702973,11.814412,-5.7574244,3.8011777
1355994703043,9.911636,-6.933405,3.9559698
1355994703064,6.0292788,-6.7332606,-2.6880233
1355994703104,-2.2910395,-1.2307272,-13.641571
1355994703144,-6.725764,-5.1286683,-11.565697
1355994703184,-0.9252753,-6.171009,-6.9813495
1355994703224,-5.245816,3.9465938,-5.501441
1355994703264,6.707324,-0.8042002,1.2374654
1355994703304,8.541491,5.2936587,8.981407
1355994703344,-12.942653,3.6004572,-1.5356674
1355994703384,0.6402335,1.8270049,4.377434
1355994703424,1.7832234,1.2644868,3.9404821
1355994703464,-2.260736,-0.8132653,1.9931921
1355994703504,0.114917755,-0.6395488,2.96706
1355994703544,-1.3678079,0.37349272,3.1269517
1355994703584,-0.6145201,0.3956437,-0.02450347
1355994703622,-1.3411379,0.8269634,1.802135
1355994703662,-4.3808527,0.7271743,-1.7246357
1355994703703,-3.2957044,1.2832031,-1.4370161
1355994703742,-7.9662666,-1.188714,-0.078258276
1355994703783,-1.5459394,5.7711287,-2.8531027
1355994703822,-0.38543272,10.821475,3.5454092
1355994703862,-2.3934216,8.695294,3.139872
1355994703902,-5.6979494,1.6444674,-0.5932381
1355994703942,4.189949,-1.7402363,3.111218
1355994703982,12.323396,-6.3651953,3.455073
1355994704040,10.348875,-7.1982174,3.9200864
1355994704064,8.729433,-7.8281317,3.708902
1355994704104,5.8376493,-7.2093706,-4.144132
1355994704144,-4.5900474,-1.7970209,-15.610477
1355994704184,-6.3461223,-5.3560624,-10.814978
1355994704224,0.32555008,-6.8882356,-7.0536737
1355994704264,-2.343019,1.473207,0.86503047
1355994704304,4.0477057,-0.8257947,-0.8788614
1355994704344,6.112067,3.5331683,9.6201315
1355994704384,-12.668636,2.8713002,-1.6101599
1355994704424,1.4023972,2.321145,4.4728446
1355994704464,2.643524,2.1139913,2.5447156
1355994704504,-2.2006917,-0.101790905,2.5255098
1355994704544,0.3031845,-0.075090885,2.9832046
1355994704584,0.42782688,1.1500564,2.3386505
1355994704624,-0.34085178,1.2787457,0.71817374
1355994704664,-4.057076,0.9964533,0.2848078
1355994704704,-4.009444,1.8135223,-0.5179111
1355994704744,-3.285513,2.601201,-2.4191294
1355994704788,-6.461997,-0.52275133,-0.30144966
1355994704822,-2.0433064,6.3582373,-2.557938
1355994704862,-1.0410409,10.782295,2.5224962
1355994704902,-1.0108223,8.771854,5.2110133
1355994704942,-5.0728254,0.2728443,-0.7869483
1355994704982,4.657653,-3.943314,3.3075187
1355994705037,11.689312,-5.2988386,2.7143486
1355994705064,11.469958,-6.380617,3.7008638
1355994705104,8.341439,-7.334592,2.9617825
1355994705144,6.4839377,-6.923937,-4.141922
1355994705184,-5.832741,-2.0376015,-14.949914
1355994705224,-9.246922,-4.5026126,-12.476652
1355994705264,1.2555213,-6.2751446,-7.184398
1355994705304,-1.1657157,4.8406935,-2.9403307
1355994705344,3.4882545,-2.9185534,1.1708311
1355994705384,5.391265,4.478255,7.7021284
1355994705422,-11.828218,3.5976567,0.42246294
1355994705462,2.2087576,2.3530903,3.8779361
1355994705502,0.72571945,2.0625634,4.572273
1355994705543,-2.693118,0.10848093,3.1189098
1355994705582,1.529567,-0.617692,3.7124405
1355994705622,0.053171635,0.3944397,3.5604854
1355994705662,-1.1544724,0.5398307,-0.18148994
1355994705702,-0.96397877,1.4309587,1.6796007
1355994705742,-4.7798815,0.47559452,-1.0143929
1355994705801,-3.564097,0.97993135,-2.2890582
1355994705823,-4.108294,-0.9909396,-3.0565164
1355994705863,-5.2555046,0.30383778,0.054743886
1355994705901,-2.3295336,10.648083,0.9176555
1355994705943,0.37562513,10.151323,3.1921751
1355994705982,-5.342778,3.298399,0.38419956
1355994706033,0.2871871,-1.4120669,3.4662254
1355994706064,8.674723,-4.8285303,2.5642912
1355994706104,11.672879,-6.183549,4.1066
1355994706144,8.903036,-7.472097,3.7672415
1355994706184,6.937021,-7.5178423,-1.4798467
1355994706224,1.3694849,-3.8977551,-11.274734
1355994706264,-7.363739,-2.8213968,-14.014794
1355994706304,-1.8205504,-5.7976475,-8.287597
1355994706344,-4.0798364,1.6487703,-5.2031355
1355994706384,4.333757,1.2512941,0.093462646
1355994706424,11.051689,2.443079,5.2109995
1355994706464,-11.974348,3.4392757,-0.8108525
1355994706504,1.7778735,1.06885,3.0684955
1355994706544,1.6753998,1.9238348,3.6217034
1355994706584,-3.0835772,-0.119069576,3.7866797
1355994706623,0.042769432,-0.5717139,2.0958972
1355994706663,0.2596941,0.17525959,4.2812862
1355994706703,-0.41814756,0.6410742,2.2202544
1355994706743,-1.2709684,0.6898079,0.46199918
1355994706783,-5.453489,0.6692977,1.8751262
1355994706823,-3.842814,2.156023,-0.7365886
1355994706862,-6.3676796,0.23020458,-1.4434112
1355994706902,-3.4786172,0.9229574,-1.9191709
1355994706942,0.37451553,8.404226,0.029022336
1355994706982,-1.2072482,9.888733,3.069669
1355994707034,-2.847148,4.810738,3.0194645
1355994707064,-3.4878664,-0.31437635,0.4914009
1355994707104,7.0097713,-3.2107892,1.7038696
1355994707144,11.895203,-6.0581527,3.0701475
1355994707184,8.665928,-6.8313646,3.8472655
1355994707224,7.127822,-7.2973886,0.7280023
1355994707264,4.5072975,-4.9285717,-6.798923
1355994707294,-7.0187783,-2.7840004,-14.497618
1355994707334,-5.35204,-4.0843086,-11.254858
1355994707374,0.53425694,-4.774232,-6.0624447
1355994707414,-9.269871,8.151054,-6.8270493
1355994707454,17.741184,-5.2777357,4.1651983
1355994707494,-3.9677448,7.362733,10.52272
1355994707534,-7.368025,-0.030274391,-3.1123757
1355994707574,3.6095314,2.4505892,4.938123
1355994707614,-1.9519792,-0.0125107765,4.1493955
1355994707654,-2.0006113,-0.7760787,3.416513
1355994707692,0.47362328,-0.4232602,2.5837822
1355994707732,-0.48128653,0.47149277,2.4561281
1355994707772,-0.03125,-0.3665948,1.5807688
1355994707812,-2.496436,-0.20578384,2.5109956
1355994707852,-3.444149,1.8061657,-0.21520352
1355994707892,-4.064124,1.5714827,-1.7066641
1355994707932,-6.445898,-0.6741729,-0.9411478
1355994707973,-2.8422546,2.1744595,-3.090085
1355994708013,0.30832577,8.296181,0.8384237
1355994708054,0.19365215,10.570852,3.3738117
1355994708094,-2.4142332,4.0063252,1.0175898
1355994708134,-2.331759,-1.8281288,0.9062962
1355994708174,8.20689,-3.5533834,2.8080006
1355994708214,12.053824,-6.3286066,3.2341104
1355994708254,8.533819,-6.460199,3.1536498
1355994708294,6.387726,-7.1098986,-1.5431774
1355994708334,1.5642605,-3.9922118,-9.555982
1355994708374,-5.724333,-3.9169846,-13.140164
1355994708414,-3.7195935,-5.7815733,-8.465469
1355994708444,-0.09027386,-3.5067348,-2.8481987
1355994708483,-7.3270493,9.026705,-4.1630936
1355994708522,16.455662,-6.304467,6.514797
1355994708562,-6.58313,7.788534,6.236385
1355994708602,-6.580317,-0.25402975,-1.1177123
1355994708642,3.8314023,2.6167006,4.0591908
1355994708682,-1.7384052,0.937994,2.681573
1355994708722,-0.6657767,-0.5589018,2.348425
1355994708781,0.04478216,-0.3661275,3.510126
1355994708803,0.16418695,1.0763664,3.5122178
1355994708843,-1.9197373,0.5823946,-1.9554365
1355994708881,-4.2674475,0.32649755,1.6289816
1355994708923,-4.3744745,1.5840378,-0.5765532
1355994708963,-4.3929873,1.1732459,-3.3674393
1355994709002,-5.7791576,-0.6056814,-1.1219287
1355994709046,-0.8816538,7.9211493,-0.80504084
1355994709084,0.3176775,10.549444,2.509976
1355994709124,-1.3423505,6.6682277,2.266059
1355994709164,-3.8845348,-0.831974,0.26130635
1355994709204,6.4239726,-4.255837,2.3876355
1355994709244,12.131115,-5.8522725,3.2165189
1355994709284,9.321579,-6.597172,4.000257
1355994709324,7.2591767,-7.539714,1.3976209
1355994709364,1.933855,-4.935312,-9.3792
1355994709404,-7.6818504,-3.0842905,-14.824712
1355994709444,-3.3752718,-4.700762,-9.727873
1355994709484,0.6032462,0.05104637,-7.089433
1355994709524,-3.8846617,3.8650484,-1.2918471
1355994709564,14.249928,-3.3660476,5.663218
1355994709604,-8.527974,7.4901996,6.0537405
1355994709644,-2.4415312,-0.529264,0.0659523
1355994709684,2.7692077,2.3285122,5.5502014
1355994709722,-2.1576757,-0.5875044,3.6141887
1355994709763,-0.5795665,-0.5612016,2.2306876
1355994709802,0.83248997,0.17918873,3.7094798
1355994709842,-0.04974079,1.4715939,2.8988814
1355994709882,-1.0497422,1.4213972,-0.6723783
1355994709922,-5.3764453,0.26394272,0.5628022
1355994709962,-4.0134706,1.1967325,-2.4338713
1355994710002,-5.4001856,-0.21392822,-0.52453005
1355994710046,-6.178955,1.2191558,-0.6987449
1355994710084,-0.44104338,10.300554,0.9284993
1355994710124,-0.017214298,11.4039955,2.927939
1355994710164,-3.3141723,4.559114,1.6524426
1355994710204,-0.7992048,-1.7859464,2.4541311
1355994710244,10.163664,-5.6208043,3.1964648
1355994710284,12.028545,-7.1339355,3.7148354
1355994710314,8.623962,-7.527378,3.985197
1355994710352,7.460291,-8.310625,1.5939059
1355994710392,1.3524437,-4.020117,-12.717693
1355994710432,-7.1161337,-3.2562819,-13.936146
1355994710472,-1.8620534,-6.4668374,-8.436627
1355994710513,2.4080849,-6.2531652,0.536756
1355994710552,-4.955161,7.6573157,-0.5928168
1355994710592,17.241358,-8.994356,8.09741
1355994710632,-7.6867986,9.14542,5.225081
1355994710673,-6.1367397,0.70613337,-0.3069408
1355994710712,4.180949,3.2964673,3.559587
1355994710752,-0.92442083,0.8112321,1.0447276
1355994710792,-0.11088896,-1.3722258,2.1520376
1355994710832,-1.3467121,0.84078836,2.891401
1355994710872,-2.404232,0.98555136,-1.559918
1355994710912,-1.3414865,2.4918032,0.26527083
1355994710952,-4.8426013,2.6745882,-0.9948448
1355994710992,-5.814717,1.8647356,-3.3771124
1355994711038,-6.078193,-0.61569023,-1.4794106
1355994711074,-4.636625,4.4234667,-1.7424729
1355994711114,-1.2165732,10.209062,2.571068
1355994711154,-2.450325,10.446493,4.5307016
1355994711194,-5.4492636,1.7163777,-0.4754609
1355994711234,3.392624,-2.8481412,3.3215218
1355994711274,13.038677,-5.891921,3.0522144
1355994711313,11.270685,-7.145241,4.425448
1355994711352,8.329501,-7.247231,3.065096
1355994711392,5.874833,-5.7457256,-4.8930645
1355994711432,-4.5650053,-1.4536295,-15.269087
1355994711472,-4.71619,-5.2299156,-10.645618
1355994711513,0.7010851,-8.021763,-6.4937425
1355994711552,-3.176165,3.1377058,0.48660704
1355994711593,7.173793,-2.354814,1.0445573
1355994711632,7.3721504,5.018078,9.215359
1355994711673,-12.446836,1.9089932,-1.0254402
1355994711713,-0.25228357,1.7457075,4.664861
1355994711771,2.8352394,1.9279399,2.4937286
1355994711793,-2.259375,0.55219126,1.8430276
1355994711833,0.7059889,-0.08110809,2.65577
1355994711871,0.453578,0.9790287,4.128072
1355994711913,-0.97881174,1.809186,-1.0662775
1355994711952,-3.5026684,1.0485444,-0.4394728
1355994711992,-5.126652,1.2945166,-0.7408241
1355994712036,-4.6315403,1.5295534,-2.5994265
1355994712074,-6.3405204,-1.2827973,-1.0369174
1355994712114,-2.3251114,6.1627264,-1.6914008
1355994712154,-0.86458826,10.7387905,1.8415428
1355994712194,-0.6213584,8.694826,1.7097781
1355994712234,-4.49489,1.0708704,1.4303589
1355994712274,2.2198873,-4.3591914,2.112389
1355994712314,10.567125,-5.5663166,3.3041852
1355994712354,12.020058,-6.774925,4.548207
1355994712394,7.4877396,-7.445076,3.7513995
1355994712434,4.831706,-6.8774776,-4.934638
1355994712474,-3.5012126,-2.4727898,-14.793706
1355994712513,-4.917765,-2.2578287,-11.311591
1355994712553,2.60847,-7.156423,-6.7943254
1355994712592,-4.419291,3.1522117,-1.2109697
1355994712632,4.2770176,-1.785572,0.071529865
1355994712673,8.278446,3.1112618,8.83306
1355994712712,-12.708133,4.304557,-1.1781611
1355994712752,-0.7145481,1.8501687,4.5930204
1355994712792,2.729776,1.9256086,3.2094736
1355994712833,-1.9467835,-0.161582,2.7970939
1355994712873,0.9187648,-1.4538603,3.7270038
1355994712912,-0.74852943,0.9288478,3.9119227
1355994712952,-1.2494302,0.51134586,-0.3921795
1355994712993,-1.9627752,1.8853788,0.9764719
1355994713032,-5.6629734,1.7981138,-0.89517355
1355994713072,-6.1678753,1.585773,-1.0568271
1355994713113,-6.8276167,0.31491566,-1.5153003
1355994713152,1.149879,6.0739503,-2.3809216
1355994713192,-0.4156866,9.310836,2.7503633
1355994713232,-1.6213837,7.686864,4.1817193
1355994713272,-4.830242,0.11235809,-1.3968965
1355994713312,2.872364,-3.5709224,2.6444645
1355994713352,11.359988,-5.263214,3.611615
1355994713392,11.349966,-6.1201744,4.333022
1355994713432,7.0769434,-7.253113,2.1570106
1355994713472,4.662918,-6.8069553,-7.278176
1355994713512,-5.099629,-3.8105164,-14.1823845
1355994713552,-4.328148,-3.7498345,-10.370182
1355994713593,1.9636445,-4.7006693,-6.9738526
1355994713632,-7.96639,8.282549,-4.593871
1355994713673,18.079664,-6.932296,5.3105016
1355994713712,-5.9809504,9.119137,8.547531
1355994713752,-7.4215374,-0.30684185,-3.4657423
1355994713792,2.8431592,3.2009592,4.8171144
1355994713832,-0.37283802,0.37405634,3.025625
1355994713872,-1.6331253,-0.54232407,2.3582342
1355994713912,0.8664894,-0.1052227,3.238664
1355994713952,-1.0785985,0.680037,3.5432575
