1355994733291,-0.8036005,10.18802,-0.6537767
1355994733330,-0.61291564,9.997335,-0.38136974
1355994733370,-0.7218784,10.228881,-0.23154591
1355994733411,-0.8036005,9.956474,0.38136974
1355994733450,-0.84446156,10.310603,-0.5720546
1355994733490,-0.7218784,9.997335,-0.38136974
1355994733531,-0.7218784,10.079058,-0.3405087
1355994733570,-0.6946377,10.119919,-0.29964766
1355994733610,-0.7218784,10.147159,-0.23154591
1355994733651,-0.7218784,10.038197,0.040861044
1355994733690,-0.7218784,10.079058,-0.46309182
1355994733730,-0.6946377,10.038197,-0.50395286
1355994733770,-0.88532263,10.18802,-0.61291564
1355994733811,-0.7218784,9.997335,0.42223078
1355994733850,-0.7218784,10.119919,0.5720546
1355994733892,-0.8036005,10.228881,-0.08172209
1355994733930,-0.5720546,9.888372,0.08172209
1355994733970,-0.6946377,10.269742,0.23154591
1355994734010,-0.61291564,10.269742,-0.08172209
1355994734050,-0.50395286,10.310603,-0.38136974
1355994734090,-0.50395286,10.147159,-0.7627395
1355994734130,-0.38136974,10.119919,-0.61291564
1355994734170,-0.19068487,10.18802,-0.19068487
1355994734226,-0.23154591,10.269742,0.313268
1355994734250,-0.27240697,10.147159,-0.10896278
1355994734290,-0.3405087,10.147159,-0.08172209
1355994734320,-0.3405087,10.079058,-0.19068487
1355994734350,-0.53119355,10.119919,-0.14982383
1355994734380,-0.6946377,10.079058,0.08172209
1355994734410,-0.6946377,10.038197,0.08172209
1355994734440,-0.7218784,9.915613,0.040861044
1355994734470,-0.88532263,9.765789,-0.0
1355994734510,-1.525479,10.119919,0.10896278
1355994734550,-1.3075534,10.18802,-0.10896278
1355994734590,-0.7218784,9.956474,-0.42223078
1355994734630,-1.7570249,9.765789,-0.29964766
1355994734660,-2.7513103,10.378705,-0.23154591
1355994734700,-2.0294318,10.119919,-0.19068487
1355994734730,-0.84446156,9.697687,0.08172209
1355994734770,-1.525479,9.615966,0.61291564
1355994734800,-2.3426998,9.615966,-0.0
1355994734840,-2.2609777,9.615966,-0.29964766
1355994734880,-1.920469,9.507003,-0.29964766
1355994734920,-1.879608,9.656827,0.08172209
1355994734960,-1.4982382,9.724928,0.42223078
1355994735000,-1.8387469,10.419566,0.5720546
1355994735040,-2.6014864,11.454713,-0.50395286
1355994735080,-3.9499009,11.645397,-2.3699405
1355994735120,-5.9793324,11.876944,-0.3405087
1355994735160,-2.6832085,12.299174,-1.920469
1355994735226,2.070293,11.958665,-2.070293
1355994735241,0.27240697,14.015338,0.19068487
1355994735280,0.42223078,13.947236,0.38136974
1355994735310,-1.607201,11.958665,-2.2609777
1355994735350,-1.2258313,10.460427,-1.607201
1355994735389,-1.1849703,9.084772,-1.7297841
1355994735420,1.5390993,7.8589406,-0.8036005
1355994735461,1.6889231,5.7886477,-0.29964766
1355994735500,-1.3756552,5.243834,-1.6889231
1355994735541,-1.0760075,5.6252036,-1.920469
1355994735580,-1.525479,5.7886477,-4.5219555
1355994735621,-4.3312707,7.6954966,-10.760075
1355994735660,-5.284695,10.732834,-10.95076
1355994735701,-1.8387469,7.6273947,-6.851035
1355994735740,-1.7570249,12.598822,-1.3756552
1355994735781,-2.7513103,9.724928,-3.6774938
1355994735820,9.697687,2.8738933,3.173541
1355994735860,-7.43671,15.854085,2.1792557
1355994735900,-1.1849703,8.689782,-3.3642259
1355994735940,0.6946377,9.193735,0.3405087
1355994735980,-2.7513103,7.8861814,-1.0760075
1355994736020,-2.7921712,8.580819,-0.50395286
1355994736060,-2.2609777,9.275456,-1.525479
1355994736100,-2.1383946,9.615966,-0.19068487
1355994736140,-0.61291564,10.419566,-0.50395286
1355994736180,-2.0294318,11.032481,-1.7978859
1355994736225,-2.9147544,12.217452,-2.1383946
1355994736260,-3.9499009,11.917805,-2.9147544
1355994736300,-7.8589406,10.501288,-1.607201
1355994736330,-3.5276701,13.211738,-2.6832085
1355994736370,3.7864566,18.578154,1.3756552
1355994736400,2.2201166,16.317177,0.95342433
1355994736440,-2.5606253,14.056199,-1.9885708
1355994736470,-4.2904096,12.14935,-0.08172209
1355994736510,-0.8036005,8.240311,0.14982383
1355994736540,2.0294318,4.399372,0.3405087
1355994736580,3.0645783,3.718355,1.3756552
1355994736610,1.920469,3.173541,2.8738933
1355994736640,-0.5720546,3.3778462,0.92618364
1355994736680,-2.4108016,5.8976107,-5.8567495
1355994736722,-8.267551,12.680544,-13.143636
1355994736760,-7.4639506,11.495573,-12.789507
1355994736803,-1.6889231,7.1234417,-5.47538
1355994736840,-4.671779,17.815414,-1.8387469
1355994736880,8.662541,-0.50395286,-1.4165162
1355994736920,4.7943625,12.067628,8.894087
1355994736960,-9.997335,11.454713,-6.510526
1355994737000,1.0351465,9.507003,0.7218784
1355994737040,-0.8036005,8.158588,-1.3756552
1355994737080,-3.1054392,8.076866,-1.4982382
1355994737121,-2.1111538,7.9270425,-0.9125633
1355994737160,-1.9885708,8.962189,-0.95342433
1355994737226,-2.3699405,10.18802,-0.8036005
1355994737242,-2.5333846,9.956474,-1.6889231
1355994737281,-3.718355,11.958665,-0.38136974
1355994737320,-4.140586,12.639683,-3.5957718
1355994737362,-9.534244,11.645397,-1.1168685
1355994737400,-0.6946377,13.947236,-3.1054392
1355994737441,5.284695,17.815414,1.4165162
1355994737480,-1.1849703,16.3989,0.84446156
1355994737520,-4.5219555,12.912089,-1.4982382
1355994737561,-2.1383946,9.615966,-0.29964766
1355994737600,1.7978859,4.862464,0.040861044
1355994737640,2.8330324,3.405087,1.607201
1355994737681,2.8330324,2.8330324,2.2201166
1355994737720,-0.19068487,4.1814466,-2.1383946
1355994737761,-5.284695,9.234595,-11.073342
1355994737800,-8.662541,12.299174,-15.322891
1355994737841,-3.214402,7.3549876,-7.082581
1355994737880,0.61291564,9.956474,-3.568531
1355994737922,-4.099725,11.563675,-2.2609777
1355994737960,10.760075,4.944186,3.1463003
1355994738000,-7.5865335,17.543009,5.134871
1355994738040,-2.2609777,9.466142,-5.6660647
1355994738080,-0.38136974,9.656827,0.61291564
1355994738121,-4.099725,7.9679036,-1.7570249
1355994738160,-2.4516625,6.932757,-1.1441092
1355994738227,-1.334794,8.240311,-0.50395286
1355994738240,-2.2201166,9.084772,-0.53119355
1355994738280,-2.3699405,9.152874,-2.5606253
1355994738320,-2.9556155,11.182305,-0.3405087
1355994738360,-1.3756552,13.0619135,-2.070293
1355994738400,-5.325556,12.830367,-3.6774938
1355994738441,-8.771504,11.114203,-1.56634
1355994738480,0.95342433,15.935807,-0.50395286
1355994738539,2.070293,18.087822,3.9499009
1355994738560,-1.7978859,16.358038,-2.4108016
1355994738602,-3.255263,12.9529505,1.607201
1355994738640,-0.50395286,6.4015636,0.46309182
1355994738684,3.9090397,2.9556155,0.7627395
1355994738731,2.4925237,2.9147544,2.4925237
1355994738770,-0.040861044,4.0180025,-1.607201
1355994738812,-4.5219555,8.19945,-8.771504
1355994738850,-6.4015636,9.193735,-10.882658
1355994738890,-5.8976107,10.147159,-11.536434
1355994738932,-1.4982382,10.991621,-6.469665
1355994738970,1.3756552,7.9270425,-0.14982383
1355994739010,5.8567495,5.053149,2.8738933
1355994739050,-6.3198414,16.507862,3.445948
1355994739090,-0.53119355,9.084772,-4.671779
1355994739130,0.61291564,9.466142,0.42223078
1355994739170,-1.7297841,6.5922484,-1.56634
1355994739226,-2.4925237,7.0553403,-0.14982383
1355994739260,-1.6889231,9.425281,-0.29964766
1355994739300,-2.9147544,9.615966,-2.9556155
1355994739340,-0.50395286,9.888372,-0.0
1355994739380,-3.568531,12.367276,-1.4165162
1355994739420,-3.6774938,13.184497,-3.718355
1355994739450,-6.238119,12.408136,-3.0237172
1355994739490,-7.8861814,11.182305,-1.334794
1355994739530,1.0760075,17.543009,0.7627395
1355994739570,3.1054392,18.659876,3.9499009
1355994739600,-2.1383946,16.317177,-1.6480621
1355994739640,-4.5219555,14.015338,3.1054392
1355994739680,-0.7627395,6.851035,0.84446156
1355994739720,5.434519,1.7297841,1.2666923
1355994739762,2.8330324,2.4925237,2.9147544
1355994739800,1.879608,2.5606253,1.4982382
1355994739842,-0.38136974,5.325556,-4.4810944
1355994739880,-12.9529505,14.328606,-18.155924
1355994739920,-7.8861814,10.95076,-8.921328
1355994739960,-2.3426998,11.182305,-5.5162406
1355994740000,-0.0,9.956474,-2.0294318
1355994740040,10.079058,2.2201166,3.486809
1355994740080,-5.09401,16.657684,7.3549876
1355994740120,-4.7943625,11.264028,-7.273266
1355994740160,-0.5720546,9.656827,0.27240697
1355994740227,-0.0,6.3198414,-2.0294318
1355994740240,-1.0760075,7.3549876,-1.3075534
1355994740280,-3.0645783,8.117727,-0.88532263
1355994740320,-0.6946377,10.147159,-0.23154591
1355994740360,-1.4165162,9.888372,-3.5957718
1355994740400,-4.140586,11.686258,-2.1111538
1355994740440,-3.9771416,12.721405,-1.7978859
1355994740480,-6.3607025,12.408136,-4.099725
1355994740520,-6.66035,13.443283,-2.8330324
1355994740560,5.134871,17.24336,0.84446156
1355994740600,-0.3405087,17.62473,2.1111538
1355994740640,-2.1111538,14.982383,-3.718355
1355994740680,-3.0237172,11.141444,0.95342433
1355994740720,1.0760075,5.2165933,0.19068487
1355994740760,3.5276701,2.152015,1.920469
1355994740800,3.568531,1.8387469,3.255263
1355994740840,1.0351465,3.405087,-0.10896278
1355994740880,-4.5219555,9.275456,-11.727119
1355994740920,-11.032481,13.0619135,-14.369467
1355994740960,-4.2086873,8.008764,-7.8589406
1355994741001,0.50395286,10.95076,0.7627395
1355994741040,0.313268,13.756551,-1.7978859
1355994741080,6.0201936,4.944186,6.5922484
1355994741121,-6.510526,15.322891,0.46309182
1355994741160,-0.14982383,10.378705,-1.4573772
1355994741227,-0.9942854,9.234595,-0.7627395
1355994741240,-2.3426998,6.469665,-2.1383946
1355994741280,-1.1168685,6.6331096,-1.2258313
1355994741320,-1.920469,8.308413,0.8036005
1355994741360,-1.3756552,10.147159,-3.1463003
1355994741400,-1.2666923,11.073342,-2.070293
1355994741440,-3.9090397,12.680544,-2.6014864
1355994741480,-4.7126403,13.0619135,-3.0645783
1355994741520,-6.8237944,11.223166,-3.336985
1355994741561,-3.5276701,15.431854,-0.6946377
1355994741600,4.6036777,17.692831,3.214402
1355994741641,-0.7218784,16.630445,-2.0294318
1355994741680,-3.5276701,13.633968,0.3405087
1355994741720,-0.84446156,7.3958488,0.6537767
1355994741760,3.2961242,3.214402,1.0760075
1355994741800,2.4516625,2.1792557,1.879608
1355994741840,1.2258313,2.5606253,1.9477097
1355994741880,-1.6480621,5.8976107,-6.2108784
1355994741922,-8.471856,11.836082,-14.859799
1355994741960,-7.246025,11.223166,-10.882658
1355994742001,-2.9147544,7.9270425,-5.243834
1355994742040,0.6946377,14.9006605,-2.0294318
1355994742080,10.337844,1.1849703,5.6660647
1355994742120,-2.9556155,17.733692,5.6252036
1355994742160,-6.0882955,10.18802,-2.7921712
1355994742228,2.7649305,8.812365,-0.040861044
1355994742240,-2.8330324,7.6954966,-1.7570249
1355994742280,-2.5606253,6.66035,-0.6537767
1355994742320,-0.08172209,7.8589406,-0.10896278
1355994742360,-0.10896278,10.310603,-1.6889231
1355994742400,-2.9147544,10.882658,-1.9885708
1355994742440,-4.7943625,11.836082,-3.0237172
1355994742480,-4.5628166,12.299174,-2.3426998
1355994742520,-7.3549876,10.95076,-3.5957718
1355994742560,-5.7886477,14.246883,-1.4982382
1355994742600,5.407278,19.463476,2.4925237
1355994742630,2.5333846,17.079916,1.0760075
1355994742670,-2.9556155,14.015338,-4.9850473
1355994742710,-2.9147544,11.413852,0.50395286
1355994742750,0.9942854,5.407278,-0.0
1355994742790,3.173541,3.0645783,1.8387469
1355994742830,2.4925237,1.6480621,3.255263
1355994742870,0.46309182,3.1463003,0.6946377
1355994742910,-3.9499009,8.430995,-11.495573
1355994742952,-8.471856,12.571581,-15.622539
1355994742990,-4.2904096,9.724928,-9.697687
1355994743032,-4.372132,16.88923,-11.686258
1355994743070,13.565866,-4.944186,4.671779
1355994743110,0.5720546,14.859799,8.689782
1355994743150,-9.615966,11.604536,-6.932757
1355994743190,2.3018389,9.724928,0.42223078
1355994743231,-4.5219555,9.234595,-1.6480621
1355994743271,-2.9556155,6.742072,-2.3426998
1355994743310,0.19068487,6.3198414,-1.1168685
1355994743350,-1.525479,8.689782,0.10896278
1355994743390,0.08172209,9.507003,-3.1463003
1355994743430,-2.8330324,10.841797,-1.2258313
1355994743470,-4.4810944,12.4489975,-1.7978859
1355994743510,-4.5219555,12.762266,-3.1054392
1355994743550,-6.851035,10.882658,-4.140586
1355994743590,-3.445948,13.824653,-1.2666923
1355994743630,5.434519,19.109348,2.5606253
1355994743670,0.42223078,16.548723,0.92618364
1355994743710,-4.2904096,14.015338,-3.8273177
1355994743750,-1.1441092,9.534244,-0.38136974
1355994743790,1.9477097,3.636633,0.27240697
1355994743830,2.9556155,2.9147544,2.8330324
1355994743870,0.7218784,2.152015,2.5333846
1355994743910,-0.46309182,3.990762,-1.607201
1355994743950,-3.9771416,10.119919,-9.084772
1355994743990,-8.962189,12.571581,-15.173067
1355994744031,-5.47538,8.62168,-8.117727
1355994744070,-1.7978859,7.0553403,-4.2086873
1355994744112,-3.718355,17.474907,-6.2108784
1355994744150,10.460427,-1.879608,5.134871
1355994744190,-4.1814466,16.467001,4.372132
1355994744232,-3.1463003,10.079058,-3.2961242
1355994744270,-0.61291564,10.18802,-0.08172209
1355994744310,-2.7240696,8.281172,-1.1168685
1355994744350,-0.9942854,7.3958488,-1.879608
1355994744390,-0.95342433,6.8237944,-1.9477097
1355994744430,-1.920469,8.539958,2.1792557
1355994744470,-1.0351465,9.724928,-3.5276701
1355994744510,-3.8681788,11.141444,-2.4516625
1355994744551,-3.7864566,12.830367,-1.525479
1355994744590,-5.6660647,13.211738,-4.671779
1355994744631,-7.5865335,11.958665,-3.3642259
1355994744670,2.6832085,17.311462,-0.6946377
1355994744710,2.982856,18.659876,3.5957718
1355994744750,-2.3426998,15.363752,-3.759216
1355994744791,-4.944186,12.762266,-0.53119355
1355994744830,0.38136974,6.469665,0.3405087
1355994744870,4.0180025,2.5333846,1.6889231
1355994744910,3.2961242,1.3075534,3.5276701
1355994744950,1.9477097,1.9477097,3.3778462
1355994744990,-2.7921712,6.2789803,-8.049625
1355994745030,-10.691973,14.750836,-17.502148
1355994745070,-4.7535014,9.697687,-10.079058
1355994745112,-0.29964766,10.528529,-7.1234417
1355994745150,-0.38136974,10.528529,-0.29964766
1355994745190,10.691973,2.8738933,2.6423476
1355994745236,-7.8180795,17.352324,4.1814466
1355994745270,-3.445948,9.997335,-4.5219555
1355994745311,-0.08172209,9.915613,-0.46309182
1355994745350,-2.6832085,7.6273947,-2.070293
1355994745390,-1.0351465,6.973618,-2.2201166
1355994745430,-0.6946377,6.973618,-0.7218784
1355994745470,-1.3075534,9.302697,1.2258313
1355994745510,-1.0760075,10.18802,-4.0588636
1355994745550,-3.405087,11.563675,-1.56634
1355994745590,-5.284695,13.484144,-3.1054392
1355994745630,-6.2108784,13.715691,-4.3312707
1355994745670,-7.3958488,12.4489975,-2.6832085
1355994745710,5.053149,16.358038,0.10896278
1355994745750,0.5720546,17.62473,3.568531
1355994745790,-2.7513103,15.173067,-2.5606253
1355994745830,-4.5219555,12.762266,0.50395286
1355994745870,1.6480621,5.6252036,0.27240697
1355994745910,3.1054392,3.1463003,1.879608
1355994745950,3.3778462,1.3756552,3.486809
1355994745990,1.8387469,2.7240696,1.2258313
1355994746030,-1.7570249,8.390134,-9.615966
1355994746072,-10.378705,14.369467,-16.126492
1355994746110,-5.407278,8.853226,-10.106298
1355994746151,-1.2666923,7.082581,-5.8158884
1355994746190,-4.630918,15.472715,-3.718355
1355994746236,13.947236,-3.0237172,3.636633
1355994746270,-2.982856,16.630445,9.765789
1355994746310,-6.742072,11.223166,-7.014479
1355994746350,2.2201166,10.119919,0.313268
1355994746390,-3.2961242,8.240311,-1.2258313
1355994746430,-1.4165162,6.932757,-1.9885708
1355994746470,-0.7627395,6.6331096,1.7297841
1355994746510,-0.19068487,9.615966,-2.4108016
1355994746550,-2.3426998,9.724928,-1.9477097
1355994746590,-3.8273177,11.958665,-1.525479
1355994746630,-5.284695,13.211738,-2.1383946
1355994746670,-6.2108784,13.102775,-4.7126403
1355994746710,-5.202973,12.789507,-2.070293
1355994746750,4.630918,18.34661,0.53119355
1355994746790,0.88532263,17.856276,2.982856
1355994746830,-2.4925237,14.015338,-3.9499009
1355994746870,-2.9147544,10.95076,-0.0
1355994746910,0.84446156,4.7126403,0.313268
1355994746950,3.568531,2.5606253,2.1111538
1355994746990,2.4516625,1.6480621,3.2961242
1355994747030,0.27240697,3.486809,-0.29964766
1355994747070,-3.9499009,9.507003,-11.727119
1355994747112,-9.152874,11.495573,-14.369467
1355994747150,-5.434519,9.384419,-8.117727
1355994747192,0.95342433,9.997335,-6.1291566
1355994747236,1.879608,9.343558,0.14982383
1355994747272,6.891896,1.9885708,5.47538
1355994747310,-9.00305,15.173067,-2.6423476
1355994747350,1.7570249,8.471856,-2.8330324
1355994747392,-1.7978859,10.56939,-1.1168685
1355994747430,-4.0180025,7.3958488,-1.56634
1355994747470,-0.84446156,7.164303,-1.7570249
1355994747510,-1.1168685,7.504812,-2.9147544
1355994747551,-1.56634,9.00305,-0.53119355
1355994747590,-1.1849703,8.349273,-1.2258313
1355994747631,-3.445948,11.032481,-1.56634
1355994747670,-3.0237172,13.293459,-0.50395286
1355994747710,-7.504812,14.137921,-3.5276701
1355994747750,-5.243834,14.246883,-4.440233
1355994747790,6.1291566,16.43976,-0.7218784
1355994747830,0.42223078,18.087822,3.8273177
1355994747870,-1.0760075,14.056199,-4.440233
1355994747910,-3.8273177,11.182305,-0.0
1355994747950,0.50395286,5.6660647,0.42223078
1355994747990,3.5957718,2.6014864,1.7297841
1355994748030,2.3699405,1.607201,4.2904096
1355994748070,-0.8036005,2.6014864,0.8036005
1355994748110,-2.9556155,7.3141265,-9.466142
1355994748150,-9.425281,13.988097,-16.780268
1355994748190,-4.5900574,9.697687,-9.697687
1355994748240,-2.0294318,8.076866,-1.4165162
1355994748271,-3.405087,16.467001,-2.4516625
1355994748310,11.34575,-1.0760075,6.891896
1355994748350,-7.5865335,17.856276,4.140586
1355994748390,-2.2201166,9.724928,-3.486809
1355994748430,0.7218784,9.302697,-0.23154591
1355994748470,-3.2961242,7.6954966,-1.8387469
1355994748510,-1.1168685,6.4424243,-2.3426998
1355994748550,-1.334794,7.43671,0.53119355
1355994748590,-1.0760075,9.765789,-1.3756552
1355994748630,-2.3018389,9.343558,-3.8681788
1355994748670,-3.486809,12.4489975,-1.1849703
1355994748710,-3.5957718,14.1787815,-3.2961242
1355994748750,-6.6331096,11.876944,-3.759216
1355994748790,-3.214402,13.0619135,-2.070293
1355994748830,6.0201936,19.041246,3.568531
1355994748870,-1.56634,16.630445,-0.50395286
1355994748910,-5.202973,14.410328,-3.445948
1355994748950,-0.10896278,9.656827,0.42223078
1355994748990,3.214402,3.9090397,0.19068487
1355994749030,3.173541,2.3426998,2.6423476
1355994749070,1.334794,1.2258313,3.3778462
1355994749110,-0.46309182,3.7864566,-1.3756552
1355994749150,-6.428804,11.563675,-13.865514
1355994749192,-10.760075,13.252599,-14.669114
1355994749237,-2.4925237,6.0882955,-7.8180795
1355994749270,1.607201,9.343558,0.08172209
1355994749312,1.4573772,12.789507,-1.607201
1355994749350,4.630918,6.3198414,6.742072
1355994749392,-7.082581,16.317177,-0.61291564
1355994749430,0.14982383,9.656827,-2.2609777
1355994749472,-0.42223078,9.425281,-0.7627395
1355994749510,-2.5333846,7.205164,-2.1111538
1355994749550,-0.23154591,6.6331096,-2.0294318
1355994749590,-0.6537767,7.668256,0.84446156
1355994749630,-1.525479,9.697687,-1.7978859
1355994749670,-1.920469,10.119919,-3.718355
1355994749710,-2.9556155,12.176591,-1.3756552
1355994749740,-5.407278,13.633968,-2.3699405
1355994749784,-5.407278,13.143636,-5.434519
1355994749820,-6.932757,12.299174,-1.7978859
1355994749860,2.1792557,17.311462,-0.0
1355994749900,1.56634,16.739407,2.7240696
1355994749940,-3.718355,15.785983,-2.7921712
1355994749980,-3.9771416,12.721405,-0.38136974
1355994750020,0.84446156,6.2108784,0.42223078
1355994750060,3.3778462,2.9556155,1.607201
1355994750100,2.9147544,1.8387469,3.405087
1355994750140,1.4165162,2.7649305,2.070293
1355994750180,-1.1441092,6.469665,-7.246025
1355994750237,-7.504812,12.789507,-15.622539
1355994750260,-8.689782,11.727119,-10.882658
1355994750301,-3.2961242,4.671779,-6.0882955
1355994750342,0.95342433,11.413852,3.759216
1355994750380,-0.23154591,5.325556,-2.9147544
1355994750420,7.8180795,6.5922484,7.1234417
1355994750460,-8.539958,15.023244,-4.0588636
1355994750501,1.1168685,10.038197,-0.9942854
1355994750541,-0.8036005,8.62168,-1.4573772
1355994750580,-2.4108016,6.891896,-1.8387469
1355994750621,-0.040861044,6.701211,-1.3075534
1355994750660,-1.4982382,9.275456,0.6537767
1355994750700,-1.7978859,10.310603,-4.1814466
1355994750740,-3.1054392,10.460427,-2.7921712
1355994750780,-3.568531,12.408136,-1.9477097
1355994750820,-3.6774938,13.293459,-3.9771416
1355994750860,-10.419566,11.645397,-3.1463003
1355994750900,2.8738933,17.474907,-0.95342433
1355994750940,4.0180025,18.155924,3.990762
1355994750980,-2.2609777,15.28203,-2.070293
1355994751020,-4.5900574,13.143636,-1.3075534
1355994751060,-0.08172209,7.082581,0.08172209
1355994751100,3.0237172,3.445948,0.46309182
1355994751140,3.255263,1.6889231,3.1054392
1355994751180,2.152015,1.879608,2.7921712
1355994751233,-2.9147544,7.082581,-7.3549876
1355994751270,-10.18802,13.565866,-16.548723
1355994751311,-6.742072,10.337844,-10.310603
1355994751350,-1.1168685,4.372132,-3.2961242
1355994751391,-0.38136974,15.935807,2.6014864
1355994751430,1.9477097,2.7921712,-4.2086873
1355994751470,5.284695,10.841797,8.499097
1355994751510,-10.460427,13.988097,-5.053149
1355994751550,0.92618364,9.112013,0.23154591
1355994751590,-1.4165162,7.7363577,-2.1792557
1355994751630,-1.920469,6.238119,-0.88532263
1355994751670,-1.334794,7.504812,0.38136974
1355994751710,-1.0760075,9.534244,-0.42223078
1355994751750,-2.2609777,10.119919,-2.9556155
1355994751790,-3.405087,11.264028,-1.607201
1355994751830,-5.012288,13.102775,-3.3642259
1355994751870,-5.434519,11.958665,-5.8976107
1355994751910,-7.246025,12.108489,-1.7570249
1355994751950,5.7477865,19.504337,2.0294318
1355994751990,2.1792557,17.474907,1.879608
1355994752030,-4.5628166,14.410328,-4.372132
1355994752070,-3.0645783,10.61025,0.3405087
1355994752110,2.1111538,3.568531,-0.08172209
1355994752150,3.759216,1.6889231,2.6014864
1355994752190,2.1111538,0.50395286,4.8216033
1355994752234,-0.27240697,3.445948,-0.8036005
1355994752272,-4.0588636,11.958665,-14.818938
1355994752310,-9.656827,11.223166,-11.985906
1355994752350,-4.5628166,6.891896,-7.7363577
1355994752390,-0.27240697,11.34575,0.8036005
1355994752430,1.6889231,6.8237944,-2.8330324
1355994752470,10.882658,1.0760075,5.938472
1355994752510,-9.275456,17.393185,0.08172209
1355994752550,0.14982383,9.343558,-2.3699405
1355994752590,-1.334794,9.724928,-0.95342433
1355994752630,-3.6774938,6.4424243,-1.9885708
1355994752670,0.23154591,6.2789803,-1.0760075
1355994752710,-1.2258313,8.308413,-0.10896278
1355994752750,-1.6480621,9.302697,-1.9477097
1355994752790,-3.636633,10.419566,-1.3756552
1355994752830,-3.0237172,12.639683,-1.9885708
1355994752870,-3.9090397,13.6748295,-2.7240696
1355994752910,-7.4639506,11.917805,-3.445948
1355994752950,-1.920469,13.906375,-3.445948
1355994752990,3.718355,18.04696,2.8330324
1355994753030,0.84446156,17.474907,0.6946377
1355994753070,-4.2086873,13.633968,-2.7240696
1355994753110,-3.173541,9.997335,-0.27240697
1355994753150,2.1111538,3.7864566,-0.040861044
1355994753190,2.8330324,2.4925237,2.152015
1355994753236,2.7921712,1.8387469,4.0180025
1355994753270,1.0351465,3.405087,0.08172209
1355994753312,-5.8158884,10.800936,-14.669114
1355994753350,-9.997335,11.75436,-13.988097
1355994753390,-3.9771416,7.3141265,-7.8180795
1355994753430,0.14982383,11.958665,-1.7978859
1355994753470,0.6946377,7.9679036,-3.173541
1355994753510,7.8861814,5.6252036,5.6252036
1355994753551,-9.575105,15.6634,-1.334794
1355994753590,0.53119355,9.425281,-1.7570249
1355994753631,-2.4516625,9.915613,-0.8036005
1355994753670,-3.1054392,6.932757,-2.0294318
1355994753710,0.61291564,7.0553403,-1.9885708
1355994753750,-0.9942854,8.771504,1.5390993
1355994753790,0.10896278,9.234595,-1.9477097
1355994753830,-3.2961242,11.454713,-3.255263
1355994753870,-5.938472,11.917805,-3.214402
1355994753910,-5.284695,12.340035,-3.718355
1355994753950,-7.273266,12.108489,-1.6889231
1355994753990,2.5333846,17.161638,-1.607201
1355994754030,2.8738933,18.155924,2.152015
1355994754070,-0.42223078,15.554437,-1.920469
1355994754110,-4.2904096,13.0619135,-2.2201166
1355994754150,-0.6537767,7.164303,-0.53119355
1355994754190,2.3018389,3.2961242,1.1441092
1355994754237,2.7649305,1.8387469,3.9090397
1355994754270,2.5333846,1.6480621,4.2086873
1355994754312,-1.4982382,5.47538,-5.325556
1355994754350,-9.615966,13.293459,-15.050485
1355994754391,-6.4015636,10.147159,-10.18802
1355994754430,-3.636633,8.19945,-6.891896
1355994754470,-3.336985,16.970953,-4.440233
1355994754510,9.997335,1.6889231,2.9556155
1355994754551,-3.9090397,15.023244,6.4015636
1355994754590,-6.238119,11.454713,-4.9850473
1355994754630,0.7627395,8.689782,-0.040861044
1355994754670,-2.070293,6.973618,-2.070293
1355994754710,-1.7570249,6.2108784,-1.6889231
1355994754750,-1.0351465,8.158588,-0.14982383
1355994754790,-0.95342433,9.112013,-1.56634
1355994754830,-1.8387469,10.732834,-2.070293
1355994754870,-3.9499009,11.917805,-2.0294318
1355994754910,-4.944186,12.721405,-2.982856
1355994754950,-7.43671,11.795221,-3.2961242
1355994754990,-1.2666923,15.213928,-1.607201
1355994755031,1.920469,18.115063,3.8273177
1355994755070,-0.46309182,17.62473,-4.8216033
1355994755113,-2.1792557,14.1787815,-1.7297841
1355994755150,-0.88532263,7.9270425,0.61291564
1355994755190,1.920469,3.6774938,0.46309182
1355994755243,2.9147544,1.0760075,3.1463003
1355994755271,2.4516625,1.0351465,4.440233
1355994755310,-1.1168685,4.3312707,-3.173541
1355994755350,-6.5922484,11.454713,-15.173067
1355994755391,-8.240311,12.4489975,-13.633968
1355994755430,-2.5333846,8.240311,-6.701211
1355994755472,-2.7513103,17.352324,-6.5513873
1355994755510,10.269742,-1.7570249,5.9793324
1355994755550,-5.325556,17.733692,5.284695
1355994755592,-4.2495484,11.34575,-3.445948
1355994755630,0.23154591,9.425281,-0.29964766
1355994755670,-3.173541,7.8180795,-2.1792557
1355994755710,-0.27240697,5.325556,-2.9556155
1355994755740,-0.19068487,7.082581,1.1849703
1355994755780,-0.6537767,9.534244,0.5720546
1355994755820,-1.6889231,10.228881,-3.9499009
1355994755860,-4.140586,11.563675,-1.607201
1355994755900,-4.5628166,12.680544,-1.56634
1355994755940,-5.8567495,12.299174,-5.706926
1355994755980,-7.4639506,12.598822,-1.4573772
1355994756020,2.152015,17.883516,1.920469
1355994756060,-0.27240697,17.856276,2.6832085
1355994756100,-0.7627395,16.017529,-3.718355
1355994756140,-2.4516625,12.639683,0.8036005
1355994756180,-0.3405087,6.5922484,0.23154591
1355994756241,2.982856,2.4108016,1.4573772
1355994756260,3.5957718,0.9942854,2.982856
1355994756300,1.6480621,2.2201166,1.4165162
1355994756340,-2.7240696,7.3549876,-7.205164
1355994756380,-8.962189,11.304889,-13.402422
1355994756420,-8.049625,10.61025,-10.228881
1355994756460,-2.1792557,10.501288,-6.701211
1355994756500,-2.7240696,14.015338,-2.6014864
1355994756542,11.563675,0.7627395,4.903325
1355994756579,-10.079058,16.930092,-0.7627395
1355994756622,0.08172209,9.466142,-2.1111538
1355994756672,-2.4108016,8.076866,-0.95342433
1355994756710,-2.7513103,6.4015636,-1.525479
1355994756750,-0.7218784,7.205164,-2.1383946
1355994756790,-2.2609777,8.390134,-0.46309182
1355994756830,-0.23154591,9.302697,-0.88532263
1355994756870,-2.070293,10.991621,-2.2201166
1355994756910,-4.399372,12.108489,-1.6480621
1355994756950,-3.7864566,13.0619135,-3.214402
1355994756990,-7.8861814,11.032481,-3.3642259
1355994757030,-2.5333846,15.023244,-0.38136974
1355994757070,3.486809,18.700737,2.7240696
1355994757110,1.2666923,17.502148,-1.334794
1355994757150,-1.0351465,13.33432,-3.2961242
1355994757190,-2.4108016,9.425281,0.95342433
1355994757236,1.0351465,4.399372,0.10896278
1355994757270,3.0237172,2.3426998,3.2961242
1355994757310,1.879608,1.7297841,3.5957718
1355994757352,-0.8036005,3.990762,-0.6537767
1355994757390,-5.434519,10.991621,-12.14935
1355994757433,-7.8861814,13.252599,-15.6634
1355994757470,-3.5276701,9.152874,-8.430995
1355994757510,-1.920469,10.732834,-2.3699405
1355994757550,1.4573772,8.62168,-2.9147544
1355994757590,8.049625,5.6660647,5.434519
1355994757630,-7.246025,16.358038,0.42223078
1355994757670,-0.84446156,10.419566,-1.6889231
1355994757710,-0.5720546,9.615966,-0.7218784
1355994757750,-2.9147544,7.43671,-1.607201
1355994757792,-0.6946377,6.1291566,-1.879608
1355994757830,-1.8387469,8.308413,0.61291564
1355994757872,-1.2666923,8.921328,-2.070293
1355994757910,-3.405087,11.032481,-2.0294318
1355994757951,-3.3642259,12.871228,-1.9477097
1355994757990,-4.903325,13.593107,-3.214402
1355994758030,-5.243834,11.563675,-5.325556
1355994758071,-4.944186,11.413852,-1.3075534
1355994758110,2.5333846,17.502148,2.9556155
1355994758150,0.10896278,17.66559,1.334794
1355994758190,-3.214402,16.208214,-4.2495484
1355994758244,-1.4165162,11.34575,2.0294318
1355994758270,1.1168685,5.597963,-0.08172209
1355994758310,3.0645783,2.9147544,1.7978859
1355994758350,2.9556155,1.4573772,3.0237172
1355994758390,0.92618364,2.7921712,0.42223078
1355994758430,-3.568531,9.656827,-10.460427
1355994758470,-10.269742,13.947236,-14.859799
1355994758510,-5.175732,8.853226,-8.19945
1355994758550,-0.7218784,6.891896,-3.759216
1355994758590,-0.38136974,15.322891,-3.1463003
1355994758630,7.1234417,-0.27240697,7.7772183
1355994758670,-7.43671,17.120777,1.3075534
1355994758711,-0.6946377,10.691973,-3.0645783
1355994758750,0.61291564,9.888372,-1.0351465
1355994758790,-3.0645783,7.8589406,-1.3756552
1355994758830,-1.879608,6.891896,-2.3426998
1355994758870,-0.19068487,6.701211,-0.84446156
1355994758910,-1.56634,9.425281,0.50395286
1355994758950,-2.070293,9.575105,-3.0237172
1355994758990,-3.5957718,12.217452,-1.334794
1355994759030,-3.9090397,13.33432,-2.8738933
1355994759070,-6.782933,12.871228,-4.944186
1355994759110,-6.428804,12.026767,-3.405087
1355994759150,3.5276701,18.305748,2.1792557
1355994759190,1.8387469,18.619015,2.152015
1355994759237,-3.173541,14.750836,-5.284695
1355994759271,-3.1463003,11.073342,1.6889231
1355994759310,2.3018389,4.2086873,0.3405087
1355994759350,3.636633,1.9477097,1.9885708
1355994759390,2.6832085,1.2666923,3.568531
1355994759431,0.10896278,3.2961242,1.3075534
1355994759471,-5.8158884,10.760075,-14.369467
1355994759511,-9.765789,13.211738,-13.783792
1355994759550,-4.1814466,7.8861814,-7.504812
1355994759592,-1.0351465,8.076866,3.0645783
1355994759630,2.982856,12.067628,0.92618364
1355994759670,5.2165933,2.7921712,7.5456724
1355994759710,-8.880466,17.434046,-0.6946377
1355994759751,-1.4165162,9.534244,-1.6889231
1355994759790,1.3756552,8.921328,-1.0760075
1355994759832,-1.6480621,7.273266,-2.3699405
1355994759870,-0.9942854,6.3607025,-1.1168685
1355994759912,-2.2201166,8.008764,0.9942854
1355994759950,0.42223078,9.425281,-1.6480621
1355994759991,-3.0645783,10.460427,-1.7297841
1355994760030,-4.440233,12.258313,-1.7570249
1355994760070,-2.8738933,13.947236,-2.4925237
1355994760110,-8.812365,13.988097,-2.6832085
1355994760150,-0.6537767,14.137921,-4.4810944
1355994760190,2.1111538,17.883516,4.7126403
1355994760232,0.6946377,17.774553,0.08172209
1355994760270,-1.6889231,13.375181,-2.4925237
1355994760310,-3.9499009,9.80665,1.0351465
1355994760350,2.152015,4.440233,0.7627395
1355994760390,3.7864566,1.879608,3.0645783
1355994760430,2.070293,1.1849703,3.405087
1355994760472,-0.6537767,3.5957718,-4.5219555
1355994760510,-7.205164,11.645397,-15.5135765
1355994760550,-7.504812,11.645397,-12.108489
1355994760590,-2.9556155,6.701211,-7.1234417
1355994760630,0.84446156,15.935807,-4.0180025
1355994760671,7.1234417,-0.3405087,5.325556
1355994760710,-4.440233,17.434046,4.5219555
1355994760750,-4.944186,11.727119,-3.718355
1355994760791,0.08172209,9.384419,-0.3405087
1355994760830,-1.7297841,8.158588,-2.1111538
1355994760870,-0.6946377,6.1291566,-2.3699405
1355994760910,-1.1441092,7.246025,-0.040861044
1355994760950,-0.6537767,9.343558,0.61291564
1355994760990,-1.1849703,10.119919,-4.630918
1355994761030,-5.175732,12.639683,-2.3018389
1355994761070,-3.214402,13.6748295,-1.9885708
1355994761110,-6.0474343,13.402422,-5.012288
1355994761150,-7.082581,12.980191,-0.88532263
1355994761190,4.2904096,17.965239,2.9556155
1355994761230,2.2201166,17.434046,1.3075534
1355994761270,-3.214402,14.47843,-3.173541
1355994761310,-3.6774938,10.732834,1.2258313
1355994761350,1.879608,4.399372,0.84446156
1355994761390,2.9147544,2.2201166,2.2609777
1355994761430,2.8738933,1.56634,3.6774938
1355994761472,1.334794,3.2961242,0.5720546
1355994761510,-4.3312707,10.691973,-13.593107
1355994761550,-9.384419,12.571581,-14.015338
1355994761590,-5.202973,7.504812,-7.246025
1355994761631,-1.4982382,13.021052,-0.46309182
1355994761671,2.4925237,7.4639506,-1.7570249
1355994761710,9.425281,5.175732,6.4424243
1355994761750,-9.302697,16.930092,0.9942854
1355994761790,-0.08172209,9.234595,-1.879608
1355994761830,-0.61291564,9.656827,-0.7627395
1355994761871,-3.214402,6.4015636,-1.920469
1355994761911,-0.95342433,7.1234417,-1.4982382
1355994761950,-1.7297841,8.962189,-0.7218784
1355994761990,-0.61291564,9.956474,-0.6537767
1355994762031,-1.879608,10.310603,-2.5333846
1355994762070,-5.243834,11.917805,-1.3756552
1355994762110,-2.8738933,12.762266,-2.9556155
1355994762150,-6.469665,11.34575,-2.982856
1355994762190,-5.434519,13.906375,-2.3018389
1355994762230,6.701211,19.313654,1.334794
1355994762270,1.1849703,17.583868,1.920469
1355994762310,-4.399372,13.988097,-3.173541
1355994762350,-1.6889231,9.956474,0.38136974
1355994762390,1.334794,4.7126403,0.040861044
1355994762430,3.405087,2.6832085,2.070293
1355994762471,3.1463003,1.920469,3.336985
1355994762510,0.313268,3.718355,1.0351465
1355994762552,-3.2961242,8.921328,-11.141444
1355994762590,-9.847511,12.639683,-15.173067
1355994762632,-6.3198414,8.049625,-7.3141265
1355994762670,-0.08172209,11.073342,-2.1792557
1355994762711,2.152015,9.234595,-0.46309182
1355994762750,8.689782,3.173541,5.2165933
1355994762790,-7.9679036,16.88923,1.6889231
1355994762830,1.3075534,9.384419,-2.3699405
1355994762870,-1.7570249,10.310603,-0.9125633
1355994762910,-4.2086873,6.932757,-1.879608
1355994762950,0.6946377,6.6331096,-2.0294318
1355994762990,-1.9885708,8.853226,-1.2258313
1355994763030,-1.920469,9.466142,0.46309182
1355994763070,-1.7297841,9.534244,-3.173541
1355994763110,-4.5900574,11.985906,-1.7978859
1355994763151,-2.4925237,12.980191,-3.2961242
1355994763190,-6.6331096,12.14935,-4.440233
1355994763240,-7.5456724,12.217452,-2.3426998
1355994763280,5.407278,18.727978,2.070293
1355994763320,0.08172209,16.86199,1.7570249
1355994763360,-3.486809,13.947236,-3.214402
1355994763400,-2.7240696,10.419566,0.42223078
1355994763440,1.0760075,4.903325,0.10896278
1355994763480,2.982856,2.6423476,2.2609777
1355994763520,3.2961242,2.070293,3.3778462
1355994763560,1.334794,4.140586,-0.10896278
1355994763600,-4.440233,10.310603,-12.598822
1355994763640,-9.915613,11.75436,-15.132206
1355994763681,-5.8567495,8.539958,-6.782933
1355994763720,0.7627395,10.119919,-1.6480621
1355994763761,2.6014864,10.923519,-1.1849703
1355994763800,5.325556,2.5606253,7.0553403
1355994763840,-8.308413,16.548723,-0.9942854
1355994763880,0.6537767,9.043911,-2.3426998
1355994763920,-0.53119355,9.997335,-1.1441092
1355994763960,-3.7864566,6.510526,-2.3699405
1355994764000,-0.8036005,6.6331096,-1.6480621
1355994764040,-2.1111538,8.730643,0.3405087
1355994764080,-0.95342433,9.152874,-1.9477097
1355994764120,-1.8387469,10.147159,-0.6946377
1355994764160,-3.3642259,11.563675,-1.7978859
1355994764200,-3.5276701,13.252599,-2.2201166
1355994764241,-5.053149,12.258313,-5.597963
1355994764280,-4.7126403,13.865514,-1.4982382
1355994764320,3.486809,18.8097,1.9885708
1355994764360,-0.6946377,17.692831,0.10896278
1355994764400,-1.6889231,14.056199,-3.9090397
1355994764440,-2.7240696,9.466142,0.84446156
1355994764480,1.3075534,4.7126403,0.53119355
1355994764520,3.255263,2.1792557,2.3018389
1355994764560,1.879608,1.920469,3.1054392
1355994764600,0.61291564,3.5957718,-0.38136974
1355994764640,-3.9090397,9.275456,-11.604536
1355994764680,-9.152874,12.258313,-15.472715
1355994764720,-5.134871,8.049625,-7.205164
1355994764761,0.23154591,9.575105,0.5720546
1355994764800,1.1441092,9.507003,0.95342433
1355994764840,5.6252036,6.4424243,7.1234417
1355994764880,-8.117727,16.548723,-1.56634
1355994764920,2.1111538,9.00305,-1.1849703
1355994764960,-0.27240697,8.771504,-1.334794
1355994765000,-4.5900574,6.932757,-1.56634
1355994765040,-1.607201,6.4015636,-1.879608
1355994765080,-0.8036005,8.962189,0.84446156
1355994765120,-0.29964766,9.425281,-3.0645783
1355994765160,-1.8387469,10.95076,-2.0294318
1355994765200,-5.366417,12.680544,-2.6832085
1355994765240,-4.3312707,13.102775,-4.5900574
1355994765280,-6.973618,11.495573,-2.6832085
1355994765320,-1.2258313,17.692831,-0.53119355
1355994765360,5.47538,18.578154,4.5628166
1355994765400,-1.7978859,16.126492,-2.982856
1355994765440,-4.7535014,13.0619135,-1.1441092
1355994765481,0.14982383,7.082581,0.7627395
1355994765520,2.7649305,3.405087,0.95342433
1355994765561,3.486809,1.7570249,3.336985
1355994765600,1.3075534,2.9556155,2.7240696
1355994765640,-1.3075534,6.932757,-6.701211
1355994765681,-7.6546354,11.372991,-14.628253
1355994765730,-8.580819,11.372991,-11.141444
1355994765770,-1.7297841,6.0201936,-3.445948
1355994765811,-1.4573772,17.120777,-3.3642259
1355994765850,7.7772183,-0.6537767,9.152874
1355994765890,-4.440233,16.970953,6.3607025
1355994765930,-0.95342433,9.534244,-4.903325
1355994765970,0.92618364,10.378705,-0.040861044
1355994766010,-4.2086873,8.390134,-1.3756552
1355994766050,-0.9125633,6.1700177,-1.7570249
1355994766090,-1.879608,7.205164,-0.5720546
1355994766130,-0.29964766,9.343558,0.23154591
1355994766170,-1.2258313,9.425281,-3.636633
1355994766230,-4.2495484,11.958665,-2.3426998
1355994766250,-3.9090397,14.015338,-1.9477097
1355994766290,-7.205164,13.633968,-3.8681788
1355994766330,-6.742072,14.137921,-2.3018389
1355994766370,5.053149,17.2025,1.6889231
1355994766410,0.61291564,16.821129,1.3756552
1355994766450,-2.9556155,14.560152,-3.6774938
1355994766490,-2.9556155,11.073342,1.1849703
1355994766530,0.84446156,5.5162406,0.27240697
1355994766570,3.336985,3.0645783,2.152015
1355994766610,2.8738933,1.7978859,3.8681788
1355994766650,1.334794,3.445948,-0.5720546
1355994766690,-4.099725,9.724928,-11.985906
1355994766730,-7.9270425,11.917805,-14.437569
1355994766770,-5.434519,7.8180795,-8.240311
1355994766810,-1.4982382,8.471856,-4.2495484
1355994766850,-1.6889231,14.1787815,-2.7240696
1355994766890,9.466142,1.3075534,5.5571017
1355994766930,-7.164303,17.311462,3.5276701
1355994766970,0.42223078,9.302697,-4.5219555
1355994767010,-0.50395286,9.956474,-0.50395286
1355994767050,-4.2904096,7.43671,-2.3699405
1355994767090,-1.1849703,6.8237944,-1.879608
1355994767130,-0.88532263,7.668256,-1.0351465
1355994767170,-1.7570249,9.384419,0.27240697
1355994767229,-1.6889231,9.234595,-3.568531
1355994767250,-3.214402,11.454713,-1.607201
1355994767290,-3.405087,13.021052,-2.4108016
1355994767330,-5.325556,12.9529505,-4.903325
1355994767370,-7.6954966,12.408136,-2.982856
1355994767410,4.5628166,17.543009,0.6537767
1355994767450,1.7570249,17.393185,2.6014864
1355994767490,-3.486809,15.213928,-3.336985
1355994767530,-4.0180025,12.108489,-1.0760075
1355994767570,1.1849703,6.3198414,0.53119355
1355994767610,2.2201166,3.486809,1.7978859
1355994767650,2.4925237,2.2609777,2.982856
1355994767690,2.0294318,3.0645783,1.607201
1355994767730,-2.070293,7.7363577,-8.117727
1355994767772,-7.6273947,12.53072,-16.739407
1355994767810,-8.539958,9.425281,-8.62168
1355994767850,-3.8681788,4.862464,-4.372132
1355994767892,-0.3405087,17.774553,-0.50395286
1355994767940,7.9679036,-0.8036005,8.812365
1355994767980,-5.7886477,17.583868,1.56634
1355994768020,-0.7627395,10.119919,-2.8738933
1355994768060,-0.14982383,9.724928,-0.84446156
1355994768100,-3.7864566,7.8180795,-1.4165162
1355994768140,-0.9942854,6.5513873,-2.4516625
1355994768180,-0.50395286,7.7363577,-1.2258313
1355994768210,-1.879608,9.00305,1.0760075
1355994768250,-2.4925237,9.466142,-2.7240696
1355994768290,-3.173541,11.304889,-1.607201
1355994768330,-2.4516625,12.489859,-1.56634
1355994768370,-4.4810944,12.912089,-3.9090397
1355994768410,-7.246025,10.95076,-3.636633
1355994768450,-1.879608,14.519291,-2.1383946
1355994768491,3.8273177,18.768839,3.5276701
1355994768530,-0.7627395,16.249075,-0.040861044
1355994768571,-4.2495484,13.33432,-3.1463003
1355994768610,-1.0760075,8.62168,-0.3405087
1355994768650,3.445948,4.0180025,1.56634
1355994768690,2.6423476,2.6423476,1.9477097
1355994768730,1.607201,2.2201166,2.3018389
1355994768770,-0.38136974,4.140586,-1.879608
1355994768810,-6.6331096,10.991621,-13.756551
1355994768850,-7.5456724,11.686258,-13.715691
1355994768891,-3.3642259,6.932757,-7.014479
1355994768930,-4.372132,16.698545,-7.7363577
1355994768970,7.205164,0.88532263,1.0351465
1355994769010,2.3426998,12.830367,8.076866
1355994769050,-8.117727,12.367276,-4.099725
1355994769090,2.2609777,9.697687,-1.334794
1355994769130,-3.8273177,10.269742,-0.6946377
