1355994733295,0.0,0.0,0.0
1355994733333,0.19054168,-0.19054222,0.2722024
1355994733372,0.08064687,0.0418396,0.42045832
1355994733413,-0.0039004683,-0.22813797,1.0270219
1355994733452,-0.04978323,0.13047314,0.057778537
1355994733493,0.06612426,-0.17614746,0.21859244
1355994733533,0.058944583,-0.08600521,0.21530485
1355994733573,0.079559565,-0.035941124,0.20594528
1355994733612,0.046176374,0.0011720657,0.22227736
1355994733654,0.040108085,-0.09772301,0.44535306
1355994733692,0.034034014,-0.047537804,-0.10235077
1355994733733,0.05502349,-0.07988548,-0.18118143
1355994733774,-0.14185244,0.07772732,-0.3205274
1355994733813,0.016116023,-0.10589981,0.6943505
1355994733852,0.012308598,0.02273941,0.8329184
1355994733894,-0.07094163,0.13658619,0.17025
1355994733933,0.16091436,-0.20050049,0.3187401
1355994733973,0.03968972,0.1826868,0.44183308
1355994734013,0.12231815,0.18295002,0.090122215
1355994734052,0.23006952,0.22188854,-0.25593644
1355994734093,0.22522938,0.052977562,-0.6843171
1355994734133,0.33784565,0.015838623,-0.572069
1355994734173,0.5120984,0.07038689,-0.16800031
1355994734230,0.44683307,0.13672352,0.34192073
1355994734254,0.37244555,-0.0013093948,-0.054304127
1355994734294,0.26187634,-0.015612602,0.008707263
1355994734323,0.21881843,-0.09558201,-0.0677268
1355994734354,-0.015377939,-0.06394768,-2.6598573E-4
1355994734384,-0.22127742,-0.11114693,0.25078347
1355994734413,-0.26040125,-0.15524101,0.26290384
1355994734443,-0.32062212,-0.27781105,0.22685343
1355994734473,-0.50820655,-0.42406845,0.1836296
1355994734514,-1.1566591,-0.0590868,0.27892753
1355994734554,-0.92599547,0.026780128,0.039053492
1355994734594,-0.30179885,-0.1820116,-0.3008856
1355994734634,-1.2720113,-0.3479843,-0.20469967
1355994734664,-2.193071,0.28740215,-0.15727729
1355994734704,-1.3695109,0.04999733,-0.1271064
1355994734734,-0.07544851,-0.35470295,0.14211735
1355994734774,-0.6165936,-0.42292118,0.6806111
1355994734802,-1.2970536,-0.41164303,0.07670708
1355994734843,-1.0691943,-0.3979807,-0.2157884
1355994734882,-0.5835873,-0.48679066,-0.21434838
1355994734923,-0.40375197,-0.30749607,0.16377628
1355994734962,0.10597217,-0.20017338,0.49910474
1355994735003,-0.12271559,0.5405626,0.6418309
1355994735043,-0.79538655,1.6207724,-0.4462908
1355994735082,-2.074527,1.8407431,-2.3293414
1355994735123,-4.041809,2.0663385,-0.311676
1355994735163,-0.6642637,2.4292479,-1.880901
1355994735228,4.210721,1.9650602,-1.98262
1355994735245,2.5602498,3.8326588,0.3705901
1355994735284,2.8330069,3.513443,0.69211954
1355994735332,0.8695642,1.2612333,-1.818698
1355994735353,1.2020414,-0.56470966,-1.0244399
1355994735390,1.0934974,-2.2889357,-1.0108436
1355994735421,3.6375537,-3.8148646,0.036268592
1355994735463,3.5447478,-6.1013174,0.65633774
1355994735502,0.19852412,-6.7181115,-0.6306133
1355994735544,0.1856631,-6.1990495,-0.7811649
1355994735583,-0.5688475,-5.6920166,-3.3213296
1355994735624,-3.6426463,-3.2180243,-9.493439
1355994735663,-4.78291,0.5233822,-9.561123
1355994735704,-1.3994306,-1.814928,-5.1981053
1355994735743,-1.2342732,3.8782864,0.7317233
1355994735784,-2.011971,1.5878067,-0.9435847
1355994735822,10.733625,-4.8770113,6.606768
1355994735863,-6.1064997,8.285017,6.247327
1355994735902,0.35811985,1.1272616,1.1383891
1355994735942,2.3401904,1.4946475,4.993471
1355994735983,-1.0979695,-0.058573246,3.4362779
1355994736022,-1.1959815,0.3308897,3.6280727
1355994736062,-0.75043154,0.71657085,2.0642552
1355994736103,-0.70290875,0.7880106,2.7799509
1355994736142,0.78482974,1.3825922,1.8470072
1355994736182,-0.6256746,1.8430738,-0.013091922
1355994736228,-1.4702969,2.9108696,-0.82896316
1355994736264,-2.439975,2.4979115,-1.9636277
1355994736304,-6.254778,0.94157696,-0.8807778
1355994736334,-1.8091555,3.4977722,-2.0814993
1355994736374,5.6913743,8.644049,1.9904674
1355994736404,4.3245096,6.137169,1.6379157
1355994736444,-0.25099683,3.5148478,-1.1708375
1355994736474,-1.8319283,1.2080259,0.8611466
1355994736514,1.7013807,-3.223997,1.1911365
1355994736544,4.5242677,-7.5647163,1.4439318
1355994736584,5.4594774,-8.695071,2.478526
1355994736614,4.172175,-9.5425205,3.937325
1355994736644,1.4814861,-9.437107,1.9057454
1355994736685,-0.67504144,-6.636445,-5.0459876
1355994736726,-6.917657,0.79737854,-12.538684
1355994736765,-6.4546027,0.45687103,-12.311703
1355994736807,-0.86839455,-2.9619026,-4.883313
1355994736844,-3.84415,8.574261,-0.86115354
1355994736884,9.712503,-9.10258,0.24640834
1355994736924,6.1872253,3.866024,11.404049
1355994736965,-8.288242,3.4299116,-3.1963959
1355994737004,2.9300208,1.4879103,4.619974
1355994737044,1.1341588,0.01543808,2.79948
1355994737085,-1.2298576,-0.2774496,2.6492143
1355994737124,-0.35748482,-0.672174,2.9570994
1355994737165,-0.36751008,0.1407032,2.484334
1355994737229,-0.85618186,1.2001581,2.1196892
1355994737247,-1.0768477,0.86786175,0.6969559
1355994737285,-2.264101,2.813449,1.5184993
1355994737324,-2.630099,3.4505577,-2.100854
1355994737366,-7.8914404,2.3818836,0.07308793
1355994737404,1.1520364,4.553813,-2.111643
1355994737446,7.4217234,8.198178,2.3278203
1355994737484,1.2673622,6.447562,1.7601066
1355994737525,-1.8174107,2.4934816,-0.5337209
1355994737565,0.6935098,-1.4000311,0.7133746
1355994737604,4.6349688,-6.798971,1.0743444
1355994737645,5.566654,-8.839874,2.6208096
1355994737684,5.3581333,-9.786311,3.1656384
1355994737725,2.0171437,-8.484299,-1.3145814
1355994737765,-3.4997659,-3.0815268,-10.414232
1355994737805,-7.340031,0.6691265,-14.799195
1355994737845,-2.2939312,-3.352713,-6.52909
1355994737884,1.2975111,0.19469452,-2.721936
1355994737926,-3.424169,2.6574154,-0.78024054
1355994737964,11.583426,-3.307742,5.4331694
1355994738004,-6.532403,9.703131,8.268797
1355994738045,-0.994467,1.7912669,-1.8392086
1355994738086,1.0295695,1.9129367,4.8406887
1355994738125,-2.608882,-0.04956484,2.5341978
1355994738164,-0.91812897,-1.4689021,2.940846
1355994738229,0.2311523,-0.57359886,3.1688466
1355994738244,-0.6111722,-0.08245468,2.6161532
1355994738284,-0.7009113,-0.2566309,0.02518177
1355994738324,-1.211854,1.6519251,1.7115753
1355994738364,0.4538324,3.5049334,-0.47683275
1355994738405,-3.4022584,3.2860155,-2.4379382
1355994738445,-6.738685,1.5564089,-0.5577698
1355994738485,3.1295033,6.2914095,0.39661574
1355994738542,4.4390554,8.245701,4.849633
1355994738563,0.7782912,6.1809387,-1.4561863
1355994738604,-0.51920605,2.2738514,2.6129618
1355994738641,2.3040318,-4.8975544,1.4750221
1355994738686,6.6740575,-9.034737,1.7054536
1355994738733,5.068807,-9.639252,3.2725146
1355994738774,2.241403,-8.778442,-1.0353371
1355994738814,-2.6625757,-4.3817863,-8.440686
1355994738853,-5.011866,-2.8008995,-10.751204
1355994738892,-4.943037,-0.95753384,-11.4562435
1355994738934,-0.8325801,0.9272022,-6.16058
1355994738973,1.9512005,-1.1716037,0.67654276
1355994739012,6.536478,-3.2611485,4.4885955
1355994739052,-5.434271,8.741543,5.953534
1355994739092,0.561768,1.6200747,-1.3724468
1355994739132,1.8610355,2.0626173,4.257015
1355994739172,-0.39241064,-0.961967,2.4894319
1355994739229,-1.1475317,-0.8745408,3.7203028
1355994739264,-0.37083602,1.1248102,3.213057
1355994739305,-1.6324168,1.0153561,0.08394885
1355994739344,0.7588111,1.0819664,2.5189915
1355994739385,-2.2944825,3.4350967,0.59791243
1355994739424,-2.3556833,4.166602,-2.1435173
1355994739454,-4.848007,3.305811,-1.7934995
1355994739494,-6.3613987,1.9376345,-0.3287313
1355994739534,2.819477,8.07508,1.6687479
1355994739574,5.1461625,8.870446,4.8533635
1355994739604,0.19123387,6.161482,-0.72067803
1355994739644,-1.9276924,3.3237429,4.0529447
1355994739682,2.0195053,-4.5106554,1.7631056
1355994739722,8.30725,-10.340212,2.0819175
1355994739765,5.669157,-10.171326,3.536343
1355994739803,4.540842,-10.413176,1.8660567
1355994739845,1.9077789,-7.5031443,-4.430436
1355994739882,-11.149093,2.0298157,-18.407526
1355994739925,-6.6037765,-0.469779,-9.35061
1355994739964,-1.4569384,0.78680515,-5.848864
1355994740005,0.73640233,0.5270405,-1.9047614
1355994740044,10.920292,-6.4454203,4.381111
1355994740084,-3.9983544,8.502878,9.169434
1355994740124,-3.436775,3.3761234,-4.610854
1355994740164,0.9741578,1.8099709,3.534587
1355994740229,1.6536009,-1.6839352,1.5189259
1355994740244,0.61908484,-0.93954325,2.24297
1355994740284,-1.3821583,-0.5114813,2.4523125
1355994740324,0.93705064,1.2233067,2.7578619
1355994740364,0.14804733,0.7563324,-1.0177946
1355994740404,-2.6400225,2.4344654,0.054489136
1355994740444,-2.518118,3.4067717,0.008244276
1355994740484,-4.8941727,3.0380383,-2.5614567
1355994740525,-5.1044254,3.9745312,-1.4504552
1355994740564,6.8841195,7.5923986,2.1864424
1355994740604,1.683629,7.675066,3.503777
1355994740644,0.19395971,4.5916147,-2.2368848
1355994740684,-0.5102663,0.16216183,2.5075445
1355994740724,3.6876187,-6.446996,1.769265
1355994740764,6.1219788,-10.176731,3.4606094
1355994740804,6.024933,-10.97469,4.6827135
1355994740844,3.2176366,-9.555965,1.1201911
1355994740884,-2.7453752,-3.4104948,-10.770186
1355994740926,-9.740704,1.0545301,-13.687175
1355994740964,-3.3609886,-3.0577202,-7.3107023
1355994741005,1.0795712,0.90323544,1.458924
1355994741044,0.84942085,4.6249456,-0.64761686
1355994741084,6.7127285,-3.4931803,8.406639
1355994741126,-5.5701723,7.3006554,2.9734511
1355994741164,1.0239202,2.494753,1.594301
1355994741230,0.346201,1.2460232,2.5615828
1355994741244,-0.90882516,-1.8074174,1.1728828
1355994741284,0.3498751,-2.0272412,1.8421826
1355994741324,-0.4605298,-0.7267237,3.4842355
1355994741364,0.059663177,0.82908344,-0.91342163
1355994741404,0.14270842,1.5990534,-0.27746987
1355994741444,-2.5160146,3.1581745,-1.1854992
1355994741484,-3.314065,3.5439024,-1.9205124
1355994741523,-5.3747377,1.6939507,-2.3365743
1355994741563,-1.9510903,5.8201675,0.2943567
1355994741601,6.3980665,7.8930283,4.2993226
1355994741643,1.3487638,6.5050125,-0.7932756
1355994741682,-1.2021942,3.0333328,1.7147461
1355994741722,1.6494349,-3.8175511,2.1047893
1355994741763,5.8454027,-8.670138,2.518734
1355994741802,4.937504,-10.286374,3.223672
1355994741842,3.5169146,-10.230486,3.102857
1355994741883,0.3172078,-6.8379326,-5.319686
1355994741924,-6.942712,-0.3875656,-14.261258
1355994741962,-6.139496,-0.21493435,-10.478643
1355994742004,-2.1143577,-2.530765,-4.779527
1355994742043,1.3869147,5.392249,-1.1993443
1355994742082,11.132712,-7.531222,7.158907
1355994742122,-1.9476303,9.575412,7.914813
1355994742162,-4.8875847,2.3329883,0.20966244
1355994742231,4.066352,1.0127568,3.4103422
1355994742244,-1.5208063,-0.26383638,1.8123537
1355994742284,-1.2971336,-1.5999699,2.7381468
1355994742324,1.1066943,-0.7492862,2.892432
1355994742364,1.0078447,1.3955679,0.80710435
1355994742404,-1.8519275,1.7512016,-0.024546146
1355994742444,-3.7617247,2.5783596,-1.5446047
1355994742484,-3.5195785,2.9681406,-1.244338
1355994742524,-6.2292075,1.5486002,-2.7372572
1355994742564,-4.4742594,4.732561,-0.7259687
1355994742604,7.0301027,9.763251,3.3161654
1355994742634,4.491493,7.1459074,2.002276
1355994742674,-0.62888527,3.6861982,-3.904789
1355994742714,-0.2910924,0.531373,1.732628
1355994742753,3.7819097,-6.129801,1.3425019
1355994742792,5.9789977,-9.111838,3.2461653
1355994742832,5.1676226,-10.997547,4.6598897
1355994742872,2.8571577,-9.649281,2.0059028
1355994742913,-1.9701251,-4.108617,-10.371321
1355994742954,-6.9945526,0.72260284,-14.722811
1355994742993,-3.2633328,-1.2248516,-8.910049
1355994743034,-3.6364799,6.937457,-10.716682
1355994743072,14.215955,-14.016332,6.152406
1355994743112,1.3081336,6.4572706,10.981413
1355994743152,-8.746171,3.6485538,-3.7347732
1355994743192,3.2611723,2.0081577,4.3856063
1355994743232,-3.5266795,1.556303,2.7895885
1355994743273,-1.9435996,-1.0625081,2.247566
1355994743312,1.2334282,-1.7178354,3.3401194
1355994743352,-0.41925275,0.3864479,4.2153645
1355994743392,1.2782505,0.97432804,0.47631598
1355994743432,-1.5408124,2.1498556,1.8579695
1355994743472,-3.1039667,3.6595383,0.76043177
1355994743512,-3.0653582,3.8971014,-1.0060349
1355994743552,-5.2924414,1.9123917,-2.3973846
1355994743592,-1.7264106,4.6799145,0.24597311
1355994743632,7.3904047,9.6977215,3.970264
1355994743672,2.6534982,6.755432,2.3258195
1355994743713,-1.825963,3.7010574,-2.4057996
1355994743752,1.4449148,-1.4329119,1.0445702
1355994743792,4.536404,-8.051395,1.6693122
1355994743833,5.42762,-9.430996,4.1663427
1355994743872,2.9696264,-10.623048,3.7608042
1355994743912,1.4537668,-8.846084,-0.5464411
1355994743953,-2.4715376,-2.3516521,-8.247817
1355994743993,-7.8831425,0.8389473,-14.553282
1355994744033,-4.7396173,-2.1410131,-7.5784645
1355994744074,-1.2234273,-2.7109962,-3.4881277
1355994744114,-3.053061,8.595015,-4.955368
1355994744152,11.392234,-10.097736,7.1352587
1355994744192,-2.882265,8.6506405,7.2262516
1355994744235,-1.5062896,2.4170837,0.326998
1355994744274,1.2537242,2.4962535,4.0486946
1355994744314,-0.7611573,0.39448404,3.1784406
1355994744354,0.9627089,-0.7964978,2.26398
1355994744394,0.932879,-1.713294,1.8075055
1355994744434,-0.1369294,-0.30683422,5.409571
1355994744492,0.63683665,0.6576395,-0.8701534
1355994744513,-2.2988863,1.9594889,-0.34731722
1355994744553,-2.2922063,3.615056,0.10074282
1355994744591,-4.1951447,3.9887304,-3.4045682
1355994744633,-6.055777,2.6899204,-2.3098836
1355994744672,4.378914,7.908352,0.29939246
1355994744712,4.93814,8.993718,4.6636424
1355994744752,-0.103373766,5.2754307,-2.5412087
1355994744794,-2.4828491,2.0668182,0.8458945
1355994744832,2.9597604,-4.9447703,1.8350217
1355994744873,6.6035676,-9.625503,3.2363431
1355994744913,5.779413,-11.457281,5.046755
1355994744952,4.202573,-11.111208,4.767866
1355994744993,-0.9038056,-6.636862,-6.900622
1355994745033,-9.267671,2.4248896,-16.658691
1355994745073,-3.7871583,-1.7082882,-9.470557
1355994745114,0.3457078,0.20091724,-6.4894543
1355994745152,0.15093902,1.1889458,0.6897032
1355994745192,11.315813,-5.685637,4.3192196
1355994745240,-6.99976,9.312674,6.715173
1355994745275,-2.4473655,2.2242918,-1.1948531
1355994745315,1.0354012,2.1602879,3.419067
1355994745354,-1.492985,-0.30240583,2.068355
1355994745394,0.20618212,-1.2748542,1.8789244
1355994745434,0.5907447,-1.6440415,3.1128397
1355994745474,0.019044518,0.35564804,4.654087
1355994745514,0.28491938,1.0113153,-1.1063719
1355994745554,-2.0206418,2.2687454,0.9007025
1355994745594,-3.8804152,4.149803,-1.0796065
1355994745634,-4.764597,4.3594475,-2.6549523
1355994745674,-5.843118,3.0210476,-1.2310197
1355994745714,6.810821,6.7573338,1.4751763
1355994745754,2.6187317,7.720662,4.964769
1355994745794,-0.40539694,4.8190937,-1.0783889
1355994745832,-1.9487004,1.8148708,2.0579872
1355994745873,4.339968,-6.012673,1.8380764
1355994745912,5.8061466,-9.17486,3.3792143
1355994745952,5.97205,-11.468812,4.837147
1355994745993,4.192949,-10.327044,2.3407593
1355994746033,0.2161051,-4.4492445,-8.811735
1355994746074,-8.903151,2.1885366,-15.6466255
1355994746113,-4.4157906,-2.4269447,-9.81615
1355994746153,-0.62937015,-3.19214,-5.416167
1355994746193,-4.128868,6.129119,-2.843033
1355994746239,14.538745,-11.62106,5.304884
1355994746274,-2.1708808,8.554434,12.366854
1355994746314,-5.7105827,3.4554977,-3.571129
1355994746354,3.387229,2.4657135,4.311776
1355994746392,-2.0801733,0.51629925,2.9656904
1355994746432,-0.20821309,-1.0097656,2.06733
1355994746472,0.41318542,-1.6090798,5.407287
1355994746513,0.9521834,1.0734243,0.7426436
1355994746552,-1.223737,0.94299126,0.6240517
1355994746592,-2.7198553,3.0190535,0.4831537
1355994746632,-4.1637506,4.1745186,-0.61170197
1355994746672,-5.023155,3.9780006,-3.5450583
1355994746712,-3.85995,3.530447,-1.1150892
1355994746753,6.2350235,8.861471,1.4255915
1355994746792,2.8225045,8.019381,3.939972
1355994746832,-0.23637557,3.6770678,-2.8695757
1355994746872,-0.43655157,-0.036590576,1.1996683
1355994746912,3.413517,-7.0106826,1.5913658
1355994746952,6.101535,-9.858374,3.4116967
1355994746992,4.82629,-11.26183,4.549137
1355994747032,2.3635244,-9.557581,0.81973577
1355994747073,-2.2555878,-3.2342968,-10.822777
1355994747114,-7.9217753,-0.50232315,-13.694304
1355994747152,-4.6051745,-1.6585655,-7.5421023
1355994747194,1.5502372,0.006937027,-5.358223
1355994747239,2.4505231,0.29604244,1.4182347
1355994747276,7.6246786,-6.3182187,7.52407
1355994747314,-8.059359,7.3763757,0.22837758
1355994747356,2.8755045,0.96367884,0.7396605
1355994747396,-0.5776596,3.1418056,2.906487
1355994747434,-2.7526796,-0.10521793,2.6473365
1355994747492,0.4297217,-0.54230833,2.3911095
1355994747513,0.1595527,-0.4741845,0.9739461
1355994747553,-0.27556396,0.75305176,2.9785173
1355994747591,0.13433695,-0.119776726,1.8593853
1355994747633,-2.0879812,2.4151907,1.0983925
1355994747672,-1.6176457,4.585024,1.7781521
1355994747712,-6.029135,5.3531494,-1.573832
1355994747752,-3.6502845,5.339095,-2.746216
1355994747792,7.913204,7.302369,0.7983681
1355994747833,2.4486558,8.572597,5.266115
1355994747872,1.1707367,3.9943094,-3.0160863
1355994747912,-1.457197,0.41856194,1.4324958
1355994747952,2.8751087,-5.88716,1.8546283
1355994747993,5.860857,-9.701999,3.1357741
1355994748032,4.436864,-11.24461,5.622843
1355994748072,0.9741357,-10.443571,1.9883919
1355994748112,-1.5471323,-5.4797006,-8.5138035
1355994748153,-8.416343,1.8736277,-16.092707
1355994748193,-3.9179308,-1.4406366,-9.168282
1355994748242,-1.5302398,-1.9936695,-0.7797585
1355994748275,-2.850218,7.377,-1.352554
1355994748314,12.134956,-9.416313,8.684858
1355994748354,-6.464012,9.983943,6.7101727
1355994748394,-0.7842035,2.0514235,-0.27165723
1355994748434,2.3824887,1.5943594,3.3448663
1355994748474,-1.5097005,-0.23594046,1.7736408
1355994748514,0.7112751,-1.8270192,1.0338914
1355994748554,0.47472072,-1.1943345,3.496207
1355994748594,0.6796638,0.8320942,1.0997639
1355994748634,-0.6160593,0.21376896,-1.8812449
1355994748672,-1.8709852,3.2305527,0.37537932
1355994748712,-2.0302854,4.9396973,-2.055693
1355994748752,-5.0723424,2.6194057,-2.706879
1355994748792,-1.5842903,3.7225084,-1.0683197
1355994748832,7.806005,9.510648,4.642915
1355994748872,0.42545247,6.7699127,0.71690166
1355994748912,-3.0275023,4.0600557,-2.0733669
1355994748953,2.17533,-1.333106,1.9006336
1355994748992,5.522444,-7.8009624,1.7118946
1355994749032,5.416679,-10.034584,4.1402397
1355994749072,3.4065626,-11.595706,4.778659
1355994749112,1.3153566,-9.1072445,-0.15897322
1355994749153,-5.044085,-0.96360207,-12.9072075
1355994749194,-9.801525,1.5121012,-13.961479
1355994749241,-1.8576311,-4.6840415,-7.197527
1355994749276,2.1263533,-0.42644024,0.9279869
1355994749315,2.0973842,3.9098263,-0.18716037
1355994749355,5.5217085,-1.8856621,8.909252
1355994749396,-5.9071984,8.518644,2.326486
1355994749434,1.5421371,2.0125532,1.2641342
1355994749476,1.0858636,1.6636777,3.037812
1355994749514,-0.9874239,-0.8451309,1.6897581
1355994749554,1.2892749,-1.8239064,1.5243807
1355994749594,0.8035416,-1.2075338,3.9957232
1355994749634,-0.15056098,0.48263168,0.882072
1355994749674,-0.633355,0.694787,-1.5128267
1355994749714,-1.7462256,2.6655874,0.40927875
1355994749744,-4.252331,4.094469,-0.9146596
1355994749788,-4.24183,3.6148872,-4.183438
1355994749824,-5.6852713,2.7450142,-0.6400864
1355994749864,3.6306105,7.6285458,1.1933894
1355994749902,3.3226593,6.7941074,4.0464053
1355994749943,-1.6249361,5.424308,-1.3102989
1355994749982,-1.5955396,1.7924576,1.2259814
1355994750022,3.4223685,-5.394188,2.0844986
1355994750062,6.0490074,-9.33086,3.2433486
1355994750102,5.5612707,-10.981761,4.930379
1355994750142,3.8945966,-10.283093,3.3934722
1355994750183,1.0108461,-6.3934426,-6.2130885
1355994750241,-5.7973933,0.53630257,-14.918146
1355994750264,-7.458911,0.38968754,-10.414853
1355994750306,-2.4415274,-5.6247087,-5.602476
1355994750346,1.6501884,2.119235,4.6379313
1355994750383,0.51897615,-3.1518383,-1.3936148
1355994750423,8.794892,-1.2882876,9.432135
1355994750484,-7.2854934,7.524877,-1.0178878
1355994750503,2.5949006,2.7225304,2.5596654
1355994750542,0.801061,1.3054323,2.3229225
1355994750581,-0.77296925,-0.5920615,1.8929385
1355994750623,1.5565416,-1.0667539,2.1616364
1355994750662,0.014125466,1.1895075,3.7356236
1355994750703,-0.39138436,1.9369402,-1.5436671
1355994750742,-1.8024052,1.8609419,-0.5914781
1355994750782,-2.3419654,3.637518,-0.122187614
1355994750822,-2.4739943,4.3731937,-2.4222836
1355994750862,-9.158656,2.5531578,-1.7364877
1355994750902,4.29826,8.148346,0.4376552
1355994750942,5.708676,8.498709,5.4641743
1355994750983,-0.26436007,5.1653433,-0.4709878
1355994751022,-2.3397088,2.4230413,0.392635
1355994751062,2.316283,-4.354028,1.8146008
1355994751102,5.4584804,-8.722316,2.1509333
1355994751142,5.618409,-11.077669,4.6742463
1355994751182,4.3236876,-11.189293,4.168908
1355994751237,-1.1715853,-5.661464,-6.314166
1355994751274,-8.902114,1.4561357,-15.828653
1355994751315,-5.891097,-0.80373096,-9.800205
1355994751354,-0.5537941,-5.7011905,-2.7504938
1355994751400,0.12580451,6.879838,3.5210412
1355994751434,2.6196904,-5.4277077,-2.6401057
1355994751474,6.2504354,3.2092419,10.828148
1355994751514,-9.1931,6.6836553,-2.0398893
1355994751554,2.4206464,1.8933387,3.7063932
1355994751594,0.21704745,0.38761902,1.4726591
1355994751634,-0.2153461,-1.4035826,2.6799002
1355994751674,0.39370668,-0.50777674,3.6610737
1355994751714,0.6430501,1.1634493,2.4465108
1355994751754,-0.5709709,1.4661875,-0.5550399
1355994751794,-1.7519263,2.4187317,0.32598126
1355994751834,-3.3853629,4.132495,-1.8409032
1355994751874,-3.7947328,2.8815346,-4.67899
1355994751912,-5.519478,2.8913517,-0.70148253
1355994751953,7.657904,10.074134,3.0763066
1355994751993,4.3452215,7.7228994,3.0392613
1355994752032,-2.1499,4.1927576,-3.0519142
1355994752073,-0.49404144,-0.22704124,1.8001715
1355994752113,4.722645,-7.987093,1.4614886
1355994752152,6.302458,-10.554226,4.1602526
1355994752192,4.4763937,-12.2207575,6.3147144
1355994752236,1.7934905,-9.389568,0.52189785
1355994752276,-2.4134946,-0.5041914,-13.767147
1355994752314,-8.462287,-0.5107174,-11.212935
1355994752356,-3.7620885,-3.8493018,-7.1052694
1355994752394,0.303803,1.6572361,1.5674653
1355994752435,2.2607,-1.9206781,-1.635328
1355994752474,11.625951,-6.927939,7.7782006
1355994752514,-8.306528,9.905451,2.5998647
1355994752554,1.2829597,2.163899,0.6892247
1355994752594,-0.13859093,2.6519175,2.4014425
1355994752632,-2.4957833,-0.7165303,1.3989116
1355994752672,1.3634212,-1.1141205,2.1285434
1355994752713,-0.14275527,0.60932446,2.7698023
1355994752752,-0.5935677,1.3045893,0.5354017
1355994752792,-2.5851014,2.1773062,0.7013054
1355994752832,-1.9431163,4.2136955,-0.2826178
1355994752873,-2.7552304,5.0947895,-1.3192409
1355994752912,-6.1774454,3.1625175,-2.2488365
1355994752953,-0.42589283,4.9073925,-2.3482225
1355994752992,5.4963145,8.706406,3.9410198
1355994753032,2.936357,7.676362,1.8945782
1355994753072,-1.8520331,3.2444706,-1.4060702
1355994753112,-0.66296434,-1.1009369,1.1357757
1355994753152,4.6553392,-8.071896,1.4039696
1355994753192,5.3084035,-10.045395,3.5743096
1355994753238,5.098916,-11.135649,5.351076
1355994753274,3.0651186,-9.626415,1.246441
1355994753316,-4.179359,-1.8164959,-13.755701
1355994753354,-8.792915,-0.099617004,-13.320489
1355994753396,-3.150619,-3.5305886,-7.248516
1355994753434,0.76864666,2.1727285,-1.0367372
1355994753493,1.3262181,-0.8775935,-1.8957546
1355994753513,8.703816,-2.501594,7.6503987
1355994753553,-8.507656,7.998244,1.4951048
1355994753591,1.8105378,1.9742994,1.7451631
1355994753633,-1.0345445,2.4472504,3.1137698
1355994753673,-1.6113465,-0.7413554,2.0155272
1355994753712,2.1469474,-0.9502826,1.9249483
1355994753752,0.56056565,0.39675808,5.1323633
1355994753793,1.6681213,0.5313711,1.2104331
1355994753832,-1.7556034,2.5071926,-0.58149195
1355994753872,-4.4355617,2.8097658,-1.0133011
1355994753912,-3.8086274,3.1203547,-1.9175639
1355994753952,-5.762699,2.7767782,-0.16807508
1355994753993,4.1836777,7.6710434,-0.22581029
1355994754032,4.765421,8.417059,3.518014
1355994754072,1.7437375,5.435604,-0.49419618
1355994754112,-1.9098251,2.4064503,-0.7157693
1355994754152,1.8257842,-4.1588287,1.0295959
1355994754192,4.7611265,-8.731372,2.7241945
1355994754240,5.096877,-10.779048,5.459852
1355994754274,4.6347055,-11.279507,5.659039
1355994754316,0.24902773,-7.3206463,-4.087227
1355994754353,-8.28071,1.0060234,-14.090012
1355994754395,-5.4872246,-1.2480707,-9.493345
1355994754434,-3.0242345,-2.162075,-6.289064
1355994754475,-2.8096588,7.615959,-3.6215053
1355994754514,10.670234,-6.845566,4.3056774
1355994754555,-2.9403985,7.0358315,8.48365
1355994754594,-4.9494085,3.726499,-2.1665585
1355994754635,2.3119001,0.96197605,3.3357024
1355994754674,-0.33835793,-0.96590805,1.593303
1355994754715,0.08761096,-2.0694218,1.9908507
1355994754754,0.8623804,-0.4880371,3.3291743
1355994754794,0.948877,0.16347027,1.5672643
1355994754832,0.030987263,1.5943432,0.6443851
1355994754872,-2.1379142,2.6974163,0.25633287
1355994754912,-3.1927786,3.4826784,-1.0819668
1355994754953,-5.7111855,2.5389328,-1.6948565
1355994754993,0.51144207,5.8824444,-0.19462585
1355994755033,3.8530364,8.601555,5.164816
1355994755073,1.6874139,7.7917566,-3.4816465
1355994755115,0.19131494,3.8195972,-0.34834778
1355994755153,1.6339083,-3.076981,2.0375276
1355994755193,4.4803247,-8.066446,1.9205494
1355994755245,5.3965416,-11.350739,4.605773
1355994755275,4.7291307,-11.829624,5.8389587
1355994755314,0.82817507,-8.571356,-1.9305695
1355994755356,-5.0805736,-1.0241814,-14.17535
1355994755395,-7.1922493,0.81812286,-12.880765
1355994755433,-1.8496008,-2.3576565,-6.0250907
1355994755476,-2.2257075,7.810486,-5.6156244
1355994755514,10.846365,-10.427173,7.482116
1355994755555,-4.54058,9.664057,7.582091
1355994755595,-3.208253,3.5835357,-0.33287358
1355994755634,1.4904473,1.7182698,3.4236844
1355994755674,-1.7528338,-0.06579161,1.8398421
1355994755714,1.2599566,-2.892252,1.0473137
1355994755744,1.4189848,-1.475533,5.0262094
1355994755784,0.9909708,0.6473017,4.0392
1355994755822,-0.05175519,1.0959368,-0.97749376
1355994755862,-2.5485568,2.2891455,0.8289012
1355994755902,-3.02985,3.3424606,0.36720657
1355994755942,-4.3550982,2.9221487,-4.1821594
1355994755982,-5.9166403,3.1503372,-0.20738399
1355994756022,3.8590176,8.285593,3.0452423
1355994756062,1.7020749,7.9946804,3.80582
1355994756102,1.5273695,5.741663,-2.5391946
1355994756142,0.11706638,1.7861624,2.031959
1355994756182,2.4083827,-4.965491,1.4669682
1355994756243,5.7858553,-9.872724,2.6461856
1355994756264,6.314951,-11.872859,4.0655937
1355994756304,4.1311297,-10.915205,2.325379
1355994756346,-0.6287961,-5.6134057,-6.534998
1355994756384,-7.360797,-1.051631,-12.988446
1355994756426,-6.942164,-0.80197334,-9.975778
1355994756484,-1.4287496,0.17994976,-6.372092
1355994756503,-2.092648,4.725895,-1.8775563
1355994756544,12.333292,-7.7039695,6.3351674
1355994756580,-9.039426,9.007687,1.4910004
1355994756624,1.4208008,1.7981868,0.92340875
1355994756674,-0.80035853,0.3079896,2.6626544
1355994756713,-0.9387169,-1.6058731,2.4034162
1355994756752,1.2321438,-1.1312809,1.8192248
1355994756792,-0.21601915,-0.27659512,3.2928646
1355994756832,1.8611147,0.3767624,2.5153465
1355994756872,0.029501438,1.9086981,0.7422602
1355994756912,-2.3277688,2.9572697,0.85753834
1355994756952,-1.760735,3.8845263,-1.1302426
1355994756993,-5.8892016,1.8115549,-1.6229368
1355994757032,-0.5043998,5.691395,1.1251345
1355994757072,5.634428,9.156107,4.1073465
1355994757112,3.594019,7.6108036,0.004539728
1355994757153,1.4570601,2.9346733,-1.9718128
1355994757192,0.15592265,-1.6340885,2.2577968
1355994757239,3.5535157,-7.398144,1.3778832
1355994757274,5.37934,-10.128169,4.506585
1355994757314,3.969565,-11.182355,4.704252
1355994757356,0.91643006,-8.965773,0.27531654
1355994757393,-4.13434,-1.6098461,-11.461014
1355994757437,-7.016857,1.4354687,-15.224297
1355994757474,-2.988856,-1.691042,-8.096844
1355994757516,-1.5215292,0.8925886,-1.8372097
1355994757554,1.9343392,-0.35549927,-1.8412613
1355994757594,8.769819,-2.6808667,7.300134
1355994757634,-6.230029,8.388947,3.150576
1355994757675,0.41055262,2.5956545,1.7694314
1355994757714,0.82100546,1.7250185,3.1934862
1355994757755,-1.4735785,-0.6977086,2.4467206
1355994757796,0.73155814,-2.366632,2.0127163
1355994757834,-0.45283186,-0.55334854,4.1582346
1355994757876,0.07438183,-0.23912525,0.9911201
1355994757914,-2.0962536,1.685256,0.52197456
1355994757957,-2.0616713,3.4502268,0.11457384
1355994757994,-3.5649192,4.161957,-1.5661594
1355994758035,-3.8077915,2.1158876,-3.9772167
1355994758074,-3.3272932,1.8812037,-0.11694157
1355994758115,4.4117546,7.7906256,4.1290584
1355994758154,2.300845,7.6633253,2.5949645
1355994758195,-0.726527,5.786791,-2.8729782
1355994758248,1.282904,0.35942745,3.488401
1355994758275,3.9141173,-6.0448194,1.3980495
1355994758314,5.835632,-9.384346,3.2258954
1355994758354,5.5684233,-11.342654,4.32174
1355994758394,3.2400494,-10.194404,1.5089481
1355994758435,-1.6842532,-3.1022463,-9.652494
1355994758474,-8.888888,1.8188639,-14.3296995
1355994758516,-4.260746,-2.367115,-7.8091426
1355994758554,-0.10620922,-3.339107,-3.2297177
1355994758596,0.17290571,5.9957237,-2.1447287
1355994758634,7.8284726,-8.886756,9.5107155
1355994758675,-6.47153,8.98781,3.8555112
1355994758715,0.5362068,2.807312,0.17819095
1355994758753,2.049955,2.051507,2.6335456
1355994758794,-1.4960208,-0.119240284,2.4019833
1355994758834,-0.25135994,-1.3642821,1.2709453
1355994758874,1.4426442,-1.8853874,2.4216576
1355994758914,0.03823197,0.5395994,3.3274446
1355994758954,-0.5128411,0.48029613,-0.6645212
1355994758994,-2.0899894,3.016862,0.5903202
1355994759034,-2.439081,4.1001015,-1.3136686
1355994759074,-5.304433,3.6150808,-3.6494794
1355994759114,-4.8627405,2.695963,-2.2530372
1355994759152,5.285537,8.800833,3.3213496
1355994759193,3.8743882,8.808912,3.3917832
1355994759240,-0.84720373,4.474453,-3.90129
1355994759275,-0.6013603,0.16078472,3.1983833
1355994759314,4.9539313,-7.434072,1.924516
1355994759354,6.272435,-10.40913,3.5773377
1355994759394,5.170474,-11.612008,5.075848
1355994759453,2.3031638,-9.745218,2.631587
1355994759473,-4.0521317,-1.9795818,-13.327566
1355994759513,-8.485277,1.1715336,-13.036785
1355994759551,-3.3219604,-3.1842208,-6.915311
1355994759596,-0.40310282,-1.9342651,3.7989335
1355994759634,3.607186,2.9869509,2.0723567
1355994759673,6.0327826,-5.5633726,9.304365
1355994759714,-7.790544,9.563431,1.6772406
1355994759753,-0.07458854,1.905541,1.1103275
1355994759793,2.9067733,1.3137174,1.8794345
1355994759834,0.00647676,-0.5220361,0.4606707
1355994759873,0.7205867,-1.7334785,1.4202659
1355994759916,-0.51247406,-0.42935658,3.1288922
1355994759954,2.0786836,0.69548035,0.07829261
1355994759996,-1.4900141,1.5333529,-0.38006783
1355994760034,-2.9562926,3.2259855,-0.7182938
1355994760075,-1.4599264,4.8607054,-1.6759819
1355994760114,-7.4103174,4.835372,-1.9866189
1355994760154,0.8313059,4.841715,-3.7968142
1355994760194,3.7858644,8.319845,5.4849844
1355994760236,2.634922,7.774708,1.0157064
1355994760274,0.49654746,2.7985249,-1.3962033
1355994760314,-1.6055367,-1.4888611,2.2453737
1355994760354,4.544016,-7.632224,2.0147262
1355994760394,6.1197777,-10.88567,4.2789955
1355994760435,4.2382545,-12.019921,4.4949684
1355994760476,1.2220709,-9.629324,-3.6566997
1355994760514,-5.7059917,-1.1776199,-14.921548
1355994760556,-6.418947,-0.35746384,-11.744828
1355994760594,-2.20583,-4.238118,-6.780881
1355994760634,1.4342294,6.0956078,-3.366497
1355994760676,7.7520895,-9.216154,6.622917
1355994760714,-3.6470351,9.284725,6.658872
1355994760755,-3.9621196,4.030179,-0.76552224
1355994760795,1.2219049,1.852119,3.2131088
1355994760834,-0.4667703,0.5386715,1.7430704
1355994760875,0.66456467,-1.7812791,1.4820149
1355994760914,0.28572178,-1.0536213,3.5742419
1355994760954,0.81841964,0.6644907,3.841937
1355994760994,0.29903615,1.1476688,-1.8612909
1355994761034,-3.7065876,3.4836082,8.0251694E-4
1355994761074,-1.7674744,4.4160156,-0.098594666
1355994761114,-4.5945683,4.060606,-3.4316587
1355994761154,-5.5539722,3.5081425,0.5163581
1355994761194,5.993622,8.265963,4.307344
1355994761234,4.1812906,7.3788595,2.697228
1355994761274,-0.9856224,3.9212208,-1.7280433
1355994761314,-1.2535737,-0.46490383,2.6876721
1355994761354,4.3887477,-7.5147953,2.259789
1355994761394,5.398762,-10.360762,3.5627112
1355994761434,5.2205667,-11.46706,4.7950516
1355994761476,3.4065888,-9.802103,1.4192022
1355994761514,-2.6347113,-2.0720654,-13.063888
1355994761556,-8.139975,0.559495,-13.79116
1355994761594,-4.378355,-3.5001473,-7.1619997
1355994761636,-0.9369577,3.0788946,-0.209694
1355994761675,3.0160422,-1.5379844,-0.9960361
1355994761714,10.101665,-3.1163707,7.938319
1355994761754,-8.393666,9.086225,3.2706807
1355994761794,1.0255164,1.5897503,1.0287923
1355994761834,0.6122613,1.9832897,2.5033205
1355994761875,-1.9414387,-1.4894438,1.4034092
1355994761914,0.32339108,-1.0997057,1.6358517
1355994761954,-0.46574628,0.38470268,2.0615745
1355994761994,0.64215994,1.07938,1.7055624
1355994762034,-0.6217793,1.2251368,-0.6009257
1355994762074,-3.9693165,2.7086945,0.17760718
1355994762114,-1.5588346,3.4778805,-1.6989957
1355994762154,-5.0689554,1.9850111,-1.9189577
1355994762194,-3.87802,4.4233513,-1.3174627
1355994762236,8.494428,9.628141,2.3464751
1355994762274,3.259108,7.5820436,3.033132
1355994762314,-2.0828419,3.519538,-1.9412303
1355994762354,0.75912976,-1.1322575,1.7005819
1355994762413,3.7869477,-7.086866,1.3896757
1355994762433,5.7493477,-9.786003,3.3858087
1355994762473,5.2779274,-11.008464,4.551255
1355994762511,2.1258838,-9.314429,2.0722935
1355994762554,-1.9120437,-3.7576408,-10.360451
1355994762593,-8.923819,0.6699476,-14.6502285
1355994762634,-5.8025904,-2.9190617,-6.918681
1355994762675,0.20389664,1.1430368,-1.6574
1355994762714,2.4584975,0.24576092,0.52370167
1355994762752,9.208218,-5.087425,6.886539
1355994762793,-7.1579185,9.107554,4.102104
1355994762833,2.3649833,1.843471,0.65197563
1355994762873,-0.55226684,2.7888412,2.4561872
1355994762913,-2.951996,-0.7631316,1.5454851
1355994762953,1.9413686,-1.369576,1.2100072
1355994762992,-0.7747232,0.49688244,1.6711202
1355994763033,-0.73574495,0.7893257,2.9474516
1355994763072,-0.5570544,0.6171913,-1.103898
1355994763112,-3.4028878,2.9150505,-0.09927547
1355994763153,-1.2530384,3.8151693,-1.8915286
1355994763192,-5.2902803,2.9012175,-3.2269483
1355994763244,-5.976842,2.8131456,-1.163595
1355994763284,7.27345,9.098148,3.3232298
1355994763324,2.3040774,6.9004593,3.1629813
1355994763364,-0.9217932,3.5197077,-1.6417134
1355994763404,0.09179306,-0.6085329,2.1127865
1355994763444,4.016072,-6.8026505,1.8378241
1355994763484,5.918043,-9.698605,3.942028
1355994763524,6.0938926,-10.7063465,4.922779
1355994763564,3.850696,-8.730175,1.2071177
1355994763605,-2.3459744,-2.2417898,-11.588579
1355994763644,-8.328684,-0.10544491,-14.425073
1355994763686,-4.7482123,-2.3925772,-6.225258
1355994763724,1.5538702,0.16902351,-0.9421832
1355994763765,3.3056042,1.8495302,-9.866953E-4
1355994763804,6.1342235,-5.839737,8.94198
1355994763844,-7.3102846,8.587168,1.6364112
1355994763884,1.8273857,1.2984128,0.88123584
1355994763924,0.7641017,2.265245,2.4058352
1355994763964,-2.423346,-1.3786302,1.2235963
1355994764004,0.5865987,-1.5237279,1.7602679
1355994764044,-0.71428394,0.27646255,3.4162207
1355994764084,0.4481423,0.44386864,0.72451603
1355994764124,-0.4256469,1.2638264,1.562618
1355994764165,-1.9302596,2.5842915,0.07405138
1355994764204,-2.0585837,4.221513,-0.6745826
1355994764244,-3.5207381,3.1674967,-4.2973547
1355994764284,-3.0706344,4.656268,-0.34034264
1355994764324,5.2987776,9.380329,3.1179166
1355994764364,1.3274467,7.908183,1.3009549
1355994764404,0.52836466,3.754033,-2.6159084
1355994764444,-0.3806231,-1.5095911,2.2293143
1355994764484,3.6858878,-7.0216184,1.9734697
1355994764524,5.5767603,-10.2599,3.7512653
1355994764564,4.0473742,-10.99835,4.4909425
1355994764604,2.5200615,-9.428911,0.8493402
1355994764644,-2.3623464,-3.4108515,-10.613732
1355994764685,-8.017291,0.31556034,-14.73466
1355994764724,-4.36216,-2.8926105,-6.5856214
1355994764765,0.79906243,-0.30256748,1.3507919
1355994764803,1.7159871,0.58757305,2.1969929
1355994764842,6.3737354,-1.7287621,9.029121
1355994764882,-7.1221266,8.872091,1.0031223
1355994764923,3.3303094,1.5582666,1.867304
1355994764963,1.1012686,1.3077216,1.9235415
1355994765003,-3.13962,-0.75827646,1.6249895
1355994765043,-0.14493835,-1.642046,1.0383693
1355994765083,0.63663775,0.5416565,3.3710003
1355994765123,1.1141716,0.6869135,-0.96735454
1355994765163,-0.4450823,1.9937611,-0.33840072
1355994765202,-3.9856184,3.5956612,-1.3275186
1355994765244,-2.9438434,3.9374008,-3.4642286
1355994765284,-5.5298476,2.2379475,-1.6598928
1355994765324,0.3579929,8.278324,0.5217703
1355994765364,7.288211,8.899446,5.750841
1355994765422,0.28226137,6.0366974,-1.618344
1355994765443,-2.4508142,2.391532,0.36544204
1355994765483,2.5753028,-4.309879,2.34264
1355994765521,5.206958,-8.744417,2.520485
1355994765563,5.838992,-11.028761,4.806401
1355994765603,3.4563026,-10.174866,4.010847
1355994765643,0.51384187,-6.1260724,-5.683215
1355994765683,-6.259621,-1.164979,-13.923835
1355994765733,-7.6582217,-0.10634327,-10.650066
1355994765774,-1.1113858,-4.370342,-2.8913512
1355994765813,-0.88041794,7.7016335,-2.3637786
1355994765852,8.555658,-9.3232155,10.903942
1355994765892,-3.3164365,8.791626,8.984149
1355994765933,0.5232761,1.5975628,-1.5362542
1355994765973,2.6668556,2.4680748,3.7515292
1355994766013,-2.3292637,0.32539654,2.4707074
1355994766053,0.9872285,-2.17143,1.8300875
1355994766092,-0.043434143,-1.4569683,2.5487454
1355994766133,1.4310033,0.39783382,2.7903814
1355994766172,0.38833416,0.28799725,-1.6433198
1355994766233,-2.7525063,2.7504473,-0.8784994
1355994766254,-2.5008283,4.7798033,-0.8840467
1355994766294,-5.830845,4.382189,-3.0402718
1355994766334,-5.3115606,4.8141956,-1.5467027
1355994766374,6.6585054,7.693079,2.512549
1355994766414,2.492887,6.973691,2.36147
1355994766454,-0.7797818,4.2062235,-2.5048108
1355994766494,-0.54855204,0.062077522,2.5091724
1355994766534,3.3762407,-6.234306,1.6819419
1355994766574,5.8801765,-9.384091,3.567812
1355994766614,5.309801,-11.148987,5.20094
1355994766654,3.5302932,-9.6517105,0.5778694
1355994766694,-2.275952,-3.095335,-11.105515
1355994766735,-6.555564,-0.23107529,-13.833815
1355994766774,-4.4974723,-3.3881526,-7.7719207
1355994766814,-0.85796505,-1.7073126,-3.629229
1355994766855,-1.1334808,4.9506254,-1.6114452
1355994766894,10.138311,-7.157507,7.4258895
1355994766934,-6.2626905,9.367858,6.2397947
1355994766974,1.5554638,1.6331296,-1.0901804
1355994767014,0.7964773,2.3266783,3.3717709
1355994767054,-2.9023905,-0.3551755,1.6306536
1355994767094,0.22641551,-1.2675676,1.9707736
1355994767134,0.51606244,-0.7719116,2.474916
1355994767174,-0.37155926,0.630353,3.3421361
1355994767232,-0.31211853,0.25457954,-0.9674983
1355994767254,-1.8334584,2.3476448,0.5513164
1355994767294,-2.000033,3.8592033,-0.6259042
1355994767334,-3.8629656,3.7560978,-3.3920317
1355994767374,-6.120561,3.1357365,-1.6250193
1355994767414,6.3254995,8.105343,1.9847159
1355994767454,3.7698631,7.664936,4.008695
1355994767494,-1.22559,5.043167,-1.8085124
1355994767534,-1.5820308,1.3400869,0.5558324
1355994767574,3.6939468,-5.1564665,2.2135658
1355994767614,4.7073994,-8.698243,3.4673438
1355994767653,4.8659763,-10.479716,4.5672355
1355994767692,4.1851444,-9.9242325,3.0206494
1355994767733,-0.24253428,-5.093445,-6.9624443
1355994767774,-6.2212214,0.30066967,-15.882717
1355994767813,-7.5426598,-1.9543562,-7.9635935
1355994767854,-3.1629236,-5.532625,-3.656435
1355994767896,0.29414612,8.34292,0.61730874
1355994767945,8.824573,-9.405319,10.716998
1355994767984,-4.6309147,9.558265,4.22774
1355994768024,0.6652383,2.4040108,0.32598495
1355994768064,1.4546025,2.0678005,2.5682893
1355994768104,-2.108069,0.0023937225,1.8902901
1355994768144,0.6767666,-1.573236,0.5139425
1355994768184,1.11261,-0.75357914,1.2747395
1355994768214,-0.32322836,0.19717407,3.1358013
1355994768254,-1.0003451,0.42288876,-1.0871493
1355994768294,-1.7325603,2.1200304,-0.33049047
1355994768334,-1.0311856,3.238739,-0.56144893
1355994768374,-3.0345273,3.6226463,-3.0731864
1355994768431,-5.7125416,1.5953369,-2.860518
1355994768453,-0.18286407,5.0278416,-1.3110287
1355994768493,5.7651258,9.045116,4.504974
1355994768531,1.449225,6.1761293,1.138522
1355994768573,-1.8038497,2.7690973,-1.7776568
1355994768613,1.5077966,-2.5583706,1.1541097
1355994768653,6.057752,-7.8330545,3.1082664
1355994768693,5.172003,-9.801779,3.458937
1355994768732,3.9340148,-10.580416,3.700151
1355994768773,1.6143317,-8.649361,-0.68129337
1355994768813,-5.0703573,-1.372549,-12.820618
1355994768853,-6.441991,0.103842735,-13.014515
1355994768894,-2.6317666,-3.6517386,-6.365281
1355994768932,-3.82298,7.105233,-6.846241
1355994768973,7.8048425,-7.85993,2.51419
1355994769013,3.1682634,4.699231,10.388681
1355994769053,-7.009808,4.597105,-0.91150904
1355994769092,3.6071868,2.051198,2.5611773
1355994769133,-2.3231196,2.5356517,3.6111455
