1355995040096,0.0,0.0,0.0
1355995040243,-0.2015357,0.094839096,0.071130395
1355995040282,0.052710533,-0.1745143,0.6346648
1355995040324,0.033632755,0.047426224,0.011013269
1355995040363,0.09613228,-0.04285097,0.035642684
1355995040402,0.03344536,-0.049372196,0.08230609
1355995040444,0.088329315,-0.1348157,-0.09194648
1355995040483,0.1365509,-0.20305586,-0.115620196
1355995040522,0.09636116,-0.19906378,0.24670953
1355995040564,0.09060764,-0.18990374,0.152031
1355995040603,-0.04298401,0.12443447,-0.07393265
1355995040642,-0.056280613,0.10134554,-0.3516578
1355995040683,0.053075314,0.09205818,-0.66724026
1355995040723,0.083025455,-0.084310055,-0.58120275
1355995040763,-0.047323704,0.114812374,-0.4830196
1355995040803,0.09749651,-0.15498066,0.16133773
1355995040843,0.026281357,-0.0068058968,0.50515336
1355995040883,-0.057651997,0.13943481,0.5932796
1355995040922,0.06296253,0.06746054,-0.17270422
1355995040963,0.020156384,-0.05895853,0.5677905
1355995041002,-0.022710323,0.10051155,0.30588984
1355995041043,0.01607275,-0.026174068,-0.029987574
1355995041082,0.08211613,-0.03021574,-0.17517853
1355995041135,-0.028930664,0.08867931,-0.29802108
1355995041164,-0.031150341,0.08549118,-0.1432262
1355995041204,0.07556772,0.04154253,-0.0436877
1355995041234,0.07360554,0.0792222,0.05352521
1355995041264,0.11264181,0.10275936,0.052493274
1355995041303,0.069254875,0.09715891,0.024144173
1355995041334,0.10696602,0.09091759,-0.0016741157
1355995041373,0.060674667,0.12314892,0.096743524
1355995041405,0.24502993,0.19578075,0.15110248
1355995041444,0.54864454,0.22491169,-0.031686783
1355995041474,0.3873353,0.28067255,-0.19167984
1355995041513,0.28643465,0.30493307,-0.19405448
1355995041544,0.4545412,0.5185771,-0.45607895
1355995041574,0.4274788,0.4572854,-0.689207
1355995041614,0.38859892,0.3187871,-0.80528486
1355995041654,0.19156742,0.09044886,-0.5531303
1355995041684,0.06388044,-0.11084366,-0.291933
1355995041714,-0.08920002,-0.17527628,0.32036048
1355995041754,-0.065330505,-0.18529844,0.651383
1355995041784,-0.29277182,-0.6236801,1.169358
1355995041824,-0.69984245,-0.99370956,1.2113072
1355995041864,-1.662055,-1.7511487,1.7531624
1355995041894,-1.2745194,-2.0421224,1.2460824
1355995041934,-0.811152,-1.663115,1.2396027
1355995041964,-1.2151198,-1.4255753,1.9857566
1355995041994,-1.0545516,-1.2711353,1.6325395
1355995042034,-0.935061,-1.2926726,1.2010748
1355995042063,-0.8108654,-1.1182814,0.79304445
1355995042094,-0.6844387,-0.7519407,0.7654426
1355995042131,-0.4914503,-0.3081298,0.93296313
1355995042160,0.03613949,0.40027475,0.49380773
1355995042193,-0.2688856,1.5875325,-0.6323068
1355995042232,-1.241643,1.4729629,-1.9958515
1355995042273,-1.65833,1.4927154,-2.7045043
1355995042313,-0.54405403,1.1024566,-2.5430512
1355995042352,-2.107977,-1.0456343,0.509639
1355995042393,-2.6466427,-0.7080307,-0.0068031996
1355995042434,0.76530075,3.563963,-0.5531169
1355995042473,-0.45188236,3.686575,2.0971792
1355995042511,-0.58042145,1.3687849,0.8198116
1355995042553,-1.0285482,-1.5580792,0.31065813
1355995042593,2.478125,-1.3195987,0.9523871
1355995042632,4.6526585,-0.803174,1.0610366
1355995042673,5.723023,-1.2513442,-1.1027778
1355995042713,5.1825795,-2.2690296,-2.637271
1355995042752,5.0770354,-2.6309474,-3.053821
1355995042792,4.4543343,-2.755984,-4.6619654
1355995042833,-0.6389904,-4.0908422,-8.995629
1355995042873,-6.993699,-6.0792284,-9.238052
1355995042913,-0.4446125,-1.98,-5.7160797
1355995042953,-5.4186234,6.1794076,0.8455152
1355995042992,0.27971554,0.27261066,0.6514205
1355995043032,-0.84202147,3.1245708,6.6293316
1355995043072,0.18249989,0.14356971,0.88582563
1355995043136,-0.028796196,2.470278,4.508231
1355995043154,-0.119603634,-0.2981043,4.4756107
1355995043193,-0.6017175,-0.13569236,4.1177263
1355995043223,0.1378913,0.22985888,3.3261735
1355995043262,0.21690226,0.3070984,3.6918387
1355995043303,-0.75828075,1.2669702,1.5064517
1355995043342,-0.73366356,0.7173476,-0.32040167
1355995043383,-3.0834703,0.11419153,1.1529114
1355995043422,-2.0526075,0.64530087,-0.37476563
1355995043463,-4.0358534,-1.2952094,0.49348897
1355995043503,-3.9517336,1.0027905,-1.9063056
1355995043542,-3.158884,5.068611,1.2896141
1355995043583,-3.3039427,5.4720235,2.0829859
1355995043623,-0.8330231,1.1609817,-0.37181973
1355995043662,2.294146,-0.91048384,1.1946293
1355995043703,7.349798,-0.6377635,1.4807719
1355995043743,9.081285,-1.2943239,1.6417502
1355995043783,8.353738,-2.662986,-0.7776377
1355995043823,6.390807,-3.0270834,-4.4044785
1355995043863,3.0978842,-3.5763023,-7.234945
1355995043902,-2.8704414,-5.0822935,-13.305828
1355995043943,-3.9684916,-4.370881,-8.74662
1355995043982,-4.991548,2.9391518,-1.1990591
1355995044022,1.4210472,1.1347585,2.8270547
1355995044062,0.32290554,4.1048,5.8484197
1355995044134,-2.2915497,0.20935059,1.8741977
1355995044154,-0.317441,1.967031,3.9419749
1355995044194,-0.47690725,-1.3392224,3.953803
1355995044234,-0.40308666,-1.7647071,4.1133356
1355995044274,-0.8694515,-0.8381667,3.8669367
1355995044314,-1.3062339,-0.26471138,1.2130376
1355995044354,-0.06193018,0.4306426,1.0096153
1355995044394,-2.5423145,0.49922037,0.84815115
1355995044434,-2.5287633,0.9728756,0.026872158
1355995044474,-1.9840202,-0.52323246,-2.0087302
1355995044514,-2.8859882,-2.463747,-0.29634237
1355995044554,-4.7955694,1.0667033,0.46112245
1355995044594,-4.6639843,6.075693,2.821341
1355995044634,-3.908866,5.893957,0.5347874
1355995044674,-1.7651529,1.7658038,0.10738321
1355995044714,4.26405,-0.36928844,1.6203728
1355995044754,9.128811,-1.210185,2.141403
1355995044793,10.783947,-1.4745288,2.4005282
1355995044833,10.187185,-2.0915074,-0.5710115
1355995044872,6.640832,-1.6324391,-7.4492598
1355995044912,-0.8237648,-3.7095466,-12.8482065
1355995044952,-5.6185083,-6.4424405,-11.425536
1355995044992,1.1888614,-5.2786837,-8.462361
1355995045032,-1.4364872,1.7382479,2.7150488
1355995045073,-0.20684004,2.8978453,-3.4508967
1355995045136,-2.9822984,2.5419683,6.1131024
1355995045154,-3.8783245,0.3876772,2.298952
1355995045194,0.24254465,2.7350898,3.687204
1355995045234,0.9506149,0.7756233,4.1593623
1355995045274,0.26219606,-1.2607484,4.252375
1355995045314,-1.1399488,-0.840605,3.3517783
1355995045354,-0.67943335,0.077685356,4.147649
1355995045394,-0.5496969,0.19415092,0.90109086
1355995045434,-1.6083708,0.35917568,1.54564
1355995045491,-3.4983382,-0.43104362,2.57693
1355995045513,-3.7543907,-0.105201244,0.097130775
1355995045553,-3.529539,-1.7714114,-1.0878494
1355995045591,-3.6873217,0.53709364,-0.77785534
1355995045633,-5.0520945,6.003772,3.055715
1355995045673,-4.290408,6.340596,2.0125299
1355995045713,-1.5334063,2.3204808,-0.8721117
1355995045752,3.1727057,-0.49254942,1.8627672
1355995045792,8.479237,-1.2901597,1.8550869
1355995045833,11.240302,-1.6468325,2.264067
1355995045872,10.768249,-2.049662,1.2960079
1355995045913,8.905234,-2.5609062,-5.295817
1355995045952,0.5681486,-2.6591914,-11.969731
1355995045993,-7.4233637,-5.97902,-14.217078
1355995046032,-0.79761505,-3.765743,-8.391212
1355995046072,-4.7441964,2.5874414,-0.97236943
1355995046136,1.5436034,1.6863232,-0.12873673
1355995046154,2.0800147,3.4947314,4.217361
1355995046194,-3.9148178,-0.45575762,1.4424351
1355995046235,-1.5837164,1.9927754,3.748877
1355995046274,-0.8799038,0.09874821,4.3779335
1355995046314,0.4313283,-1.9919822,3.9477453
1355995046354,0.5404711,-1.2779701,3.6962833
1355995046394,-0.2930894,-0.26492882,3.324341
1355995046434,-1.0548344,-0.5345421,1.4624585
1355995046474,-1.8351731,-0.1577034,2.9022431
1355995046514,-3.4363937,-0.21549225,1.8642768
1355995046554,-3.4716816,-0.2930274,-0.14127505
1355995046594,-4.263502,-1.7355912,-0.52300227
1355995046634,-3.6620197,1.2823963,-0.39398748
1355995046674,-3.2568665,5.7066045,2.6051545
1355995046714,-4.670662,8.817488,2.8015482
1355995046754,-1.5652618,3.3888159,-2.16373
1355995046784,1.86935,-0.06075096,1.3833733
1355995046822,7.287278,-1.2142258,1.6399102
1355995046862,11.085082,-1.7157173,2.0561647
1355995046903,11.920668,-2.2000978,1.887167
1355995046942,8.8581915,-3.0560462,-3.3803644
1355995046982,0.63239,-3.5784712,-11.258455
1355995047022,-4.8945675,-4.9123716,-13.334401
1355995047062,-1.5036278,-4.1334076,-9.416621
1355995047135,3.1650367,-3.9493585,-5.0048285
1355995047154,-6.617263,5.4836426,-0.7642828
1355995047194,0.4378767,-0.001894474,4.863264
1355995047234,-4.8905215,3.2466927,4.8359222
1355995047274,-2.3034067,1.6546335,2.989881
1355995047314,0.6554699,1.5185127,4.36787
1355995047354,1.8366618,-0.21673536,4.0088577
1355995047394,0.3940425,-0.50690293,5.191942
1355995047434,-1.0285912,-0.6032891,4.9383597
1355995047475,-1.4876432,-0.4219842,0.3588109
1355995047514,-0.61778927,1.2714782,2.788651
1355995047554,-3.3753843,-0.21706152,0.92302
1355995047594,-3.2911053,0.41569805,-0.083057284
1355995047634,-3.851674,-1.1958528,-0.53742766
1355995047674,-4.01795,-1.2415326,-0.18814921
1355995047714,-3.8191853,3.9998908,1.791363
1355995047754,-4.5052414,7.0982637,4.4558353
1355995047784,-1.636343,3.1246147,-0.75072366
1355995047824,0.13117027,0.6463475,0.705226
1355995047864,5.508799,-0.21266699,1.7349044
1355995047904,9.729179,-0.83762836,1.9711087
1355995047944,11.246409,-1.7539406,1.8848985
1355995047984,10.20456,-2.2425146,-2.0517385
1355995048024,4.655388,-2.3191078,-7.4345536
1355995048064,-1.8129807,-2.7716162,-12.566946
1355995048135,-5.708927,-4.8873825,-11.39055
1355995048143,-0.5813465,-7.2242136,-8.70315
1355995048183,-6.909524,4.138427,0.35413972
1355995048223,6.2682333,0.670681,1.3973787
1355995048262,-2.9656262,3.8753672,8.267725
1355995048303,-2.676077,-0.95471525,-0.08177757
1355995048343,-0.32249594,3.0586634,4.609586
1355995048383,-0.22841597,-0.8547554,4.874386
1355995048422,0.37104607,-0.819854,4.7439966
1355995048481,0.98826504,-0.024210453,4.3269124
1355995048503,-0.04345894,0.40885687,2.793188
1355995048543,-1.5074697,0.48442745,0.6606715
1355995048581,-3.5883846,0.14122438,2.1317694
1355995048623,-3.9665627,0.047044277,0.72138274
1355995048662,-3.3179307,-1.2101698,-1.6476375
1355995048703,-5.2938404,-0.91316843,0.48586217
1355995048743,-3.7203856,5.6981688,0.8197269
1355995048782,-5.726839,8.232109,3.7704537
1355995048823,-2.3753462,3.7000003,-1.089632
1355995048862,0.09053135,0.26501036,1.1544381
1355995048903,7.11349,-1.0938802,1.3962557
1355995048943,10.911188,-1.3448558,2.207505
1355995048983,11.624282,-2.3723967,2.421268
1355995049023,9.888827,-3.3521852,-2.3518806
1355995049062,3.79978,-2.2603393,-10.075699
1355995049135,-4.934823,-4.762993,-15.407657
1355995049154,-2.2175388,-4.420186,-8.919313
1355995049194,0.1228075,-3.108469,-2.0897639
1355995049234,-4.019546,6.207163,0.33309007
1355995049274,1.5721259,0.10791159,3.9234512
1355995049314,-4.311384,1.8694901,2.9741192
1355995049354,0.5302553,2.2742968,2.2574787
1355995049394,0.19466877,1.3448014,4.6700587
1355995049434,-0.16458797,-2.3505747,4.382671
1355995049474,-0.9927821,-1.567833,4.8827724
1355995049514,-0.7154851,0.06448221,2.7766645
1355995049554,-0.652112,-0.29871368,2.1858175
1355995049594,-1.280458,0.67525434,2.7833781
1355995049634,-3.922176,0.0322814,2.1887054
1355995049674,-3.391141,0.12176132,-0.24637353
1355995049714,-4.506282,-1.7784357,-0.0045863986
1355995049754,-4.055581,1.8323555,-0.52545416
1355995049794,-3.8170786,6.102439,2.82804
1355995049833,-3.6153975,5.496757,1.1610792
1355995049873,-1.8026075,1.1614947,-0.45254344
1355995049913,3.7713428,-0.69414663,2.182764
1355995049953,8.636698,-0.58147,1.859891
1355995049992,10.562795,-0.82037926,1.7854366
1355995050032,9.823503,-1.5968847,-0.35629234
1355995050072,6.981579,-2.0100226,-6.478624
1355995050135,0.3995943,-3.2937796,-10.772265
1355995050154,-3.6461172,-4.1431446,-12.773422
1355995050194,-1.976737,-5.7275357,-7.9242287
1355995050234,-1.2883348,-1.8276625,-0.38495684
1355995050274,-3.0000558,5.4461246,-0.61802256
1355995050314,0.046595097,2.5578337,5.15529
1355995050354,-5.008136,0.45338202,2.4339042
1355995050394,-1.3480787,1.4343739,3.5661411
1355995050434,1.4838696,0.9369011,3.544802
1355995050474,1.6570525,-0.785758,3.422973
1355995050514,-0.14257574,-0.888989,4.3853674
1355995050554,-1.2729206,-0.5881834,3.3729715
1355995050594,-1.1439848,-0.5327296,1.1944159
1355995050634,-0.5670757,1.4507155,2.0994618
1355995050674,-3.4631138,-0.053901672,0.61864173
1355995050714,-4.673856,-1.3865902,-0.114158034
1355995050754,-5.4520826,-1.8846865,0.6680986
1355995050794,-1.6770763,3.0728188,-0.4974891
1355995050834,-4.261821,5.2307396,2.7393477
1355995050874,-3.3704824,6.7540474,2.542529
1355995050914,-1.9630518,1.2756577,-0.72475845
1355995050954,3.6461987,0.07431936,1.1652207
1355995050994,8.485522,-0.8933029,1.5883112
1355995051034,11.174106,-1.6313434,1.9297736
1355995051073,11.034353,-2.4494958,-0.043536805
1355995051144,8.634713,-2.3894262,-5.289265
1355995051155,1.2827568,-2.5285873,-11.804012
1355995051192,-5.6847887,-5.6134844,-14.776501
1355995051233,-0.72787285,-4.4542727,-8.575511
1355995051272,-7.275238,2.4400191,-2.8963273
1355995051313,6.7734203,1.5660706,-1.4243652
1355995051352,-2.38378,4.4156494,7.630359
1355995051392,-4.260685,-2.929892,-1.1796627
1355995051432,-2.1259022,-0.80423284,3.0665448
1355995051491,-1.7863574,0.29694986,4.945129
1355995051513,0.4020443,-1.3505788,3.4849796
1355995051553,1.4647079,-1.1026661,4.3502903
1355995051591,-0.17070818,-0.31591558,5.0754223
1355995051633,-1.3868847,0.42549086,2.0274057
1355995051673,-3.2683544,-0.08592129,2.9645877
1355995051713,-3.8658648,0.19534874,2.6431954
1355995051753,-3.49129,0.283082,-1.2317497
1355995051792,-3.6258707,-1.5275502,-0.0062874556
1355995051833,-4.0670137,3.8662415,0.70087796
1355995051872,-4.2558374,6.7529364,2.834541
1355995051913,-4.101269,7.6663256,1.4013205
1355995051953,-1.6212015,1.2798319,-0.9596928
1355995051992,5.080043,-1.7711489,0.5478488
1355995052033,10.017278,-1.3275471,1.3278449
1355995052072,11.439725,-1.6437869,1.7931548
1355995052136,10.494075,-3.2604492,0.17701606
1355995052154,6.8581176,-3.692518,-5.1162534
1355995052194,-2.2264433,-5.010527,-13.538983
1355995052234,-5.5734196,-5.0517616,-12.21583
1355995052274,1.5989971,-3.1361823,-7.5930305
1355995052314,-6.5540233,4.847739,-2.8311057
1355995052354,7.3284664,0.36278105,0.8524616
1355995052394,-4.4782987,3.3073702,7.697554
1355995052435,-2.747799,-1.4338367,-0.8210268
1355995052474,-0.6090274,2.8377147,4.8911486
1355995052514,-0.5841255,0.006577015,4.491488
1355995052554,-0.09297466,-1.5754068,4.7416973
1355995052595,-0.5653949,-0.880285,5.2106743
1355995052634,-0.47364283,1.0009398,3.3442268
1355995052674,-1.561985,0.09506655,0.51996326
1355995052714,-2.9640365,0.16182709,2.9200957
1355995052754,-3.4795756,0.17094374,1.2357011
1355995052794,-3.2989511,-0.56212664,-2.2486134
1355995052834,-2.3299856,-2.228711,-0.518553
1355995052874,-4.92292,1.9895654,0.41330588
1355995052914,-6.0986853,7.697261,1.5360326
1355995052954,-3.5396461,6.9410887,0.7420837
1355995052994,-1.5945997,1.3297677,-1.0405115
1355995053032,5.4959474,-1.2146516,1.8365
1355995053072,10.367223,-0.8474922,2.2874782
1355995053135,11.382095,-1.0328441,3.0124002
1355995053154,10.037306,-2.9444506,1.2933826
1355995053194,6.740739,-2.737529,-7.0419846
1355995053234,-2.7284164,-4.631442,-13.939032
1355995053274,-5.2972813,-5.8568487,-11.655958
1355995053314,1.9092784,-3.757738,-7.6478934
1355995053354,-7.308131,6.0800414,-1.3207453
1355995053394,6.5209765,-0.78128815,2.5974686
1355995053434,-6.462989,2.3301668,7.0082135
1355995053474,-1.0192733,-5.722046E-5,-0.05084133
1355995053514,0.14963722,2.4122276,4.188848
1355995053554,0.2296238,-0.7293956,4.105936
1355995053593,-0.20874977,-1.8573165,4.107428
1355995053633,-0.33383703,-0.68025494,5.045608
1355995053673,-1.5573611,-0.48300648,2.814693
1355995053713,-0.5041928,0.40278578,1.0013967
1355995053752,-2.1787982,0.5085645,2.6364772
1355995053792,-3.3467855,0.28656626,0.2779112
1355995053833,-2.8929358,0.09349918,-2.326535
1355995053872,-3.6949806,-2.0409908,-0.30345416
1355995053912,-4.214635,3.051735,0.29192147
1355995053952,-5.2691565,6.833463,1.9020584
1355995053992,-3.1922102,6.4902925,0.20963845
1355995054033,-1.56351,0.5379896,-0.045041084
1355995054072,4.852237,-0.81061125,1.7192904
1355995054134,10.054873,-0.53627396,2.1356387
1355995054154,11.882198,-1.2574153,2.4092643
1355995054194,10.185631,-2.6061535,0.44193614
1355995054234,6.8461127,-3.41487,-5.939564
1355995054274,-1.8197556,-5.672316,-12.41028
1355995054314,-5.4690533,-7.3405323,-12.164014
1355995054354,2.185565,-3.6685824,-8.077552
1355995054394,-7.015736,6.22208,-3.2097435
1355995054434,6.127763,-0.57077694,3.525963
1355995054492,-6.780393,3.4152575,7.0909843
1355995054513,-1.5408487,-0.31559372,-0.18491936
1355995054553,-0.77827215,2.6714134,4.2687974
1355995054591,-0.45969677,-0.54858685,4.1708837
1355995054633,-0.40091372,-1.3578138,3.6176872
1355995054672,-0.62044334,-0.7871721,4.2617683
1355995054713,-0.79283047,0.70098543,3.2444978
1355995054752,-0.6076622,0.5434313,1.0954034
1355995054793,-2.4953623,0.5964823,1.6468744
1355995054833,-2.8203259,-0.7417433,0.95749646
1355995054873,-2.6203995,-1.1040592,-1.7066001
1355995054913,-3.5999594,-1.9298375,0.40176064
1355995054953,-3.5371962,4.132721,-0.14284271
1355995054993,-5.452054,6.9057274,2.5710902
1355995055032,-4.338747,6.2565813,2.2243376
1355995055073,-1.8718195,1.2034078,0.19272986
1355995055138,4.0361,-0.5549383,2.3250666
1355995055154,9.122275,-0.9363117,2.1100364
1355995055194,11.380572,-1.1308599,2.3682806
1355995055234,10.783688,-2.1922672,0.49824637
1355995055274,8.353088,-2.3893337,-5.3632374
1355995055314,-0.008616447,-3.2635272,-12.61519
1355995055354,-6.140711,-7.1169524,-12.5175905
1355995055394,-0.14015293,-6.6208487,-8.576556
1355995055434,-7.3088818,2.8359346,-1.113823
1355995055474,8.612428,3.3012762,-1.1828566
1355995055514,-4.967047,3.4227371,7.2217836
1355995055554,-4.0463743,-1.7384367,-1.4282458
1355995055594,-0.4460311,3.3887253,4.5997586
1355995055634,-0.5441747,-0.7429118,4.0731206
1355995055674,-0.091628075,-2.0455554,3.786872
1355995055714,-0.17567205,-0.9845691,4.233197
1355995055754,-0.57227325,-0.017747879,4.439775
1355995055794,-1.1817203,-0.14952755,0.5397234
1355995055824,-2.0297089,0.19355774,2.6220512
1355995055864,-2.9758844,0.18921947,1.8332194
1355995055904,-2.2497187,0.8470521,-0.29539812
1355995055944,-4.0299616,-1.6492953,-0.6217594
1355995055984,-3.0933323,1.0542245,-1.7824879
1355995056024,-2.9352398,4.734497,1.4410617
1355995056064,-5.404393,7.3781524,2.338303
1355995056103,-1.87465,3.0829906,-1.6897576
1355995056142,1.643095,-0.7436342,1.1732318
1355995056183,7.1277018,-0.76951456,1.9278772
1355995056222,10.214294,-0.9768944,2.0604122
1355995056263,10.89576,-1.9262865,1.2492759
1355995056302,8.77767,-2.4417298,-2.925164
1355995056342,1.6138992,-3.5797398,-8.451845
1355995056383,-3.966837,-6.1357226,-13.622987
1355995056423,-2.240137,-4.8321714,-9.590824
1355995056463,1.790163,-0.4258833,-3.9130924
1355995056503,-4.900569,5.3263836,-0.12665713
1355995056543,3.477814,0.65053844,6.4919815
1355995056583,-6.651677,1.8092451,3.7261276
1355995056622,-0.2932949,1.0004458,1.1862888
1355995056663,-0.18822908,1.740036,4.674944
1355995056702,-0.2515669,-1.9012756,3.471206
1355995056742,0.08407974,-1.4231076,3.4076786
1355995056783,-0.5061135,-0.06383419,4.535223
1355995056822,-1.0068645,0.11859751,1.3812786
1355995056862,-0.8226371,1.1585498,1.0636994
1355995056902,-3.7333698,-0.75898075,2.2971191
1355995056942,-2.5104132,0.89646244,-0.687834
1355995056983,-2.0823011,-0.5726094,-2.6375346
1355995057023,-4.771188,-1.1518879,0.24381202
1355995057062,-5.012865,5.740093,1.3977163
1355995057103,-4.9589806,7.5782795,2.231343
1355995057146,-2.2599525,3.3200307,-1.0640641
1355995057184,0.5337553,-0.05534649,1.4292424
1355995057224,7.83772,-1.5440993,1.9402125
1355995057264,10.61803,-1.2523699,2.300651
1355995057304,11.098133,-1.938458,2.4143806
1355995057344,8.880369,-2.8142357,-2.354704
1355995057384,2.0959826,-2.6032932,-8.469078
1355995057424,-4.6033764,-5.453479,-13.702928
1355995057464,-2.6381998,-5.8362694,-8.509345
1355995057503,2.1272755,-4.1962376,-3.3965282
1355995057543,-7.8664393,8.305722,-3.9396195
1355995057581,6.829051,-0.8520384,6.2341156
1355995057623,-5.9646435,2.2605424,5.915623
1355995057663,-0.47209692,1.0170188,0.23171568
1355995057702,0.058393,2.7895374,5.2684197
1355995057742,-0.25550985,-1.8772492,3.4881773
1355995057782,-1.099371,-1.9982681,4.1557126
1355995057822,-0.6120353,-0.9448807,3.6561537
1355995057863,0.043869972,0.5827508,2.6330385
1355995057902,-1.7037396,-0.7868898,1.2308128
1355995057943,-3.3045268,0.05013275,1.9272029
1355995057983,-2.07166,0.844162,-0.4438839
1355995058022,-2.5178137,-0.92534065,-1.820985
1355995058062,-5.008646,-0.68197894,-0.4749083
1355995058103,-3.436139,5.5582542,0.26661122
1355995058146,-4.3937683,7.0751266,1.1643999
1355995058184,-3.347681,4.8404303,-0.30180675
1355995058224,0.28733063,-0.21671295,1.0367653
1355995058264,6.4005814,-0.78777647,1.4879057
1355995058304,9.978953,-0.68524456,1.7969807
1355995058344,11.189032,-1.4960413,1.7384831
1355995058384,9.391367,-2.7965133,-1.3241045
1355995058424,2.9636312,-3.6983216,-7.9578934
1355995058464,-5.0124445,-6.2942977,-13.575752
1355995058504,-2.8436813,-5.2986436,-8.597338
1355995058544,4.7314663,-3.6690938,-5.287889
1355995058585,-5.545943,6.9785347,-2.607461
1355995058625,2.2798123,-0.1744771,2.4006214
1355995058664,-5.212689,3.283935,7.2956543
1355995058704,-3.2126694,-0.58739376,1.041614
1355995058744,0.42488766,3.4103465,4.413773
1355995058784,0.96820164,0.3859825,4.0236416
1355995058824,0.39762306,-1.8529809,4.0941906
1355995058864,-0.8868389,-0.8958521,5.3093195
1355995058904,-1.9104295,-0.9177718,2.3524394
1355995058944,-1.1402287,-0.060975075,0.7843406
1355995058984,-1.8471556,0.6256194,2.0556986
1355995059024,-2.999278,0.03205347,-0.40279293
1355995059064,-2.8695984,-1.0652027,-1.9042802
1355995059104,-4.530019,-3.1688478,-0.35837787
1355995059146,-4.3582506,2.9025283,-0.710736
1355995059184,-5.348219,6.5520296,2.0346947
1355995059224,-3.188282,6.5251865,0.11352581
1355995059264,-0.016002655,1.5706935,0.96065277
1355995059304,6.453198,-0.42894554,2.005445
1355995059344,10.231114,-0.7639599,2.4887526
1355995059384,11.379254,-0.9707322,2.3854814
1355995059424,10.215957,-2.5271728,-0.45338905
1355995059464,4.388756,-3.478863,-7.7944946
1355995059503,-4.567938,-6.0894904,-13.549527
1355995059542,-2.375433,-5.261078,-8.852179
1355995059583,2.3084493,-1.5560012,-5.220074
1355995059622,-4.957076,4.885401,0.08316249
1355995059662,4.490914,-0.10391617,6.4087625
1355995059702,-7.484005,0.90667486,3.4986453
1355995059742,-0.837193,1.0592175,1.2076116
1355995059784,0.4942088,2.7615266,3.4054353
1355995059823,0.5954995,-1.5434062,2.2694583
1355995059862,-0.40843296,-1.1807764,3.1480076
1355995059902,-1.1041803,-0.69323134,3.7424278
1355995059943,-1.2575307,0.74705315,2.3891206
1355995059983,-1.4565015,0.6637764,-1.3529792
1355995060022,-4.22424,-0.7133961,1.3851802
1355995060062,-3.2417693,0.4613967,-0.36834407
1355995060103,-2.9179258,-1.5733957,-1.1267416
1355995060146,-4.702136,0.8393836,-0.41247898
1355995060184,-3.83889,6.2012453,1.8213873
1355995060224,-3.6901417,7.0140476,1.2421186
1355995060264,-1.8179369,2.7968302,-0.32974362
1355995060304,1.5153198,-0.4795065,2.4697506
1355995060343,7.4768586,-0.8200393,2.2410257
1355995060383,10.92341,-0.7651763,2.4215636
1355995060423,11.016895,-2.107612,1.4182963
1355995060481,8.440787,-2.7158487,-3.7067018
1355995060503,0.38785362,-3.9431417,-10.801411
1355995060543,-7.072111,-7.219608,-12.81156
1355995060581,0.2718315,-5.5212755,-7.2254744
1355995060623,0.9956341,0.14482164,1.2220056
1355995060663,-0.50262165,4.14764,-2.3732367
1355995060703,-0.33693218,3.017808,6.1610374
1355995060743,-7.0997305,0.24261379,1.3841871
1355995060782,-0.81496954,2.43084,3.4538364
1355995060822,0.32977486,1.2012086,4.1069574
1355995060863,0.7018328,-1.5579333,3.108075
1355995060903,-0.85030174,-2.406856,3.6731758
1355995060942,-1.0008941,-1.3291388,3.3885214
1355995060983,0.71915436,-0.21981525,1.9658949
1355995061023,-2.5999947,-1.2649772,1.4866049
1355995061063,-2.3997116,1.3042221,0.9154441
1355995061103,-3.219265,1.3602643,-1.192124
1355995061143,-4.779866,-1.8202181,-1.0394956
1355995061170,-4.0507526,-0.95624995,-1.9078822
1355995061213,-2.437274,4.21463,-0.041381598
1355995061252,-4.836499,7.232622,1.8935215
1355995061292,-3.3463326,4.776674,-0.25529188
1355995061332,-1.0298347,0.43739223,0.96417266
1355995061373,6.8259106,-0.14547253,1.8149906
1355995061412,10.567714,-0.63203573,2.8909712
1355995061453,12.064466,-1.6650438,3.1604643
1355995061493,10.83199,-2.8231328,-1.3939267
1355995061533,3.7912917,-3.431023,-8.970896
1355995061573,-4.4744263,-4.9082847,-13.706511
1355995061612,-2.6526337,-4.8705072,-8.98505
1355995061652,2.3071327,-3.4184842,-5.938138
1355995061693,-6.415308,6.319129,-1.4743876
1355995061733,6.3301206,0.0739584,6.751331
1355995061772,-7.674445,2.1727028,5.5751076
1355995061812,-0.8045535,1.1935325,0.97213674
1355995061852,0.024456978,2.5577078,4.450312
1355995061892,-0.05655384,-1.7373378,3.5498636
1355995061932,-0.33453274,-2.3161712,4.0815134
1355995061973,-1.4049149,-0.7534182,4.329837
1355995062013,-1.7764988,-0.25477552,0.12269664
1355995062053,-0.9465041,0.8619456,0.7902564
1355995062092,-3.8104725,-0.18787432,0.66348493
1355995062139,-3.6871834,0.2945299,-1.3842148
1355995062174,-3.9848776,-1.4414995,-1.4657086
1355995062214,-5.222728,-0.22659016,-0.2714656
1355995062254,-4.066414,4.7836466,1.5342903
1355995062295,-4.6892653,7.462536,2.9843965
1355995062334,-0.82407475,2.871552,-0.6558466
1355995062374,1.5009375,-0.74270415,2.239906
1355995062414,7.0930996,-0.6972418,2.0314913
1355995062454,10.650092,-0.8319521,2.460947
1355995062494,11.617417,-1.2702332,2.4065027
1355995062534,10.501005,-1.6972175,-3.122111
1355995062574,2.7294717,-2.8466592,-10.476533
1355995062614,-4.7007465,-5.925686,-13.940212
1355995062654,-1.6191549,-6.253547,-8.734045
1355995062694,1.1422119,-2.7069604,-2.615414
1355995062734,-3.0758996,5.6496897,-0.7179408
1355995062774,4.4412994,2.5110106,5.5002804
1355995062813,-7.9648237,1.2373962,3.6808116
1355995062852,-2.4420815,1.7552538,3.1052911
1355995062892,0.7289715,1.9476311,3.7309437
1355995062933,0.9294982,-1.0910659,2.4453557
1355995062973,-0.74727535,-1.3979967,3.91425
1355995063012,-1.0780902,-0.85993576,3.2721276
1355995063052,-1.4393473,-0.73651147,2.7631013
1355995063092,-1.1816916,-0.5811982,0.7839657
1355995063137,-3.5524302,0.06079483,1.4224242
1355995063174,-3.2982736,0.8506069,0.1444931
1355995063214,-3.3595524,-1.1688547,-3.2190883
1355995063254,-4.3537216,-1.5751607,-1.3032842
1355995063294,-4.814396,3.3159204,2.3067703
1355995063334,-5.208503,6.6053452,1.8312922
1355995063374,-2.5541945,4.6286345,-0.5195023
1355995063414,-0.22213459,0.42640018,1.9644976
1355995063473,6.844862,-0.77713585,2.361083
1355995063493,10.24741,-0.649199,2.6439877
1355995063533,11.764857,-0.85962963,3.0534434
1355995063571,10.19751,-1.8086965,-1.3030947
1355995063613,3.1505442,-2.0949562,-10.836787
1355995063653,-4.2214413,-4.430071,-13.637698
1355995063693,-1.1992941,-5.3139243,-8.001639
1355995063733,-1.394599,-1.8846452,-4.139861
1355995063772,-1.5133276,5.0063205,-0.2092691
1355995063813,2.971853,2.9961176,5.826725
1355995063852,-6.3071275,-0.31966543,3.0821645
1355995063893,-0.8508377,1.5263243,2.381713
1355995063932,0.17782545,1.2291436,3.8306127
1355995063973,0.42690325,-2.2442434,3.3318212
1355995064013,0.40408754,-1.3935461,4.4098287
1355995064053,-1.0466466,0.16989756,2.676743
1355995064092,-2.1085157,-0.7654066,1.1871153
1355995064136,-0.94324493,0.77656984,1.3319181
1355995064174,-4.109097,-0.64873695,0.60761034
1355995064214,-3.367669,0.383492,-1.1080079
1355995064254,-2.4769573,-2.0053236,-2.6187694
1355995064294,-5.722457,-0.32485485,0.8354831
1355995064334,-4.9682198,6.2593737,1.7872753
1355995064374,-4.2788486,8.116344,1.9156785
1355995064414,-1.2616482,1.9724979,-0.9355635
1355995064454,2.4977903,-0.6886568,2.5372872
1355995064494,8.86286,-1.4298246,2.6167128
1355995064534,11.347466,-1.5184441,3.2179651
1355995064574,11.806786,-2.114202,2.705351
1355995064614,9.679391,-1.9535193,-4.98164
1355995064655,-0.47008324,-2.4894276,-13.575054
1355995064694,-7.6428804,-5.1568274,-11.358405
1355995064735,1.7788491,-6.1880283,-7.5541396
1355995064774,-3.0967846,0.5733957,2.1040857
1355995064813,2.8307056,5.6404133,-3.2547178
1355995064853,-3.16013,3.9171233,8.744719
1355995064892,-5.107422,-1.1111646,-0.60200953
1355995064932,-0.57901907,3.591332,4.300468
1355995064972,-0.0714674,0.04142332,3.3290155
1355995065012,0.16845036,-3.1308703,3.3007016
1355995065052,-0.22384453,-1.7131972,4.647788
1355995065092,-1.0925393,-0.7935362,2.8075957
1355995065139,-0.9010978,-0.2479186,0.9896909
1355995065174,-2.0840654,0.4269023,-0.32506537
1355995065214,-4.095866,-0.37425756,-0.73201287
1355995065254,-2.4384575,-0.34309626,-1.8379033
1355995065294,-4.95119,-2.414796,0.43208984
1355995065334,-4.5956373,3.0730472,0.28449354
1355995065374,-3.9776907,7.3139367,2.2541778
1355995065414,-2.9983664,5.8506613,1.0149275
1355995065452,-1.3640556,0.20412445,0.6870726
1355995065492,5.523563,-0.5281768,2.4904559
1355995065533,10.064489,-0.5881839,2.5300267
1355995065573,11.839988,-1.4753184,2.4683669
1355995065612,11.3329115,-1.9055371,-0.39176
1355995065652,5.6461186,-1.9921575,-7.783587
1355995065692,-3.9074678,-4.4116335,-13.806099
1355995065733,-5.3656197,-7.257769,-9.700556
1355995065772,1.545546,-6.7514095,-7.296301
1355995065812,-6.470804,5.9045095,-1.2723346
1355995065852,6.6155224,1.8134618,0.7879551
1355995065892,-6.75299,3.7095752,7.654929
1355995065932,-3.8377886,-0.8531294,0.5508735
1355995065973,0.26459885,3.3475723,4.3215575
1355995066012,0.9594064,-0.72315574,3.3463168
1355995066052,0.9449415,-2.5245008,4.075024
1355995066092,-0.32277346,-0.9342289,4.0146704
1355995066138,-1.4400368,0.04367447,3.6251297
1355995066174,-1.137126,-0.10225296,1.175352
1355995066214,-2.3992548,1.0184093,1.797521
1355995066254,-3.4776497,0.40891075,0.89235365
1355995066294,-3.1086473,0.17690516,-0.6986275
1355995066334,-5.060378,-1.6821375,-0.79264975
1355995066374,-2.43754,2.878387,0.3636255
1355995066413,-4.299944,7.4833565,1.5771673
1355995066471,-1.71243,5.9409437,-0.11183432
1355995066493,-0.8213577,0.5006552,0.97442293
1355995066533,5.256505,-1.0860002,2.098975
1355995066571,9.687895,-0.79566765,2.411721
1355995066613,11.6869335,-1.8199172,2.389012
1355995066652,10.73676,-3.1167257,-1.8907623
1355995066693,3.2140079,-3.4365935,-8.8333
1355995066733,-3.2778387,-5.097645,-12.877948
1355995066773,-3.5123978,-6.3287473,-9.067133
1355995066812,1.6923218,-4.3961444,-5.6591344
1355995066852,-5.6909437,7.047465,-2.6877103
1355995066893,5.7140756,2.125999,5.532544
1355995066932,-7.719619,1.2019849,5.7409077
1355995066972,-1.9073653,0.9129591,1.974667
1355995067013,0.54650736,2.2075586,3.9034274
1355995067053,0.48645592,-1.4649022,3.308764
1355995067092,0.12137604,-2.6253486,3.8700223
1355995067135,-0.5917592,-0.20358849,3.9784238
1355995067174,-1.1962395,0.18078327,1.9781361
1355995067215,-1.1949644,0.7903905,0.6605928
1355995067254,-3.642004,-0.04757738,1.0785742
1355995067294,-2.5836143,1.1299791,-0.52625394
1355995067334,-1.4197464,-0.094634056,-2.8674064
1355995067374,-4.721038,-1.8535428,0.72759354
1355995067414,-5.1965284,4.2586346,0.8353525
1355995067454,-4.700367,6.666008,0.94022095
1355995067493,-2.5306034,3.9183645,-0.5211549
1355995067533,1.1629791,0.7260685,1.6711631
1355995067572,7.2688475,-0.8936863,2.262439
1355995067613,10.228229,-0.8341994,2.613513
1355995067652,11.273297,-1.8553679,2.4442883
1355995067693,9.940766,-2.2763057,-2.1754494
1355995067733,1.0890551,-2.3296707,-10.496591
1355995067772,-6.992895,-5.312505,-14.124809
1355995067812,-2.1697788,-5.98519,-7.1479354
1355995067852,3.0482569,-3.4370766,-2.850112
1355995067892,-4.9531207,6.2884703,-2.65116
1355995067933,4.265092,1.5349355,7.57532
1355995067972,-7.779422,0.9085512,4.7442303
1355995068012,-1.289362,1.5362654,2.9601154
1355995068052,1.1321402,1.8645792,3.5065966
1355995068092,1.4206047,-1.3386891,3.0648217
1355995068134,0.34253883,-1.8442905,4.023811
1355995068174,-1.3015952,-0.16499043,4.223467
1355995068214,-0.95709133,0.03571558,0.75854635
1355995068254,-0.2922697,2.325707,0.8005203
1355995068294,-4.205222,-1.0559881,0.12722468
1355995068334,-3.2119112,-0.7713051,-1.414158
1355995068374,-2.7650337,-2.0530417,-0.51369673
1355995068414,-4.6913643,1.4275808,0.10402191
1355995068455,-5.018465,5.999213,0.615086
1355995068494,-4.788059,7.4446735,1.8234496
1355995068534,-1.3359709,2.8658376,-0.40993416
1355995068574,3.1677294,0.25735807,2.1880322
1355995068614,8.365988,-1.1579103,2.2143812
1355995068654,10.929691,-1.6579161,2.942893
1355995068694,11.051839,-2.5532432,2.3022876
1355995068734,8.365643,-3.1712234,-5.1672764
1355995068774,0.008366585,-3.5895202,-12.693541
1355995068814,-6.016165,-6.4229927,-13.781054
1355995068854,1.2915034,-5.9613905,-8.294349
1355995068894,-0.8340316,0.12337351,1.3266773
1355995068934,1.2375922,2.8792353,-3.1233034
1355995068974,-1.014358,3.9414544,6.8884125
1355995069014,-5.612348,-1.000251,0.44266057
1355995069054,-1.505559,2.267391,4.4500318
1355995069094,-0.034388065,0.17786813,3.9361162
1355995069136,0.48792934,-2.1213493,3.7953763
1355995069174,-0.1316061,-0.34460473,4.902276
1355995069214,-0.7841091,1.3581986,1.6415815
1355995069254,-1.5476446,1.2028279,1.3369004
1355995069294,-4.493794,-0.260067,3.0754359
1355995069334,-3.6106668,0.62931204,0.061686993
1355995069374,-3.5590253,-0.96056366,-1.1781732
1355995069414,-5.0798035,-1.4531217,0.09875119
1355995069472,-4.178995,5.128693,0.72070134
1355995069493,-4.400303,7.7614794,1.3039522
1355995069533,-2.1160164,4.445159,-0.31034774
1355995069571,1.3034525,-0.20912123,0.9968538
1355995069613,7.937015,-1.5518656,1.3083456
1355995069652,10.408597,-1.477272,2.1493816
1355995069693,10.855403,-2.0535524,2.380876
1355995069733,9.085499,-2.5828507,-2.5048301
1355995069772,1.5000954,-3.7712152,-9.713606
1355995069812,-5.538355,-7.0477514,-14.244155
1355995069852,-1.2379694,-4.775856,-8.127185
1355995069893,4.040658,-3.5928807,-1.1501741
1355995069933,-5.767432,7.074054,-3.806818
1355995069972,4.7036004,0.22424507,7.4977465
1355995070013,-8.12697,1.4961004,4.579531
1355995070053,-1.4811702,1.845731,2.5579429
1355995070093,0.5922046,2.3787086,4.3708787
1355995070145,1.0512333,-1.256803,2.8515074
1355995070184,0.14184475,-1.0370834,4.733704
1355995070224,-1.2668891,-0.31079698,3.457047
1355995070264,-1.617734,-0.52633834,0.43614674
1355995070304,-1.6710701,0.8085356,1.5279958
1355995070344,-4.259519,-0.5588608,0.9260954
1355995070384,-3.4747028,0.27600574,-2.454452
1355995070424,-2.591734,-2.0337007,-2.4452782
1355995070463,-5.5558844,1.4019856,1.0983161
1355995070503,-6.1700163,6.7091875,1.1434258
1355995070543,-3.681034,6.0842357,0.34670612
1355995070583,-1.2020683,0.84281826,0.18829805
1355995070623,5.761987,-0.7724657,2.003996
1355995070663,10.2996645,-0.813159,2.636379
1355995070702,11.405887,-0.89900017,2.9021838
1355995070742,10.26026,-1.3050137,-0.44320917
1355995070782,4.8508744,-2.33862,-6.4631677
1355995070822,-2.0197706,-3.9387653,-11.283883
1355995070862,-3.659896,-4.810207,-10.896586
1355995070902,0.8030019,-5.002488,-6.4527626
1355995070942,-7.495723,4.938429,-1.2843482
1355995070982,7.5599723,1.4414573,2.780202
1355995071022,-5.7691402,3.0344214,5.9717274
1355995071062,-3.1710658,0.08766174,1.153862
1355995071102,-0.5337887,2.650847,4.4645286
1355995071145,0.27924013,-1.1489,3.238373
1355995071184,0.50615406,-2.2754495,3.6949468
1355995071224,0.07015896,-1.4446812,3.9381614
1355995071264,-1.0506954,-0.39353466,2.7125037
1355995071304,-0.92597103,0.004714966,0.7857485
1355995071344,-4.211851,-0.62880087,1.7820747
1355995071384,-2.7356043,0.37532187,-0.6161622
1355995071424,-1.5399036,-0.7832906,-3.1427703
1355995071464,-2.7794847,-2.510619,0.53052014
1355995071504,-6.1387615,3.7983904,1.1684747
1355995071544,-5.0040655,7.9899693,1.7046694
1355995071584,-3.058467,5.371678,-0.1745733
1355995071624,-0.86427116,1.0561595,1.3031226
1355995071664,6.2001944,-0.9809518,2.308949
1355995071704,9.824421,-1.1782823,2.1754868
1355995071744,11.203938,-1.3698559,2.6424713
1355995071784,10.574512,-2.9193819,-0.42200786
1355995071824,6.0101914,-2.03867,-5.9919662
1355995071864,-2.370801,-3.4188714,-13.038321
1355995071894,-5.6847124,-6.7225976,-9.93816
1355995071924,-0.79201317,-7.1128974,-7.2698936
1355995071964,-1.80159,-1.2558365,-1.1888896
1355995072004,0.23658419,5.279037,-2.2770364
1355995072044,0.573082,4.1721144,7.143201
1355995072084,-6.0274353,-0.9423156,0.12428808
1355995072134,-1.0534892,3.1428933,2.951642
1355995072165,-0.66019106,0.59473467,3.4612386
1355995072204,-0.26602125,-2.4049654,2.3229547
1355995072244,-0.56679153,-0.997344,2.7103076
1355995072284,-1.3932996,-0.2587824,2.7525475
1355995072324,-1.3786201,-0.10422516,1.8424921
1355995072364,-1.5916657,-0.021309376,1.0841066
1355995072404,-3.582386,-0.09053373,1.5824212
1355995072444,-3.165247,0.36311436,-1.2123348
1355995072483,-4.265438,-1.6698318,-1.0347409
1355995072523,-2.7350492,3.4573426,-1.3799994
1355995072561,-4.04607,6.5374656,1.8847616
1355995072603,-3.3728065,6.9516926,0.68206704
1355995072643,-1.3338013,0.7761507,-0.31480503
1355995072682,3.3104906,-1.2335579,2.3403156
1355995072723,8.498608,-1.5483716,2.4150429
1355995072763,10.716056,-1.4019961,2.2094002
1355995072802,11.059674,-1.6131096,0.35544607
1355995072843,6.887146,-2.5381913,-5.3762956
1355995072882,-2.0384016,-5.440983,-11.939315
1355995072922,-5.330868,-6.6752133,-12.119074
1355995072962,1.5130353,-4.2912445,-6.806619
1355995073002,-6.448807,4.746804,-1.6766546
1355995073043,6.183759,1.6344261,0.41711295
1355995073083,-5.157768,3.519559,8.130209
1355995073133,-3.6147318,-1.7196984,0.3105085
1355995073164,-0.69625473,2.8157117,4.49547
1355995073204,0.41432428,-0.2653165,4.0335846
1355995073244,0.3425269,-1.6853945,3.5789058
1355995073284,-0.32881737,-0.5620549,3.9932969
1355995073324,-0.7392082,0.3946824,3.3397071
1355995073364,-0.97690773,-0.3190508,0.59183717
1355995073404,-2.4749737,0.40677452,2.021959
1355995073444,-3.5247688,0.42757654,0.6496047
1355995073484,-2.3780088,0.44478464,-2.8713293
1355995073524,-1.3766899,-2.6280017,-0.74234116
1355995073564,-4.8708267,2.7328377,2.9526672
1355995073604,-4.995058,8.206141,-0.65530837
1355995073644,-4.0197973,6.2208953,-0.2922598
1355995073684,-2.066742,0.8020339,0.48020297
1355995073724,5.379351,-1.0435679,1.2597475
1355995073764,9.399637,-1.056211,2.4561276
1355995073804,10.625916,-2.594775,2.0307407
1355995073835,10.898497,-2.441325,0.15400481
1355995073874,8.40044,-2.6303275,-3.5624824
1355995073914,0.14785004,-4.282318,-9.6199045
1355995073954,-4.674876,-6.0229025,-13.148495
1355995073992,-2.2426434,-5.6744537,-7.326787
1355995074032,0.54024935,-1.6144552,0.9650222
1355995074072,-1.7999811,6.510109,-3.3968062
1355995074131,1.066267,3.255898,7.749391
1355995074154,-6.2904167,-1.978023,1.0113142
1355995074194,-0.33778095,2.793912,2.8340063
1355995074234,0.41504288,1.6671371,3.7532704
1355995074274,-0.2220335,-2.2980237,4.148939
1355995074314,-0.2667122,-1.34641,3.4823346
1355995074354,-0.7840862,1.0896301,4.4685893
1355995074394,-1.1465425,0.04794073,-0.052963257
1355995074434,-2.0446782,0.5800462,2.3168964
1355995074474,-3.4783535,0.10484648,1.8566837
1355995074514,-1.7163544,0.3300643,-1.3668268
1355995074554,-2.4275227,-1.8723207,0.7274008
1355995074594,-5.778035,0.07677984,0.25359327
1355995074634,-5.2947607,5.625239,1.6871803
1355995074674,-3.7685757,6.821891,1.0648217
1355995074714,-1.1539574,1.7365241,-0.09828979
1355995074754,4.2932725,-1.1499465,2.1277452
1355995074793,8.547472,-0.82289314,2.0119739
1355995074833,11.096267,-1.0922637,1.9331105
1355995074872,10.63654,-2.0840905,-0.14952403
1355995074912,5.5977035,-2.6581426,-6.733883
1355995074952,-2.7505445,-5.265482,-12.348012
1355995074992,-4.0491276,-5.509918,-9.535471
1355995075032,1.9361792,-4.5110517,-6.21684
1355995075072,-7.0835137,4.9633904,-1.9652032
1355995075112,7.8642645,1.2376118,3.273171
1355995075153,-6.2804785,1.548862,6.4894247
1355995075193,-2.7480712,-0.5356064,1.038424
1355995075232,-0.80753136,2.9689314,4.178756
1355995075273,0.6814432,-0.77061176,3.0113525
1355995075312,1.2701259,-0.8520534,3.1385942
1355995075353,-0.160007,0.5169711,3.8559225
1355995075392,-1.5366764,0.6149745,1.1484967
1355995075451,-1.7731566,0.8430934,1.5742925
1355995075473,-3.2319288,0.23548174,0.88425374
1355995075513,-1.9738293,0.792016,-0.2727095
1355995075551,-1.087245,-0.8334532,-1.5412158
1355995075593,-4.791957,-2.5622737,1.9341104
1355995075633,-5.653202,3.3580494,0.5584482
1355995075673,-3.763174,6.6525364,0.8138244
1355995075713,-2.2036934,4.7497253,1.3359604
1355995075752,-0.3744831,-0.025345802,0.68181753
1355995075792,5.098094,-1.2756486,1.9685271
1355995075832,8.711092,-1.0715175,1.9095515
1355995075873,10.408461,-1.3461232,1.3408239
1355995075913,9.886597,-1.4967961,-1.4927115
1355995075953,4.9187055,-1.3116846,-6.172829
1355995075993,-0.7000675,-3.7136931,-11.209682
1355995076032,-6.3945713,-8.441649,-10.214525
