1356786351284,9.302697,-3.1463003,0.313268
1356786351324,9.302697,-3.2961242,0.88532263
1356786351364,9.302697,-3.445948,-0.10896278
1356786351404,9.275456,-3.1463003,0.88532263
1356786351444,9.234595,-3.1054392,0.10896278
1356786351484,9.234595,-3.214402,0.53119355
1356786351524,9.193735,-3.1463003,0.50395286
1356786351564,9.193735,-3.214402,0.84446156
1356786351604,9.152874,-3.173541,-0.040861044
1356786351644,9.193735,-3.405087,0.50395286
1356786351684,9.193735,-3.5276701,0.14982383
1356786351725,9.152874,-3.1463003,0.53119355
1356786351764,9.152874,-3.214402,0.7627395
1356786351804,9.234595,-3.1054392,-0.0
1356786351845,9.234595,-3.1054392,1.2666923
1356786351891,9.302697,-3.336985,1.1849703
1356786351914,9.302697,-3.255263,1.3075534
1356786351954,9.193735,-2.9556155,1.6889231
1356786351994,9.302697,-3.1463003,1.920469
1356786352034,9.234595,-2.9556155,2.152015
1356786352074,8.853226,-3.255263,2.6014864
1356786352114,9.00305,-3.405087,2.5333846
1356786352154,8.962189,-3.759216,2.1792557
1356786352212,9.302697,-3.7864566,2.4108016
1356786352234,8.689782,-3.486809,2.7240696
1356786352274,8.158588,-3.445948,2.9147544
1356786352304,8.240311,-3.405087,2.7921712
1356786352334,8.19945,-3.718355,2.8330324
1356786352364,8.008764,-3.759216,3.336985
1356786352394,8.076866,-3.636633,3.3778462
1356786352423,8.19945,-3.718355,3.486809
1356786352464,8.158588,-3.718355,3.6774938
1356786352504,8.158588,-3.759216,3.5957718
1356786352544,8.19945,-3.759216,3.6774938
1356786352584,7.9270425,-3.5276701,3.214402
1356786352624,8.158588,-3.445948,3.336985
1356786352664,10.119919,-3.445948,3.336985
1356786352704,9.724928,-3.445948,2.6423476
1356786352744,8.158588,-3.0645783,0.88532263
1356786352784,8.471856,-3.2961242,0.3405087
1356786352824,9.043911,-4.2086873,0.7218784
1356786352864,9.152874,-4.2086873,1.0760075
1356786352904,9.00305,-3.718355,1.1849703
1356786352944,9.00305,-3.7864566,0.7218784
1356786352984,8.430995,-3.5276701,0.46309182
1356786353024,8.430995,-4.0588636,0.46309182
1356786353064,8.62168,-4.0180025,0.313268
1356786353104,8.499097,-4.372132,0.84446156
1356786353144,8.499097,-4.630918,0.8036005
1356786353209,8.471856,-4.0588636,0.6537767
1356786353225,8.812365,-3.718355,0.84446156
1356786353264,9.043911,-3.9771416,0.38136974
1356786353294,9.343558,-4.2904096,0.8036005
1356786353324,9.534244,-4.671779,1.4165162
1356786353364,10.147159,-5.9793324,0.38136974
1356786353404,10.61025,-5.7477865,-0.95342433
1356786353444,9.193735,-3.5276701,0.23154591
1356786353484,8.812365,-2.1111538,-0.0
1356786353524,10.228881,-2.4925237,1.0351465
1356786353564,10.419566,-3.8273177,0.8036005
1356786353604,9.507003,-4.2086873,1.4982382
1356786353644,8.349273,-3.5276701,0.42223078
1356786353684,7.7363577,-3.486809,0.95342433
1356786353724,8.008764,-2.9147544,1.4982382
1356786353764,7.668256,-2.7240696,2.6832085
1356786353804,7.4639506,-2.8330324,2.6014864
1356786353844,7.3549876,-3.486809,2.6423476
1356786353884,7.3549876,-3.9090397,2.7921712
1356786353924,7.4639506,-4.0180025,3.445948
1356786353964,8.19945,-4.372132,4.3312707
1356786354003,8.894087,-4.2495484,4.1814466
1356786354044,8.812365,-4.4810944,5.366417
1356786354084,7.014479,-5.243834,5.012288
1356786354124,7.9270425,-4.7943625,3.759216
1356786354164,11.645397,-3.336985,1.1168685
1356786354212,10.923519,-1.7570249,2.3699405
1356786354244,7.3549876,-2.9556155,0.84446156
1356786354284,8.117727,-4.2086873,-1.0351465
1356786354324,9.043911,-3.9771416,0.92618364
1356786354364,9.193735,-3.759216,1.2666923
1356786354394,8.689782,-2.5606253,0.7218784
1356786354434,8.240311,-2.9147544,0.7627395
1356786354474,8.117727,-3.9771416,0.50395286
1356786354514,8.390134,-4.2086873,0.6946377
1356786354554,8.471856,-4.2495484,0.88532263
1356786354594,8.390134,-3.9499009,0.3405087
1356786354634,8.689782,-4.099725,0.6946377
1356786354674,9.234595,-4.4810944,0.23154591
1356786354714,9.425281,-4.4810944,1.1849703
1356786354754,9.615966,-4.2086873,1.2258313
1356786354794,10.991621,-5.284695,1.0760075
1356786354834,10.841797,-6.1291566,-0.95342433
1356786354874,10.528529,-2.6832085,0.3405087
1356786354914,9.80665,-2.4516625,1.2666923
1356786354954,9.343558,-4.399372,1.8387469
1356786354994,8.430995,-4.2086873,0.92618364
1356786355034,7.7772183,-2.9556155,-0.14982383
1356786355074,7.9270425,-2.4925237,1.6889231
1356786355114,7.7772183,-2.3426998,2.7649305
1356786355154,7.164303,-2.3018389,2.4108016
1356786355208,6.782933,-2.982856,2.6423476
1356786355234,6.8237944,-3.568531,2.8330324
1356786355274,8.158588,-4.399372,4.2904096
1356786355314,9.043911,-5.8567495,5.47538
1356786355354,8.771504,-4.862464,4.440233
1356786355394,7.6273947,-4.7535014,5.134871
1356786355434,7.7363577,-4.372132,4.4810944
1356786355474,12.026767,-3.405087,1.6480621
1356786355514,10.119919,-2.3018389,1.879608
1356786355554,7.3958488,-2.4925237,0.5720546
1356786355594,8.471856,-4.2086873,-0.7627395
1356786355634,8.771504,-4.140586,0.5720546
1356786355674,8.894087,-3.759216,0.95342433
1356786355714,8.894087,-3.1463003,1.3756552
1356786355754,8.19945,-3.336985,0.6946377
1356786355794,8.308413,-3.8681788,0.46309182
1356786355834,8.471856,-4.5900574,1.0760075
1356786355874,8.308413,-4.440233,0.95342433
1356786355914,8.430995,-3.5957718,0.46309182
1356786355954,8.62168,-3.8681788,0.95342433
1356786355994,9.575105,-5.325556,0.7218784
1356786356034,9.507003,-4.399372,0.7218784
1356786356074,9.765789,-4.2086873,1.7978859
1356786356114,11.114203,-5.5162406,-0.50395286
1356786356154,10.419566,-4.862464,-0.53119355
1356786356210,9.956474,-2.1111538,0.84446156
1356786356234,9.507003,-2.7240696,1.4165162
1356786356274,9.302697,-4.862464,2.152015
1356786356314,8.240311,-4.2086873,0.7218784
1356786356354,7.8589406,-2.9147544,0.88532263
1356786356394,7.8180795,-2.3018389,2.1111538
1356786356434,7.8589406,-2.8738933,2.7921712
1356786356474,7.246025,-2.6832085,2.4925237
1356786356514,7.1234417,-3.214402,2.8738933
1356786356554,7.43671,-3.8681788,3.5957718
1356786356594,7.7363577,-4.5219555,4.4810944
1356786356634,8.580819,-5.09401,5.2165933
1356786356674,8.539958,-4.440233,4.7535014
1356786356714,7.7363577,-4.5628166,4.9850473
1356786356754,11.495573,-3.9090397,3.6774938
1356786356794,10.501288,-2.6423476,0.5720546
1356786356834,7.6273947,-2.8330324,0.42223078
1356786356874,7.8589406,-3.5957718,-0.27240697
1356786356914,8.894087,-3.6774938,0.313268
1356786356953,8.894087,-4.0588636,1.334794
1356786356994,8.390134,-3.718355,1.1168685
1356786357034,8.19945,-3.5957718,1.1168685
1356786357074,8.19945,-4.2904096,0.61291564
1356786357114,8.580819,-4.0180025,0.92618364
1356786357154,8.62168,-3.718355,1.1441092
1356786357210,8.539958,-3.9499009,0.19068487
1356786357234,9.193735,-4.5628166,1.1441092
1356786357274,9.343558,-5.053149,0.92618364
1356786357314,9.275456,-4.944186,1.7978859
1356786357354,10.038197,-4.671779,0.84446156
1356786357394,11.141444,-5.938472,1.334794
1356786357434,10.119919,-3.405087,-0.9942854
1356786357474,9.615966,-2.2201166,1.4165162
1356786357514,8.921328,-3.336985,1.56634
1356786357554,8.771504,-4.140586,0.92618364
1356786357594,8.008764,-3.0237172,0.5720546
1356786357634,8.240311,-2.3426998,1.7297841
1356786357674,8.499097,-2.6832085,1.879608
1356786357714,8.539958,-3.173541,2.4516625
1356786357754,8.349273,-2.9556155,2.152015
1356786357794,7.8861814,-3.1463003,2.6014864
1356786357834,7.8861814,-3.2961242,2.8738933
1356786357874,8.076866,-3.5276701,3.3778462
1356786357914,8.390134,-3.9771416,3.6774938
1356786357954,8.580819,-3.759216,4.0180025
1356786357994,8.240311,-3.8681788,3.7864566
1356786358034,7.7363577,-4.5900574,4.440233
1356786358074,7.5865335,-4.630918,3.990762
1356786358114,8.049625,-4.7126403,4.7126403
1356786358154,9.80665,-3.5957718,3.3778462
1356786358210,12.067628,-2.2201166,2.5606253
1356786358234,8.662541,-2.7921712,1.920469
1356786358274,7.3958488,-2.9556155,0.42223078
1356786358314,8.539958,-4.5219555,-0.27240697
1356786358354,9.112013,-4.140586,0.95342433
1356786358394,9.112013,-3.5276701,1.4573772
1356786358434,8.499097,-3.486809,0.6946377
1356786358474,8.008764,-3.5957718,0.42223078
1356786358514,8.117727,-4.099725,0.14982383
1356786358554,8.730643,-4.1814466,0.84446156
1356786358594,8.499097,-4.140586,1.1168685
1356786358634,8.580819,-3.9499009,0.61291564
1356786358674,8.812365,-4.2086873,0.53119355
1356786358714,9.275456,-4.5219555,0.92618364
1356786358754,9.575105,-5.053149,1.4573772
1356786358794,9.234595,-4.1814466,1.1849703
1356786358834,9.152874,-3.445948,1.920469
1356786358874,10.691973,-6.0474343,-0.8036005
1356786358914,10.841797,-5.407278,-1.6480621
1356786358954,9.888372,-1.7297841,0.5720546
1356786358994,9.043911,-2.1383946,1.5390993
1356786359034,9.343558,-4.099725,1.879608
1356786359074,9.043911,-4.2904096,0.5720546
1356786359114,8.539958,-2.9147544,1.1849703
1356786359154,8.390134,-2.3699405,1.607201
1356786359210,7.8861814,-2.070293,2.1792557
1356786359234,7.7772183,-2.7513103,2.2201166
1356786359274,7.5865335,-2.7513103,2.6014864
1356786359314,7.6954966,-3.255263,3.2961242
1356786359354,7.6954966,-3.6774938,3.2961242
1356786359394,8.049625,-3.636633,3.9499009
1356786359434,8.662541,-4.7943625,4.6036777
1356786359474,8.689782,-4.2904096,4.671779
1356786359514,7.4639506,-4.7126403,5.7886477
1356786359554,8.499097,-4.7126403,4.0180025
1356786359594,12.871228,-2.9147544,1.7297841
1356786359634,9.00305,-2.982856,1.6480621
1356786359674,7.6954966,-2.7240696,-0.08172209
1356786359714,8.689782,-3.7864566,-0.7627395
1356786359754,8.853226,-3.6774938,0.27240697
1356786359794,9.00305,-3.636633,1.2258313
1356786359834,8.499097,-3.173541,0.95342433
1356786359874,8.076866,-3.5276701,0.61291564
1356786359913,8.117727,-4.2904096,0.50395286
1356786359954,8.499097,-4.5219555,0.84446156
1356786359994,8.539958,-3.9499009,0.7218784
1356786360044,8.730643,-3.8273177,1.0760075
1356786360084,9.656827,-5.325556,1.5390993
1356786360124,9.507003,-5.706926,1.2666923
1356786360164,10.228881,-5.325556,0.23154591
1356786360212,10.760075,-4.862464,-0.14982383
1356786360244,9.724928,-3.0645783,0.38136974
1356786360284,9.615966,-1.879608,1.9885708
1356786360324,9.343558,-3.718355,1.879608
1356786360364,9.302697,-4.5900574,0.9942854
1356786360404,8.308413,-3.0645783,0.95342433
1356786360444,7.8861814,-2.1383946,1.334794
1356786360484,7.668256,-2.3699405,2.4516625
1356786360524,7.4639506,-3.0237172,2.7240696
1356786360564,7.43671,-2.8330324,2.7649305
1356786360604,7.164303,-3.173541,3.5276701
1356786360644,7.668256,-4.4810944,3.8681788
1356786360684,8.812365,-5.6660647,5.175732
1356786360724,8.349273,-4.903325,4.7126403
1356786360764,7.6954966,-3.2961242,4.140586
1356786360804,10.691973,-3.5276701,4.2086873
1356786360844,11.182305,-3.405087,1.6889231
1356786360884,8.430995,-3.445948,0.5720546
1356786360924,7.4639506,-3.0645783,-0.29964766
1356786360964,8.539958,-4.099725,-0.08172209
1356786361004,9.302697,-3.405087,1.334794
1356786361044,9.112013,-3.2961242,1.334794
1356786361084,8.281172,-3.486809,1.0351465
1356786361124,8.117727,-3.9090397,0.42223078
1356786361164,8.308413,-4.399372,0.88532263
1356786361211,8.430995,-4.2904096,1.0760075
1356786361244,8.349273,-3.718355,0.7627395
1356786361284,8.62168,-3.6774938,0.88532263
1356786361324,9.234595,-4.7126403,1.2666923
1356786361364,9.507003,-4.862464,0.92618364
1356786361404,9.384419,-4.9850473,1.2258313
1356786361444,9.656827,-4.7535014,2.152015
1356786361484,10.147159,-5.5571017,1.879608
1356786361524,10.501288,-4.944186,-1.4982382
1356786361564,9.80665,-2.4516625,1.2666923
1356786361604,9.302697,-3.214402,2.6832085
1356786361644,9.302697,-4.140586,1.5390993
1356786361684,8.076866,-3.8681788,0.5720546
1356786361724,7.6273947,-2.7240696,1.8387469
1356786361764,7.7363577,-1.879608,2.1111538
1356786361804,7.5865335,-2.8330324,2.7649305
1356786361844,7.0553403,-3.214402,3.214402
1356786361884,6.782933,-3.486809,3.5957718
1356786361924,6.742072,-4.140586,3.5957718
1356786361964,7.3549876,-4.2904096,4.2495484
1356786362004,7.9270425,-4.399372,5.243834
1356786362044,9.00305,-5.09401,5.053149
1356786362084,8.240311,-4.3312707,4.7535014
1356786362124,9.888372,-3.5957718,4.944186
1356786362164,13.252599,-2.982856,2.4516625
1356786362212,8.962189,-4.140586,0.53119355
1356786362244,7.164303,-2.2201166,-0.14982383
1356786362284,8.049625,-3.214402,-0.8036005
1356786362324,9.302697,-3.405087,0.6946377
1356786362364,9.507003,-3.3642259,1.3756552
1356786362404,8.62168,-3.214402,1.607201
1356786362444,8.117727,-3.6774938,0.27240697
1356786362484,8.158588,-4.2086873,0.313268
1356786362524,8.390134,-4.2904096,0.9942854
1356786362564,8.240311,-4.099725,0.92618364
1356786362604,8.19945,-4.372132,1.0760075
1356786362644,8.430995,-4.1814466,0.6946377
1356786362684,8.771504,-4.399372,0.61291564
1356786362724,9.302697,-4.2495484,0.46309182
1356786362764,9.888372,-4.3312707,1.3756552
1356786362813,9.888372,-5.175732,0.6946377
1356786362843,10.841797,-5.8567495,-0.8036005
1356786362884,10.079058,-5.434519,0.27240697
1356786362924,9.656827,-2.6014864,-0.61291564
1356786362964,9.915613,-1.9885708,0.9942854
1356786363004,9.724928,-4.3312707,2.1111538
1356786363044,9.193735,-5.175732,1.607201
1356786363084,8.240311,-3.214402,0.3405087
1356786363124,7.6954966,-2.2201166,1.607201
1356786363164,7.9679036,-2.8738933,2.2201166
1356786363212,7.273266,-3.214402,2.7649305
1356786363244,6.782933,-2.7513103,2.5333846
1356786363284,6.2789803,-2.9556155,2.982856
1356786363324,7.014479,-4.372132,3.9499009
1356786363364,8.049625,-5.243834,5.053149
1356786363404,8.662541,-5.284695,5.706926
1356786363444,7.7772183,-3.486809,4.5628166
1356786363484,10.800936,-3.568531,4.7943625
1356786363524,12.9529505,-3.8273177,0.95342433
1356786363564,7.9679036,-3.5957718,0.46309182
1356786363604,7.014479,-2.6423476,-0.3405087
1356786363644,8.580819,-3.173541,-0.5720546
1356786363684,9.425281,-3.173541,1.0351465
1356786363724,9.043911,-3.173541,1.0760075
1356786363764,8.19945,-3.3642259,0.8036005
1356786363804,8.349273,-4.099725,0.08172209
1356786363844,8.349273,-4.1814466,0.61291564
1356786363884,8.771504,-3.9499009,0.92618364
1356786363924,8.580819,-3.2961242,0.92618364
1356786363964,8.349273,-3.7864566,1.3075534
1356786364004,9.00305,-4.7126403,0.95342433
1356786364044,9.575105,-5.243834,1.1168685
1356786364084,9.507003,-4.5219555,2.4925237
1356786364124,10.18802,-5.243834,0.46309182
1356786364164,10.923519,-6.3198414,-0.29964766
1356786364211,9.80665,-3.5957718,-0.9125633
1356786364244,9.575105,-1.6889231,0.8036005
1356786364284,9.043911,-2.5333846,2.2609777
1356786364324,9.343558,-4.372132,1.4573772
1356786364364,8.580819,-3.718355,0.61291564
1356786364404,8.281172,-2.2609777,1.607201
1356786364444,8.158588,-2.3426998,2.0294318
1356786364484,8.076866,-2.982856,2.4108016
1356786364524,7.6273947,-3.0645783,2.8330324
1356786364564,7.082581,-2.7921712,2.7240696
1356786364604,7.273266,-3.7864566,3.7864566
1356786364644,7.7772183,-4.3312707,4.0180025
1356786364684,8.240311,-5.09401,4.5219555
1356786364724,8.390134,-5.012288,5.243834
1356786364764,8.471856,-4.2495484,6.0201936
1356786364804,13.211738,-4.399372,1.920469
1356786364844,9.765789,-2.6014864,0.84446156
1356786364884,7.4639506,-2.4516625,0.27240697
1356786364924,8.430995,-2.6014864,-1.4165162
1356786364964,8.539958,-3.9090397,0.88532263
1356786365004,9.152874,-3.9090397,1.4573772
1356786365054,9.234595,-3.1054392,1.1168685
1356786365094,8.240311,-3.636633,0.42223078
1356786365134,7.9270425,-3.9771416,0.10896278
1356786365174,8.076866,-4.5900574,0.95342433
1356786365214,8.308413,-4.399372,0.23154591
1356786365254,8.662541,-4.2495484,0.8036005
1356786365294,9.193735,-3.6774938,1.5390993
1356786365334,9.384419,-4.944186,0.8036005
1356786365374,9.697687,-4.2495484,1.0351465
1356786365414,10.337844,-5.053149,-0.38136974
1356786365454,10.841797,-5.012288,-0.27240697
1356786365494,9.343558,-4.0180025,-0.08172209
1356786365534,9.275456,-1.6480621,1.0760075
1356786365574,9.384419,-2.5606253,1.3756552
1356786365614,9.765789,-4.7535014,1.8387469
1356786365654,8.853226,-4.099725,0.8036005
1356786365694,7.9270425,-2.5333846,0.95342433
1356786365743,7.8589406,-2.3426998,2.1111538
1356786365773,7.8589406,-2.9556155,2.7240696
1356786365814,7.4639506,-2.8330324,2.6423476
1356786365854,7.0553403,-2.7513103,2.9147544
1356786365894,7.1234417,-3.445948,3.445948
1356786365934,8.430995,-4.2904096,4.140586
1356786365974,8.812365,-5.09401,5.325556
1356786366014,8.62168,-3.9771416,5.053149
1356786366054,8.240311,-3.718355,4.7126403
1356786366094,9.656827,-3.9771416,5.9793324
1356786366134,11.372991,-3.568531,1.56634
1356786366174,8.812365,-3.0237172,1.607201
1356786366215,7.014479,-2.4925237,0.313268
1356786366254,8.730643,-4.0588636,-1.2666923
1356786366294,8.689782,-3.8681788,0.3405087
1356786366334,9.043911,-3.8273177,1.3756552
1356786366374,8.853226,-3.214402,0.5720546
1356786366414,8.281172,-3.6774938,0.6537767
1356786366454,8.349273,-3.9771416,0.38136974
1356786366494,8.430995,-3.7864566,0.53119355
1356786366534,8.662541,-3.718355,0.50395286
1356786366574,8.730643,-3.9771416,0.5720546
1356786366614,9.384419,-4.140586,0.88532263
1356786366654,9.302697,-5.202973,1.2258313
1356786366694,9.275456,-4.440233,0.313268
1356786366734,10.147159,-4.3312707,1.1168685
1356786366774,11.032481,-5.012288,-0.46309182
1356786366814,10.460427,-3.5957718,-0.27240697
1356786366854,9.847511,-2.3018389,1.5390993
1356786366894,9.656827,-3.7864566,2.3699405
1356786366934,9.343558,-4.2495484,1.5390993
1356786366974,7.8589406,-3.255263,0.38136974
1356786367014,7.205164,-2.9147544,1.334794
1356786367054,6.851035,-2.8738933,2.5333846
1356786367094,6.8237944,-2.7513103,2.4516625
1356786367134,7.014479,-2.8330324,2.8738933
1356786367174,7.3141265,-3.336985,4.2495484
1356786367214,7.7363577,-4.5900574,4.5628166
1356786367254,8.662541,-5.6660647,5.47538
1356786367294,8.730643,-5.366417,5.012288
1356786367334,7.668256,-3.9771416,4.8216033
1356786367374,10.882658,-3.336985,3.990762
1356786367414,12.067628,-2.9147544,0.27240697
1356786367454,8.076866,-2.9147544,0.313268
1356786367494,7.8180795,-2.6014864,-0.14982383
1356786367534,8.812365,-3.568531,-0.14982383
1356786367574,9.193735,-3.336985,1.334794
1356786367614,8.539958,-3.718355,1.2258313
1356786367654,7.9679036,-3.9499009,0.9942854
1356786367694,8.158588,-4.399372,0.3405087
1356786367734,8.349273,-4.440233,1.1168685
1356786367774,8.62168,-4.2495484,1.1849703
1356786367814,8.539958,-3.636633,0.08172209
1356786367854,8.921328,-4.372132,0.19068487
1356786367894,9.152874,-4.440233,0.6946377
1356786367934,9.302697,-4.3312707,0.46309182
1356786367974,9.724928,-3.759216,2.0294318
1356786368014,10.95076,-5.5162406,0.23154591
1356786368054,10.732834,-5.938472,-0.95342433
1356786368094,10.337844,-2.5606253,0.46309182
1356786368134,9.615966,-2.2609777,1.1849703
1356786368174,9.084772,-4.862464,1.7297841
1356786368214,8.430995,-4.399372,1.1849703
1356786368254,7.3141265,-3.3642259,0.5720546
1356786368294,7.8861814,-2.1383946,1.1441092
1356786368334,8.008764,-2.1111538,2.3018389
1356786368374,7.8589406,-2.5606253,3.0645783
1356786368414,7.205164,-3.0237172,2.5606253
1356786368454,6.932757,-3.759216,2.9147544
1356786368494,7.5865335,-4.2495484,4.099725
1356786368534,8.771504,-5.47538,4.7535014
1356786368574,8.471856,-4.944186,4.2904096
1356786368614,7.273266,-4.7126403,5.284695
1356786368654,8.812365,-4.099725,3.636633
1356786368694,12.108489,-3.336985,1.9477097
1356786368733,9.615966,-3.9090397,2.2201166
1356786368774,7.246025,-1.6889231,0.5720546
1356786368814,9.234595,-3.9771416,-0.9125633
1356786368854,9.724928,-4.1814466,0.6946377
1356786368894,9.152874,-3.5276701,1.1168685
1356786368934,8.390134,-2.6014864,0.8036005
1356786368974,8.076866,-3.445948,0.7218784
1356786369014,8.008764,-4.0588636,0.313268
1356786369054,8.390134,-4.3312707,0.8036005
1356786369094,8.308413,-4.5900574,0.61291564
1356786369134,8.499097,-4.099725,0.23154591
1356786369174,9.084772,-4.3312707,0.6537767
1356786369214,9.466142,-4.9850473,0.61291564
1356786369254,9.193735,-4.4810944,0.95342433
1356786369294,10.378705,-5.47538,0.313268
1356786369334,11.413852,-5.706926,-0.9125633
1356786369374,10.119919,-2.2609777,0.19068487
1356786369414,9.80665,-1.6480621,1.920469
1356786369454,9.384419,-3.445948,1.7978859
1356786369494,9.193735,-4.862464,0.9942854
1356786369534,7.9679036,-3.759216,0.42223078
1356786369574,8.158588,-2.4925237,1.1168685
1356786369614,8.390134,-2.5333846,1.6480621
1356786369654,8.049625,-2.6832085,2.6014864
1356786369694,7.164303,-2.3426998,2.4925237
1356786369735,6.973618,-3.0237172,2.9147544
1356786369774,7.504812,-4.399372,3.718355
1356786369814,8.19945,-5.407278,5.2165933
1356786369854,8.308413,-4.944186,5.175732
1356786369893,7.6954966,-3.718355,4.671779
1356786369934,12.108489,-3.9499009,3.9499009
1356786369974,10.991621,-2.8330324,0.7627395
1356786370014,7.9679036,-3.255263,0.10896278
1356786370054,7.5456724,-2.982856,-0.5720546
1356786370094,8.730643,-3.486809,0.040861044
1356786370134,9.615966,-3.7864566,1.2258313
1356786370174,8.771504,-3.8273177,0.92618364
1356786370214,7.8861814,-3.5276701,0.50395286
1356786370254,8.076866,-4.099725,0.50395286
1356786370294,8.076866,-4.0180025,0.5720546
1356786370334,8.240311,-4.4810944,0.92618364
1356786370374,8.62168,-4.0588636,0.27240697
1356786370414,8.771504,-3.8681788,0.8036005
1356786370454,9.234595,-4.630918,0.53119355
1356786370494,9.847511,-5.012288,0.5720546
1356786370534,9.697687,-4.671779,1.7570249
1356786370574,10.651112,-5.7477865,0.08172209
1356786370614,10.732834,-4.7943625,-0.6537767
1356786370654,9.765789,-2.070293,0.08172209
1356786370694,10.18802,-1.2258313,1.56634
1356786370734,9.615966,-3.445948,1.879608
1356786370774,8.689782,-4.7126403,1.4165162
1356786370814,7.8589406,-3.8681788,0.42223078
1356786370854,7.3549876,-2.1792557,1.3756552
1356786370894,7.668256,-2.4516625,2.1792557
1356786370934,7.4639506,-2.9147544,3.0645783
1356786370974,6.851035,-2.6423476,2.7649305
1356786371014,7.246025,-3.214402,3.173541
1356786371054,7.668256,-4.2495484,4.6036777
1356786371094,8.771504,-5.284695,5.366417
1356786371134,8.62168,-5.284695,5.5162406
1356786371174,8.049625,-4.5219555,4.9850473
1356786371214,8.499097,-3.759216,5.243834
1356786371254,12.762266,-2.9147544,0.88532263
1356786371294,9.956474,-2.8330324,1.1441092
1356786371334,7.3958488,-3.255263,0.23154591
1356786371374,8.308413,-3.486809,-1.4573772
1356786371414,8.771504,-3.336985,0.7218784
1356786371454,9.00305,-3.255263,1.334794
1356786371494,8.62168,-3.336985,0.61291564
1356786371534,7.9679036,-4.2086873,0.23154591
1356786371574,7.8589406,-4.372132,0.92618364
1356786371614,8.049625,-4.4810944,1.0351465
1356786371654,8.430995,-3.9771416,0.46309182
1356786371693,8.853226,-4.099725,0.88532263
1356786371734,9.615966,-4.7943625,1.56634
1356786371774,9.765789,-4.8216033,-0.23154591
1356786371814,10.501288,-3.8273177,1.0351465
1356786371854,11.264028,-5.366417,0.040861044
1356786371894,10.337844,-4.7943625,-1.4165162
1356786371934,9.615966,-2.7240696,1.2666923
1356786371974,9.466142,-3.1463003,1.6889231
1356786372014,9.00305,-5.243834,1.920469
1356786372054,8.076866,-3.8681788,0.50395286
1356786372094,7.6273947,-2.3699405,0.7218784
1356786372134,7.8861814,-2.1111538,1.7570249
1356786372174,7.6273947,-2.3426998,2.4925237
1356786372214,7.0553403,-2.2201166,2.6832085
1356786372254,6.891896,-3.1463003,3.255263
1356786372294,7.43671,-4.5628166,4.5219555
1356786372334,8.962189,-6.3198414,5.597963
1356786372374,8.662541,-5.134871,5.366417
1356786372414,9.765789,-3.9090397,4.5628166
1356786372454,11.495573,-2.8738933,2.4516625
1356786372494,9.193735,-3.2961242,0.53119355
1356786372534,7.6954966,-2.6014864,0.3405087
1356786372574,7.6273947,-2.982856,-0.5720546
1356786372614,9.112013,-4.2904096,0.50395286
1356786372654,9.112013,-3.9771416,1.7570249
1356786372694,8.580819,-3.445948,0.84446156
1356786372734,8.049625,-3.5957718,0.53119355
1356786372774,8.076866,-4.0180025,0.46309182
1356786372814,8.471856,-4.2086873,0.88532263
1356786372854,8.158588,-4.2086873,0.9942854
1356786372894,8.471856,-4.140586,1.1849703
1356786372934,9.152874,-4.8216033,1.1168685
1356786372974,9.697687,-5.09401,1.3075534
1356786373014,9.534244,-4.9850473,1.1168685
1356786373054,9.997335,-4.630918,0.61291564
1356786373094,10.95076,-5.053149,0.53119355
1356786373134,10.310603,-3.636633,-0.50395286
1356786373174,9.888372,-1.879608,1.3756552
1356786373214,9.043911,-3.2961242,2.152015
1356786373254,8.853226,-4.671779,1.920469
1356786373294,7.9270425,-3.255263,0.6946377
1356786373334,8.008764,-2.3018389,1.607201
1356786373374,7.8861814,-2.1792557,2.1792557
1356786373414,7.3958488,-2.6423476,3.173541
1356786373454,7.1234417,-2.7921712,2.9147544
1356786373494,6.973618,-3.9090397,3.8273177
1356786373534,7.5456724,-4.5900574,4.099725
1356786373574,8.240311,-5.134871,5.7477865
1356786373614,8.349273,-4.8216033,4.903325
1356786373654,8.158588,-4.0180025,4.5219555
1356786373694,12.14935,-3.1463003,3.0237172
1356786373734,10.95076,-3.214402,-0.14982383
1356786373774,8.008764,-3.1463003,0.6537767
1356786373814,7.8180795,-3.445948,-0.50395286
1356786373854,8.471856,-3.636633,0.88532263
1356786373894,9.084772,-3.9499009,1.6480621
1356786373934,8.390134,-3.2961242,0.92618364
1356786373974,8.049625,-3.636633,0.9942854
1356786374014,8.076866,-4.1814466,0.5720546
1356786374054,8.117727,-4.7535014,1.3075534
1356786374094,8.281172,-4.1814466,0.6946377
1356786374134,8.771504,-4.099725,0.5720546
1356786374174,9.275456,-3.9090397,0.9942854
1356786374214,9.656827,-4.7943625,0.50395286
1356786374254,9.80665,-5.243834,1.2666923
1356786374294,10.528529,-5.9793324,0.8036005
1356786374334,10.528529,-5.9793324,-0.61291564
1356786374374,9.888372,-2.5606253,-0.19068487
1356786374414,9.956474,-2.3426998,2.152015
1356786374454,9.997335,-4.099725,2.5333846
1356786374494,8.689782,-4.7535014,0.7218784
1356786374534,7.3549876,-2.5606253,0.7218784
1356786374574,7.3141265,-1.879608,1.7297841
1356786374614,7.668256,-2.4516625,2.0294318
1356786374653,7.014479,-2.5333846,2.982856
1356786374694,6.701211,-2.8738933,3.336985
1356786374738,6.701211,-4.0588636,3.6774938
1356786374774,7.7772183,-4.7126403,4.2904096
1356786374814,9.234595,-5.012288,5.597963
1356786374854,9.00305,-4.5628166,5.8976107
1356786374894,8.771504,-4.5219555,5.434519
1356786374934,12.9529505,-3.486809,0.92618364
1356786374974,8.812365,-2.5333846,0.50395286
1356786375014,7.1234417,-3.568531,0.19068487
1356786375054,8.499097,-3.486809,-0.95342433
1356786375094,9.152874,-3.636633,0.8036005
1356786375134,9.084772,-3.445948,1.5390993
1356786375174,8.158588,-3.214402,0.7627395
1356786375214,8.076866,-4.140586,0.14982383
1356786375254,8.19945,-4.1814466,1.0351465
1356786375294,8.281172,-4.140586,0.6946377
1356786375334,8.580819,-3.9771416,0.42223078
1356786375374,8.853226,-3.9771416,0.92618364
1356786375414,9.112013,-4.903325,0.84446156
1356786375454,9.084772,-5.202973,0.6537767
1356786375494,9.302697,-4.440233,1.2666923
1356786375534,10.61025,-5.325556,0.9942854
1356786375574,10.61025,-5.09401,-1.334794
1356786375614,10.378705,-2.7240696,0.6537767
1356786375654,9.80665,-2.3018389,2.1111538
1356786375694,9.466142,-4.5900574,1.9885708
1356786375734,8.349273,-4.5900574,1.0351465
1356786375774,7.3549876,-2.7921712,0.61291564
1356786375814,7.3549876,-2.0294318,2.0294318
1356786375854,7.8180795,-2.982856,2.5333846
1356786375894,7.43671,-2.7240696,2.6832085
1356786375934,6.891896,-2.7240696,3.173541
1356786375974,6.891896,-4.0588636,3.5276701
1356786376014,8.117727,-4.903325,4.8216033
1356786376054,8.962189,-6.0201936,5.597963
1356786376094,8.539958,-4.5219555,4.671779
1356786376134,7.273266,-4.0588636,5.175732
1356786376174,11.917805,-3.636633,2.6014864
1356786376214,11.34575,-3.2961242,0.8036005
1356786376254,7.246025,-2.7921712,1.1849703
1356786376294,7.4639506,-3.173541,-1.1441092
1356786376334,9.234595,-3.9771416,-0.46309182
1356786376374,9.234595,-4.0180025,1.3756552
1356786376414,8.853226,-3.1054392,1.0351465
1356786376454,8.117727,-3.5276701,0.7627395
1356786376494,8.008764,-3.759216,0.3405087
1356786376534,7.9679036,-4.4810944,1.1168685
1356786376574,8.349273,-4.3312707,0.5720546
1356786376614,8.281172,-4.140586,0.7627395
1356786376654,8.894087,-4.4810944,0.84446156
1356786376694,9.343558,-5.09401,0.7218784
1356786376734,9.425281,-4.862464,0.84446156
1356786376774,9.697687,-4.671779,1.3756552
1356786376814,11.304889,-6.0201936,-0.7218784
1356786376854,9.997335,-5.134871,-0.61291564
1356786376894,9.615966,-1.525479,0.7218784
1356786376934,9.80665,-2.0294318,1.920469
1356786376974,9.915613,-4.7943625,1.56634
1356786377014,8.730643,-4.944186,0.6537767
1356786377054,7.4639506,-3.214402,0.7627395
1356786377094,7.4639506,-2.1792557,1.6480621
1356786377134,7.3958488,-2.6014864,2.6423476
1356786377174,7.0553403,-2.7240696,2.8330324
1356786377214,6.66035,-2.5333846,2.9147544
1356786377254,6.891896,-3.445948,3.445948
1356786377294,8.281172,-4.944186,4.8216033
1356786377334,9.193735,-6.0882955,5.597963
1356786377374,9.152874,-4.399372,5.243834
1356786377414,7.082581,-4.440233,5.434519
1356786377454,12.680544,-3.0237172,1.4982382
1356786377494,10.651112,-1.8387469,0.040861044
1356786377534,7.273266,-3.759216,0.9942854
1356786377574,8.076866,-3.718355,-0.61291564
1356786377613,8.812365,-3.5276701,0.23154591
1356786377654,9.00305,-3.759216,1.56634
1356786377694,8.308413,-2.982856,0.50395286
1356786377734,8.390134,-3.9499009,0.6946377
1356786377774,8.008764,-4.2904096,0.42223078
1356786377814,8.349273,-4.3312707,0.8036005
1356786377854,8.430995,-4.2086873,0.7218784
1356786377894,8.662541,-4.2904096,0.6537767
1356786377934,9.084772,-4.5900574,0.9942854
1356786377974,9.507003,-4.7535014,0.9942854
1356786378014,9.80665,-3.7864566,1.4982382
1356786378054,10.528529,-5.5162406,1.2258313
1356786378094,10.923519,-5.325556,-1.7570249
1356786378134,10.310603,-2.7513103,-0.14982383
1356786378174,9.956474,-1.9477097,1.9885708
1356786378215,9.425281,-4.3312707,2.1111538
1356786378254,8.499097,-4.2086873,1.5390993
1356786378294,7.3549876,-2.8330324,0.88532263
1356786378334,7.5456724,-2.1792557,2.152015
1356786378374,8.008764,-2.6423476,2.6832085
1356786378414,7.504812,-2.3699405,2.7240696
1356786378454,7.0553403,-3.1463003,3.1463003
1356786378494,6.973618,-3.718355,3.405087
1356786378534,7.5456724,-3.9499009,3.8681788
1356786378574,8.689782,-4.5219555,4.399372
1356786378614,8.921328,-4.7126403,4.9850473
1356786378654,7.3958488,-5.053149,5.243834
1356786378694,6.469665,-4.440233,5.134871
1356786378734,8.539958,-4.440233,3.5957718
1356786378774,13.6748295,-4.399372,1.7570249
1356786378814,9.425281,-1.607201,1.6480621
1356786378854,7.1234417,-2.6423476,0.42223078
1356786378894,8.580819,-4.5628166,-1.3075534
1356786378934,8.921328,-3.759216,0.9942854
1356786378974,9.112013,-3.445948,1.1849703
1356786379014,8.539958,-2.6014864,0.61291564
1356786379054,8.158588,-3.759216,0.8036005
1356786379094,7.8861814,-4.0180025,0.46309182
1356786379134,8.19945,-4.2904096,0.6946377
1356786379174,8.158588,-3.9771416,0.53119355
1356786379214,8.894087,-3.9499009,0.8036005
1356786379254,9.343558,-4.5628166,0.8036005
1356786379294,9.534244,-5.5571017,0.38136974
1356786379334,9.697687,-4.671779,1.1168685
1356786379374,10.419566,-5.325556,0.50395286
1356786379414,10.310603,-5.134871,-0.7627395
1356786379454,10.269742,-2.4108016,-0.040861044
1356786379494,9.997335,-1.6480621,1.4165162
1356786379534,10.038197,-4.2086873,2.2201166
1356786379574,8.62168,-4.9850473,1.0351465
1356786379614,7.273266,-3.173541,0.313268
1356786379654,6.891896,-2.3426998,1.7297841
1356786379694,7.43671,-2.8330324,2.3018389
1356786379735,7.1234417,-2.6832085,3.1463003
1356786379784,6.6331096,-2.8330324,3.214402
1356786379824,7.164303,-4.2086873,4.2495484
1356786379864,8.430995,-5.9793324,6.0882955
1356786379904,9.00305,-6.0474343,4.7535014
1356786379944,8.390134,-3.636633,4.5628166
1356786379984,12.489859,-2.5333846,3.990762
1356786380024,10.460427,-3.568531,0.14982383
1356786380064,8.076866,-3.336985,-0.14982383
1356786380104,7.3958488,-2.9556155,-0.5720546
1356786380144,8.771504,-3.214402,0.50395286
1356786380203,9.507003,-3.5276701,1.4573772
1356786380234,8.580819,-3.445948,1.334794
1356786380274,7.7772183,-4.0180025,0.5720546
1356786380314,7.8589406,-4.440233,0.6537767
1356786380354,7.9270425,-4.5628166,0.88532263
1356786380394,8.19945,-4.0180025,0.8036005
1356786380434,8.730643,-4.1814466,0.92618364
1356786380474,8.894087,-4.140586,0.9942854
1356786380514,9.302697,-5.243834,0.50395286
1356786380554,9.888372,-4.671779,1.2666923
1356786380593,10.841797,-5.5162406,0.38136974
1356786380634,11.223166,-5.8567495,-0.5720546
1356786380674,9.724928,-3.0237172,-0.14982383
1356786380714,9.425281,-1.56634,1.0760075
1356786380754,9.384419,-3.214402,1.4573772
1356786380794,8.962189,-4.862464,1.2666923
1356786380834,7.5865335,-3.5957718,0.7218784
1356786380874,7.668256,-3.0237172,1.3756552
1356786380914,7.3958488,-2.7513103,1.7570249
1356786380954,7.164303,-2.7513103,2.8330324
1356786380994,6.932757,-2.7513103,2.7921712
1356786381034,6.6331096,-3.0237172,3.445948
1356786381074,7.4639506,-4.5219555,4.671779
1356786381114,8.771504,-5.938472,5.407278
1356786381154,9.084772,-5.012288,5.053149
1356786381203,8.19945,-4.2904096,5.6252036
1356786381234,10.923519,-4.1814466,5.053149
1356786381274,11.604536,-2.8738933,0.46309182
1356786381314,7.164303,-2.4108016,1.0351465
1356786381354,7.0553403,-3.6774938,-0.23154591
1356786381394,8.853226,-3.8273177,-0.7218784
1356786381434,8.962189,-4.140586,1.4982382
1356786381474,8.662541,-2.8738933,0.7218784
1356786381504,8.689782,-3.1054392,0.5720546
1356786381544,8.349273,-3.759216,0.313268
1356786381584,8.471856,-3.8273177,0.6946377
1356786381624,8.689782,-3.9771416,0.5720546
1356786381664,8.771504,-3.9090397,0.6537767
1356786381704,9.384419,-4.1814466,1.1849703
1356786381744,9.302697,-5.5571017,0.46309182
1356786381784,9.302697,-5.47538,1.0351465
1356786381824,10.691973,-5.325556,-0.38136974
1356786381864,10.460427,-4.862464,-0.08172209
1356786381904,9.765789,-2.9556155,0.23154591
1356786381944,9.888372,-1.7570249,1.7570249
1356786381984,9.615966,-4.2495484,2.3426998
1356786382024,8.921328,-4.944186,1.4982382
1356786382064,7.6273947,-3.3642259,0.84446156
1356786382104,7.164303,-1.9477097,0.9942854
1356786382144,7.5456724,-2.3699405,2.4108016
1356786382204,7.5456724,-2.8330324,3.2961242
1356786382234,7.1234417,-2.7921712,2.7921712
1356786382274,6.932757,-3.568531,3.5276701
1356786382314,7.5865335,-4.399372,3.990762
1356786382354,8.539958,-5.202973,5.2165933
1356786382394,8.580819,-4.944186,5.366417
1356786382434,7.5865335,-4.0588636,4.4810944
1356786382474,10.18802,-3.636633,5.012288
1356786382514,13.0619135,-3.1463003,0.95342433
1356786382554,8.076866,-3.636633,0.9942854
1356786382594,7.4639506,-3.445948,-0.38136974
1356786382634,8.853226,-3.636633,-0.7627395
1356786382674,9.00305,-3.173541,1.5390993
1356786382714,8.689782,-2.9147544,0.84446156
1356786382754,8.471856,-3.3642259,0.7627395
1356786382794,8.240311,-4.099725,0.23154591
1356786382834,8.117727,-4.2086873,0.5720546
1356786382874,8.499097,-4.399372,0.9942854
1356786382914,8.076866,-4.099725,0.5720546
1356786382954,8.281172,-3.9090397,0.6946377
1356786382994,9.043911,-4.440233,0.8036005
1356786383034,9.193735,-4.7126403,0.38136974
1356786383074,9.765789,-4.0180025,1.3756552
1356786383114,10.147159,-4.7943625,1.8387469
1356786383154,10.760075,-6.510526,-0.6537767
1356786383203,10.228881,-5.284695,-1.1168685
1356786383234,10.228881,-1.879608,0.10896278
1356786383274,9.697687,-2.8330324,2.0294318
1356786383314,9.656827,-5.434519,2.7649305
1356786383354,7.8589406,-4.2495484,0.38136974
1356786383394,6.973618,-2.6832085,0.88532263
1356786383434,7.164303,-2.3699405,1.7570249
1356786383474,7.205164,-2.6423476,2.6423476
1356786383514,7.014479,-2.5606253,2.982856
1356786383553,6.932757,-3.2961242,3.636633
1356786383594,7.3549876,-4.399372,3.9499009
1356786383634,8.471856,-6.0882955,5.6660647
1356786383674,8.19945,-5.47538,4.944186
1356786383714,7.7363577,-3.568531,4.7126403
1356786383754,10.528529,-3.759216,5.012288
1356786383794,12.408136,-3.445948,1.2666923
1356786383834,7.0553403,-3.173541,0.7218784
1356786383874,6.973618,-3.2961242,-0.84446156
1356786383914,9.466142,-3.486809,-0.53119355
1356786383954,8.812365,-3.718355,0.84446156
1356786383994,8.962189,-3.486809,1.607201
1356786384034,8.308413,-3.636633,0.7218784
1356786384074,7.9679036,-4.140586,0.19068487
1356786384114,8.008764,-4.1814466,0.95342433
1356786384154,8.240311,-4.1814466,0.84446156
1356786384203,8.499097,-4.0180025,0.6946377
1356786384234,8.894087,-4.2086873,0.6946377
1356786384274,9.575105,-4.671779,0.84446156
1356786384314,9.507003,-4.862464,1.1168685
1356786384354,9.656827,-4.1814466,1.1168685
1356786384394,10.691973,-5.47538,-0.08172209
1356786384434,11.032481,-4.5628166,-0.19068487
1356786384474,10.760075,-2.9147544,1.1441092
1356786384514,9.80665,-4.099725,1.334794
1356786384554,8.499097,-5.134871,1.6480621
1356786384594,7.164303,-3.1054392,0.42223078
1356786384634,7.504812,-2.7513103,1.9477097
1356786384674,6.701211,-2.070293,1.5390993
1356786384714,6.5513873,-2.6832085,2.982856
1356786384754,6.4015636,-3.0237172,2.8738933
1356786384794,6.3607025,-4.3312707,3.8681788
1356786384834,8.499097,-5.8976107,4.630918
1356786384874,9.084772,-6.238119,6.0474343
1356786384914,8.076866,-3.9771416,4.3312707
1356786384954,10.18802,-3.7864566,5.47538
1356786384994,12.258313,-3.255263,1.9477097
1356786385034,8.049625,-3.9771416,0.27240697
1356786385074,7.0553403,-2.7240696,0.040861044
1356786385114,8.19945,-3.405087,-0.7218784
1356786385154,9.425281,-3.9499009,1.6480621
1356786385201,9.043911,-3.9771416,1.7297841
1356786385234,8.008764,-3.568531,1.3075534
1356786385274,7.6954966,-4.140586,0.5720546
1356786385314,8.240311,-4.2495484,0.53119355
1356786385354,8.308413,-4.372132,0.88532263
1356786385394,8.730643,-4.099725,0.7627395
1356786385434,8.430995,-4.2086873,1.3075534
1356786385474,8.853226,-4.944186,1.0351465
1356786385514,9.234595,-5.09401,1.0351465
1356786385554,9.193735,-3.8681788,1.334794
1356786385594,10.038197,-4.903325,0.92618364
1356786385634,10.691973,-5.7477865,-0.10896278
1356786385674,11.032481,-3.5957718,-0.27240697
1356786385714,10.378705,-3.405087,1.3075534
1356786385754,9.302697,-3.445948,0.38136974
1356786385794,8.390134,-4.3312707,0.95342433
1356786385834,7.668256,-2.4925237,0.7218784
1356786385874,7.7363577,-2.5333846,2.4925237
1356786385914,7.7772183,-3.0645783,1.9885708
1356786385954,7.6273947,-3.0645783,2.6423476
1356786385994,6.851035,-3.1054392,2.9556155
1356786386034,6.5513873,-3.3642259,3.0645783
1356786386074,6.742072,-3.9499009,4.0588636
1356786386114,8.117727,-4.944186,5.134871
1356786386154,9.043911,-5.366417,5.09401
1356786386194,8.008764,-4.440233,5.938472
1356786386234,8.281172,-4.4810944,4.5219555
1356786386274,14.09706,-3.7864566,2.3699405
1356786386314,8.008764,-2.7921712,1.1441092
1356786386354,6.4015636,-2.982856,-0.08172209
1356786386394,8.894087,-3.8273177,-1.0351465
1356786386443,9.043911,-3.9771416,1.879608
1356786386473,8.962189,-3.8273177,1.3075534
1356786386514,8.430995,-2.7921712,0.7627395
1356786386554,8.008764,-4.2495484,0.53119355
1356786386594,8.19945,-4.2086873,0.23154591
1356786386634,8.117727,-4.3312707,0.95342433
1356786386674,8.539958,-3.9771416,0.53119355
1356786386714,8.812365,-4.140586,1.1849703
1356786386754,9.084772,-4.399372,1.1441092
1356786386794,9.425281,-5.6660647,0.95342433
1356786386834,9.534244,-4.0588636,1.6889231
1356786386874,10.147159,-4.903325,1.56634
1356786386914,10.732834,-4.862464,-0.23154591
1356786386954,10.501288,-3.486809,-0.53119355
1356786386994,9.847511,-2.7921712,2.070293
1356786387034,9.466142,-5.053149,2.152015
1356786387074,7.7363577,-3.7864566,1.56634
1356786387114,7.205164,-3.0645783,0.84446156
