1356786427874,-4.630918,8.689782,1.1441092
1356786427914,-4.630918,9.112013,1.2258313
1356786427954,-4.5628166,8.921328,1.334794
1356786427994,-4.5900574,9.00305,0.46309182
1356786428034,-4.5628166,8.921328,0.88532263
1356786428074,-4.5900574,9.043911,0.84446156
1356786428114,-4.5628166,8.812365,0.7627395
1356786428155,-4.5628166,8.921328,0.313268
1356786428194,-4.5900574,9.234595,0.95342433
1356786428234,-4.630918,9.112013,0.27240697
1356786428274,-4.671779,9.112013,0.313268
1356786428314,-4.4810944,8.962189,1.2666923
1356786428354,-4.5900574,9.152874,0.3405087
1356786428394,-4.7126403,9.043911,0.50395286
1356786428435,-4.5628166,9.384419,1.7297841
1356786428474,-4.630918,8.962189,1.2666923
1356786428514,-4.399372,8.771504,2.9147544
1356786428554,-4.372132,8.962189,3.405087
1356786428594,-4.5219555,9.234595,3.1463003
1356786428634,-4.2086873,9.234595,2.6832085
1356786428674,-4.0588636,8.499097,3.173541
1356786428714,-4.440233,8.158588,3.5276701
1356786428786,-4.140586,8.349273,3.486809
1356786428796,-4.372132,8.076866,3.173541
1356786428834,-4.2904096,7.8589406,3.718355
1356786428874,-3.7864566,7.668256,3.8681788
1356786428914,-3.5276701,7.5456724,4.0588636
1356786428954,-3.486809,7.43671,4.5628166
1356786428994,-3.486809,7.8180795,4.671779
1356786429034,-4.140586,7.668256,4.440233
1356786429074,-3.9499009,8.281172,4.862464
1356786429114,-4.5900574,8.580819,5.09401
1356786429154,-4.099725,8.812365,5.407278
1356786429194,-6.0474343,9.724928,5.243834
1356786429234,-5.5162406,8.662541,3.1463003
1356786429274,-4.5628166,7.5456724,1.3075534
1356786429314,-3.9771416,8.158588,0.7218784
1356786429354,-4.0180025,8.894087,0.6537767
1356786429394,-4.0588636,8.812365,1.0760075
1356786429434,-4.862464,9.275456,1.1849703
1356786429474,-4.5900574,9.084772,1.334794
1356786429514,-3.7864566,8.662541,1.0760075
1356786429554,-3.636633,9.152874,1.5390993
1356786429594,-3.5957718,9.084772,1.8387469
1356786429634,-3.5957718,9.275456,1.3075534
1356786429674,-3.636633,9.275456,1.4165162
1356786429714,-3.9090397,9.384419,1.0351465
1356786429785,-4.099725,9.847511,0.27240697
1356786429796,-4.5900574,9.80665,0.61291564
1356786429834,-5.366417,9.615966,1.4982382
1356786429874,-4.903325,11.114203,1.4982382
1356786429914,-4.2086873,10.841797,0.7627395
1356786429954,-4.0588636,9.384419,0.50395286
1356786429994,-5.938472,7.9679036,0.38136974
1356786430034,-5.09401,9.765789,1.7297841
1356786430074,-4.5219555,10.079058,2.3018389
1356786430114,-4.140586,8.471856,1.607201
1356786430154,-4.2495484,7.4639506,2.1111538
1356786430194,-3.9771416,7.504812,2.6014864
1356786430234,-3.636633,7.273266,2.7649305
1356786430274,-3.8273177,6.701211,2.4108016
1356786430314,-3.718355,7.082581,3.0237172
1356786430354,-3.8681788,8.430995,4.2495484
1356786430394,-4.099725,9.697687,6.0201936
1356786430434,-4.8216033,9.302697,4.903325
1356786430474,-3.8273177,8.894087,4.5219555
1356786430514,-5.407278,9.956474,3.990762
1356786430554,-6.6331096,9.193735,1.4165162
1356786430594,-3.3642259,7.6273947,1.1441092
1356786430634,-3.2961242,8.308413,0.14982383
1356786430674,-3.9771416,9.384419,0.50395286
1356786430714,-3.8681788,9.084772,1.6889231
1356786430785,-4.2495484,8.812365,0.88532263
1356786430807,-4.440233,8.689782,0.9942854
1356786430834,-4.3312707,8.853226,1.3075534
1356786430873,-3.718355,8.853226,0.92618364
1356786430914,-3.9771416,9.043911,0.95342433
1356786430954,-3.7864566,9.084772,0.9942854
1356786430994,-4.1814466,9.656827,1.1849703
1356786431034,-4.140586,10.800936,1.4982382
1356786431074,-4.2495484,10.732834,1.9885708
1356786431114,-4.5628166,10.528529,1.3756552
1356786431154,-4.399372,10.95076,1.334794
1356786431194,-4.5628166,9.302697,-0.08172209
1356786431234,-5.6252036,8.689782,0.040861044
1356786431274,-5.09401,9.343558,2.152015
1356786431314,-4.903325,10.038197,3.0645783
1356786431354,-3.5957718,8.921328,1.4573772
1356786431394,-4.3312707,7.273266,2.2201166
1356786431434,-4.2495484,6.851035,2.3018389
1356786431474,-3.8273177,6.782933,2.9556155
1356786431514,-3.5957718,6.5922484,2.7649305
1356786431554,-3.173541,7.3549876,3.3778462
1356786431594,-3.486809,8.921328,5.012288
1356786431634,-3.8273177,9.888372,6.1291566
1356786431674,-5.053149,9.193735,5.6252036
1356786431714,-4.4810944,8.539958,4.862464
1356786431782,-3.9771416,7.9679036,5.012288
1356786431794,-4.630918,9.00305,1.879608
1356786431834,-6.428804,8.580819,1.6480621
1356786431874,-2.8330324,8.662541,0.9942854
1356786431914,-2.7240696,9.043911,-0.10896278
1356786431954,-4.862464,8.812365,1.334794
1356786431994,-4.903325,9.084772,1.1168685
1356786432034,-4.140586,8.117727,0.92618364
1356786432074,-3.1463003,8.730643,1.0351465
1356786432114,-3.336985,9.343558,1.4573772
1356786432154,-3.445948,9.343558,1.3075534
1356786432194,-3.718355,9.00305,1.1849703
1356786432234,-4.630918,9.765789,1.4165162
1356786432274,-4.2904096,10.841797,1.3756552
1356786432314,-4.7126403,10.501288,1.7978859
1356786432353,-4.8216033,11.223166,2.1111538
1356786432394,-4.5219555,10.882658,0.7627395
1356786432434,-5.8158884,8.62168,-0.10896278
1356786432474,-5.5571017,8.471856,0.42223078
1356786432514,-4.3312707,9.507003,2.4516625
1356786432554,-3.8273177,9.724928,2.3699405
1356786432594,-3.636633,8.076866,2.152015
1356786432634,-4.399372,7.205164,1.8387469
1356786432674,-4.440233,7.0553403,2.5606253
1356786432714,-4.372132,7.082581,3.1463003
1356786432784,-3.9771416,6.8237944,2.982856
1356786432795,-2.9556155,7.5456724,3.5957718
1356786432834,-3.2961242,8.349273,4.3312707
1356786432874,-3.5276701,9.466142,6.4015636
1356786432914,-4.5219555,9.80665,6.1291566
1356786432954,-3.2961242,8.662541,5.8976107
1356786432994,-4.2495484,9.084772,3.2961242
1356786433034,-8.076866,10.800936,0.61291564
1356786433074,-3.759216,7.9270425,2.3426998
1356786433114,-2.4108016,7.7363577,-0.46309182
1356786433154,-4.0588636,9.043911,0.10896278
1356786433194,-4.2904096,9.343558,1.7570249
1356786433234,-4.5900574,8.308413,0.8036005
1356786433274,-4.3312707,8.076866,0.61291564
1356786433314,-3.8681788,8.921328,0.9942854
1356786433354,-3.486809,8.962189,1.0760075
1356786433394,-4.0588636,9.343558,0.88532263
1356786433434,-4.5900574,9.534244,1.56634
1356786433474,-4.944186,10.460427,1.7570249
1356786433514,-3.9499009,10.991621,2.0294318
1356786433554,-3.759216,9.697687,1.7570249
1356786433594,-4.2086873,10.841797,1.1441092
1356786433634,-4.399372,10.269742,0.7627395
1356786433674,-5.47538,8.281172,0.42223078
1356786433714,-5.597963,8.281172,1.2666923
1356786433784,-4.2495484,9.997335,3.0237172
1356786433795,-3.7864566,9.697687,2.6423476
1356786433834,-3.5276701,8.117727,1.7570249
1356786433874,-4.140586,6.891896,2.152015
1356786433914,-4.440233,7.0553403,2.4925237
1356786433953,-3.8273177,6.851035,3.0237172
1356786433994,-3.5957718,6.851035,3.255263
1356786434034,-2.7240696,8.008764,4.5219555
1356786434074,-3.445948,9.80665,5.8567495
1356786434114,-4.7126403,9.80665,6.3198414
1356786434154,-4.1814466,9.384419,5.434519
1356786434194,-5.6252036,9.697687,4.2086873
1356786434234,-6.0882955,9.507003,0.61291564
1356786434274,-2.7513103,7.43671,1.2666923
1356786434314,-2.3426998,8.471856,-0.61291564
1356786434354,-5.053149,8.771504,0.6946377
1356786434394,-4.2904096,9.302697,1.3756552
1356786434434,-4.399372,8.580819,1.2258313
1356786434474,-3.568531,8.499097,0.88532263
1356786434514,-3.5957718,8.894087,1.1849703
1356786434554,-3.2961242,9.302697,1.4573772
1356786434594,-3.8681788,9.112013,0.9942854
1356786434634,-3.8681788,9.384419,1.2258313
1356786434674,-4.903325,9.80665,1.7978859
1356786434714,-4.372132,10.378705,1.1168685
1356786434785,-5.053149,10.079058,2.2201166
1356786434804,-3.8681788,12.217452,0.61291564
1356786434844,-5.175732,9.656827,0.3405087
1356786434884,-5.9793324,7.8861814,0.040861044
1356786434924,-5.175732,9.00305,1.7297841
1356786434964,-3.445948,10.460427,2.9556155
1356786435004,-3.405087,8.349273,2.1792557
1356786435044,-4.372132,7.3141265,1.4982382
1356786435084,-4.671779,6.701211,1.607201
1356786435124,-4.2495484,6.891896,2.7921712
1356786435164,-4.0588636,7.1234417,3.2961242
1356786435204,-3.1054392,7.7363577,3.990762
1356786435244,-3.0645783,9.084772,4.944186
1356786435284,-3.255263,9.915613,6.1700177
1356786435324,-3.445948,9.302697,5.325556
1356786435364,-5.09401,9.507003,4.671779
1356786435404,-7.8861814,10.18802,1.2258313
1356786435444,-3.9771416,7.273266,1.1441092
1356786435484,-1.6889231,8.471856,-0.10896278
1356786435524,-4.8216033,8.662541,0.5720546
1356786435564,-4.671779,8.730643,1.879608
1356786435604,-3.759216,8.921328,0.7627395
1356786435644,-4.372132,8.730643,1.1168685
1356786435684,-3.568531,8.853226,1.2666923
1356786435724,-3.9499009,9.152874,0.7627395
1356786435783,-3.9771416,9.234595,1.334794
1356786435804,-3.6774938,9.575105,1.0760075
1356786435844,-4.399372,10.18802,1.56634
1356786435884,-3.568531,9.915613,1.7297841
1356786435924,-4.440233,9.847511,1.56634
1356786435964,-4.399372,10.691973,2.2609777
1356786436004,-4.2086873,11.536434,0.23154591
1356786436044,-6.0882955,9.575105,-0.6946377
1356786436084,-5.8567495,8.921328,1.8387469
1356786436124,-4.8216033,9.724928,3.255263
1356786436164,-3.759216,9.275456,1.1168685
1356786436204,-3.9771416,7.5456724,1.2258313
1356786436244,-4.0180025,7.0553403,1.9885708
1356786436284,-4.0180025,6.5513873,2.5606253
1356786436324,-3.8681788,6.2789803,2.5606253
1356786436364,-2.7240696,6.701211,3.336985
1356786436404,-2.9147544,9.084772,5.434519
1356786436444,-3.5276701,10.882658,7.5865335
1356786436484,-3.9771416,9.084772,5.053149
1356786436524,-5.202973,9.112013,4.8216033
1356786436564,-8.19945,11.264028,0.9942854
1356786436604,-3.0237172,7.6273947,0.6946377
1356786436644,-2.7513103,7.9270425,-0.23154591
1356786436684,-5.434519,8.499097,0.50395286
1356786436724,-4.2904096,9.275456,1.5390993
1356786436783,-3.9771416,8.730643,0.88532263
1356786436804,-3.8273177,8.499097,1.0351465
1356786436844,-3.336985,9.343558,0.92618364
1356786436884,-3.5276701,9.084772,0.84446156
1356786436923,-3.759216,9.112013,1.1168685
1356786436964,-4.1814466,9.234595,1.1849703
1356786437004,-4.5219555,9.888372,1.7978859
1356786437044,-3.8273177,10.419566,1.1441092
1356786437084,-4.4810944,9.534244,2.4516625
1356786437124,-4.2495484,11.114203,1.9885708
1356786437164,-5.175732,11.372991,0.23154591
1356786437204,-6.1291566,10.038197,-0.19068487
1356786437244,-5.175732,9.724928,3.173541
1356786437284,-4.0180025,9.575105,2.7649305
1356786437324,-2.8330324,7.7363577,1.56634
1356786437364,-3.7864566,6.891896,1.4982382
1356786437404,-4.440233,6.851035,1.879608
1356786437444,-4.4810944,6.782933,2.2201166
1356786437484,-3.718355,7.3141265,2.9556155
1356786437524,-2.7240696,8.19945,3.9499009
1356786437564,-3.405087,9.043911,4.7126403
1356786437604,-3.5276701,9.575105,5.434519
1356786437644,-4.140586,9.425281,5.47538
1356786437684,-3.1054392,8.430995,5.706926
1356786437724,-5.938472,9.302697,3.0237172
1356786437783,-7.164303,10.691973,1.334794
1356786437804,-4.140586,8.19945,1.879608
1356786437844,-3.0645783,7.6273947,-0.42223078
1356786437884,-3.7864566,9.043911,-0.08172209
1356786437924,-4.2495484,9.112013,1.6480621
1356786437964,-4.2904096,9.00305,1.4982382
1356786438004,-4.372132,8.430995,1.3075534
1356786438044,-3.3642259,8.812365,1.1849703
1356786438084,-3.1463003,9.534244,1.6480621
1356786438124,-3.445948,9.275456,1.1168685
1356786438164,-3.759216,8.962189,0.7627395
1356786438204,-4.5219555,9.765789,1.7570249
1356786438244,-3.8681788,10.310603,1.8387469
1356786438284,-3.9499009,10.038197,1.8387469
1356786438324,-4.099725,11.073342,2.0294318
1356786438364,-3.8681788,11.836082,0.8036005
1356786438404,-5.5162406,9.384419,-0.27240697
1356786438444,-6.3198414,8.390134,0.42223078
1356786438484,-5.243834,9.80665,2.4108016
1356786438524,-4.0588636,10.147159,3.1463003
1356786438564,-3.405087,8.430995,1.920469
1356786438604,-3.759216,7.273266,1.4165162
1356786438644,-4.372132,6.851035,2.0294318
1356786438684,-3.9771416,6.701211,2.8738933
1356786438724,-3.8681788,6.701211,2.7921712
1356786438784,-3.336985,7.5456724,3.486809
1356786438804,-3.255263,9.084772,5.284695
1356786438844,-3.405087,10.501288,6.8237944
1356786438884,-4.1814466,8.962189,4.440233
1356786438924,-5.8158884,9.00305,3.990762
1356786438964,-7.6273947,10.419566,1.7978859
1356786439004,-3.0237172,8.471856,0.5720546
1356786439044,-2.982856,7.7363577,-0.27240697
1356786439084,-4.630918,8.308413,0.46309182
1356786439124,-4.671779,9.343558,1.1849703
1356786439164,-4.5219555,8.962189,1.3075534
1356786439204,-3.6774938,8.580819,1.0351465
1356786439244,-3.1463003,8.921328,0.5720546
1356786439284,-3.336985,9.343558,1.4982382
1356786439324,-3.718355,9.234595,1.4165162
1356786439364,-3.718355,9.275456,1.4573772
1356786439404,-3.9771416,9.152874,1.56634
1356786439444,-3.718355,9.888372,1.1849703
1356786439484,-3.8273177,10.501288,1.3756552
1356786439524,-4.7535014,9.915613,2.0294318
1356786439564,-4.7943625,11.413852,1.7297841
1356786439604,-3.3642259,11.645397,0.5720546
1356786439644,-5.6660647,8.771504,-0.08172209
1356786439684,-6.1291566,8.580819,0.9942854
1356786439724,-4.903325,10.378705,2.9147544
1356786439784,-3.8681788,9.575105,2.2201166
1356786439808,-3.3642259,7.668256,1.4982382
1356786439834,-4.2086873,7.1234417,1.3756552
1356786439873,-4.2086873,7.3549876,2.0294318
1356786439913,-4.0180025,7.3141265,2.8738933
1356786439954,-4.2086873,6.6331096,2.9556155
1356786439994,-3.336985,7.5456724,3.9499009
1356786440034,-2.9147544,9.043911,5.09401
1356786440074,-3.405087,9.343558,5.8976107
1356786440114,-3.9090397,8.580819,5.284695
1356786440154,-3.0645783,7.3549876,5.175732
1356786440194,-6.428804,9.915613,2.5606253
1356786440234,-6.973618,10.419566,2.2201166
1356786440274,-1.2258313,9.152874,0.040861044
1356786440314,-3.759216,8.62168,-0.53119355
1356786440354,-5.366417,8.117727,1.334794
1356786440394,-4.7535014,8.812365,0.88532263
1356786440434,-3.8681788,8.349273,1.1168685
1356786440474,-3.568531,9.193735,0.88532263
1356786440514,-3.214402,9.275456,1.1441092
1356786440554,-3.5957718,9.043911,1.2666923
1356786440594,-4.2904096,9.697687,1.3756552
1356786440634,-4.5628166,9.425281,2.3699405
1356786440674,-3.255263,9.915613,2.1111538
1356786440714,-4.140586,9.888372,1.7297841
1356786440784,-4.0180025,10.800936,2.5333846
1356786440795,-4.5900574,11.223166,1.1441092
1356786440834,-4.440233,10.18802,0.6537767
1356786440874,-5.7477865,8.730643,0.88532263
1356786440914,-4.9850473,9.80665,3.2961242
1356786440954,-3.6774938,10.310603,3.214402
1356786440994,-2.982856,7.6273947,2.070293
1356786441034,-2.9556155,7.1234417,2.070293
1356786441074,-3.5957718,6.66035,2.3699405
1356786441114,-3.405087,6.891896,3.0237172
1356786441154,-3.214402,6.8237944,3.5276701
1356786441194,-2.6423476,8.308413,4.903325
1356786441234,-4.2086873,11.032481,6.742072
1356786441274,-3.9090397,9.656827,5.134871
1356786441314,-5.5571017,9.697687,4.9850473
1356786441354,-6.851035,10.079058,1.2666923
1356786441394,-4.0588636,8.008764,0.53119355
1356786441434,-2.7513103,8.049625,-0.42223078
1356786441474,-4.5900574,8.158588,0.42223078
1356786441514,-4.5628166,9.343558,1.7297841
1356786441554,-3.7864566,9.193735,1.3756552
1356786441594,-3.8273177,8.308413,1.1849703
1356786441634,-3.214402,8.894087,0.84446156
1356786441674,-3.3642259,9.084772,1.0351465
1356786441714,-3.759216,9.234595,1.5390993
1356786441782,-3.636633,9.302697,1.56634
1356786441794,-4.140586,9.193735,1.7570249
1356786441834,-3.7864566,9.697687,1.56634
1356786441874,-4.372132,10.419566,1.3756552
1356786441914,-4.5219555,11.563675,1.879608
1356786441954,-4.1814466,11.958665,1.1168685
1356786441994,-5.134871,8.921328,-0.040861044
1356786442034,-5.47538,8.281172,0.42223078
1356786442074,-5.134871,10.18802,2.6423476
1356786442114,-3.6774938,10.337844,2.4108016
1356786442154,-3.5957718,8.008764,1.7570249
1356786442194,-3.7864566,7.5865335,1.334794
1356786442234,-4.2086873,6.973618,1.9477097
1356786442274,-3.568531,6.701211,3.173541
1356786442314,-3.445948,6.66035,3.173541
1356786442354,-2.7921712,7.8589406,4.2904096
1356786442394,-3.1054392,9.765789,5.243834
1356786442434,-4.0180025,9.724928,5.8976107
1356786442474,-4.2495484,8.471856,5.47538
1356786442514,-7.205164,10.882658,3.336985
1356786442554,-6.0474343,9.697687,1.334794
1356786442594,-2.3699405,7.668256,0.61291564
1356786442634,-2.6832085,8.62168,-0.14982383
1356786442674,-4.7943625,8.689782,1.0351465
1356786442714,-4.372132,9.152874,0.88532263
1356786442803,-4.5628166,8.240311,0.7218784
1356786442804,-3.7864566,8.580819,0.95342433
1356786442823,-2.982856,9.112013,0.84446156
1356786442853,-3.718355,9.152874,0.95342433
1356786442894,-3.6774938,9.343558,1.3075534
1356786442934,-4.399372,9.534244,1.607201
1356786442974,-4.399372,10.079058,1.9885708
1356786443014,-3.5276701,10.378705,1.3756552
1356786443054,-4.0588636,9.765789,1.920469
1356786443094,-4.5628166,10.419566,1.9885708
1356786443134,-4.440233,10.95076,0.5720546
1356786443174,-6.0474343,10.228881,-0.29964766
1356786443214,-6.3198414,9.112013,1.879608
1356786443254,-4.2086873,10.501288,3.759216
1356786443294,-3.0237172,9.084772,2.5333846
1356786443334,-2.6014864,7.205164,0.7218784
1356786443374,-3.9090397,6.1700177,1.7978859
1356786443414,-4.140586,6.6331096,3.173541
1356786443454,-3.8273177,7.0553403,3.173541
1356786443494,-3.1463003,7.246025,3.5276701
1356786443534,-2.7240696,8.499097,5.09401
1356786443574,-2.8738933,10.419566,7.014479
1356786443614,-3.486809,9.765789,5.5162406
1356786443654,-7.7772183,10.95076,3.990762
1356786443694,-6.5922484,9.697687,2.1792557
1356786443734,-3.486809,8.240311,-0.0
1356786443782,-2.7513103,7.504812,-0.38136974
1356786443814,-4.7126403,7.6954966,0.88532263
1356786443854,-4.2904096,9.615966,1.6889231
1356786443894,-4.399372,8.853226,1.4982382
1356786443934,-3.636633,8.62168,1.2666923
1356786443974,-3.2961242,8.812365,0.84446156
1356786444014,-3.6774938,8.771504,1.1849703
1356786444054,-3.568531,9.384419,1.3756552
1356786444094,-3.486809,9.152874,1.0760075
1356786444134,-4.7126403,9.80665,1.8387469
1356786444174,-3.9771416,10.691973,0.88532263
1356786444214,-4.5628166,10.95076,1.7978859
1356786444254,-4.5219555,11.645397,0.88532263
1356786444294,-4.7126403,10.760075,0.92618364
1356786444334,-5.8976107,8.580819,-0.08172209
1356786444374,-5.8976107,8.812365,0.42223078
1356786444414,-4.671779,10.460427,3.0645783
1356786444454,-3.8681788,9.193735,2.6423476
1356786444494,-3.2961242,7.246025,1.3075534
1356786444534,-3.9499009,7.1234417,1.4982382
1356786444574,-4.2904096,7.082581,2.2609777
1356786444614,-4.2086873,6.851035,2.9556155
1356786444654,-3.636633,6.5922484,2.6423476
1356786444694,-2.9147544,7.246025,3.636633
1356786444739,-3.336985,9.043911,5.5571017
1356786444784,-4.5900574,10.18802,6.5513873
1356786444824,-4.3312707,8.689782,5.284695
1356786444864,-5.8158884,9.697687,4.2904096
1356786444904,-8.158588,10.691973,0.10896278
1356786444944,-3.405087,7.273266,1.920469
1356786444984,-1.9885708,8.308413,-0.6946377
1356786445024,-4.440233,8.853226,0.8036005
1356786445064,-4.099725,9.112013,1.9477097
1356786445104,-4.399372,8.471856,1.0760075
1356786445144,-3.9090397,8.580819,0.84446156
1356786445184,-2.9147544,8.894087,1.0760075
1356786445224,-3.568531,9.00305,1.2666923
1356786445264,-3.5276701,9.384419,1.0351465
1356786445304,-4.140586,9.343558,1.5390993
1356786445344,-4.440233,9.956474,1.7297841
1356786445384,-3.6774938,11.182305,1.6480621
1356786445424,-4.903325,10.419566,1.5390993
1356786445464,-4.4810944,11.141444,1.4573772
1356786445504,-5.407278,10.56939,-0.10896278
1356786445544,-5.8158884,9.534244,-0.8036005
1356786445584,-5.053149,9.80665,2.7649305
1356786445624,-4.4810944,9.656827,2.2201166
1356786445664,-3.3642259,8.076866,1.4165162
1356786445704,-3.9499009,7.3958488,1.4982382
1356786445744,-3.9499009,7.205164,2.2201166
1356786445793,-3.8273177,6.5513873,2.152015
1356786445823,-3.1463003,6.701211,2.6423476
1356786445864,-2.6423476,7.5456724,4.2495484
1356786445904,-3.2961242,9.915613,6.238119
1356786445944,-3.8681788,10.119919,6.5922484
1356786445984,-3.8273177,8.662541,4.671779
1356786446024,-7.6954966,10.882658,2.5333846
1356786446064,-5.7886477,8.894087,0.50395286
1356786446104,-2.1383946,8.471856,-0.38136974
1356786446144,-4.0588636,8.19945,0.19068487
1356786446184,-5.012288,8.158588,1.3075534
1356786446224,-4.3312707,9.275456,1.1849703
1356786446264,-3.7864566,8.19945,0.95342433
1356786446304,-3.445948,8.894087,1.0351465
1356786446344,-3.405087,9.302697,0.9942854
1356786446384,-3.759216,9.275456,1.0351465
1356786446424,-3.9090397,8.962189,1.3756552
1356786446464,-4.2495484,9.656827,1.7978859
1356786446504,-3.486809,10.841797,1.2666923
1356786446544,-4.372132,10.147159,2.070293
1356786446584,-4.3312707,11.032481,2.3018389
1356786446624,-4.5900574,10.882658,0.84446156
1356786446664,-5.09401,9.575105,-0.46309182
1356786446704,-5.8567495,9.302697,1.2666923
1356786446744,-4.671779,10.147159,3.2961242
1356786446784,-3.759216,8.962189,1.7570249
1356786446824,-3.5276701,7.4639506,1.4982382
1356786446864,-4.099725,7.4639506,1.4573772
1356786446904,-4.099725,7.3549876,2.3426998
1356786446944,-3.9499009,6.891896,2.5333846
1356786446984,-2.9556155,6.66035,3.1463003
1356786447024,-2.4925237,8.158588,4.399372
1356786447064,-3.1054392,9.956474,6.701211
1356786447104,-3.8681788,9.534244,5.8976107
1356786447144,-3.8681788,9.084772,5.434519
1356786447184,-7.5456724,11.876944,2.6014864
1356786447224,-5.5162406,8.689782,0.46309182
1356786447264,-2.0294318,7.9679036,0.3405087
1356786447304,-3.9771416,8.689782,-0.6946377
1356786447344,-4.944186,8.390134,1.6889231
1356786447384,-4.099725,9.275456,1.0351465
1356786447424,-4.3312707,8.117727,1.3075534
1356786447464,-2.8330324,9.043911,0.95342433
1356786447504,-3.486809,8.730643,1.4982382
1356786447544,-3.9090397,9.152874,1.1849703
1356786447584,-4.399372,9.302697,1.334794
1356786447624,-4.630918,10.18802,1.6480621
1356786447664,-3.445948,10.732834,1.334794
1356786447704,-3.9090397,10.419566,1.6889231
1356786447744,-4.630918,11.454713,2.0294318
1356786447784,-4.7943625,10.269742,0.08172209
1356786447824,-5.6252036,8.921328,-0.61291564
1356786447864,-5.6660647,9.00305,1.5390993
1356786447904,-4.862464,10.18802,2.7649305
1356786447944,-3.5957718,9.507003,2.0294318
1356786447984,-4.0588636,7.4639506,2.0294318
1356786448024,-3.9771416,7.5456724,2.1111538
1356786448064,-3.5957718,6.973618,2.8738933
1356786448104,-3.1054392,6.238119,2.8738933
1356786448144,-2.6423476,6.4015636,3.214402
1356786448184,-2.8330324,8.349273,5.938472
1356786448224,-3.636633,10.923519,7.5456724
1356786448264,-4.8216033,9.656827,5.706926
1356786448304,-7.7772183,10.991621,3.1054392
1356786448344,-5.243834,8.471856,1.0760075
1356786448384,-3.173541,8.117727,-0.08172209
1356786448424,-3.3642259,7.9270425,-0.38136974
1356786448464,-5.325556,8.240311,1.3075534
1356786448504,-4.5628166,9.112013,1.3075534
1356786448544,-3.9771416,8.308413,1.0760075
1356786448584,-3.1054392,8.662541,0.7218784
1356786448624,-3.336985,9.043911,1.1441092
1356786448664,-3.2961242,9.534244,1.3075534
1356786448704,-3.5957718,9.193735,1.3075534
1356786448744,-3.8273177,9.00305,1.56634
1356786448783,-3.9771416,9.425281,1.4982382
1356786448813,-3.759216,10.691973,0.88532263
1356786448854,-4.671779,10.841797,1.879608
1356786448894,-3.759216,12.53072,0.8036005
1356786448934,-4.7943625,11.114203,1.1168685
1356786448974,-5.6252036,8.894087,-0.0
1356786449014,-5.7477865,8.499097,0.9942854
1356786449054,-4.440233,10.651112,2.7240696
1356786449094,-3.7864566,9.697687,1.9477097
1356786449134,-3.405087,7.9270425,1.7570249
1356786449174,-3.9090397,7.3958488,1.56634
1356786449214,-4.2086873,6.973618,2.1111538
1356786449254,-3.8273177,6.4424243,2.070293
1356786449294,-3.405087,6.66035,2.982856
1356786449334,-2.6014864,8.008764,4.6036777
1356786449374,-3.255263,10.119919,6.0474343
1356786449414,-3.9499009,9.466142,6.238119
1356786449454,-3.718355,8.894087,5.2165933
1356786449494,-7.9270425,11.223166,3.1463003
1356786449534,-5.09401,8.158588,1.0760075
1356786449574,-3.255263,7.6954966,0.38136974
1356786449614,-4.140586,8.076866,-0.29964766
1356786449654,-4.2086873,9.302697,2.1792557
1356786449694,-3.2961242,9.275456,1.56634
1356786449735,-4.140586,8.430995,1.0760075
1356786449778,-3.718355,8.240311,1.0760075
1356786449803,-3.8273177,8.390134,1.2258313
1356786449844,-3.759216,9.302697,1.0760075
1356786449884,-3.759216,9.384419,1.56634
1356786449924,-3.9771416,9.275456,1.7570249
1356786449964,-4.2086873,10.269742,1.9885708
1356786450004,-3.7864566,10.528529,1.5390993
1356786450044,-4.5628166,10.147159,2.5333846
1356786450084,-4.2495484,11.795221,0.92618364
1356786450124,-4.903325,10.651112,0.50395286
1356786450164,-5.938472,9.112013,0.42223078
1356786450204,-5.47538,9.384419,2.7921712
1356786450244,-4.0588636,10.310603,2.7921712
1356786450284,-3.568531,8.076866,1.607201
1356786450324,-4.140586,6.891896,1.6480621
1356786450364,-3.8273177,7.0553403,1.9477097
1356786450404,-3.8273177,6.4424243,2.5333846
1356786450444,-3.5276701,6.510526,3.173541
1356786450484,-3.255263,7.668256,3.9499009
1356786450524,-4.1814466,9.697687,5.47538
1356786450564,-3.405087,10.337844,7.1234417
1356786450604,-2.982856,8.349273,4.8216033
1356786450644,-4.099725,7.9270425,3.759216
1356786450684,-9.275456,11.032481,1.1849703
1356786450724,-3.445948,8.390134,2.2201166
1356786450793,-1.1441092,9.615966,-0.50395286
1356786450804,-4.7535014,8.771504,0.10896278
1356786450844,-4.903325,8.853226,1.7978859
1356786450884,-4.2495484,7.9679036,0.61291564
1356786450924,-3.9090397,8.349273,0.46309182
1356786450964,-3.3642259,9.193735,1.2258313
1356786451004,-3.405087,8.812365,1.5390993
1356786451044,-3.9499009,9.343558,0.9942854
1356786451084,-4.4810944,9.724928,1.7978859
1356786451124,-4.2904096,9.915613,1.7978859
1356786451164,-3.336985,10.732834,0.9942854
1356786451204,-4.8216033,9.697687,2.5606253
1356786451244,-4.372132,10.923519,1.6480621
1356786451284,-4.7126403,10.841797,0.10896278
1356786451324,-5.8158884,9.615966,-0.19068487
1356786451364,-5.47538,9.234595,3.336985
1356786451404,-3.8273177,10.310603,2.982856
1356786451444,-3.5276701,8.240311,1.6889231
1356786451484,-3.9499009,7.3958488,1.3756552
1356786451524,-3.9499009,7.1234417,2.4108016
1356786451564,-3.8273177,7.082581,2.8738933
1356786451604,-3.636633,6.4424243,2.4925237
1356786451644,-2.982856,6.973618,3.8681788
1356786451684,-3.5957718,9.384419,5.706926
1356786451723,-3.1054392,10.18802,6.701211
1356786451764,-3.568531,8.771504,4.944186
1356786451793,-3.9499009,8.62168,4.7126403
1356786451834,-8.689782,11.604536,1.0760075
1356786451874,-4.7535014,7.8861814,1.2258313
1356786451914,-2.3018389,8.812365,-0.6537767
1356786451954,-4.7943625,8.117727,0.3405087
1356786451994,-4.671779,8.812365,1.4982382
1356786452034,-3.9499009,8.812365,1.2666923
1356786452074,-3.445948,8.499097,1.6480621
1356786452114,-2.8738933,8.894087,1.4165162
1356786452154,-3.336985,8.812365,1.4165162
1356786452194,-3.7864566,9.697687,1.3756552
1356786452234,-3.9499009,9.00305,1.4165162
1356786452274,-4.5628166,9.575105,1.7570249
1356786452314,-3.6774938,10.760075,1.6480621
1356786452354,-4.7126403,10.501288,1.1849703
1356786452394,-4.5900574,12.067628,0.61291564
1356786452434,-5.012288,10.528529,0.46309182
1356786452474,-5.6660647,8.281172,-0.27240697
1356786452514,-5.012288,8.580819,1.4982382
1356786452554,-4.5219555,10.18802,2.7240696
1356786452594,-4.140586,9.193735,1.8387469
1356786452634,-3.9771416,7.9270425,1.6889231
1356786452674,-4.5628166,7.246025,1.4165162
1356786452714,-4.2904096,7.205164,2.3426998
1356786452783,-3.8681788,6.851035,2.5333846
1356786452794,-2.9556155,6.5513873,3.5276701
1356786452834,-2.2201166,8.117727,4.5628166
1356786452874,-3.636633,10.038197,6.4015636
1356786452914,-3.5957718,9.575105,6.851035
1356786452954,-2.4108016,8.430995,5.012288
1356786452994,-7.9679036,10.732834,1.4982382
1356786453034,-7.164303,8.812365,1.0760075
1356786453074,-2.2609777,8.471856,-0.23154591
1356786453114,-3.8681788,8.812365,-0.9942854
1356786453154,-5.706926,8.308413,1.7297841
1356786453194,-4.140586,9.043911,1.0760075
1356786453234,-3.6774938,8.240311,1.1168685
1356786453274,-2.982856,9.084772,0.95342433
1356786453314,-3.0237172,8.689782,1.2666923
1356786453354,-3.9499009,9.575105,1.56634
1356786453394,-3.8273177,9.084772,1.6480621
1356786453434,-4.5219555,9.724928,1.6889231
1356786453474,-3.486809,10.991621,1.9477097
1356786453514,-4.399372,10.378705,2.1111538
1356786453554,-4.5219555,11.182305,2.4925237
1356786453594,-4.099725,11.264028,-0.27240697
1356786453634,-6.0201936,9.425281,-0.3405087
1356786453674,-5.6660647,9.275456,2.070293
1356786453714,-4.5900574,10.310603,2.5606253
1356786453780,-3.759216,8.853226,1.8387469
1356786453794,-3.8273177,7.3141265,1.7570249
1356786453834,-3.8681788,7.082581,1.8387469
1356786453874,-3.7864566,6.932757,2.6832085
1356786453914,-3.5276701,6.66035,2.3699405
1356786453954,-3.1463003,6.742072,3.3778462
1356786453994,-2.3426998,8.62168,4.944186
1356786454034,-3.445948,9.575105,6.3198414
1356786454074,-3.8273177,9.615966,5.8567495
1356786454114,-4.2086873,9.384419,5.938472
1356786454154,-8.158588,12.14935,2.4516625
1356786454194,-5.09401,7.246025,1.2258313
1356786454234,-1.56634,7.43671,0.38136974
1356786454274,-4.2495484,9.234595,-0.7218784
1356786454314,-4.440233,9.043911,2.6832085
1356786454354,-3.759216,8.921328,0.7627395
1356786454394,-4.372132,7.8861814,1.1441092
1356786454434,-3.718355,8.771504,0.7218784
1356786454474,-3.9090397,8.499097,1.0760075
1356786454514,-3.3642259,9.384419,1.1849703
1356786454554,-4.140586,9.615966,1.879608
1356786454604,-3.9499009,10.337844,2.4108016
1356786454644,-3.5276701,10.991621,1.6480621
1356786454683,-5.012288,10.079058,1.7297841
1356786454724,-4.7535014,11.032481,1.2258313
1356786454775,-4.7943625,10.991621,-0.10896278
1356786454804,-6.3607025,8.921328,-0.19068487
1356786454844,-5.366417,8.390134,2.152015
1356786454884,-4.5219555,9.956474,2.8738933
1356786454924,-3.5276701,8.812365,2.070293
1356786454964,-3.9090397,7.4639506,1.3075534
1356786455004,-4.630918,7.3549876,1.7978859
1356786455044,-4.5219555,6.932757,2.6014864
1356786455084,-4.5219555,6.5922484,2.4925237
1356786455124,-3.486809,7.4639506,2.9147544
1356786455164,-2.7921712,8.19945,4.140586
1356786455204,-3.255263,9.112013,5.938472
1356786455244,-3.1463003,9.112013,6.0201936
1356786455284,-3.405087,8.499097,5.175732
1356786455324,-5.012288,9.152874,4.7943625
1356786455364,-9.152874,12.108489,0.53119355
1356786455404,-3.8273177,7.43671,0.9942854
1356786455444,-2.4108016,8.730643,-0.53119355
1356786455484,-4.671779,8.499097,0.42223078
1356786455524,-4.5628166,9.00305,1.7978859
1356786455564,-4.140586,8.730643,1.1168685
1356786455604,-4.140586,8.430995,1.1849703
1356786455644,-3.173541,9.084772,1.1441092
1356786455684,-3.445948,9.384419,1.2666923
1356786455724,-3.5957718,9.425281,1.4165162
1356786455771,-3.5957718,9.275456,1.920469
1356786455804,-3.7864566,9.888372,1.920469
1356786455844,-4.099725,10.691973,1.4573772
1356786455884,-5.175732,10.18802,2.070293
1356786455924,-4.372132,11.917805,0.7218784
1356786455964,-5.47538,10.18802,0.50395286
1356786456004,-5.284695,9.00305,0.50395286
1356786456044,-4.399372,10.119919,2.6832085
1356786456084,-4.372132,9.534244,2.1111538
1356786456124,-3.759216,7.5456724,1.3756552
1356786456164,-4.399372,7.3958488,1.0760075
1356786456204,-4.4810944,7.1234417,1.7570249
1356786456244,-4.1814466,7.1234417,2.8330324
1356786456284,-3.486809,6.932757,2.6832085
1356786456324,-2.9147544,7.7363577,3.9090397
1356786456364,-3.255263,9.507003,5.325556
1356786456404,-3.9499009,9.343558,6.0474343
1356786456444,-3.759216,8.240311,5.2165933
1356786456484,-3.6774938,8.853226,5.7886477
1356786456524,-8.267551,11.727119,0.61291564
1356786456564,-3.6774938,8.008764,1.5390993
1356786456604,-2.7240696,9.00305,0.14982383
1356786456644,-4.372132,8.19945,-0.5720546
1356786456684,-4.671779,8.689782,1.3756552
1356786456724,-4.399372,8.962189,1.334794
1356786456771,-4.140586,8.390134,1.0760075
1356786456804,-3.0645783,8.812365,0.7218784
1356786456844,-3.5276701,8.853226,1.3075534
1356786456884,-3.445948,9.302697,1.1849703
1356786456924,-4.2904096,9.384419,1.334794
1356786456964,-4.2086873,9.656827,2.3699405
1356786457004,-3.214402,10.61025,1.3756552
1356786457044,-5.09401,9.765789,1.7570249
1356786457084,-4.5219555,10.147159,1.7570249
1356786457124,-4.099725,11.958665,0.5720546
1356786457164,-6.0882955,10.651112,-0.88532263
1356786457204,-5.6660647,9.152874,1.7297841
1356786457244,-4.4810944,9.997335,3.5957718
1356786457284,-3.6774938,9.112013,1.9885708
1356786457324,-3.405087,7.246025,1.0351465
1356786457364,-4.440233,6.6331096,1.6480621
1356786457404,-4.2495484,6.66035,2.2609777
1356786457444,-4.099725,6.469665,2.5606253
1356786457484,-3.214402,7.3141265,3.5957718
1356786457524,-2.9556155,8.471856,4.630918
1356786457564,-3.568531,9.888372,6.2108784
1356786457604,-3.5957718,9.466142,6.6331096
1356786457643,-3.405087,8.662541,4.944186
1356786457684,-8.076866,11.795221,1.9885708
1356786457724,-4.944186,8.539958,1.1849703
1356786457772,-2.6014864,7.9679036,0.040861044
1356786457804,-3.6774938,8.349273,-0.42223078
1356786457844,-4.944186,8.662541,1.2666923
1356786457884,-4.2086873,9.343558,1.3075534
1356786457924,-4.140586,8.240311,1.1441092
1356786457964,-3.445948,8.689782,1.0351465
1356786458004,-3.486809,8.962189,0.8036005
1356786458044,-3.445948,9.275456,1.4165162
1356786458084,-4.099725,9.302697,1.4982382
1356786458124,-4.2904096,9.275456,2.0294318
1356786458164,-3.405087,10.228881,1.9477097
1356786458204,-3.445948,10.460427,1.6889231
1356786458244,-4.2495484,10.800936,1.6480621
1356786458284,-4.862464,12.367276,0.84446156
1356786458314,-5.366417,10.760075,0.19068487
1356786458354,-5.8158884,8.539958,-0.08172209
1356786458394,-5.325556,8.539958,1.9477097
1356786458434,-4.0180025,10.310603,2.4925237
1356786458474,-3.8273177,8.962189,1.920469
1356786458514,-4.0588636,7.7363577,1.607201
1356786458554,-4.372132,7.273266,1.8387469
1356786458594,-4.1814466,6.742072,2.5606253
1356786458634,-3.5957718,6.3198414,2.7240696
1356786458674,-2.8738933,6.742072,3.568531
1356786458714,-2.9147544,9.084772,5.597963
1356786458772,-4.0180025,10.038197,6.851035
1356786458794,-4.399372,8.689782,5.012288
1356786458834,-6.701211,9.724928,4.2904096
1356786458874,-6.5922484,10.119919,1.2666923
1356786458914,-3.336985,7.8861814,0.84446156
1356786458954,-2.6423476,8.049625,-0.38136974
1356786458994,-4.8216033,8.730643,1.1168685
1356786459034,-4.440233,9.575105,1.7570249
1356786459074,-4.2086873,8.662541,1.56634
1356786459114,-3.486809,8.62168,0.95342433
1356786459154,-3.5276701,8.962189,1.1441092
1356786459194,-3.5276701,9.302697,0.92618364
1356786459234,-3.759216,9.343558,0.88532263
1356786459274,-4.3312707,9.656827,1.3756552
1356786459314,-3.7864566,9.697687,2.2609777
1356786459354,-3.0645783,10.269742,0.7627395
1356786459394,-4.862464,9.084772,2.1111538
1356786459434,-4.140586,10.95076,0.9942854
1356786459474,-4.671779,12.299174,-0.19068487
1356786459514,-6.469665,9.534244,-0.6537767
1356786459554,-5.8567495,8.240311,1.1849703
1356786459594,-4.5219555,9.997335,2.6423476
1356786459634,-3.255263,9.384419,2.3426998
1356786459674,-3.6774938,7.7772183,1.607201
1356786459714,-4.5219555,7.0553403,1.4982382
1356786459773,-4.2495484,7.273266,2.1111538
1356786459794,-4.2495484,7.1234417,2.7649305
1356786459834,-3.445948,7.273266,3.255263
1356786459874,-2.8330324,8.349273,4.3312707
1356786459914,-2.9147544,9.888372,5.325556
1356786459954,-3.9499009,8.921328,5.053149
1356786459994,-4.671779,8.117727,5.012288
1356786460034,-7.43671,10.310603,2.6832085
1356786460074,-5.284695,9.765789,1.6480621
1356786460114,-3.0237172,7.668256,1.0760075
1356786460154,-2.7921712,8.689782,-0.61291564
1356786460194,-4.3312707,8.921328,1.3075534
1356786460234,-4.1814466,9.384419,1.6480621
1356786460274,-4.671779,8.689782,1.4165162
1356786460314,-3.5957718,8.580819,1.4165162
1356786460354,-3.3642259,8.662541,1.3075534
1356786460394,-3.336985,9.302697,1.4982382
1356786460434,-3.6774938,9.575105,1.2258313
1356786460474,-3.759216,9.80665,1.4165162
1356786460514,-4.0588636,9.724928,1.4982382
1356786460554,-3.8273177,10.528529,1.3075534
1356786460593,-4.5900574,10.18802,1.9885708
1356786460634,-4.0180025,11.917805,1.1168685
1356786460674,-4.671779,10.61025,0.10896278
1356786460714,-5.434519,8.662541,0.19068487
1356786460771,-5.5571017,8.771504,1.7297841
1356786460794,-4.4810944,10.310603,2.2201166
1356786460834,-4.2086873,9.275456,2.0294318
1356786460874,-3.5957718,7.9270425,1.7297841
1356786460914,-4.0180025,7.273266,2.4108016
1356786460954,-3.5276701,7.0553403,2.8330324
1356786460994,-3.5957718,6.469665,2.6832085
1356786461034,-3.336985,6.701211,3.3778462
1356786461074,-2.982856,8.281172,5.5571017
1356786461114,-3.445948,9.915613,7.014479
1356786461154,-2.982856,9.043911,5.053149
1356786461194,-6.1291566,10.460427,4.0588636
1356786461234,-7.082581,9.997335,0.7627395
1356786461274,-3.255263,8.771504,-0.29964766
1356786461314,-4.2904096,8.240311,-0.10896278
1356786461354,-5.175732,8.158588,1.1849703
1356786461394,-4.7126403,9.193735,1.4982382
1356786461434,-3.7864566,8.580819,1.334794
1356786461474,-3.1463003,8.62168,1.1441092
1356786461514,-3.173541,9.275456,0.88532263
1356786461554,-3.3642259,9.343558,1.56634
1356786461594,-3.405087,8.921328,1.607201
1356786461634,-3.8681788,9.084772,1.0760075
1356786461674,-4.630918,9.425281,1.8387469
1356786461714,-3.9499009,10.61025,1.1168685
1356786461769,-4.399372,10.528529,2.1792557
1356786461794,-4.399372,11.495573,1.1168685
1356786461834,-4.7126403,11.686258,1.1441092
1356786461874,-5.175732,9.343558,-0.46309182
1356786461914,-6.1700177,8.308413,0.42223078
1356786461954,-4.399372,10.310603,2.9147544
1356786461994,-3.568531,9.534244,2.5333846
1356786462034,-3.718355,7.3549876,1.607201
1356786462074,-4.3312707,7.0553403,1.2258313
1356786462114,-4.2086873,7.273266,2.3699405
1356786462154,-4.440233,7.246025,2.5333846
1356786462194,-4.140586,7.014479,2.4925237
1356786462234,-3.255263,7.6273947,3.9090397
1356786462274,-3.0645783,9.234595,5.407278
1356786462314,-3.255263,9.656827,6.5922484
1356786462354,-3.7864566,8.662541,5.325556
1356786462394,-5.8567495,10.56939,4.099725
1356786462434,-6.932757,9.765789,0.92618364
1356786462474,-3.405087,7.164303,0.8036005
1356786462514,-3.173541,9.084772,-1.0351465
1356786462554,-4.7943625,8.62168,1.879608
1356786462594,-3.9090397,9.80665,1.4982382
1356786462634,-4.7126403,8.894087,0.88532263
1356786462674,-3.486809,9.043911,1.1168685
1356786462714,-3.8273177,8.580819,0.6946377
1356786462754,-3.9090397,8.730643,0.84446156
1356786462794,-3.8681788,9.043911,1.5390993
1356786462834,-4.0180025,9.152874,1.4982382
1356786462874,-3.8681788,9.765789,2.2609777
1356786462914,-3.405087,10.337844,1.56634
1356786462954,-4.5628166,10.337844,1.920469
1356786462994,-4.2086873,11.795221,1.2666923
1356786463034,-5.6660647,10.528529,-0.040861044
1356786463074,-5.8567495,9.343558,0.313268
1356786463114,-5.134871,9.956474,3.214402
1356786463154,-3.718355,9.888372,2.4516625
1356786463194,-3.255263,8.049625,1.4573772
1356786463234,-4.3312707,7.082581,1.4165162
1356786463274,-4.1814466,7.014479,1.8387469
1356786463314,-4.2495484,6.66035,2.4108016
1356786463354,-3.8681788,6.973618,2.9147544
1356786463394,-3.0645783,7.8589406,4.372132
1356786463434,-2.9556155,9.275456,5.7477865
1356786463474,-3.0645783,9.275456,5.8976107
1356786463514,-3.718355,8.430995,4.7126403
1356786463553,-5.053149,8.812365,5.7477865
1356786463594,-7.9270425,11.495573,1.607201
1356786463634,-4.2495484,8.008764,1.2258313
1356786463674,-1.7570249,8.430995,-0.08172209
1356786463714,-4.2086873,8.662541,-0.23154591
