1356785439230,9.343558,3.8681788,-0.040861044
1356785439270,9.384419,3.759216,-0.10896278
1356785439309,9.343558,3.718355,-0.3405087
1356785439349,9.234595,4.0588636,-0.23154591
1356785439391,9.234595,3.9499009,-0.19068487
1356785439429,9.302697,3.9090397,-0.23154591
1356785439469,9.343558,3.759216,-0.27240697
1356785439509,9.275456,4.0588636,0.14982383
1356785439549,9.384419,3.8681788,-0.10896278
1356785439589,9.302697,4.0588636,0.3405087
1356785439629,9.384419,3.8273177,0.3405087
1356785439671,9.425281,3.8681788,-0.3405087
1356785439709,9.302697,3.7864566,-0.42223078
1356785439750,9.384419,4.0588636,0.61291564
1356785439791,9.425281,3.8681788,-0.27240697
1356785439836,9.275456,3.7864566,-0.3405087
1356785439859,9.343558,3.9090397,0.6537767
1356785439899,9.152874,4.3312707,-0.040861044
1356785439939,9.275456,3.8273177,-0.27240697
1356785439979,9.343558,3.9499009,-0.23154591
1356785440019,9.384419,3.8681788,0.38136974
1356785440059,9.275456,4.2086873,0.38136974
1356785440099,9.234595,4.140586,0.10896278
1356785440160,9.302697,3.9090397,-0.040861044
1356785440179,9.275456,4.0588636,0.040861044
1356785440219,9.275456,4.0180025,0.040861044
1356785440259,9.275456,4.0588636,-0.08172209
1356785440299,9.302697,4.0588636,-0.14982383
1356785440329,9.343558,3.990762,-0.27240697
1356785440359,9.507003,4.099725,-0.3405087
1356785440389,9.425281,4.3312707,-0.61291564
1356785440430,9.152874,4.372132,-0.8036005
1356785440469,9.043911,4.440233,-1.3075534
1356785440509,9.507003,4.944186,-1.6889231
1356785440539,9.697687,4.671779,-1.7297841
1356785440579,9.275456,4.630918,-2.1792557
1356785440619,8.812365,4.7126403,-2.8330324
1356785440659,8.853226,4.372132,-2.7240696
1356785440699,8.771504,4.7535014,-2.7921712
1356785440739,8.499097,4.2495484,-2.7513103
1356785440779,8.580819,4.140586,-2.982856
1356785440820,8.349273,4.140586,-3.2961242
1356785440859,8.349273,4.099725,-2.982856
1356785440900,8.281172,3.990762,-2.9147544
1356785440939,8.390134,4.2495484,-3.1463003
1356785440979,8.19945,4.4810944,-3.405087
1356785441019,7.9679036,4.4810944,-3.718355
1356785441059,8.158588,5.09401,-4.3312707
1356785441099,8.580819,5.938472,-4.399372
1356785441155,9.302697,4.7535014,-3.9090397
1356785441179,9.656827,3.759216,-3.336985
1356785441219,9.888372,4.2904096,-3.3642259
1356785441259,9.615966,4.1814466,-1.6889231
1356785441299,8.430995,3.568531,-0.6946377
1356785441339,8.430995,3.5957718,-0.50395286
1356785441379,8.62168,5.012288,-0.29964766
1356785441419,9.425281,4.399372,-0.9942854
1356785441459,9.765789,3.990762,-0.42223078
1356785441499,9.084772,3.990762,-0.42223078
1356785441539,8.62168,4.099725,-0.10896278
1356785441579,8.853226,4.2495484,-0.29964766
1356785441619,8.921328,4.944186,-0.5720546
1356785441659,9.112013,5.09401,-0.7218784
1356785441699,9.384419,4.399372,-0.95342433
1356785441739,9.656827,4.440233,-0.5720546
1356785441779,9.575105,5.366417,-0.23154591
1356785441819,9.997335,5.5162406,-0.84446156
1356785441859,10.528529,5.597963,0.27240697
1356785441899,9.847511,4.6036777,-0.7627395
1356785441939,9.425281,3.214402,-0.6537767
1356785441979,9.997335,3.7864566,-1.0351465
1356785442019,9.656827,5.6660647,-1.879608
1356785442059,9.343558,4.7126403,-1.4573772
1356785442099,8.240311,3.990762,-1.2666923
1356785442161,8.430995,3.568531,-1.920469
1356785442180,8.499097,3.405087,-2.4108016
1356785442219,8.499097,3.8681788,-2.2609777
1356785442259,8.049625,3.445948,-2.1792557
1356785442299,7.8589406,3.759216,-2.3426998
1356785442339,7.5865335,4.140586,-2.8330324
1356785442379,7.5865335,4.2904096,-3.6774938
1356785442419,8.662541,5.284695,-3.9499009
1356785442459,9.915613,5.597963,-4.440233
1356785442499,9.534244,5.325556,-4.9850473
1356785442539,8.812365,4.630918,-4.0588636
1356785442579,10.760075,3.990762,-1.879608
1356785442619,11.727119,3.568531,-1.3075534
1356785442659,8.008764,3.2961242,-0.23154591
1356785442699,7.1234417,3.9090397,0.53119355
1356785442739,9.043911,4.7126403,0.313268
1356785442779,9.697687,4.3312707,-0.9125633
1356785442819,9.507003,3.568531,-0.38136974
1356785442859,8.430995,3.8681788,-0.38136974
1356785442899,8.117727,4.440233,-0.27240697
1356785442939,8.771504,5.09401,-0.42223078
1356785442979,8.962189,5.175732,-0.46309182
1356785443019,9.00305,4.671779,-0.5720546
1356785443059,9.507003,4.6036777,-0.42223078
1356785443099,9.697687,5.5571017,-0.27240697
1356785443154,10.119919,5.243834,-0.7627395
1356785443179,10.337844,5.407278,0.38136974
1356785443219,10.800936,5.706926,-0.14982383
1356785443259,9.697687,3.8681788,-0.27240697
1356785443299,9.615966,2.5606253,-0.10896278
1356785443339,9.656827,4.0180025,-1.1441092
1356785443379,9.507003,5.7477865,-2.070293
1356785443419,8.499097,4.2086873,-1.0760075
1356785443459,8.308413,3.3778462,-1.3075534
1356785443499,8.580819,3.405087,-1.8387469
1356785443539,8.430995,3.2961242,-2.5606253
1356785443579,8.349273,3.405087,-2.070293
1356785443619,8.240311,3.9090397,-2.1111538
1356785443659,8.117727,3.9090397,-2.6423476
1356785443699,8.117727,4.1814466,-3.568531
1356785443739,8.430995,5.366417,-4.2086873
1356785443780,8.430995,5.5571017,-4.140586
1356785443819,8.812365,5.284695,-4.671779
1356785443860,8.240311,5.053149,-4.3312707
1356785443899,9.534244,4.372132,-2.7513103
1356785443939,13.021052,4.7943625,-0.9125633
1356785443979,9.534244,2.7649305,-1.4165162
1356785444019,6.66035,3.636633,0.23154591
1356785444059,9.302697,5.366417,1.1168685
1356785444099,9.888372,3.3778462,-1.1168685
1356785444159,9.343558,3.486809,-0.6537767
1356785444179,8.19945,3.6774938,0.08172209
1356785444219,8.158588,4.2904096,-0.10896278
1356785444259,8.281172,4.7535014,-0.040861044
1356785444299,8.921328,4.903325,-0.29964766
1356785444339,9.575105,4.8216033,-0.7627395
1356785444379,9.466142,4.7943625,-0.9125633
1356785444419,9.697687,5.6252036,-0.50395286
1356785444459,9.724928,5.366417,-0.53119355
1356785444499,10.61025,5.366417,-0.10896278
1356785444539,10.56939,5.7477865,-0.3405087
1356785444579,9.575105,3.8273177,-0.19068487
1356785444619,9.534244,3.6774938,-0.10896278
1356785444659,10.147159,4.440233,-2.1111538
1356785444699,9.575105,5.597963,-1.4982382
1356785444739,8.349273,3.9499009,-0.7627395
1356785444779,8.049625,3.0237172,-1.56634
1356785444819,8.158588,3.8681788,-2.1792557
1356785444859,7.6954966,3.759216,-2.4108016
1356785444899,7.3141265,3.0645783,-2.1111538
1356785444939,7.8589406,4.3312707,-3.3642259
1356785444979,8.390134,5.7886477,-4.5628166
1356785445019,8.962189,5.6660647,-5.053149
1356785445059,9.234595,5.597963,-3.8681788
1356785445099,12.598822,5.407278,-2.1111538
1356785445159,10.147159,2.6014864,-0.9942854
1356785445179,7.4639506,2.7649305,0.7627395
1356785445219,7.3958488,3.9090397,0.92618364
1356785445259,9.152874,4.0588636,-0.7218784
1356785445299,9.615966,4.671779,-0.6537767
1356785445339,8.894087,4.6036777,-0.5720546
1356785445379,8.471856,4.2904096,-0.38136974
1356785445419,8.921328,4.5219555,-0.040861044
1356785445459,9.302697,4.2086873,-0.3405087
1356785445499,9.302697,4.2495484,-0.040861044
1356785445539,9.915613,5.012288,-1.1168685
1356785445579,9.997335,6.3607025,-1.1168685
1356785445619,9.765789,5.938472,-0.29964766
1356785445659,10.56939,4.903325,0.6537767
1356785445699,9.80665,4.0180025,-0.95342433
1356785445739,9.534244,2.7921712,0.3405087
1356785445779,9.888372,2.7921712,-0.23154591
1356785445819,9.697687,5.284695,-2.9556155
1356785445859,9.152874,4.630918,-1.607201
1356785445899,7.9270425,3.173541,-0.7218784
1356785445939,7.9679036,2.4516625,-1.0351465
1356785445979,8.308413,3.214402,-2.6423476
1356785446019,8.117727,3.3778462,-2.4925237
1356785446059,7.8589406,3.173541,-2.8738933
1356785446099,7.8180795,4.7943625,-3.2961242
1356785446160,8.471856,6.0882955,-4.7535014
1356785446179,9.043911,6.3607025,-5.09401
1356785446219,9.425281,4.671779,-3.9090397
1356785446259,14.015338,3.1463003,-1.1849703
1356785446299,9.043911,2.2201166,0.313268
1356785446339,7.8589406,3.9090397,1.2258313
1356785446379,8.894087,4.0180025,-0.10896278
1356785446419,9.507003,3.7864566,-0.50395286
1356785446459,9.234595,3.759216,-0.61291564
1356785446499,8.390134,3.990762,-0.6537767
1356785446539,8.62168,4.7535014,-0.5720546
1356785446579,8.662541,4.944186,-0.6946377
1356785446619,9.152874,4.9850473,-0.53119355
1356785446659,9.302697,4.944186,-0.84446156
1356785446699,9.656827,4.7126403,-1.0351465
1356785446740,9.956474,6.5513873,-1.0351465
1356785446779,9.915613,5.47538,-1.2258313
1356785446820,10.501288,5.366417,-0.23154591
1356785446859,9.915613,3.445948,0.040861044
1356785446899,9.847511,3.0237172,-0.23154591
1356785446939,9.615966,3.7864566,-1.879608
1356785446979,9.466142,5.053149,-1.525479
1356785447019,9.00305,4.0180025,-1.2258313
1356785447059,8.349273,3.0237172,-1.4165162
1356785447099,8.921328,3.1054392,-1.525479
1356785447161,8.471856,2.9556155,-1.4573772
1356785447179,8.240311,3.0237172,-1.920469
1356785447219,8.008764,3.336985,-2.3426998
1356785447259,7.668256,4.2904096,-3.0645783
1356785447299,8.240311,5.5571017,-3.9771416
1356785447339,9.343558,6.0201936,-4.9850473
1356785447379,8.853226,4.862464,-3.759216
1356785447419,9.507003,4.7126403,-3.8681788
1356785447459,14.2877445,2.7649305,-0.53119355
1356785447499,8.117727,3.9090397,0.14982383
1356785447539,7.5865335,4.440233,0.42223078
1356785447579,8.662541,4.099725,0.040861044
1356785447619,9.466142,4.2495484,-0.53119355
1356785447659,9.084772,3.9499009,-0.08172209
1356785447699,8.471856,3.759216,-0.0
1356785447739,8.390134,4.2904096,-0.0
1356785447779,8.689782,4.630918,-0.53119355
1356785447819,9.084772,4.862464,-0.84446156
1356785447859,9.084772,4.7535014,-0.6537767
1356785447899,9.997335,4.9850473,-0.9125633
1356785447939,9.615966,5.5571017,-0.46309182
1356785447979,9.656827,5.053149,-0.9942854
1356785448019,10.119919,5.243834,-1.1441092
1356785448059,9.997335,5.012288,-0.27240697
1356785448099,10.501288,4.1814466,0.6537767
1356785448162,10.732834,3.5276701,-1.2666923
1356785448179,10.038197,5.284695,-3.3642259
1356785448219,8.689782,5.366417,-1.6480621
1356785448259,7.3549876,3.3778462,-0.8036005
1356785448299,7.7772183,2.6423476,-1.3756552
1356785448339,8.076866,3.486809,-2.4108016
1356785448379,7.7772183,2.982856,-1.879608
1356785448419,7.504812,3.336985,-2.1111538
1356785448459,7.43671,4.7943625,-3.3642259
1356785448499,8.62168,5.597963,-4.9850473
1356785448539,9.80665,6.0474343,-5.8567495
1356785448579,8.921328,5.09401,-5.243834
1356785448619,8.730643,6.1700177,-4.5628166
1356785448659,13.756551,2.8330324,0.040861044
1356785448699,8.349273,2.5606253,-0.19068487
1356785448739,6.973618,4.399372,1.334794
1356785448779,9.697687,3.568531,0.10896278
1356785448819,9.656827,4.140586,-0.9125633
1356785448859,8.580819,3.486809,-0.6946377
1356785448899,8.390134,4.1814466,-0.61291564
1356785448939,8.662541,4.6036777,-0.3405087
1356785448979,8.853226,4.2086873,-0.61291564
1356785449019,9.193735,4.8216033,-0.53119355
1356785449059,9.466142,4.630918,-0.53119355
1356785449099,9.80665,5.09401,-0.7218784
1356785449163,9.697687,6.510526,-0.50395286
1356785449179,10.18802,4.7943625,-0.9942854
1356785449219,10.760075,5.8976107,-1.2258313
1356785449259,9.765789,5.012288,0.14982383
1356785449299,9.724928,3.405087,0.92618364
1356785449339,9.997335,2.7649305,-0.6537767
1356785449379,9.575105,5.5162406,-2.7240696
1356785449419,9.152874,4.5628166,-1.2666923
1356785449459,8.049625,3.8681788,-0.7627395
1356785449499,8.349273,2.6423476,-1.4573772
1356785449539,8.158588,3.214402,-2.2609777
1356785449579,7.7772183,2.6014864,-1.9477097
1356785449619,7.3958488,2.982856,-2.0294318
1356785449659,7.43671,4.0588636,-2.9556155
1356785449700,8.049625,5.6660647,-4.5628166
1356785449739,8.921328,6.6331096,-5.5162406
1356785449780,9.656827,5.706926,-5.243834
1356785449819,9.915613,5.325556,-5.09401
1356785449859,14.137921,3.336985,-0.61291564
1356785449899,8.471856,2.3426998,-0.7627395
1356785449939,6.3198414,4.6036777,1.1441092
1356785449979,9.384419,4.5219555,0.46309182
1356785450019,9.575105,4.0180025,-1.3756552
1356785450059,8.390134,3.7864566,-0.19068487
1356785450099,8.62168,3.6774938,-0.38136974
1356785450166,8.308413,4.440233,-0.61291564
1356785450179,8.730643,4.1814466,-0.53119355
1356785450219,9.00305,4.7535014,-0.6946377
1356785450260,9.466142,4.7535014,-0.38136974
1356785450299,10.147159,5.407278,-1.0351465
1356785450339,9.956474,6.2789803,-1.0351465
1356785450379,9.615966,5.6252036,-1.0760075
1356785450419,10.882658,5.5571017,-0.08172209
1356785450459,10.18802,4.3312707,0.19068487
1356785450499,9.915613,2.982856,0.61291564
1356785450539,9.697687,2.7649305,-0.9942854
1356785450579,9.575105,5.5571017,-2.2609777
1356785450619,9.043911,4.6036777,-1.3075534
1356785450659,8.076866,3.336985,-1.0760075
1356785450699,8.076866,2.4516625,-1.525479
1356785450739,8.049625,3.486809,-2.3699405
1356785450779,7.9679036,3.255263,-1.920469
1356785450819,7.205164,3.5276701,-2.4108016
1356785450859,7.246025,4.7535014,-3.5957718
1356785450899,7.9270425,5.6252036,-4.399372
1356785450939,8.921328,6.3607025,-5.243834
1356785450979,9.656827,5.597963,-4.671779
1356785451019,8.539958,5.597963,-5.012288
1356785451059,13.947236,3.6774938,-0.5720546
1356785451099,9.275456,3.405087,-0.27240697
1356785451165,6.851035,4.099725,0.3405087
1356785451180,8.19945,3.8681788,0.9942854
1356785451219,9.656827,3.5276701,-0.88532263
1356785451259,9.275456,4.140586,-0.53119355
1356785451299,8.771504,3.3778462,-0.50395286
1356785451339,8.281172,4.440233,-0.46309182
1356785451379,8.539958,4.630918,-0.46309182
1356785451419,8.853226,4.8216033,-0.27240697
1356785451459,9.343558,4.630918,-0.53119355
1356785451499,9.534244,4.399372,-0.84446156
1356785451539,9.507003,6.3198414,-0.50395286
1356785451579,9.80665,5.175732,-0.8036005
1356785451619,10.800936,5.938472,-0.9942854
1356785451659,10.732834,5.325556,-0.14982383
1356785451699,10.269742,3.7864566,1.0760075
1356785451739,9.847511,3.3778462,-1.0351465
1356785451779,9.847511,5.2165933,-3.0237172
1356785451819,8.730643,5.407278,-1.3756552
1356785451859,7.6954966,3.568531,-0.8036005
1356785451899,8.117727,2.8738933,-1.334794
1356785451939,8.049625,3.336985,-2.5333846
1356785451979,7.8861814,2.8330324,-1.879608
1356785452019,7.164303,3.255263,-2.2609777
1356785452059,7.43671,4.440233,-3.718355
1356785452099,8.853226,6.510526,-5.597963
1356785452166,9.656827,7.0553403,-5.366417
1356785452179,9.275456,4.9850473,-4.2086873
1356785452219,11.563675,4.0180025,-3.214402
1356785452259,11.223166,2.5606253,-0.42223078
1356785452299,7.205164,3.990762,0.42223078
1356785452339,7.9679036,4.3312707,0.9942854
1356785452379,9.384419,3.990762,-0.5720546
1356785452419,9.534244,4.3312707,-0.46309182
1356785452459,8.349273,3.568531,-0.7218784
1356785452499,8.240311,4.372132,-0.0
1356785452539,8.539958,4.440233,-0.6946377
1356785452579,9.00305,5.243834,-0.7218784
1356785452619,9.425281,4.7126403,-0.42223078
1356785452660,9.043911,4.630918,-0.46309182
1356785452699,9.724928,4.630918,-0.3405087
1356785452740,9.724928,5.9793324,-0.3405087
1356785452779,10.460427,4.6036777,-0.6946377
1356785452819,10.95076,5.938472,-0.19068487
1356785452859,9.615966,5.2165933,0.3405087
1356785452899,9.534244,3.214402,0.6946377
1356785452939,9.575105,3.636633,-1.0760075
1356785452979,9.765789,5.7886477,-2.4516625
1356785453019,9.466142,4.2904096,-1.0760075
1356785453059,8.19945,3.7864566,-0.46309182
1356785453099,8.390134,2.6832085,-1.1168685
1356785453165,8.158588,3.445948,-2.2201166
1356785453179,7.7772183,3.173541,-1.7978859
1356785453219,7.205164,3.0645783,-2.070293
1356785453259,7.5456724,4.399372,-2.9147544
1356785453299,8.730643,5.938472,-4.7943625
1356785453339,9.384419,5.5162406,-5.09401
1356785453379,8.499097,5.284695,-4.0588636
1356785453419,9.384419,5.284695,-4.2086873
1356785453459,14.246883,3.0237172,-0.14982383
1356785453499,8.049625,3.214402,-0.53119355
1356785453539,7.082581,4.399372,1.6889231
1356785453589,9.275456,3.5957718,0.23154591
1356785453629,9.915613,3.990762,-0.8036005
1356785453669,8.499097,3.568531,-0.3405087
1356785453709,8.076866,4.2086873,-0.14982383
1356785453749,8.430995,4.671779,-0.53119355
1356785453789,9.00305,5.09401,-0.6537767
1356785453829,9.00305,4.630918,-0.38136974
1356785453869,9.507003,4.671779,-0.8036005
1356785453909,9.765789,5.175732,-0.6946377
1356785453949,9.575105,6.0201936,-0.23154591
1356785453989,10.419566,5.134871,-0.88532263
1356785454029,10.882658,5.938472,-0.5720546
1356785454069,10.269742,4.372132,0.46309182
1356785454109,10.079058,3.173541,0.27240697
1356785454169,9.697687,4.140586,-2.4108016
1356785454189,9.507003,5.7886477,-1.920469
1356785454229,8.117727,4.140586,-0.50395286
1356785454269,8.008764,2.1111538,-0.88532263
1356785454309,8.499097,3.7864566,-2.2609777
1356785454349,8.158588,3.5276701,-2.3426998
1356785454389,7.668256,2.7240696,-1.6889231
1356785454429,7.3549876,3.718355,-2.3018389
1356785454469,7.273266,5.175732,-4.0588636
1356785454509,8.349273,6.701211,-5.366417
1356785454549,9.656827,6.5513873,-4.0180025
1356785454589,7.9679036,5.5571017,-4.903325
1356785454629,13.443283,3.405087,-0.6537767
1356785454669,12.830367,1.920469,-0.61291564
1356785454709,6.2108784,5.47538,0.6537767
1356785454749,6.742072,3.636633,1.3075534
1356785454789,9.915613,3.486809,-0.08172209
1356785454829,10.119919,3.718355,-0.29964766
1356785454875,8.499097,2.9556155,-0.040861044
1356785454919,8.281172,3.6774938,-0.10896278
1356785454959,8.049625,4.903325,-0.23154591
1356785454999,9.302697,5.012288,-0.3405087
1356785455039,9.466142,4.5628166,-0.9125633
1356785455079,9.425281,4.671779,-0.42223078
1356785455119,9.915613,6.0201936,-0.5720546
1356785455167,10.310603,6.3607025,-0.6946377
1356785455199,11.182305,6.2108784,0.50395286
1356785455239,9.888372,5.012288,-0.6537767
1356785455279,8.853226,2.6832085,-0.0
1356785455319,9.888372,3.0237172,-0.50395286
1356785455359,10.378705,5.366417,-1.4573772
1356785455399,9.507003,4.140586,-0.8036005
1356785455439,8.390134,2.9556155,-1.0760075
1356785455479,8.499097,2.7240696,-1.6480621
1356785455519,8.689782,3.5276701,-2.1792557
1356785455559,7.43671,3.445948,-2.1383946
1356785455599,6.782933,3.214402,-2.3699405
1356785455640,6.66035,4.440233,-3.486809
1356785455679,8.049625,6.1700177,-5.7886477
1356785455720,9.697687,6.973618,-5.284695
1356785455759,8.853226,5.5162406,-4.630918
1356785455799,13.715691,4.399372,-2.0294318
1356785455839,11.141444,1.7570249,0.53119355
1356785455879,6.932757,4.5219555,1.5390993
1356785455919,8.471856,3.0237172,0.88532263
1356785455959,9.507003,2.8330324,-0.53119355
1356785455999,9.507003,3.9090397,-0.46309182
1356785456039,8.471856,3.636633,-0.29964766
1356785456079,8.349273,4.6036777,-0.23154591
1356785456119,8.730643,4.7535014,-0.27240697
1356785456169,9.084772,4.944186,-0.3405087
1356785456199,9.043911,4.2904096,-0.42223078
1356785456239,9.724928,4.862464,-1.1168685
1356785456279,9.80665,6.4015636,-0.53119355
1356785456319,10.378705,5.325556,-0.50395286
1356785456359,10.95076,5.434519,-0.0
1356785456399,9.384419,4.5219555,-0.38136974
1356785456439,9.466142,3.1054392,0.19068487
1356785456479,9.888372,3.2961242,-0.9125633
1356785456519,10.038197,5.243834,-2.2201166
1356785456559,9.043911,4.944186,-1.1849703
1356785456599,7.8589406,3.0645783,-0.88532263
1356785456639,8.008764,2.8330324,-1.879608
1356785456679,8.049625,3.990762,-2.4108016
1356785456719,7.9679036,3.255263,-2.070293
1356785456759,7.3958488,3.3778462,-2.5333846
1356785456799,7.3958488,4.6036777,-3.336985
1356785456839,8.471856,5.47538,-5.325556
1356785456879,9.847511,6.510526,-5.8158884
1356785456919,9.656827,5.829509,-4.7126403
1356785456959,13.375181,4.2086873,-2.7240696
1356785456999,9.656827,1.607201,0.61291564
1356785457039,6.6331096,3.9090397,1.1168685
1356785457079,8.539958,3.5276701,1.0351465
1356785457119,9.302697,3.5276701,-0.9942854
1356785457169,9.507003,4.630918,-0.53119355
1356785457199,8.853226,3.718355,-0.53119355
1356785457239,8.281172,4.2495484,-0.50395286
1356785457279,8.539958,4.7943625,-0.50395286
1356785457319,8.853226,4.9850473,-0.38136974
1356785457359,8.853226,4.5628166,-0.38136974
1356785457399,9.615966,4.5628166,-0.95342433
1356785457439,9.615966,5.47538,-0.6946377
1356785457479,9.656827,5.134871,-0.8036005
1356785457519,10.61025,5.175732,-0.50395286
1356785457559,11.114203,6.701211,-0.6946377
1356785457599,10.337844,4.3312707,1.56634
1356785457639,9.697687,2.4925237,0.84446156
1356785457679,9.466142,4.9850473,-2.1792557
1356785457719,9.888372,5.5571017,-1.7297841
1356785457759,8.308413,4.2086873,-0.42223078
1356785457799,8.471856,2.8330324,-0.5720546
1356785457840,8.308413,2.5606253,-1.2258313
1356785457879,7.8861814,2.6832085,-1.56634
1356785457919,7.504812,3.445948,-1.525479
1356785457959,7.246025,4.099725,-2.8330324
1356785457999,8.539958,4.903325,-3.636633
1356785458039,8.853226,6.0201936,-5.09401
1356785458079,8.962189,6.2789803,-4.4810944
1356785458119,8.049625,6.1291566,-5.09401
1356785458169,12.789507,5.09401,-1.6889231
1356785458209,10.310603,2.1111538,-0.19068487
1356785458239,6.6331096,3.7864566,0.50395286
1356785458279,8.730643,3.336985,2.3018389
1356785458319,9.384419,4.0180025,-1.0760075
1356785458359,8.962189,3.759216,0.14982383
1356785458399,8.689782,3.0645783,-0.040861044
1356785458439,8.430995,4.372132,-0.27240697
1356785458479,8.771504,4.5219555,-0.040861044
1356785458519,8.894087,4.862464,-0.46309182
1356785458559,9.302697,4.4810944,0.3405087
1356785458600,9.915613,3.990762,-0.95342433
1356785458639,9.507003,5.829509,-0.08172209
1356785458680,9.765789,6.469665,-0.7627395
1356785458719,11.34575,6.3198414,0.38136974
1356785458759,10.310603,5.243834,-0.38136974
1356785458799,9.112013,2.5333846,0.10896278
1356785458839,9.234595,2.3426998,-0.19068487
1356785458879,10.269742,4.7535014,-1.525479
1356785458919,9.80665,5.09401,-1.3756552
1356785458959,9.234595,3.568531,-0.7627395
1356785458999,8.117727,2.6014864,-1.334794
1356785459039,7.7363577,2.982856,-2.2201166
1356785459079,7.43671,3.3778462,-2.1383946
1356785459119,6.742072,3.2961242,-2.3018389
1356785459170,6.932757,3.6774938,-3.405087
1356785459209,8.19945,5.7886477,-5.243834
1356785459249,9.724928,6.742072,-5.47538
1356785459289,9.656827,4.630918,-4.399372
1356785459329,14.1787815,3.568531,-2.8738933
1356785459369,10.460427,2.2609777,-0.10896278
1356785459409,7.205164,4.372132,0.42223078
1356785459449,7.7772183,3.990762,1.3075534
1356785459489,9.466142,3.173541,-0.6537767
1356785459529,9.384419,4.099725,-0.040861044
1356785459569,8.962189,3.214402,-0.14982383
1356785459609,8.499097,4.1814466,-0.38136974
1356785459649,8.689782,4.2495484,-0.08172209
1356785459689,8.812365,4.440233,-0.23154591
1356785459729,9.234595,4.671779,-0.3405087
1356785459769,9.384419,4.7126403,-0.88532263
1356785459809,9.697687,5.2165933,-0.88532263
1356785459850,9.466142,6.0201936,-0.50395286
1356785459889,9.765789,5.012288,-0.29964766
1356785459929,10.691973,5.6660647,-0.19068487
1356785459969,9.956474,4.3312707,0.08172209
1356785460027,10.337844,3.405087,0.84446156
1356785460069,10.18802,4.3312707,-2.4516625
1356785460110,9.466142,5.5162406,-1.7570249
1356785460171,8.580819,3.568531,-0.7218784
1356785460189,8.008764,2.5333846,-0.19068487
1356785460229,8.430995,2.7240696,-1.879608
1356785460269,7.8589406,3.5957718,-1.9885708
1356785460309,7.43671,2.9147544,-1.6480621
1356785460349,6.891896,4.140586,-2.7921712
1356785460389,8.62168,5.5162406,-4.8216033
1356785460430,9.765789,6.782933,-5.8567495
1356785460469,8.921328,5.134871,-3.486809
1356785460509,11.114203,4.2086873,-3.1054392
1356785460549,13.443283,2.2201166,-0.5720546
1356785460589,7.082581,4.0588636,0.19068487
1356785460629,8.158588,4.0588636,1.334794
1356785460669,9.656827,3.0237172,-0.3405087
1356785460709,9.615966,4.5219555,-0.61291564
1356785460749,8.62168,3.486809,0.14982383
1356785460789,8.471856,3.8681788,-0.50395286
1356785460829,8.390134,4.6036777,-0.46309182
1356785460869,8.962189,4.5219555,-0.46309182
1356785460909,9.152874,4.7943625,-0.42223078
1356785460949,9.466142,4.671779,-0.5720546
1356785460989,9.575105,5.434519,-0.9125633
1356785461029,9.615966,6.3198414,-1.0351465
1356785461069,10.56939,5.829509,-0.38136974
1356785461109,11.073342,6.5922484,0.19068487
1356785461170,9.697687,3.9499009,0.19068487
1356785461189,9.466142,2.2609777,0.7218784
1356785461229,10.691973,3.445948,-1.1441092
1356785461269,10.378705,5.597963,-1.2258313
1356785461309,9.112013,3.9499009,-0.9125633
1356785461349,8.281172,2.6832085,-0.8036005
1356785461389,7.8180795,2.8330324,-1.4573772
1356785461429,7.273266,2.9556155,-2.070293
1356785461469,6.742072,2.9556155,-2.1792557
1356785461509,6.851035,3.718355,-2.8330324
1356785461549,7.668256,5.706926,-5.47538
1356785461590,9.112013,7.273266,-6.238119
1356785461629,9.724928,5.6252036,-4.5628166
1356785461670,8.853226,4.0180025,-4.671779
1356785461709,14.056199,2.7240696,-0.9942854
1356785461749,8.662541,4.0180025,-0.29964766
1356785461789,7.3549876,3.759216,0.7627395
1356785461829,8.499097,4.0588636,0.92618364
1356785461869,9.425281,3.255263,-0.5720546
1356785461909,8.499097,3.718355,-0.19068487
1356785461949,8.962189,3.445948,-0.19068487
1356785461989,8.430995,4.2086873,-0.61291564
1356785462029,8.812365,4.4810944,0.08172209
1356785462069,9.343558,4.671779,-0.6537767
1356785462109,8.853226,4.4810944,-0.14982383
1356785462171,9.697687,4.2086873,-0.9942854
1356785462189,9.507003,5.6252036,-0.6537767
1356785462229,9.765789,6.701211,-1.1441092
1356785462269,10.56939,6.238119,-1.3075534
1356785462309,10.501288,5.938472,-0.14982383
1356785462349,9.80665,3.255263,0.7627395
1356785462389,10.419566,2.6832085,0.6946377
1356785462430,10.269742,4.5628166,-2.4516625
1356785462469,9.697687,5.09401,-2.1792557
1356785462509,8.349273,4.0588636,-1.1168685
1356785462549,7.668256,2.8738933,-0.7627395
1356785462589,8.158588,2.9147544,-2.070293
1356785462629,8.008764,3.568531,-2.4516625
1356785462669,7.4639506,2.6014864,-1.607201
1356785462709,6.851035,3.1463003,-2.2201166
1356785462749,7.43671,4.862464,-3.9771416
1356785462789,8.730643,6.701211,-6.1291566
1356785462829,8.308413,7.5456724,-4.903325
1356785462869,9.193735,5.5162406,-4.9850473
1356785462909,15.704261,3.9090397,-1.4165162
1356785462949,9.043911,1.8387469,0.23154591
1356785462989,6.973618,3.8681788,1.4573772
1356785463029,9.534244,3.0645783,0.50395286
1356785463069,9.888372,3.9499009,-0.7218784
1356785463109,8.962189,4.0588636,-0.29964766
1356785463170,8.308413,3.6774938,0.38136974
1356785463190,8.308413,3.7864566,0.040861044
1356785463229,8.853226,3.8273177,-0.27240697
1356785463269,8.853226,4.8216033,-0.84446156
1356785463309,8.962189,4.630918,-0.42223078
1356785463349,8.689782,4.7126403,-0.29964766
1356785463389,9.615966,5.47538,-0.42223078
1356785463429,10.337844,5.366417,-1.1168685
1356785463469,10.991621,6.2108784,-0.19068487
1356785463509,10.460427,7.5456724,0.08172209
1356785463549,9.234595,4.3312707,-0.0
1356785463589,9.193735,2.1792557,0.5720546
1356785463629,10.419566,3.6774938,-0.5720546
1356785463669,10.61025,5.6660647,-1.3756552
1356785463709,9.193735,4.2086873,-0.61291564
1356785463751,8.430995,3.9090397,-1.1849703
1356785463789,7.668256,3.5276701,-1.8387469
1356785463831,6.973618,3.486809,-1.9885708
1356785463869,6.701211,2.9147544,-1.9885708
1356785463911,6.6331096,3.3778462,-3.0645783
1356785463949,7.8180795,4.903325,-4.944186
1356785463990,9.275456,7.3958488,-6.1700177
1356785464029,9.724928,6.0201936,-4.7535014
1356785464069,12.067628,4.2086873,-3.405087
1356785464110,11.495573,3.336985,-1.525479
1356785464179,7.082581,3.759216,0.6537767
1356785464191,6.851035,4.4810944,1.2666923
1356785464229,9.193735,3.255263,-0.38136974
1356785464269,9.193735,3.9499009,-0.3405087
1356785464309,9.384419,3.718355,-0.3405087
1356785464349,8.539958,4.140586,-0.61291564
1356785464389,8.499097,4.399372,-0.10896278
1356785464430,8.662541,5.134871,-0.5720546
1356785464469,8.662541,4.7126403,-0.08172209
1356785464509,9.112013,4.8216033,-0.84446156
1356785464550,9.888372,4.903325,-0.53119355
1356785464589,9.575105,6.3198414,-0.53119355
1356785464630,10.269742,5.938472,-0.0
1356785464669,11.114203,6.5513873,-0.84446156
1356785464709,9.697687,4.2086873,0.3405087
1356785464749,10.079058,2.6832085,1.1441092
1356785464789,9.997335,4.0588636,-1.4165162
1356785464829,9.915613,5.6252036,-1.879608
1356785464874,8.580819,5.175732,-1.1849703
1356785464909,7.8861814,2.9147544,-1.0760075
1356785464949,7.8589406,3.0237172,-1.6480621
1356785464989,7.3958488,3.9090397,-2.0294318
1356785465029,7.205164,3.336985,-1.7978859
1356785465069,7.014479,3.718355,-2.6014864
1356785465109,7.9270425,4.862464,-3.759216
1356785465172,9.112013,5.829509,-6.0882955
1356785465189,9.112013,7.1234417,-5.202973
1356785465229,7.43671,6.2108784,-4.399372
1356785465269,10.147159,5.09401,-3.5957718
1356785465309,15.132206,1.1849703,-0.0
1356785465349,6.851035,4.7126403,0.38136974
1356785465389,7.205164,3.1463003,1.6480621
1356785465429,9.343558,3.445948,0.19068487
1356785465469,9.656827,4.7126403,-0.46309182
1356785465509,8.281172,3.405087,-0.14982383
1356785465549,8.117727,4.1814466,0.27240697
1356785465589,8.62168,4.4810944,0.040861044
1356785465629,8.662541,4.903325,-0.50395286
1356785465669,9.275456,4.399372,-0.46309182
1356785465709,8.771504,4.5219555,-0.84446156
1356785465749,9.425281,5.366417,-0.29964766
1356785465789,9.888372,6.5922484,-0.84446156
1356785465829,9.697687,5.366417,-0.7218784
1356785465869,10.841797,6.2789803,-0.42223078
1356785465909,10.18802,5.366417,0.50395286
1356785465949,9.956474,3.336985,1.1168685
1356785465989,10.147159,3.255263,-1.3075534
1356785466029,9.997335,5.434519,-2.3699405
1356785466069,9.343558,5.284695,-0.9942854
1356785466109,8.281172,3.6774938,-1.2666923
1356785466169,7.8589406,3.173541,-1.4573772
1356785466189,7.668256,3.1054392,-1.9477097
1356785466229,7.3141265,2.9147544,-1.6889231
1356785466269,6.8237944,3.2961242,-2.4108016
1356785466309,6.891896,4.944186,-4.0588636
1356785466349,8.430995,6.2108784,-5.6660647
1356785466389,9.575105,6.701211,-5.5571017
1356785466429,11.34575,5.8567495,-4.3312707
1356785466469,13.252599,3.445948,-1.56634
1356785466509,7.8589406,2.6014864,0.23154591
1356785466549,6.932757,4.2086873,1.2666923
1356785466589,9.00305,3.255263,-0.0
1356785466629,9.193735,4.2904096,-1.0760075
1356785466669,9.112013,4.3312707,-0.38136974
1356785466709,8.471856,3.990762,-0.8036005
1356785466749,8.240311,4.630918,-0.38136974
1356785466789,8.471856,4.671779,-0.23154591
1356785466829,8.962189,4.7126403,-0.61291564
1356785466869,9.234595,4.903325,-0.8036005
1356785466909,9.724928,4.7943625,-0.7627395
1356785466949,9.915613,6.2789803,-0.38136974
1356785466989,10.038197,5.47538,-0.23154591
1356785467029,11.114203,6.1291566,-0.23154591
1356785467069,10.460427,5.7886477,-0.14982383
1356785467109,9.575105,3.0237172,-0.0
1356785467166,9.724928,2.9147544,0.10896278
1356785467189,9.997335,4.440233,-1.9477097
1356785467229,9.384419,5.434519,-1.7978859
1356785467269,8.499097,4.0588636,-0.9942854
1356785467309,8.049625,2.5606253,-1.0351465
1356785467349,7.6273947,3.2961242,-2.2201166
1356785467389,7.668256,3.5276701,-2.5333846
1356785467429,7.273266,3.1463003,-2.3018389
1356785467469,6.851035,3.5957718,-3.0237172
1356785467510,7.8180795,5.175732,-5.366417
1356785467549,9.084772,7.3549876,-6.428804
1356785467590,9.193735,5.829509,-4.2904096
1356785467629,8.049625,5.09401,-5.012288
1356785467669,12.762266,2.7921712,-1.525479
1356785467709,11.141444,2.6423476,-0.3405087
1356785467749,7.014479,5.325556,0.38136974
1356785467789,8.471856,3.445948,1.0351465
1356785467829,9.697687,3.3778462,-0.29964766
1356785467869,9.302697,3.9090397,-0.5720546
1356785467909,8.390134,3.2961242,-0.19068487
1356785467949,8.281172,4.372132,-0.29964766
1356785467989,8.390134,4.671779,-0.46309182
1356785468029,8.771504,5.012288,-0.9125633
1356785468069,9.275456,5.09401,-0.7627395
1356785468109,9.956474,4.372132,-1.1168685
1356785468166,9.507003,6.238119,-0.53119355
1356785468189,9.997335,5.8567495,-1.0760075
1356785468229,10.841797,6.782933,-0.10896278
1356785468269,10.337844,5.325556,-0.29964766
1356785468309,9.615966,3.0645783,1.0760075
1356785468350,10.079058,2.8330324,-0.38136974
1356785468389,10.269742,6.1700177,-2.4108016
1356785468430,9.575105,5.012288,-1.3075534
1356785468469,7.8861814,4.0180025,-0.88532263
1356785468509,7.504812,3.173541,-1.1849703
1356785468549,7.668256,3.1463003,-2.0294318
1356785468589,7.3549876,3.1463003,-2.0294318
1356785468629,7.014479,3.3778462,-2.8330324
1356785468669,7.082581,4.862464,-3.718355
1356785468709,8.812365,6.3198414,-5.053149
1356785468749,9.425281,6.238119,-4.9850473
1356785468789,8.580819,5.09401,-4.4810944
1356785468829,10.501288,4.7126403,-3.568531
1356785468869,13.865514,2.6832085,0.10896278
1356785468909,6.5513873,3.9499009,-0.19068487
1356785468949,7.4639506,4.2904096,1.3756552
1356785468989,10.119919,3.8681788,-0.29964766
1356785469029,9.152874,4.3312707,-0.84446156
1356785469069,8.390134,3.173541,0.19068487
1356785469109,8.076866,4.2495484,-0.50395286
1356785469167,8.894087,4.9850473,-0.5720546
1356785469189,8.894087,4.9850473,-0.7218784
1356785469229,8.771504,4.903325,-0.88532263
1356785469269,9.615966,4.9850473,-0.9942854
1356785469309,9.425281,5.597963,-0.5720546
1356785469349,9.534244,5.407278,-0.3405087
1356785469389,10.269742,5.6252036,-0.23154591
1356785469429,11.223166,6.238119,-0.42223078
1356785469469,9.956474,3.445948,0.7218784
1356785469509,9.343558,3.214402,0.10896278
1356785469549,10.378705,4.630918,-2.0294318
1356785469589,9.997335,5.243834,-1.0760075
1356785469629,8.349273,3.718355,-0.8036005
1356785469669,8.308413,3.0645783,-1.2666923
1356785469709,7.8861814,3.8273177,-1.56634
1356785469749,7.4639506,3.336985,-1.7297841
1356785469789,6.932757,3.336985,-2.1111538
1356785469829,6.932757,4.2495484,-3.445948
1356785469871,8.19945,5.6252036,-4.7126403
1356785469909,9.80665,6.2108784,-5.053149
1356785469949,8.662541,5.7886477,-3.9499009
1356785469989,10.923519,4.8216033,-3.718355
1356785470029,13.021052,2.7240696,-0.29964766
1356785470069,7.668256,3.5276701,-0.14982383
1356785470109,7.3141265,4.099725,1.0351465
1356785470168,9.152874,3.7864566,-0.040861044
1356785470199,9.507003,4.630918,-0.84446156
1356785470239,8.580819,3.759216,-0.3405087
1356785470279,8.308413,4.440233,-0.61291564
1356785470319,8.281172,4.7943625,-0.38136974
1356785470359,8.771504,5.09401,-0.42223078
1356785470399,8.921328,4.7126403,-0.5720546
1356785470439,9.00305,4.399372,-0.27240697
1356785470480,9.915613,4.903325,-0.6537767
1356785470519,10.119919,6.2108784,-0.50395286
1356785470560,11.114203,6.1700177,-0.38136974
1356785470599,11.114203,6.510526,-0.08172209
1356785470639,9.302697,3.486809,-0.040861044
1356785470679,8.853226,2.152015,0.6946377
1356785470719,9.615966,4.0180025,-0.95342433
1356785470759,9.956474,6.2108784,-1.6480621
1356785470799,8.471856,4.7943625,-0.88532263
1356785470839,8.076866,2.8330324,-1.0760075
1356785470879,8.240311,2.7921712,-1.0351465
1356785470919,8.076866,3.486809,-1.920469
1356785470959,7.8180795,3.214402,-1.920469
1356785470999,7.43671,3.9499009,-2.7240696
1356785471039,7.8180795,5.5571017,-3.8273177
1356785471079,9.112013,6.0882955,-4.8216033
1356785471119,8.894087,5.8567495,-3.759216
1356785471169,7.5456724,5.6660647,-4.1814466
1356785471199,12.14935,4.5219555,-2.4516625
1356785471239,12.067628,2.4516625,-0.23154591
1356785471279,6.742072,4.671779,0.50395286
1356785471319,8.117727,4.0180025,1.4573772
1356785471359,9.765789,3.486809,-0.7218784
1356785471399,9.466142,4.2495484,-0.8036005
1356785471439,8.308413,3.718355,-0.10896278
1356785471479,8.240311,4.3312707,-0.10896278
1356785471519,8.730643,4.7535014,-0.3405087
1356785471559,8.853226,4.6036777,-0.3405087
1356785471599,9.275456,4.630918,-0.50395286
1356785471639,9.575105,5.053149,-1.3075534
1356785471679,9.343558,5.8976107,-0.19068487
1356785471719,9.847511,4.8216033,-0.6537767
1356785471759,10.95076,6.238119,-0.19068487
1356785471799,10.61025,6.0882955,-0.53119355
1356785471839,9.724928,3.2961242,0.14982383
1356785471879,9.275456,2.9147544,-0.10896278
1356785471919,10.038197,4.630918,-1.1849703
1356785471959,9.302697,5.175732,-1.334794
1356785471999,8.499097,3.9090397,-1.2258313
1356785472039,8.308413,3.0645783,-0.95342433
1356785472079,8.076866,3.5276701,-1.607201
1356785472119,7.6273947,3.1463003,-1.7570249
1356785472170,7.3549876,3.3778462,-2.2201166
1356785472199,7.6273947,4.372132,-2.7513103
1356785472239,8.158588,5.7886477,-4.2904096
1356785472279,9.00305,6.4015636,-5.012288
1356785472319,9.534244,5.284695,-4.4810944
1356785472359,12.299174,5.09401,-3.5276701
1356785472399,11.032481,3.568531,-1.1441092
1356785472439,7.246025,3.636633,0.040861044
1356785472479,7.3958488,3.336985,1.0760075
1356785472519,8.921328,4.372132,-0.7218784
1356785472559,9.302697,4.7535014,-0.27240697
1356785472599,9.466142,3.759216,-0.3405087
1356785472639,8.308413,4.2495484,-0.29964766
1356785472679,8.281172,3.8681788,0.19068487
1356785472719,8.689782,4.7535014,-0.040861044
1356785472759,9.302697,4.6036777,-0.46309182
1356785472799,9.084772,4.3312707,-0.14982383
1356785472839,9.697687,4.671779,-0.27240697
1356785472879,9.507003,5.6660647,-0.19068487
1356785472919,9.997335,5.012288,-0.53119355
1356785472959,11.141444,6.3198414,0.040861044
1356785472999,10.269742,6.2789803,0.14982383
1356785473039,9.043911,2.982856,0.040861044
1356785473079,9.275456,2.152015,0.38136974
1356785473119,9.915613,4.944186,-1.4165162
1356785473169,9.765789,5.9793324,-1.4165162
1356785473199,9.00305,4.4810944,-0.8036005
1356785473239,8.281172,2.9556155,-0.88532263
1356785473279,8.049625,3.255263,-1.7978859
1356785473319,7.6954966,3.759216,-2.1111538
1356785473359,7.3141265,3.173541,-1.7978859
1356785473399,7.0553403,3.568531,-2.6832085
1356785473440,7.8861814,4.944186,-4.1814466
1356785473479,9.384419,6.891896,-5.8567495
1356785473520,9.915613,5.7886477,-3.9771416
1356785473559,10.651112,5.134871,-4.5900574
1356785473599,13.0619135,2.982856,-1.1849703
1356785473639,7.43671,2.6423476,0.10896278
1356785473679,6.701211,4.630918,1.0760075
1356785473719,8.921328,4.140586,-0.29964766
1356785473759,9.425281,4.1814466,-1.1168685
1356785473799,9.193735,3.990762,-0.7218784
1356785473839,8.499097,4.0588636,-0.53119355
1356785473879,8.349273,4.0180025,-0.10896278
1356785473919,8.499097,4.2904096,-0.42223078
1356785473959,9.00305,4.6036777,-0.23154591
1356785473999,9.193735,4.671779,-0.6946377
1356785474039,9.615966,5.134871,-0.8036005
1356785474079,9.956474,6.469665,-0.3405087
1356785474119,10.079058,5.5162406,-0.42223078
1356785474159,10.800936,6.1291566,0.08172209
1356785474199,9.80665,4.944186,-0.10896278
1356785474239,9.575105,2.3018389,0.6946377
1356785474279,9.80665,3.1463003,-0.29964766
1356785474319,10.419566,5.284695,-2.3426998
1356785474359,9.112013,5.325556,-1.4165162
1356785474399,7.7363577,3.718355,-0.9125633
1356785474439,7.6954966,2.6832085,-1.6480621
1356785474479,7.668256,4.099725,-2.1111538
1356785474519,7.3958488,3.1054392,-1.6889231
1356785474559,7.4639506,3.486809,-1.9477097
1356785474599,7.5865335,4.6036777,-3.9090397
1356785474639,8.853226,6.2789803,-5.202973
1356785474679,9.765789,6.0474343,-4.372132
1356785474719,8.730643,5.2165933,-4.7535014
1356785474759,12.912089,3.9090397,-2.5333846
1356785474799,11.372991,2.8330324,0.23154591
1356785474839,7.014479,4.1814466,-0.10896278
1356785474881,7.6273947,3.568531,1.2258313
1356785474919,9.152874,3.5276701,-0.42223078
1356785474959,9.343558,4.4810944,-0.46309182
1356785474999,8.962189,3.636633,0.040861044
1356785475039,8.471856,4.1814466,-0.7627395
1356785475079,8.19945,4.944186,-0.3405087
