1356510028236,0.0,0.0,0.0
1356510028237,0.081658244,-0.08165836,-0.23136519
1356510028268,0.122053474,-0.19010448,-0.46150377
1356510028298,0.16181928,-0.27052402,0.045720518
1356510028332,0.11861533,0.07291412,0.50148803
1356510028372,0.072149724,0.1613102,-0.018760651
1356510028412,0.06332463,-0.02062416,-0.7703804
1356510028453,0.13363102,-0.1349554,-0.46080327
1356510028491,0.16138488,-0.04699135,0.1643671
1356510028531,0.10627389,-0.0425148,0.1142019
1356510028571,0.13193604,0.0020341873,0.47668636
1356510028612,0.1428437,-0.11682415,0.38760686
1356510028651,0.05821061,-0.13992882,-0.1058071
1356510028692,5.9202313E-4,-0.025621414,-0.29919875
1356510028733,-0.09708974,0.09028244,-0.39368153
1356510028773,-0.028906077,-0.010757446,0.58524877
1356510028813,-0.07923919,0.03755188,0.6542819
1356510028855,-0.12449393,0.0022888184,0.8331882
1356510028894,-0.08245683,0.11417389,0.70524323
1356510028933,0.0049114525,-0.1442833,0.67276657
1356510028975,-0.14880419,0.27574635,-0.1567331
1356510029011,-0.014788985,0.23088264,0.43093798
1356510029050,0.10621518,-0.088866234,0.35731828
1356510029091,0.049121737,-0.01644516,0.4069525
1356510029131,0.09810892,0.24477386,0.17635679
1356510029171,-0.06142807,0.23284149,-0.29102534
1356510029211,-0.020933568,0.09747887,-0.9240149
1356510029277,0.09819135,-0.06670189,-0.59983546
1356510029293,0.120377064,-0.082131386,-0.26518935
1356510029333,0.005482644,-0.09659195,-0.666266
1356510029374,0.03967449,-0.0666275,-0.38902795
1356510029411,-0.008284241,-0.03126526,-0.40719086
1356510029442,0.06700426,-0.07372475,-0.342874
1356510029483,0.060825467,-0.06937218,-0.10735369
1356510029522,0.05502799,-0.060907364,-0.009004295
1356510029562,0.0765855,-0.0909214,0.026695132
1356510029603,0.19313328,0.029724121,0.07598144
1356510029643,0.06342745,0.013746262,0.068105415
1356510029682,0.09531714,-0.058279037,0.04402952
1356510029723,0.2068116,-0.05085659,0.0063949376
1356510029758,0.22081348,-0.0047283173,-0.040610537
1356510029802,0.245882,-0.04183197,-0.20120001
1356510029840,0.26791734,-0.07970619,-0.25240874
1356510029881,0.054763943,0.0457592,-0.13532013
1356510029921,-0.07951452,-0.11446667,-0.25552204
1356510029961,-0.03720288,-0.028985977,-0.20334212
1356510030002,-0.16884354,0.057102203,-0.26548222
1356510030041,-0.30744246,0.12978935,-0.34817338
1356510030081,-0.27307594,0.09255314,-0.58891904
1356510030123,-0.34989768,-0.28743076,-0.70167804
1356510030163,-0.6732017,-0.2471323,-0.65735376
1356510030203,-0.87492895,-0.35586357,-1.1073596
1356510030282,-0.027865753,-0.16026592,-1.6802287
1356510030283,0.40956312,-0.22937298,-1.5662595
1356510030308,-0.026547223,0.059016228,-1.4327091
1356510030340,-0.24886048,0.45988178,-1.4355389
1356510030382,0.15036756,0.82372284,-2.1750693
1356510030421,-0.01869154,0.9627266,-2.8413243
1356510030461,0.27702492,1.1914186,-3.313328
1356510030501,0.41026372,2.0299692,-3.4495487
1356510030541,0.0947867,2.5020094,-2.820159
1356510030582,0.4616774,2.5721784,-2.526732
1356510030623,0.47714853,2.274777,-2.6168306
1356510030663,0.48311555,1.596415,-2.7918077
1356510030703,0.58909917,1.3907142,-2.2354274
1356510030743,0.3878203,0.5648751,-1.4831314
1356510030783,-0.17401016,-0.4621086,-1.0768714
1356510030823,-0.2338957,-1.1438665,-1.1114964
1356510030863,-0.437578,-1.7238488,-2.4152122
1356510030903,-0.74871993,-2.709289,-1.1882687
1356510030943,-1.8258253,-4.0694838,1.8675005
1356510030983,0.030180953,-1.51823,3.6990528
1356510031023,0.041359052,0.10397053,6.2967
1356510031063,1.9164746,-1.874311,5.5412555
1356510031103,2.035408,-0.824317,5.1583676
1356510031143,0.89745665,-0.17905235,4.566265
1356510031183,0.69786805,0.19538593,4.0642767
1356510031223,0.8856774,0.86530113,3.4368675
1356510031282,1.3764414,0.6206503,2.2798529
1356510031301,1.4123263,0.15393639,1.2721395
1356510031341,0.39619684,0.83509445,0.9475094
1356510031381,-0.1605664,0.3637514,-0.01383394
1356510031421,0.9006919,-0.2879057,-0.15627128
1356510031461,0.6500517,-1.0589142,0.51298326
1356510031501,0.15416509,-2.0219831,-0.4963063
1356510031541,0.44565672,-2.8656788,-0.94677866
1356510031583,1.981372,-3.305253,0.8918547
1356510031623,-0.26096863,-3.15652,2.811003
1356510031663,-2.5846496,0.026498795,2.9620514
1356510031703,-2.0268927,-0.7309284,1.8874865
1356510031743,-3.1251044,-0.5645428,-0.049692146
1356510031783,-0.29262048,-0.82657623,0.44190928
1356510031823,0.51376337,1.6185961,-4.5322614
1356510031863,-0.7740944,5.0288124,-1.9950804
1356510031903,-1.3850889,5.8998637,-1.8961058
1356510031943,-0.6262361,5.893936,-3.5515885
1356510031983,0.42474613,5.3161154,-4.6159325
1356510032023,0.32950267,3.913846,-7.009887
1356510032063,0.42939574,0.40471077,-5.4053802
1356510032103,-2.111486,-3.6233454,-5.7056923
1356510032143,-2.0395894,-1.4896269,-6.462779
1356510032183,-0.6789578,-2.9203854,-2.3486533
1356510032223,-1.1632094,-7.6596503,6.4556313
1356510032271,0.6740371,0.3193469,3.408877
1356510032303,1.7343059,1.0011735,5.845275
1356510032343,1.1887722,-1.6054549,5.2581234
1356510032383,-0.9128079,0.118505,4.065898
1356510032423,0.38308215,1.5883088,4.1472044
1356510032463,2.013796,0.67129326,2.4740906
1356510032503,2.4209995,0.35749054,1.5779946
1356510032543,1.3603706,0.96972466,1.0686803
1356510032583,0.23261112,0.09053612,0.7337475
1356510032623,0.67881554,-1.4004974,1.3815857
1356510032662,1.0011683,-2.5189857,0.053959638
1356510032703,0.74013036,-2.4958115,-0.86883754
1356510032743,2.0726097,-3.518941,1.6998004
1356510032783,0.5055162,-2.3845682,5.030099
1356510032823,-4.4934244,-2.2703123,2.955346
1356510032863,-5.606759,-2.835041,0.21046212
1356510032903,-1.7972895,-0.2668171,0.2595772
1356510032943,1.9623885,0.3416767,-4.393517
1356510032983,1.5804223,5.327917,-2.298755
1356510033042,-1.0910227,6.292644,-2.2152991
1356510033062,-1.826113,6.1348476,-3.7504706
1356510033102,0.4293971,5.882686,-3.9086063
1356510033138,0.7924628,4.7444706,-5.4028187
1356510033182,0.19200772,2.230989,-6.491366
1356510033221,0.5670254,-4.459482,-5.5040426
1356510033277,-0.2422722,-3.7095861,-8.709324
1356510033303,-0.5482978,-4.4248376,-1.956205
1356510033343,-0.51155066,-5.65825,7.3013105
1356510033383,0.63464,2.8438015,3.9761567
1356510033423,0.5298731,0.53920794,6.3175488
1356510033463,1.0645611,-2.3218923,5.027401
1356510033503,-0.55058944,0.53400517,3.1819668
1356510033543,0.57827795,0.7797599,3.2912128
1356510033583,1.3148942,0.48820877,2.479405
1356510033623,1.3161511,0.95711803,1.3685799
1356510033663,0.6044838,0.90776825,0.42015636
1356510033703,0.22376621,-0.16230583,0.34004968
1356510033743,0.6962921,-1.9063206,1.0099262
1356510033783,0.1654475,-2.8242722,-0.21874213
1356510033823,0.6309285,-3.1375551,0.10345369
1356510033863,1.186735,-3.4802876,3.9498878
1356510033903,-1.7739718,-0.81315804,4.326144
1356510033943,-4.1039214,-2.8853111,1.1291175
1356510033983,-2.988406,-1.3995275,-0.012840487
1356510034023,1.4258602,-1.3236094,-1.7128618
1356510034063,1.2746121,4.39652,-3.8420181
1356510034103,-0.12133752,6.2674913,-1.5311669
1356510034143,-1.0256431,6.411377,-3.2744923
1356510034183,-0.4218999,6.100357,-4.1145926
1356510034223,0.8211194,5.541201,-4.9135027
1356510034276,0.15881178,2.9288392,-7.5247054
1356510034304,0.7958897,-0.78660774,-6.4995565
1356510034343,-0.89956295,-5.041876,-7.6942806
1356510034383,-1.4977472,-4.331912,-4.3150434
1356510034423,-1.334343,-6.522812,4.788377
1356510034463,-0.11410376,2.1994748,6.175198
1356510034503,0.65115166,1.6729989,6.242608
1356510034543,0.126167,-2.785472,5.3161693
1356510034583,0.007897556,0.089101315,4.3237247
1356510034623,0.95761263,1.0343151,3.7267706
1356510034663,1.6523995,-0.41941452,2.8229904
1356510034703,2.078052,0.5056629,1.7869402
1356510034743,1.337798,0.7698574,1.3832954
1356510034783,0.5562654,-0.33293724,0.18428385
1356510034823,1.1714454,-1.6442537,0.45157823
1356510034863,0.71971625,-2.7472143,-0.42359442
1356510034903,0.14974567,-2.4117918,0.36795408
1356510034943,0.58432066,-3.2263842,4.027681
1356510034983,-1.3672767,-1.743063,2.3231654
1356510035023,-3.7004418,-4.8768883,-0.58742017
1356510035063,-2.0353847,-3.8218565,-0.5001038
1356510035103,-0.7361941,0.41449642,-2.3927987
1356510035143,2.0247715,6.151458,-2.5329683
1356510035183,-0.6323097,7.1461043,-1.0966371
1356510035223,-2.1735928,7.364713,-2.2722344
1356510035278,-0.8470236,7.022476,-4.057418
1356510035303,0.2888528,5.7506757,-6.473746
1356510035343,-0.057240635,-0.322711,-6.0776343
1356510035383,-3.2173839,-4.615014,-7.2851996
1356510035423,-2.8603811,-4.333685,-5.3349066
1356510035463,-0.6245534,-6.6966004,1.1333811
1356510035503,1.2353566,2.0362372,5.65077
1356510035544,1.2021954,0.66022253,5.398267
1356510035583,1.206595,-2.2456279,4.4112706
1356510035623,1.0886277,0.6868272,3.557378
1356510035663,1.2451156,1.3263865,3.138402
1356510035703,2.060489,0.49182892,3.0225124
1356510035743,1.5382335,-0.0052671432,1.7205993
1356510035783,2.371106,0.6749306,1.6150358
1356510035823,0.7890643,-0.7337675,1.4368166
1356510035863,0.28190628,-2.2906065,1.205837
1356510035903,3.142514,-2.8598652,0.013849258
1356510035943,0.95765233,-3.3268948,0.5402205
1356510035983,0.37976754,-2.9916573,4.1095605
1356510036023,-3.502367,-0.46740723,3.3210824
1356510036063,-4.469152,-3.604229,0.38657364
1356510036103,-3.1740024,-2.594451,-0.7569566
1356510036143,0.32564843,-0.96939087,-1.8446586
1356510036183,1.5523441,5.446362,-3.5141404
1356510036222,-0.30286577,6.9940825,-1.1008685
1356510036286,-1.4320936,7.459793,-3.2393415
1356510036303,-0.9738804,6.242109,-4.0000033
1356510036343,0.31755963,5.535546,-5.868925
1356510036383,0.90341204,1.4442492,-8.2722435
1356510036441,-1.0501294,-3.9380121,-6.557786
1356510036461,-1.9792151,-2.5561905,-6.6555243
1356510036502,-0.8432586,-6.1955137,-0.5059527
1356510036538,0.6659727,-1.9538188,6.219801
1356510036582,0.7911424,0.782588,3.7929902
1356510036621,1.3759168,-2.4716625,5.2292223
1356510036661,-0.18680888,-1.0035381,3.9784126
1356510036701,0.63471407,1.9529028,3.6384416
1356510036741,2.266447,0.5873747,2.574088
1356510036782,2.1447458,0.20761871,2.158678
1356510036823,1.8847271,0.71878433,1.4433236
1356510036863,0.7863537,-0.36293507,0.9717913
1356510036904,0.21905172,-1.5669928,1.2580813
1356510036943,2.9241395,-2.5489225,0.15311044
1356510036983,1.4817346,-2.9272938,1.1572373
1356510037023,-0.65329033,-3.507762,4.2713
1356510037063,-4.218715,-1.2435284,3.8177083
1356510037103,-4.7972918,-3.8050241,0.57184565
1356510037143,-2.7616737,-2.2964973,-0.14363171
1356510037183,0.60574627,-0.06758118,-2.4886944
1356510037223,0.8880991,6.0544863,-2.3986683
1356510037278,-1.053934,7.2140055,-1.3337755
1356510037303,-1.4567999,7.144216,-3.5405405
1356510037343,0.5720889,6.0680504,-4.83901
1356510037383,1.3037616,4.0289874,-6.608428
1356510037423,-0.7427341,-2.3752832,-7.4374413
1356510037463,-2.2159696,-2.5835342,-7.0090504
1356510037503,-2.0719326,-1.0895519,-4.6333904
1356510037543,0.18900132,-4.9063873,1.7739791
1356510037583,0.34718713,-1.1141033,4.1037674
1356510037623,1.676903,-1.1129808,3.2883575
1356510037663,1.7482271,-1.6925359,5.048627
1356510037703,0.33992994,-0.14848757,3.4452617
1356510037743,1.0652425,1.8267841,3.4432664
1356510037783,1.8576458,1.1604042,2.8876674
1356510037823,1.7966553,0.50815105,2.1776376
1356510037863,1.9910102,0.7604666,2.2166736
1356510037903,-0.07069999,-0.62895966,1.1678354
1356510037943,0.6491003,-2.4068422,1.5547366
1356510037983,3.1899781,-3.2391567,0.25717193
1356510038025,1.502472,-3.2269325,0.8997266
1356510038063,-0.04222566,-3.404251,4.512005
1356510038103,-3.826219,-0.7158842,3.8181486
1356510038143,-4.214217,-4.344798,0.581562
1356510038183,-2.9867606,-2.217904,-0.06244438
1356510038223,-0.004088104,-0.13836288,-1.4456613
1356510038279,0.84905493,4.9740424,-2.893323
1356510038303,-0.47344342,7.202094,-1.4601239
1356510038343,-1.0481422,7.559539,-3.1501076
1356510038383,-0.8443081,6.0163236,-4.1113625
1356510038423,0.073248446,5.0376415,-6.364854
1356510038463,0.7188829,-1.2948074,-7.9487324
1356510038503,-1.1789868,-3.1842499,-7.508119
1356510038543,-0.25896645,-0.7636986,-6.3414903
1356510038583,-1.7212751,-7.345923,1.5981543
1356510038623,0.052930355,-1.5894594,4.710966
1356510038663,1.4153694,0.49418545,4.1311245
1356510038703,0.62278324,-1.3395157,5.72674
1356510038743,-0.30918598,-0.13659286,3.4985201
1356510038783,0.97528213,1.6644616,3.3964038
1356510038824,1.7040939,0.9044905,2.7092562
1356510038863,1.6681485,0.74593353,1.9059
1356510038903,1.8540356,0.35389233,1.7896435
1356510038943,0.55346626,-0.009672165,1.4040105
1356510038983,-0.060770452,-2.2562437,1.6143686
1356510039023,2.9919987,-2.8246584,0.28939527
1356510039063,1.3109715,-2.9476433,0.62773794
1356510039103,0.47222078,-3.715826,3.260074
1356510039141,-2.120823,-0.08629227,4.628962
1356510039182,-3.8223107,-3.205861,1.035462
1356510039218,-3.6135511,-2.9940615,-0.39823025
1356510039263,0.20896262,-0.42689323,-0.64399546
1356510039303,1.0112072,2.973514,-4.0338755
1356510039343,0.12488347,7.1275015,-1.5696454
1356510039383,-1.4515088,7.805888,-2.2043185
1356510039423,-0.56640625,6.3711505,-4.67083
1356510039463,0.5653217,5.4401865,-5.3446126
1356510039503,0.56129295,-1.281004,-7.9325237
1356510039543,-2.1989303,-4.397402,-7.3130274
1356510039583,-1.50664,-2.959302,-6.738503
1356510039623,-0.9065225,-7.2960954,1.1630119
1356510039663,0.55211514,3.142817,4.7582345
1356510039703,0.5763215,0.09179926,4.2890825
1356510039743,1.2388799,-2.6368651,5.134926
1356510039783,0.9100002,0.6901612,3.0758896
1356510039823,0.41233647,2.0617104,3.119445
1356510039863,2.007969,1.4716682,3.1840904
1356510039903,1.9080213,-0.6576719,1.6783704
1356510039943,1.9896564,0.5677824,1.3720405
1356510039983,0.88093793,-0.40544605,1.8586216
1356510040023,0.07547234,-2.7215452,1.7483344
1356510040064,1.9752076,-3.34659,0.6543284
1356510040103,1.2203219,-4.117611,1.5803087
1356510040143,0.001110971,-2.696128,3.1922245
1356510040183,-3.171516,-0.036535263,3.185616
1356510040223,-3.6865919,-2.6774921,-0.6709846
1356510040280,-2.7906666,-1.7243929,0.29983664
1356510040303,0.02325368,-0.6387682,-1.5419393
1356510040343,0.14065471,5.57828,-3.133594
1356510040383,-0.6231979,7.2692404,-2.1485581
1356510040423,-0.64465237,7.862192,-3.4011002
1356510040463,-0.05917999,6.3796883,-5.176452
1356510040504,1.0792997,3.4689484,-5.99494
1356510040543,-1.136549,-4.166068,-8.095809
1356510040583,-2.3594356,-1.8353863,-7.4931245
1356510040623,-0.2943673,-0.9538946,-4.5937414
1356510040663,-0.5782314,-6.2773275,2.2542536
1356510040703,0.54111344,-0.24867296,4.0571256
1356510040743,1.321774,0.98293877,4.6435695
1356510040783,1.3128316,-2.7098303,5.219555
1356510040823,0.5052978,-0.10656738,3.5030818
1356510040863,0.50277686,2.3054113,3.9383245
1356510040903,1.8728743,0.39499187,2.8749099
1356510040943,2.0580935,0.3874607,2.4093177
1356510040983,1.2390096,0.3791561,1.8635283
1356510041023,-0.03598413,-1.0248604,1.4612164
1356510041063,2.2356155,-2.1147823,1.3799824
1356510041103,1.9357624,-2.7621717,-0.0463503
1356510041143,0.47592968,-4.0697536,2.004901
1356510041183,-0.3966747,-2.8029785,3.8598027
1356510041223,-2.073533,0.06990433,3.3311186
1356510041286,-4.243572,-3.440176,-0.10684141
1356510041302,-2.9748251,-2.0836926,0.25138423
1356510041340,0.70164263,-0.14878368,-3.480525
1356510041381,1.2025435,6.2476335,-3.9406416
1356510041421,-0.883484,7.063577,-1.0223502
1356510041461,-1.4974117,6.861925,-3.8344917
1356510041501,-0.17536566,5.893812,-4.0108976
1356510041541,0.6010909,3.227674,-6.4026318
1356510041581,-0.27515388,-4.0310764,-7.4864025
1356510041621,0.98259366,-2.1039982,-7.450835
1356510041663,-0.25310677,-3.6754217,-5.829786
1356510041703,-2.012191,-6.1432195,4.5660496
1356510041744,-0.31338167,2.8662086,4.628772
1356510041783,0.52108157,0.5591836,5.1257753
1356510041823,1.3336226,-2.8523784,4.1252985
1356510041863,0.6329265,1.4558592,3.6543887
1356510041903,0.838902,1.5060668,3.608751
1356510041943,1.5120804,0.4618225,3.0592957
1356510041983,1.211421,0.3941021,2.3528512
1356510042023,0.24641792,0.2999506,1.7621139
1356510042063,0.66477156,-1.1092672,1.4781469
1356510042103,1.8387213,-2.0790777,0.54079586
1356510042143,1.9265544,-2.275341,-0.52308255
1356510042183,1.162658,-3.6933022,1.5157561
1356510042222,0.116559625,-2.4672441,3.5988054
1356510042278,-3.1126535,-0.14418888,2.8856
1356510042303,-4.0995035,-3.8841944,-0.4851979
1356510042343,-2.595842,-2.7772455,-0.042293817
1356510042383,0.33267415,0.62646484,-3.1714559
1356510042422,1.2740422,5.6014156,-3.7289343
1356510042463,-0.5426031,7.539711,-1.2449796
1356510042503,-1.1858778,7.157457,-3.7838063
1356510042561,-0.72574073,6.007428,-4.5310283
1356510042581,0.017463744,1.0737171,-5.03955
1356510042622,-2.128049,-4.071127,-7.922649
1356510042658,-1.8504225,-1.664607,-6.211032
1356510042702,-1.9597001,-5.535612,-2.8539875
1356510042741,1.7331455,1.4483829,3.9642687
1356510042781,1.1970006,0.98987675,3.754538
1356510042821,2.1582944,-1.864861,3.322752
1356510042861,1.544384,-0.4329834,2.9175048
1356510042901,0.7968855,1.2165174,2.934414
1356510042941,1.4712554,1.7506833,3.215838
1356510042982,1.4925586,0.32577705,2.900203
1356510043021,1.6146483,0.08300972,2.1382594
1356510043061,0.30402452,-0.6833515,2.0886247
1356510043103,0.7680929,-2.5740938,1.6419771
1356510043143,3.3228648,-3.8959427,-0.05652976
1356510043183,2.43079,-3.1215858,-0.18212962
1356510043223,0.9690304,-3.035059,3.3793325
1356510043280,-2.78728,-1.1758213,4.5730734
1356510043303,-5.282332,-2.4263868,1.5643377
1356510043343,-4.0708747,-3.2632132,-0.06844352
1356510043383,-1.5304346,-1.0372372,-1.4524019
1356510043423,0.93424535,2.6734939,-2.9231992
1356510043463,-0.1253066,5.9759254,-1.5937688
1356510043503,-1.4655466,8.352201,-1.9958049
1356510043543,-0.9295677,6.7263823,-4.1159725
1356510043583,0.32618076,5.5587397,-5.0571938
1356510043623,-0.044504106,-1.938489,-7.063459
1356510043663,-2.2479274,-3.5688305,-7.487237
1356510043703,-0.3615368,-1.0871868,-5.9696474
1356510043743,-1.7432269,-7.082693,1.0846218
1356510043783,0.79527193,0.44918823,4.6101437
1356510043823,1.7480028,0.57650185,3.8964806
1356510043863,0.48013228,-1.3642397,4.592701
1356510043903,0.78500855,0.51915646,3.0185616
1356510043943,1.6784292,1.9613423,2.6674747
1356510043983,2.56563,0.9444971,2.2641742
1356510044023,1.6295857,0.71990204,2.565352
1356510044063,1.0615838,0.6501789,1.6850729
1356510044103,0.02586931,-0.95737076,2.4935021
1356510044145,0.5291581,-2.5441904,1.335631
1356510044183,2.3202286,-3.6243753,-0.27788043
1356510044223,1.813736,-3.8404331,0.94387007
1356510044279,0.98441046,-2.3510714,3.599325
1356510044303,-3.388348,-0.27493763,3.0249844
1356510044343,-4.292219,-3.6160097,-0.3940974
1356510044383,-1.4318188,-1.9270697,-0.34149718
1356510044423,0.73396146,0.120183945,-2.8393204
1356510044463,0.043316066,5.1274796,-3.065985
1356510044503,-0.39172882,7.6832294,-1.1849312
1356510044543,-0.80866563,6.836533,-3.361404
1356510044583,-0.41220713,6.216867,-3.6182473
1356510044623,-0.4179104,4.0045567,-6.601385
1356510044663,-1.1138468,-3.326274,-6.984657
1356510044703,-2.368133,-2.7932205,-6.733579
1356510044743,-2.56721,-3.8653402,-3.7718678
1356510044783,0.016492486,-5.0635443,3.229005
1356510044823,1.2837018,2.3270755,4.3248353
1356510044863,1.577139,-0.42261267,5.2707663
1356510044903,0.7550976,-1.7174025,4.474931
1356510044943,0.30960888,0.931293,3.2374926
1356510044983,1.5978183,1.9769888,3.1332138
1356510045023,2.358901,0.17546749,2.6677146
1356510045063,1.2900288,0.00458622,1.74786
1356510045103,1.1366954,0.1475954,1.8842138
1356510045143,-0.91961926,-1.2263393,2.2156217
1356510045183,2.5809677,-3.0141087,0.32866085
1356510045223,2.8472078,-3.7337856,-0.4676692
1356510045279,2.8494546,-4.624569,1.9052618
1356510045303,-1.7831491,-1.378519,4.183223
1356510045343,-4.744878,-2.5722828,0.9258703
1356510045383,-3.222769,-1.7552538,0.47888434
1356510045423,-1.3435993,-0.86186504,-0.7678375
1356510045463,0.36917973,3.3652992,-3.3691938
1356510045503,0.26348302,7.474927,-1.466989
1356510045543,-1.2869773,7.3405766,-2.2946477
1356510045583,-0.7389046,6.4353595,-4.419531
1356510045623,0.5492853,5.3355737,-6.312743
1356510045663,-0.35703886,-1.7233715,-6.665844
1356510045703,-2.224766,-2.865757,-7.15116
1356510045743,-0.0057656765,0.030463219,-6.371596
1356510045783,-2.2061675,-4.839249,0.82403374
1356510045823,-0.2237382,-4.202698,5.002854
1356510045863,1.9225785,0.5307126,3.4716105
1356510045903,1.3120314,-1.3297954,4.571192
1356510045943,0.9175587,-1.7081556,3.3151565
1356510045983,0.18302172,1.7252493,3.1356456
1356510046023,1.6587096,2.2190952,3.1421986
1356510046063,2.4994817,0.5985851,2.2076473
1356510046103,1.5784266,1.0507121,1.7669301
1356510046145,0.42160934,-0.25364685,0.57622635
1356510046183,1.2656666,-1.5379591,1.0860047
1356510046223,1.630022,-2.9083633,-0.34227324
1356510046279,1.1219599,-3.7147255,0.643183
1356510046315,1.4104695,-4.600977,3.9165576
1356510046352,-2.7722476,-0.2656536,3.4706671
1356510046379,-3.7419872,-3.6772308,0.100186825
1356510046422,-2.2812657,-2.2438822,-0.09020969
1356510046461,-0.98983514,0.2929201,-2.3429697
1356510046501,1.0039018,4.7353554,-1.4516616
1356510046541,-0.7086005,7.10831,-1.320555
1356510046581,-2.301793,6.9497647,-3.152595
1356510046621,0.015105072,6.1645927,-4.258002
1356510046662,1.0049881,4.5081434,-6.749349
1356510046701,-0.870881,-2.6404047,-6.362937
1356510046741,-1.4120466,-1.6054115,-6.2053323
1356510046783,-1.1038004,-1.7687559,-4.802313
1356510046823,-0.89520735,-6.737043,2.4541366
1356510046863,0.0500322,0.8463526,3.721643
1356510046903,1.835119,-0.38111067,4.1068516
1356510046943,1.9028044,-2.3951836,4.542438
1356510046983,0.65181285,0.38482904,2.617334
1356510047023,0.4576162,2.2268786,2.93557
1356510047063,2.0769925,1.006628,2.1377654
1356510047103,2.433681,0.66677475,1.8022326
1356510047143,0.9496383,0.3176489,0.47164333
1356510047183,-0.26921302,-0.5114794,1.7952385
1356510047223,1.2835268,-2.8513575,0.92244995
1356510047277,1.885428,-3.0355911,-0.7825613
1356510047303,1.8611608,-3.6314955,1.7658691
1356510047343,-0.57451427,-1.0452204,4.264472
1356510047383,-4.7650003,-1.6732798,1.5425949
1356510047423,-3.1556103,-4.5805225,-0.5199531
1356510047463,-1.6985896,-2.4299946,-0.88552964
1356510047503,-0.020704329,2.0333323,-1.3467481
1356510047543,0.49187994,6.421585,-0.9329995
1356510047583,-1.0736706,8.493866,-1.6699897
1356510047623,-1.2535621,6.897649,-3.141794
1356510047663,-0.38212627,5.5126123,-4.3001256
1356510047703,0.8578286,0.8268461,-6.0583353
1356510047743,-2.2914147,-4.0788136,-7.3099236
1356510047783,-2.168901,-1.9132586,-5.528064
1356510047823,-1.5458786,-6.0649376,-1.8429179
1356510047863,1.0333679,-0.68449974,3.5543284
1356510047904,1.5875573,1.1763196,3.9465547
1356510047943,1.8164495,-1.8781495,4.663102
1356510047983,1.1162082,-0.40585947,3.3745327
1356510048023,0.87595755,1.5486045,2.6237679
1356510048063,1.7392721,1.3692093,2.6896217
1356510048103,2.1719322,0.259449,2.1311464
1356510048143,1.5039582,0.7452717,0.9222243
1356510048183,0.34888732,-0.45579338,1.2061927
1356510048224,0.9918247,-2.207059,1.2442364
1356510048278,3.2196677,-2.868762,-0.26706755
1356510048303,1.1656758,-4.4733267,2.0934916
1356510048343,-1.2612351,-2.8794003,4.5584893
1356510048383,-4.706697,-1.5247955,2.638168
1356510048423,-3.1593084,-3.1984262,0.11056837
1356510048463,-1.9813855,-1.7170782,-0.49496782
1356510048503,0.16599238,1.6708107,-2.5808892
1356510048543,0.12224683,6.387755,-1.6960641
1356510048583,-0.51037365,7.369811,-2.2207854
1356510048623,-0.44092706,7.237432,-3.31721
1356510048663,0.20843801,6.687135,-4.7730613
1356510048703,0.4604264,1.219984,-5.7523875
1356510048743,-2.8365483,-4.946414,-6.7540693
1356510048783,-1.6731172,-1.0368881,-6.6027417
1356510048823,-0.78539973,-3.1146603,-3.8590689
1356510048863,-0.7281587,-4.5122323,4.336367
1356510048903,0.96406704,-0.20401192,3.4027944
1356510048943,1.5723996,-0.7736592,5.0599036
1356510048983,0.8672501,-1.335321,4.166503
1356510049023,0.15469593,0.8123493,2.9281743
1356510049063,1.0119697,2.4865942,3.125821
1356510049103,2.5112038,0.423563,1.6514418
1356510049144,2.6124551,0.7274885,1.3709233
1356510049184,1.5468965,0.14121056,1.0297627
1356510049223,0.024665236,-0.8116598,1.6606555
1356510049279,0.9074007,-2.4953604,1.4886341
1356510049303,1.3307228,-3.220255,0.48895657
1356510049343,1.655942,-4.805643,1.5014112
1356510049383,0.23224711,-1.6987715,3.3465583
1356510049423,-2.745763,-0.38639545,2.041755
1356510049463,-3.6005483,-4.168751,-0.81301844
1356510049503,-2.0984154,-1.4733372,0.3603559
1356510049543,0.042558074,0.77464867,-2.0274608
1356510049583,-0.10103238,5.4076877,-2.6376898
1356510049623,-0.89993256,7.7285357,-1.4207976
1356510049663,-1.1025484,6.892683,-3.2645237
1356510049703,0.03345462,6.177942,-4.0541315
1356510049743,0.63490033,2.4101634,-5.6913652
1356510049783,-1.7202708,-4.154874,-7.215981
1356510049823,-0.59014225,-0.7472353,-5.9396443
1356510049863,0.2771145,-2.0175085,-3.2728586
1356510049903,-1.936067,-7.2535467,4.994257
1356510049961,1.1730322,0.7167101,3.4482815
1356510049981,1.0968876,0.10288143,5.141615
1356510050022,1.2610149,-2.245607,3.5879986
1356510050058,0.3961038,1.027513,2.4601543
1356510050102,1.1847566,2.0031652,2.6271405
1356510050141,2.057201,0.40892315,1.8302422
1356510050181,1.5409964,0.8773136,0.9943483
1356510050221,0.7954743,0.093221664,0.8081256
1356510050280,0.018141717,-0.9618015,1.6702164
1356510050303,1.5949632,-2.8868542,0.696483
1356510050343,0.95313215,-3.105771,-0.6414852
1356510050384,2.1328862,-3.601245,1.9420297
1356510050423,0.62558544,-1.2898521,4.299535
1356510050463,-4.2644157,-0.48877048,2.1291993
1356510050503,-3.5183413,-3.2544804,-0.32522172
1356510050543,-1.6598608,-2.136837,-0.3917447
1356510050583,0.7050813,1.3853922,-3.1264408
1356510050623,0.96010584,5.8310113,-1.761271
1356510050663,-0.9203421,7.7632236,-1.1255717
1356510050703,-1.2534943,6.5578337,-3.4348903
1356510050743,-0.017859451,6.0673223,-3.8020403
1356510050783,0.6220909,1.6635399,-5.3176017
1356510050823,-2.8757489,-4.6340017,-6.1684685
1356510050863,-1.1987414,-1.025279,-6.745081
1356510050903,-1.0676242,-5.9400816,-3.5719533
1356510050943,0.1262655,-2.7404442,4.8705273
1356510050983,0.033091664,1.372139,3.4511523
1356510051023,1.5570664,-2.7338877,4.9697824
1356510051063,1.0805849,-0.6344428,3.1992695
1356510051103,0.3370847,1.6791215,2.1521697
1356510051143,2.0612035,1.9590993,2.735574
1356510051183,2.5845797,0.60323143,1.3501192
1356510051224,2.0279648,1.3892965,1.7700816
1356510051284,0.17559263,0.015382767,1.0829914
1356510051303,0.07673606,-1.277524,1.3813773
1356510051343,2.2731423,-3.2876472,0.3746596
1356510051383,1.3975693,-3.6055956,0.21848023
1356510051423,1.9557408,-4.004305,2.7903361
1356510051463,-2.3331013,-0.11544418,3.9430718
1356510051503,-4.5679917,-2.2551432,0.66800606
1356510051543,-2.8384151,-3.33988,0.036254004
1356510051583,-1.1213565,-1.5438509,-1.2887553
1356510051623,0.27558428,3.1616411,-2.6884298
1356510051663,-0.09796721,7.4569035,-1.5217794
1356510051703,-1.0367694,7.9954996,-2.2436457
1356510051743,-0.7103822,6.430361,-4.1615734
1356510051783,0.49510238,5.024475,-4.634872
1356510051823,-0.50035405,-2.071477,-6.0312343
1356510051863,-2.3362978,-2.4709167,-6.585898
1356510051903,-0.04216367,-0.21587086,-5.860865
1356510051943,-2.0537198,-5.8002324,-0.41884053
1356510051983,0.42096707,-2.4759574,4.3557997
1356510052023,1.0855079,0.8738637,3.7502503
1356510052063,1.2382919,-1.2890329,5.502264
1356510052103,0.6942953,-0.75527,2.79786
1356510052143,0.3859281,1.5670829,3.1665552
1356510052183,1.6654452,1.5504293,3.0326538
1356510052223,2.149262,0.260952,1.945434
1356510052281,1.1999865,0.5914736,2.1439655
1356510052303,0.25167665,-0.48320198,0.92984754
1356510052343,0.7718752,-1.6159515,1.8647768
1356510052383,2.4944763,-3.1655102,0.006842613
1356510052423,1.5889118,-3.319397,-0.22785103
1356510052463,2.359743,-4.0396852,2.9730108
1356510052503,-1.5867105,-0.7132969,4.1966543
1356510052543,-4.8622494,-3.2386656,0.84086245
1356510052583,-3.2513618,-3.1879463,0.05181475
1356510052623,-1.0882674,-1.1979179,-1.0221461
1356510052663,1.1946648,2.8845768,-3.1828616
1356510052703,-0.47644752,6.704756,-1.337978
1356510052743,-1.6687227,8.576974,-2.296193
1356510052782,-0.48407334,6.191633,-4.681397
1356510052823,0.6087662,5.4628158,-5.074244
1356510052863,-0.5586363,-0.014703751,-6.121488
1356510052903,-2.275865,-2.1747303,-5.882322
1356510052943,-0.66568404,0.45932388,-6.4001684
1356510052983,-1.8630414,-4.4885693,-1.1420591
1356510053023,0.5555567,-4.774933,4.082979
1356510053063,1.490072,0.67192125,2.6585164
1356510053103,1.5008132,-2.184001,5.0567665
1356510053143,0.65757185,-1.2428169,3.405968
1356510053183,-0.013343811,1.4376254,3.2443693
1356510053223,1.456598,1.9144049,2.7985497
1356510053281,2.3363585,0.4336033,1.7187716
1356510053303,2.4140954,1.0254588,1.7477162
1356510053343,0.57227266,0.005121231,1.248417
1356510053383,0.0038927495,-1.3290873,1.5866189
1356510053422,1.9102901,-2.919075,0.6531904
1356510053463,0.9420816,-2.8279486,-0.86806214
1356510053502,1.9343324,-2.370924,1.1113174
1356510053543,1.1410103,-1.2462664,4.714414
1356510053583,-3.9303808,-3.3546991,2.006884
1356510053640,-4.765395,-4.4176474,-0.16695979
1356510053661,-1.2301505,-1.2673597,-0.38073736
1356510053702,-0.09579247,1.1329622,-2.296014
1356510053738,0.8441533,5.039765,-0.94907105
1356510053782,-1.1670524,8.380625,-1.3680135
1356510053821,-1.2408764,6.323402,-3.0899699
1356510053861,0.19260567,6.140177,-4.327811
1356510053901,0.3633301,1.0456638,-6.051136
1356510053942,-2.7373052,-3.9984522,-6.7059746
1356510053981,0.11764088,0.6184082,-6.182016
1356510054021,-2.9986749,-7.7853193,-1.5869634
1356510054062,-0.11865848,-1.5386972,3.9966288
1356510054103,0.65537024,0.8574219,3.2791708
1356510054143,1.3512965,-1.6958108,5.0650415
1356510054183,1.1025316,-0.38776875,2.8029091
1356510054223,0.1812892,1.8156915,3.082952
1356510054278,1.4300262,2.182014,2.6865644
1356510054303,2.4730244,0.3655548,1.0675043
1356510054343,2.3854403,1.1841292,1.3513229
1356510054383,1.28719,-0.3707304,0.7576574
1356510054423,0.5082246,-1.2988367,1.3239748
1356510054463,1.2879479,-2.8474522,1.0876383
1356510054503,0.8471086,-3.265048,0.34733254
1356510054543,1.6279246,-4.3857403,2.6345863
1356510054583,-1.4225867,-0.8698759,4.434692
1356510054623,-4.423444,-2.2399406,1.0069532
1356510054663,-3.2621298,-3.015172,-0.060372673
1356510054703,-0.6688056,-0.81070614,-0.48214912
1356510054743,0.51197624,3.2934647,-2.879511
1356510054783,-0.014550984,7.046788,-2.020605
1356510054823,-0.7727326,7.5098085,-2.572258
1356510054863,-0.93965334,6.0419846,-4.569124
1356510054903,0.74890316,5.815613,-5.241543
1356510054943,0.46667805,-1.0919647,-6.242702
1356510054983,-1.2851185,-4.132044,-7.513382
1356510055023,-0.059361637,0.26045036,-6.2873306
1356510055063,-1.5316422,-4.6308475,0.6758834
1356510055103,-0.4902336,-4.1401615,3.2876163
1356510055143,0.7536922,-0.07465792,3.7064643
1356510055183,1.2111065,-1.4972267,5.5889854
1356510055223,0.5163209,-1.0191789,3.5347774
1356510055273,-0.028381407,1.5773053,3.4258592
1356510055303,1.1988435,1.8466349,3.1919816
1356510055342,2.1227603,0.54470825,2.0101233
1356510055383,1.9506505,0.7979908,1.4896191
1356510055423,0.19895014,-0.061447144,0.828074
1356510055463,-0.06301367,-1.1879072,1.4682982
1356510055503,2.4571135,-3.0952234,0.21305424
1356510055543,1.6466346,-2.9707003,0.13263196
1356510055583,2.34509,-4.04912,3.619749
1356510055623,-2.7759,-0.5001898,3.6984746
1356510055663,-5.2071347,-3.571354,0.08971581
1356510055703,-1.761757,-2.7547264,-0.30316705
1356510055743,-0.9856816,-0.4793749,-2.0405583
1356510055783,0.60192466,3.3102636,-1.9255958
1356510055823,-0.18507111,6.645073,-1.4703169
1356510055863,-1.145684,8.340662,-2.5468993
1356510055903,-0.4201271,6.4293475,-3.6795826
1356510055943,0.87244475,5.4266243,-5.065201
1356510055983,-0.32024568,-1.0675812,-6.058899
1356510056023,-0.5705921,-2.694827,-6.1490726
1356510056063,0.46788818,-0.518013,-6.542632
1356510056103,-1.970942,-6.1997757,0.12223053
1356510056143,-0.82564867,-3.0237546,3.9305558
1356510056183,0.45106906,0.050994873,4.2899055
1356510056223,0.98456174,-1.2654033,5.3055124
1356510056270,0.5648753,-1.0163431,3.267576
1356510056301,0.18219888,1.4616761,2.9266033
1356510056341,1.495643,0.92893887,2.6810248
1356510056381,2.2600508,0.39208603,1.4796929
1356510056421,1.825498,0.8579054,1.1723945
1356510056461,0.5247377,0.276124,0.96250397
1356510056501,0.4171121,-1.3593683,1.5857891
1356510056543,2.6888504,-2.56353,0.2332648
1356510056583,1.690184,-2.995514,0.1563192
1356510056623,1.7589154,-4.3409634,3.1839783
1356510056663,-2.820807,-0.63097,3.9616923
1356510056703,-4.4307337,-1.6154194,1.0139766
1356510056743,-2.3888626,-3.253189,-0.11735359
1356510056783,-1.4152479,-1.2890997,-1.0940479
1356510056823,0.24023628,3.4758296,-2.1672857
1356510056863,-0.562399,5.937962,-2.5862536
1356510056903,-1.118763,7.8086815,-2.3335853
1356510056943,-0.6058728,6.703461,-4.5776043
1356510057001,0.27515018,5.5722566,-4.520744
1356510057021,-0.30570945,-0.50545216,-5.40054
1356510057062,-2.0952356,-2.6468945,-6.19263
1356510057098,-1.4605242,-0.7744274,-6.25565
1356510057142,-1.3476815,-4.231815,-3.18516
1356510057181,1.6711969,-1.9842381,4.352598
1356510057221,1.0374426,-0.18921757,3.9627457
1356510057271,1.3113232,-1.6085453,4.960395
1356510057303,1.0914304,-1.2906461,3.630112
1356510057343,0.5624439,0.8941803,2.9077215
1356510057383,1.5453006,1.299171,3.144672
1356510057423,1.4445362,0.39157867,1.7151579
1356510057463,2.0681572,0.919755,1.7832911
1356510057503,1.0963187,0.04996395,1.2313547
1356510057543,-0.47041833,-0.8873892,1.5813587
1356510057583,1.3617983,-3.2174778,1.0692525
1356510057623,1.9381914,-3.674199,-1.0086576
1356510057663,1.7274821,-2.7719545,0.72937566
1356510057703,1.3774503,-2.4814463,4.7468166
1356510057743,-3.7907693,-1.4927397,3.1793847
1356510057784,-5.046948,-3.6191025,-0.41385365
1356510057823,-1.6821282,-1.6614084,0.018570285
1356510057863,-0.47557765,0.34319496,-2.1845632
1356510057903,0.92539966,4.396308,-0.94354
1356510057943,-0.69942,7.7957954,-1.8817794
1356510057983,-1.494041,6.962412,-3.2349505
1356510058023,-0.4249727,6.6424,-3.4020495
1356510058063,0.71580505,4.2765927,-5.476407
1356510058103,-1.0080177,-3.2429533,-6.12714
1356510058143,-1.6862679,-2.689887,-6.6685905
1356510058183,-0.8155948,-1.3562937,-5.1219664
1356510058223,-1.1804311,-6.8368974,1.7943366
1356510058271,0.91421247,-0.4867711,4.9516735
1356510058303,0.8412101,0.39931822,4.2893615
1356510058343,1.5297539,-2.0238352,5.1742587
1356510058383,1.1591669,-0.27886438,2.2349513
1356510058423,1.097732,1.6384935,2.658486
1356510058463,1.9625852,1.029829,2.761871
1356510058503,1.8600024,0.27530193,1.4688754
1356510058543,1.3669994,0.34205723,1.2793846
1356510058583,0.33071584,-0.016393661,1.0057949
1356510058623,0.9216026,-1.884408,1.0456614
1356510058664,2.2713754,-2.7803364,-0.3984471
1356510058703,-0.3417905,-2.3483505,-0.11773181
1356510058743,2.006663,-3.0056171,3.7328537
1356510058783,-1.3720968,0.040729523,4.203375
1356510058823,-4.994688,-3.495101,-0.022823282
1356510058863,-2.5164979,-2.433897,-0.3967055
1356510058903,-1.3664043,-0.8629904,-1.8978359
1356510058943,0.9384294,2.3342295,-1.9375556
1356510058983,0.44108346,6.923904,-1.4926836
1356510059023,-1.1655747,8.3149605,-1.8198078
1356510059063,-1.094322,5.576606,-3.0477166
1356510059103,0.35440975,4.8330464,-5.051863
1356510059143,-0.16344577,1.0809135,-5.514956
1356510059182,-0.95618635,-3.7565994,-6.4760866
1356510059223,0.7078642,-1.3838196,-7.9847317
1356510059273,-1.5878463,-4.2109537,-2.6193833
1356510059303,-2.7890894,-3.77697,4.033044
1356510059343,0.35215464,0.50775003,3.7705665
1356510059383,1.4359547,-1.3662443,4.888623
1356510059423,1.2197378,-2.557516,3.6473258
1356510059463,-0.117275536,0.840333,3.2340417
1356510059502,0.42366815,1.7053452,3.515507
1356510059543,2.4752455,2.0299635,2.5693645
1356510059583,2.3559062,1.6766143,2.1319375
1356510059623,1.3129725,0.42588806,0.85853565
1356510059663,1.9313331,-1.348031,1.0590864
1356510059703,2.0385392,-2.2812796,1.224379
1356510059743,1.6172009,-3.509509,0.45631057
1356510059783,1.4422747,-5.7898455,2.0135114
1356510059823,-1.3128028,-1.6096516,3.424006
1356510059863,-3.2733762,-0.2522316,1.7903035
1356510059903,-3.120473,-2.455389,-0.7762799
1356510059943,-1.5194347,-1.8550215,0.33384198
1356510059983,-0.87002015,2.3630953,-3.1251807
1356510060024,-0.87404335,6.207429,-3.2224636
1356510060063,-0.9483305,6.648955,-1.8786242
1356510060103,-1.5319026,6.8663177,-4.2994843
1356510060143,-0.7400305,5.848604,-4.406513
1356510060183,0.10874823,2.745512,-5.019494
1356510060223,-2.3753054,-4.0695305,-6.5509086
1356510060275,-1.6000279,-2.2537556,-5.1275077
1356510060303,-1.6107783,-5.2716904,-3.7688308
1356510060343,1.5184789,-1.2510433,2.0286353
1356510060383,2.1801875,0.61910486,4.810399
1356510060423,1.2538385,-2.125917,4.5023756
1356510060463,1.5844122,-0.52471685,3.4679477
1356510060503,1.6397893,0.1738143,2.4754329
1356510060541,2.0555024,1.3890185,2.9947891
1356510060583,1.7508833,0.7004485,2.35716
1356510060623,1.6087599,0.7361145,1.9523393
1356510060663,1.254708,0.05226612,1.6603254
1356510060702,-0.03849712,-0.805665,1.4936888
1356510060763,1.4259527,-2.718091,0.9750788
1356510060781,2.166972,-3.0314884,-0.19743228
1356510060822,0.32267928,-3.1764946,1.3876939
1356510060858,-0.038461834,-2.4026976,3.9921422
1356510060902,-2.9898357,0.29132557,3.5684776
1356510060941,-4.850848,-4.634142,-0.48604187
1356510060981,-2.1965961,-1.4483337,0.076894574
1356510061021,0.059109747,-0.02950859,-1.387511
1356510061061,-0.017585278,4.369803,-2.0431187
1356510061101,-1.1837366,6.87475,-2.1480777
1356510061141,-0.9556054,6.5401144,-3.3271909
1356510061181,-0.74734247,5.7189565,-4.044234
1356510061221,0.56509084,5.3250895,-6.328007
1356510061282,0.6159763,-1.0142307,-5.98825
1356510061301,-2.3003225,-3.618105,-6.5074234
1356510061341,-0.7115691,-1.5690975,-5.370283
1356510061381,-0.58980525,-6.227264,-0.33599937
1356510061421,1.2869358,0.59740543,4.686755
1356510061461,0.7165516,-1.0249538,3.9613247
1356510061503,0.83582246,-1.7980237,5.0786724
1356510061543,0.7303301,-0.13302946,3.2033482
1356510061583,1.2607721,1.6321473,3.1519594
1356510061623,2.0812478,1.00874,2.8137522
1356510061663,1.8404071,0.48273087,2.0429735
1356510061703,1.5177656,0.28163624,1.9935625
1356510061743,0.73244655,-0.49341106,1.5710396
1356510061783,-0.039573222,-2.3829184,2.147366
1356510061823,2.5041924,-2.9261122,0.025916219
1356510061863,1.2693493,-3.5508204,0.58480793
1356510061903,0.36088416,-2.9528313,2.5822215
1356510061943,-2.0716205,0.17667675,3.7658436
1356510061983,-4.393045,-2.7347708,0.09579333
1356510062023,-2.9881768,-1.7085848,0.19950645
1356510062063,-0.89876163,-0.7622862,-1.7227781
1356510062103,-0.19446343,3.4048738,-3.1472642
1356510062143,-0.46249932,6.198638,-1.6534944
1356510062183,-1.0821991,7.9646835,-2.9110942
1356510062223,-0.62868446,6.180881,-4.21422
1356510062272,-0.08613768,5.349228,-5.6776423
1356510062303,0.05417013,-1.3542585,-6.028433
1356510062344,-2.0360484,-3.38941,-7.27326
1356510062383,-0.6809401,-0.92990875,-5.19593
1356510062423,-1.3497653,-5.919043,0.32444453
1356510062463,1.5478716,-0.95564413,4.071799
1356510062503,1.2342491,0.311913,3.993674
1356510062543,1.3742346,-2.401289,5.2841806
1356510062583,0.7888186,-0.3968253,3.1919837
1356510062623,0.4164465,1.7859154,3.7141433
1356510062663,2.1621327,0.8946166,2.952693
1356510062703,2.4771779,0.18932629,2.069511
1356510062743,1.5536125,0.46574688,1.4986436
1356510062783,-0.08677864,-0.019481659,1.3317276
1356510062823,0.71373147,-1.7450495,1.3649691
1356510062863,2.3405619,-2.7479572,-0.11690426
1356510062903,1.362863,-3.0032082,0.49850565
1356510062943,1.5555885,-3.9988918,3.561024
1356510062983,-2.94038,-0.37383652,3.3634632
1356510063023,-5.057363,-3.615631,0.14550349
1356510063063,-1.7756858,-2.2598028,-0.031946402
1356510063103,-1.1984503,-0.478508,-1.7287867
1356510063143,0.18866557,3.1058545,-1.6553518
1356510063183,-0.4457059,6.381036,-1.5460732
1356510063222,-1.1628107,7.800934,-2.676207
1356510063263,-0.9835354,5.8267198,-3.9340112
1356510063303,0.03737113,4.9909897,-5.2102766
1356510063343,-0.21031433,-1.0300131,-5.8033137
1356510063383,-1.6874905,-2.3028822,-6.657075
1356510063423,0.51620746,0.08506203,-6.540344
1356510063463,-1.8398685,-4.6444,-0.57082653
1356510063503,0.66955197,-3.548984,3.1621351
1356510063542,1.4188008,0.34052896,4.189164
1356510063583,1.3568499,-0.37188053,4.946741
1356510063623,0.72640896,-1.9378753,3.3412204
1356510063663,0.35756952,1.1019015,3.0530376
1356510063703,1.3781027,1.7231469,3.279334
1356510063743,2.02098,0.27392483,2.5722587
1356510063783,1.5431904,0.36244297,1.998913
1356510063823,0.63006246,0.0048942566,1.0471088
1356510063863,0.26761866,-1.162117,1.6073977
1356510063903,2.6879952,-1.9562912,0.52572834
1356510063943,1.2407502,-2.4526644,-0.9070124
1356510063983,1.2260056,-4.061846,1.6876829
1356510064023,-0.11055307,-1.5553637,4.430626
1356510064063,-3.9182024,-1.4683886,1.9862617
1356510064103,-3.713957,-4.5172863,-0.15196455
1356510064143,-1.9617134,-1.748723,-0.7089152
1356510064183,-0.11335829,0.9406233,-2.2547343
