1356511211452,6.1291566,8.281172,-0.23154591
1356511211492,6.0882955,8.049625,-0.38136974
1356511211533,6.0882955,8.076866,-0.14982383
1356511211572,6.1291566,8.076866,-0.10896278
1356511211612,6.1700177,8.076866,-0.08172209
1356511211652,6.1291566,8.19945,0.08172209
1356511211692,6.0882955,8.158588,0.23154591
1356511211732,6.1291566,8.349273,-0.14982383
1356511211772,6.0882955,8.19945,0.38136974
1356511211814,6.1291566,7.9270425,-0.27240697
1356511211852,6.1700177,7.9270425,-0.10896278
1356511211892,6.0882955,8.308413,0.3405087
1356511211932,6.1291566,7.8861814,-0.19068487
1356511211972,6.0474343,8.308413,0.040861044
1356511212012,6.0474343,8.281172,-0.7218784
1356511212052,6.0201936,8.390134,-0.29964766
1356511212092,6.0882955,7.9679036,-0.42223078
1356511212132,6.1700177,7.9679036,-0.10896278
1356511212172,6.0201936,8.19945,0.42223078
1356511212212,6.0201936,8.308413,-0.19068487
1356511212252,6.1700177,8.008764,-0.23154591
1356511212292,6.1700177,8.076866,0.46309182
1356511212332,6.1291566,8.117727,0.19068487
1356511212412,6.238119,8.158588,-0.08172209
1356511212419,6.1700177,8.19945,-0.040861044
1356511212451,6.1700177,8.308413,-0.10896278
1356511212482,6.0882955,8.430995,0.38136974
1356511212523,6.1291566,8.62168,0.84446156
1356511212562,6.4424243,8.771504,1.2666923
1356511212602,6.1291566,8.62168,1.0351465
1356511212642,7.504812,8.894087,1.920469
1356511212682,8.240311,7.7363577,2.070293
1356511212722,8.308413,6.701211,1.6889231
1356511212762,7.014479,7.5456724,3.255263
1356511212802,3.9499009,7.164303,3.0237172
1356511212842,6.5922484,5.7886477,2.4925237
1356511212882,6.1700177,5.053149,3.173541
1356511212923,4.9850473,4.7126403,3.214402
1356511212962,5.2165933,4.630918,3.445948
1356511213002,5.2165933,4.8216033,4.0588636
1356511213042,5.597963,5.7886477,4.8216033
1356511213082,6.782933,6.2108784,5.243834
1356511213122,9.275456,6.701211,6.1700177
1356511213163,10.501288,8.076866,6.3198414
1356511213203,8.390134,7.7772183,5.09401
1356511213242,6.5513873,9.997335,1.4573772
1356511213283,6.510526,10.18802,-1.3756552
1356511213322,4.2086873,5.325556,0.53119355
1356511213378,4.9850473,6.742072,-4.630918
1356511213402,7.8861814,7.8861814,-1.7297841
1356511213443,7.4639506,7.0553403,2.4516625
1356511213482,5.434519,7.668256,-1.7297841
1356511213522,6.932757,7.1234417,-0.50395286
1356511213552,7.082581,6.469665,-0.10896278
1356511213583,7.164303,6.891896,-0.46309182
1356511213622,7.0553403,6.782933,-0.88532263
1356511213662,7.3141265,7.205164,-0.08172209
1356511213702,7.7772183,7.6954966,1.4573772
1356511213742,9.112013,6.851035,0.46309182
1356511213782,9.847511,6.742072,0.5720546
1356511213822,9.193735,7.1234417,-0.040861044
1356511213862,11.114203,7.668256,-1.3075534
1356511213902,6.782933,10.841797,-1.6889231
1356511213942,6.701211,13.988097,0.7627395
1356511213983,6.5922484,11.536434,-1.7297841
1356511214022,9.915613,5.175732,-0.38136974
1356511214062,8.771504,3.445948,0.7218784
1356511214102,2.9556155,5.09401,-0.9942854
1356511214142,2.6423476,5.2165933,1.2258313
1356511214182,3.0237172,4.5219555,2.4516625
1356511214222,3.0645783,4.4810944,2.1792557
1356511214262,5.2165933,3.173541,5.5162406
1356511214302,11.563675,7.3141265,7.8180795
1356511214378,12.53072,8.308413,8.662541
1356511214385,9.575105,8.240311,7.273266
1356511214412,11.985906,14.859799,-0.0
1356511214442,7.246025,10.419566,-4.440233
1356511214482,-0.14982383,1.8387469,-1.879608
1356511214522,2.7240696,7.1234417,-5.7477865
1356511214562,10.419566,9.80665,-0.61291564
1356511214602,9.575105,4.2904096,4.7943625
1356511214642,6.510526,4.862464,-2.9556155
1356511214682,7.4639506,6.2789803,0.10896278
1356511214722,6.469665,5.7886477,1.4165162
1356511214762,6.66035,5.7886477,-0.14982383
1356511214802,7.8180795,7.504812,-0.19068487
1356511214842,10.147159,6.238119,1.3075534
1356511214882,11.686258,5.938472,0.27240697
1356511214922,9.997335,7.8180795,0.6946377
1356511214962,11.536434,7.6273947,-1.4982382
1356511215002,7.9270425,8.471856,-1.0351465
1356511215042,8.62168,12.9529505,0.88532263
1356511215082,7.014479,13.375181,-3.7864566
1356511215122,10.923519,5.5162406,2.5606253
1356511215162,7.6954966,2.4925237,-0.38136974
1356511215202,2.9556155,3.173541,-1.7570249
1356511215242,1.879608,4.440233,0.88532263
1356511215283,2.4516625,3.9499009,2.4516625
1356511215323,3.5957718,3.568531,3.214402
1356511215372,7.0553403,3.5276701,7.082581
1356511215412,12.598822,8.771504,7.014479
1356511215452,9.888372,6.510526,8.853226
1356511215493,10.079058,9.575105,4.7943625
1356511215532,10.501288,13.252599,-4.5900574
1356511215572,1.56634,1.879608,-1.334794
1356511215612,3.1463003,4.440233,-3.405087
1356511215652,9.80665,9.847511,-2.7240696
1356511215693,7.5456724,5.7886477,4.7126403
1356511215732,6.3198414,5.012288,-1.607201
1356511215772,7.9679036,5.47538,-0.42223078
1356511215812,7.3549876,4.862464,1.1168685
1356511215852,7.1234417,6.0882955,0.19068487
1356511215893,7.8180795,7.273266,1.334794
1356511215932,10.651112,5.366417,0.8036005
1356511215972,11.75436,4.7126403,0.3405087
1356511216013,11.223166,6.742072,0.14982383
1356511216052,11.876944,7.0553403,-1.1441092
1356511216093,7.504812,11.141444,-0.9125633
1356511216132,9.765789,14.1787815,-0.08172209
1356511216172,7.164303,8.471856,-1.9477097
1356511216212,11.141444,3.8273177,2.4108016
1356511216252,3.9499009,3.1054392,-1.2666923
1356511216297,2.4108016,4.099725,-0.29964766
1356511216332,2.6423476,4.099725,2.070293
1356511216375,3.568531,4.0180025,2.7649305
1356511216412,5.2165933,3.718355,5.134871
1356511216452,10.56939,6.0201936,7.9679036
1356511216493,11.985906,8.499097,7.0553403
1356511216532,8.662541,5.8976107,7.7772183
1356511216572,11.182305,11.264028,1.7297841
1356511216612,8.812365,12.026767,-4.7943625
1356511216652,1.3075534,2.4108016,-1.4982382
1356511216692,5.366417,6.238119,-3.9771416
1356511216732,9.888372,8.390134,-1.334794
1356511216773,7.6273947,4.0588636,4.140586
1356511216812,7.1234417,4.7943625,-1.6480621
1356511216852,7.9270425,5.284695,0.14982383
1356511216892,7.1234417,4.862464,0.95342433
1356511216932,7.273266,6.510526,-0.08172209
1356511216972,8.580819,6.8237944,1.3756552
1356511217012,11.182305,5.134871,-0.0
1356511217052,11.032481,5.434519,0.7627395
1356511217093,12.026767,6.932757,-0.88532263
1356511217132,10.56939,6.5513873,-1.1441092
1356511217172,9.915613,11.413852,0.95342433
1356511217213,10.651112,13.593107,-1.4573772
1356511217252,7.9270425,7.246025,-0.9125633
1356511217293,10.378705,2.7649305,1.5390993
1356511217332,4.0180025,3.173541,-1.8387469
1356511217377,2.2609777,4.671779,-1.0351465
1356511217412,2.1792557,4.7943625,1.8387469
1356511217452,3.0237172,4.1814466,2.070293
1356511217492,5.134871,3.6774938,4.9850473
1356511217532,12.299174,5.7477865,9.112013
1356511217572,13.797412,7.8861814,7.164303
1356511217612,8.62168,5.407278,6.3198414
1356511217652,11.141444,10.310603,-0.6537767
1356511217692,7.164303,11.032481,-4.7943625
1356511217732,1.4165162,3.336985,0.46309182
1356511217772,7.7363577,7.668256,-4.9850473
1356511217812,8.894087,7.8589406,-0.88532263
1356511217852,7.8180795,3.0645783,2.5333846
1356511217893,7.8589406,4.2086873,-1.2666923
1356511217932,7.6954966,3.8681788,1.3075534
1356511217972,6.5922484,5.2165933,0.27240697
1356511218012,7.5865335,6.851035,0.313268
1356511218052,9.615966,6.851035,-0.19068487
1356511218093,12.026767,4.4810944,-0.14982383
1356511218132,11.454713,5.053149,1.1849703
1356511218172,13.375181,5.5162406,-0.88532263
1356511218212,9.534244,8.281172,-1.607201
1356511218252,8.689782,12.721405,1.56634
1356511218292,10.147159,11.223166,-1.3756552
1356511218333,9.80665,6.6331096,-0.42223078
1356511218376,8.499097,3.718355,-0.53119355
1356511218412,3.6774938,3.336985,-1.6480621
1356511218452,1.6480621,4.372132,0.040861044
1356511218492,1.8387469,3.759216,1.607201
1356511218532,3.5276701,3.0645783,2.4925237
1356511218572,9.112013,3.636633,7.9270425
1356511218613,13.593107,8.962189,8.580819
1356511218652,11.114203,7.5865335,7.246025
1356511218692,11.182305,9.656827,3.7864566
1356511218732,11.182305,10.269742,-3.3642259
1356511218772,-0.040861044,1.7570249,-2.2201166
1356511218822,7.164303,8.117727,-5.5162406
1356511218852,11.563675,7.43671,-0.0
1356511218892,9.193735,3.445948,4.944186
1356511218933,6.469665,4.5219555,-2.3699405
1356511218972,7.8589406,5.243834,0.19068487
1356511219013,6.469665,5.243834,0.61291564
1356511219052,7.273266,5.6252036,-0.5720546
1356511219092,8.921328,6.5513873,0.53119355
1356511219132,11.264028,4.671779,0.8036005
1356511219172,12.53072,4.0588636,0.6946377
1356511219213,11.34575,6.0201936,0.38136974
1356511219252,11.727119,5.938472,-1.4982382
1356511219292,8.240311,11.073342,-0.040861044
1356511219332,11.032481,13.906375,0.3405087
1356511219376,8.049625,9.112013,-1.879608
1356511219412,10.923519,3.336985,1.607201
1356511219452,6.238119,2.4925237,-1.0760075
1356511219492,1.8387469,3.9499009,-1.1849703
1356511219532,2.1111538,3.759216,1.920469
1356511219572,2.8330324,3.1463003,1.4573772
1356511219613,4.5628166,3.255263,4.7126403
1356511219652,12.340035,6.510526,8.853226
1356511219692,15.132206,9.697687,6.8237944
1356511219732,8.730643,5.243834,7.7772183
1356511219772,11.182305,7.4639506,0.08172209
1356511219813,9.084772,10.119919,-5.366417
1356511219852,1.56634,3.336985,0.3405087
1356511219892,6.5922484,6.1700177,-3.6774938
1356511219932,10.228881,7.3958488,-2.2201166
1356511219972,7.668256,3.486809,2.1111538
1356511220013,7.0553403,4.9850473,-1.1168685
1356511220052,7.9270425,4.671779,0.19068487
1356511220092,7.43671,4.5219555,0.10896278
1356511220132,8.008764,6.238119,-0.3405087
1356511220172,10.337844,6.3198414,1.4165162
1356511220212,12.762266,3.336985,-0.14982383
1356511220252,10.61025,5.2165933,1.56634
1356511220292,10.882658,5.6660647,-0.42223078
1356511220332,10.56939,5.407278,-2.1383946
1356511220377,10.038197,12.639683,0.42223078
1356511220412,11.985906,12.217452,-2.0294318
1356511220453,11.141444,6.238119,0.8036005
1356511220492,7.9679036,3.3778462,-0.6537767
1356511220532,2.6014864,2.982856,-1.879608
1356511220572,2.4925237,3.636633,0.6946377
1356511220613,2.8330324,4.5219555,1.8387469
1356511220652,4.3312707,3.3778462,2.8330324
1356511220692,7.504812,3.336985,7.1234417
1356511220732,13.525005,6.3198414,7.205164
1356511220772,11.604536,5.7886477,8.117727
1356511220813,7.3141265,5.09401,4.7535014
1356511220852,11.495573,8.349273,-0.5720546
1356511220892,7.5865335,9.152874,-4.944186
1356511220932,2.3018389,2.7649305,-0.23154591
1356511220972,9.275456,7.3549876,-5.7886477
1356511221013,9.00305,6.851035,0.040861044
1356511221053,6.701211,3.9499009,2.8330324
1356511221092,8.539958,4.3312707,-1.3756552
1356511221132,8.076866,3.5276701,0.040861044
1356511221172,7.5865335,5.175732,-0.7627395
1356511221213,8.662541,7.164303,1.3075534
1356511221252,10.95076,4.5219555,0.61291564
1356511221294,12.408136,2.7240696,0.42223078
1356511221333,10.800936,5.053149,0.61291564
1356511221377,12.108489,5.284695,-1.920469
1356511221412,10.269742,9.915613,-1.4165162
1356511221453,10.991621,14.09706,0.313268
1356511221492,8.689782,7.7363577,-0.9125633
1356511221533,10.732834,2.7649305,1.0760075
1356511221572,4.1814466,2.4516625,-1.607201
1356511221612,2.3426998,3.5957718,-0.9942854
1356511221653,3.2961242,4.372132,1.879608
1356511221692,3.173541,4.1814466,1.6889231
1356511221733,5.7477865,2.8738933,5.053149
1356511221772,12.680544,5.8976107,8.539958
1356511221812,13.143636,6.8237944,6.891896
1356511221852,9.724928,5.8976107,6.1291566
1356511221892,14.015338,12.4489975,-1.8387469
1356511221933,4.630918,4.7943625,-3.405087
1356511221972,1.7297841,4.3312707,-2.982856
1356511222012,10.95076,7.5865335,-4.099725
1356511222052,10.079058,5.134871,3.9090397
1356511222092,6.5513873,3.214402,-0.53119355
1356511222133,8.008764,4.399372,-1.4165162
1356511222172,7.7363577,3.8681788,1.7570249
1356511222212,7.5865335,4.630918,-0.42223078
1356511222252,8.349273,6.1291566,0.38136974
1356511222293,10.378705,5.325556,0.38136974
1356511222333,13.021052,3.255263,0.313268
1356511222377,11.985906,4.5628166,0.38136974
1356511222412,13.293459,5.053149,-1.2666923
1356511222442,8.812365,8.539958,-1.4573772
1356511222483,10.460427,12.830367,1.334794
1356511222522,9.697687,11.223166,-2.4108016
1356511222562,10.528529,4.3312707,1.1849703
1356511222602,7.8180795,2.2609777,-0.7627395
1356511222643,2.9556155,3.214402,-1.6889231
1356511222682,2.5333846,3.9090397,0.7627395
1356511222722,3.2961242,3.5957718,2.3018389
1356511222763,4.0180025,3.1463003,2.4925237
1356511222802,9.043911,3.636633,7.3141265
1356511222843,13.824653,8.730643,7.3141265
1356511222882,10.95076,4.9850473,8.076866
1356511222922,10.18802,5.09401,4.399372
1356511222963,11.304889,9.00305,-1.334794
1356511223002,5.5571017,5.325556,-2.8330324
1356511223043,5.407278,3.8681788,-0.46309182
1356511223082,9.384419,5.6252036,-2.1383946
1356511223122,6.891896,5.597963,-0.38136974
1356511223162,7.082581,5.325556,-1.7297841
1356511223203,7.7363577,4.671779,0.61291564
1356511223243,8.049625,3.9499009,0.7218784
1356511223282,8.390134,3.8681788,-0.7218784
1356511223322,8.471856,5.175732,1.1849703
1356511223377,10.61025,5.134871,-0.23154591
1356511223412,12.026767,4.5628166,0.92618364
1356511223442,12.871228,4.1814466,-0.50395286
1356511223472,13.565866,4.5628166,-1.56634
1356511223512,9.384419,6.8237944,-0.6946377
1356511223553,9.507003,10.651112,0.3405087
1356511223592,10.61025,11.536434,-1.8387469
1356511223632,10.228881,5.2165933,-0.27240697
1356511223672,9.80665,2.6832085,-0.23154591
1356511223712,3.405087,3.255263,-1.4982382
1356511223753,1.6889231,4.0180025,0.3405087
1356511223792,3.336985,3.486809,1.56634
1356511223832,4.2495484,2.6832085,2.3699405
1356511223873,7.5865335,2.5606253,7.4639506
1356511223912,13.484144,6.3607025,7.6954966
1356511223953,12.408136,8.008764,6.510526
1356511223992,7.9270425,6.4015636,5.47538
1356511224032,13.021052,8.580819,-0.9942854
1356511224072,7.3141265,5.6252036,-4.099725
1356511224112,3.336985,3.0645783,-0.9125633
1356511224153,9.425281,6.4424243,-4.4810944
1356511224192,7.3549876,7.082581,-0.88532263
1356511224232,7.8861814,3.636633,3.214402
1356511224272,8.390134,3.9090397,-1.2258313
1356511224312,7.9679036,3.5957718,0.08172209
1356511224377,7.8180795,4.099725,0.14982383
1356511224392,8.471856,5.706926,0.5720546
1356511224433,10.18802,5.434519,0.46309182
1356511224473,12.871228,2.8330324,-0.0
1356511224512,11.413852,3.8273177,0.6946377
1356511224553,12.721405,3.759216,-1.56634
1356511224592,10.528529,7.3549876,-1.0760075
1356511224632,11.645397,13.33432,0.08172209
1356511224672,9.507003,11.223166,-1.3075534
1356511224712,10.882658,3.990762,1.4165162
1356511224752,7.8861814,1.9477097,-1.3075534
1356511224792,2.6423476,3.214402,-2.070293
1356511224832,1.6480621,4.2904096,0.95342433
1356511224873,3.3778462,3.5957718,1.9477097
1356511224912,4.630918,2.3018389,3.759216
1356511224952,10.841797,3.718355,8.19945
1356511224992,13.824653,7.8861814,6.3198414
1356511225032,9.234595,4.944186,6.851035
1356511225073,11.495573,8.62168,4.099725
1356511225112,12.176591,11.536434,-3.8681788
1356511225152,1.2666923,1.7978859,-2.8738933
1356511225192,4.2495484,4.903325,-3.255263
1356511225233,12.026767,7.0553403,-2.9556155
1356511225272,8.894087,3.9090397,3.445948
1356511225312,7.6954966,2.9147544,-0.46309182
1356511225374,7.6954966,4.2495484,-0.53119355
1356511225392,7.8589406,3.445948,1.1441092
1356511225432,8.076866,4.6036777,-0.040861044
1356511225473,9.302697,6.0201936,1.0351465
1356511225512,11.413852,4.2086873,-0.14982383
1356511225552,12.026767,3.336985,0.3405087
1356511225592,10.651112,4.9850473,0.5720546
1356511225632,13.0619135,3.0237172,-0.95342433
1356511225672,10.651112,6.782933,-1.0760075
1356511225712,12.598822,12.789507,-0.27240697
1356511225752,8.812365,9.00305,-2.6832085
1356511225792,11.645397,2.7240696,1.7978859
1356511225832,7.014479,2.6014864,-1.4573772
1356511225873,2.6832085,3.3778462,-1.4573772
1356511225912,1.920469,4.099725,1.3075534
1356511225952,3.8273177,3.9499009,1.7570249
1356511225992,4.671779,2.3699405,3.990762
1356511226032,9.888372,2.7649305,8.049625
1356511226073,14.7916975,6.2108784,6.66035
1356511226113,11.727119,4.0180025,6.469665
1356511226153,12.299174,7.7772183,4.099725
1356511226192,12.4489975,11.073342,-4.7943625
1356511226232,-0.6537767,1.9477097,-0.9942854
1356511226273,5.012288,5.9793324,-4.8216033
1356511226312,12.108489,6.782933,-1.2258313
1356511226377,8.853226,2.3018389,4.903325
1356511226392,7.3958488,2.9147544,-3.3642259
1356511226432,8.580819,3.7864566,0.42223078
1356511226473,7.3549876,3.6774938,0.61291564
1356511226512,7.9679036,5.2165933,-0.14982383
1356511226552,9.888372,4.4810944,0.46309182
1356511226592,11.563675,2.6832085,-0.29964766
1356511226632,12.408136,2.5606253,0.3405087
1356511226673,11.604536,4.7943625,0.040861044
1356511226712,12.9529505,3.445948,-0.9942854
1356511226752,10.119919,7.164303,-0.61291564
1356511226792,13.375181,11.34575,0.08172209
1356511226832,9.615966,9.00305,-2.6423476
1356511226873,12.14935,1.7570249,1.4982382
1356511226912,7.205164,2.1111538,-1.334794
1356511226952,2.6832085,3.718355,-1.2258313
1356511226992,1.7978859,4.099725,1.2258313
1356511227032,3.759216,3.3778462,1.6480621
1356511227073,4.372132,2.152015,3.7864566
1356511227113,9.615966,2.5333846,8.349273
1356511227152,15.091345,5.8976107,7.43671
1356511227192,11.34575,3.9090397,7.082581
1356511227232,11.563675,5.706926,4.7126403
1356511227272,14.2877445,10.800936,-3.486809
1356511227313,0.50395286,3.1054392,-3.0237172
1356511227355,4.903325,5.434519,-4.5628166
1356511227382,12.14935,6.2108784,-3.718355
1356511227412,10.228881,4.2495484,3.5276701
1356511227452,7.9679036,1.56634,1.2258313
1356511227492,7.8861814,3.336985,-2.7513103
1356511227532,8.62168,2.3426998,1.4982382
1356511227572,7.43671,4.140586,-0.3405087
1356511227612,9.193735,5.243834,-0.0
1356511227652,10.800936,4.0180025,0.7218784
1356511227692,12.721405,0.6537767,-0.95342433
1356511227732,11.958665,3.0645783,0.95342433
1356511227772,12.598822,3.1463003,-1.7297841
1356511227812,11.727119,4.440233,-1.1849703
1356511227852,11.604536,10.691973,0.7218784
1356511227893,12.53072,10.269742,-2.7513103
1356511227932,10.923519,4.630918,0.46309182
1356511227972,10.079058,1.1168685,0.08172209
1356511228012,4.372132,2.3018389,-1.7978859
1356511228052,2.1792557,3.486809,-0.08172209
1356511228093,3.0237172,3.405087,1.879608
1356511228132,3.759216,2.6423476,2.6423476
1356511228173,6.2108784,1.9477097,5.134871
1356511228212,15.173067,4.903325,8.471856
1356511228252,13.797412,3.568531,7.3141265
1356511228293,8.894087,1.6889231,5.9793324
1356511228333,10.760075,4.6036777,1.5390993
1356511228374,11.604536,9.384419,-5.434519
1356511228412,4.7535014,3.8681788,0.08172209
1356511228452,5.6252036,4.2495484,-2.1792557
1356511228492,10.732834,6.238119,-4.5628166
1356511228532,8.158588,3.1054392,1.1168685
1356511228572,8.240311,3.214402,-0.50395286
1356511228612,8.730643,2.6832085,0.27240697
1356511228652,8.049625,1.9477097,0.10896278
1356511228692,8.812365,4.0588636,-0.6537767
1356511228732,10.460427,3.9499009,1.1168685
1356511228772,12.217452,1.607201,-0.50395286
1356511228812,12.367276,1.4573772,0.7218784
1356511228852,11.75436,2.8738933,-0.040861044
1356511228892,12.258313,1.56634,-1.4982382
1356511228932,11.372991,9.084772,-0.3405087
1356511228972,14.601013,11.645397,-0.7218784
1356511229012,10.501288,5.706926,-0.9942854
1356511229052,11.413852,0.27240697,0.6946377
1356511229093,5.325556,1.607201,-2.0294318
1356511229133,1.7297841,3.486809,-0.9942854
1356511229173,3.0237172,3.214402,1.7978859
1356511229213,3.8681788,2.8738933,1.920469
1356511229252,5.053149,1.9477097,4.8216033
1356511229293,13.715691,2.7240696,9.00305
1356511229333,16.04477,4.140586,7.273266
1356511229373,9.425281,2.7921712,6.701211
1356511229412,13.293459,6.1700177,1.4573772
1356511229452,9.466142,8.19945,-4.903325
1356511229493,0.53119355,2.2609777,-0.14982383
1356511229532,10.228881,5.175732,-5.202973
1356511229572,10.61025,4.7535014,0.10896278
1356511229612,8.390134,1.2666923,1.7570249
1356511229652,8.076866,2.7921712,-1.7297841
1356511229692,8.471856,2.3699405,1.0351465
1356511229734,7.9679036,2.152015,-0.19068487
1356511229772,9.302697,3.8681788,0.46309182
1356511229812,11.141444,2.6832085,0.3405087
1356511229852,13.33432,0.38136974,-0.23154591
1356511229893,12.489859,1.7297841,1.2258313
1356511229933,12.489859,2.4925237,-1.2666923
1356511229972,11.264028,4.099725,-1.6889231
1356511230012,12.176591,9.425281,0.46309182
1356511230052,14.246883,9.234595,-1.4165162
1356511230092,11.182305,4.2904096,-0.38136974
1356511230133,9.384419,0.3405087,-0.50395286
1356511230172,3.445948,2.5333846,-1.7570249
1356511230213,1.3756552,3.445948,-0.08172209
1356511230252,4.0180025,2.5606253,1.7297841
1356511230292,3.636633,1.879608,3.255263
1356511230333,7.1234417,0.95342433,6.238119
1356511230373,15.5135765,3.6774938,8.471856
1356511230402,14.246883,3.9499009,6.701211
1356511230442,9.765789,3.214402,7.504812
1356511230483,13.33432,7.014479,1.6480621
1356511230522,12.14935,7.8861814,-5.706926
1356511230562,0.46309182,1.1441092,-0.19068487
1356511230603,7.7772183,3.8681788,-5.243834
1356511230642,11.917805,4.440233,-0.38136974
1356511230683,8.158588,1.8387469,2.2201166
1356511230722,8.430995,2.982856,-2.070293
1356511230762,8.62168,2.6423476,0.50395286
1356511230803,8.117727,2.982856,-0.3405087
1356511230842,8.853226,3.718355,0.14982383
1356511230882,10.732834,2.3426998,0.8036005
1356511230922,12.340035,-0.88532263,-0.10896278
1356511230962,11.75436,1.607201,0.7218784
1356511231003,14.09706,2.5606253,-1.7978859
1356511231042,12.4489975,3.5276701,-0.9125633
1356511231082,12.258313,7.273266,0.27240697
1356511231122,14.369467,9.425281,-0.9942854
1356511231163,9.80665,5.243834,-1.879608
1356511231202,11.073342,-0.88532263,1.4573772
1356511231242,4.7535014,1.7570249,-1.1168685
1356511231283,3.718355,3.255263,-0.14982383
1356511231322,2.9556155,2.2609777,1.879608
1356511231373,4.2086873,2.0294318,2.7240696
1356511231402,5.2165933,1.2666923,5.134871
1356511231442,11.563675,2.1111538,7.5865335
1356511231482,15.023244,4.7535014,7.6954966
1356511231522,9.915613,3.214402,6.851035
1356511231562,15.976667,6.8237944,0.61291564
1356511231603,9.847511,4.440233,-5.053149
1356511231642,0.46309182,2.3018389,-0.9125633
1356511231683,10.841797,5.012288,-4.7943625
1356511231722,10.079058,4.5628166,0.27240697
1356511231762,8.580819,0.42223078,2.6423476
1356511231803,8.689782,1.7297841,-2.070293
1356511231842,8.580819,1.8387469,0.42223078
1356511231882,8.117727,2.070293,-0.14982383
1356511231923,8.962189,4.0180025,0.3405087
1356511231962,10.800936,3.445948,0.6946377
1356511232002,12.408136,-0.3405087,-0.19068487
1356511232042,12.299174,1.3075534,0.6946377
1356511232082,13.797412,0.7218784,-0.84446156
1356511232123,12.217452,2.7240696,-0.9125633
1356511232162,13.484144,8.580819,0.61291564
1356511232202,13.293459,7.6954966,-2.3426998
1356511232243,11.686258,2.6014864,0.5720546
1356511232282,9.043911,0.19068487,-0.27240697
1356511232323,3.990762,1.9885708,-1.2666923
1356511232373,2.7240696,2.9147544,-0.08172209
1356511232412,3.8681788,2.152015,2.3426998
1356511232442,4.0588636,1.607201,3.5276701
1356511232482,6.891896,0.84446156,5.938472
1356511232522,15.241169,2.6014864,8.771504
1356511232562,13.593107,2.6423476,7.43671
1356511232602,10.18802,3.636633,6.5922484
1356511232642,13.715691,7.205164,0.23154591
1356511232682,8.62168,4.7126403,-4.140586
1356511232723,1.334794,1.607201,-0.14982383
1356511232762,11.304889,4.140586,-5.6252036
1356511232802,10.147159,3.759216,0.92618364
1356511232842,8.430995,0.8036005,2.1792557
1356511232882,8.894087,0.9942854,-0.6946377
1356511232922,8.62168,1.2258313,0.6946377
1356511232963,8.471856,0.9942854,-0.42223078
1356511233002,9.043911,2.9147544,0.42223078
1356511233043,10.760075,3.173541,0.88532263
1356511233082,12.14935,-1.1441092,-0.5720546
1356511233122,11.536434,0.84446156,1.2258313
1356511233162,13.525005,0.61291564,-1.334794
1356511233203,13.484144,1.3756552,-1.6889231
1356511233242,15.023244,9.847511,0.10896278
1356511233283,13.143636,7.1234417,-1.920469
1356511233322,11.645397,1.7978859,0.7627395
1356511233374,8.580819,0.14982383,-0.3405087
1356511233412,3.636633,2.3018389,-1.7297841
1356511233442,1.9885708,3.214402,0.8036005
1356511233483,3.990762,2.6832085,2.3018389
1356511233522,4.5628166,1.334794,3.336985
1356511233563,8.076866,1.0351465,6.0474343
1356511233602,13.947236,1.607201,9.343558
1356511233642,12.14935,2.6014864,6.510526
1356511233682,8.158588,2.4108016,6.6331096
1356511233722,12.639683,6.973618,-2.1383946
1356511233762,12.53072,4.8216033,-3.0237172
1356511233802,3.8273177,-1.1168685,0.27240697
1356511233842,10.228881,4.372132,-6.5922484
1356511233882,9.534244,3.636633,1.334794
1356511233923,8.281172,0.5720546,2.7649305
1356511233963,9.043911,1.7978859,-1.4982382
1356511234002,8.19945,1.334794,0.38136974
1356511234042,8.662541,1.2258313,-0.7218784
1356511234082,10.038197,2.4516625,1.2666923
1356511234122,11.182305,1.2666923,0.46309182
1356511234162,11.75436,-1.1849703,0.313268
1356511234202,11.795221,1.4165162,0.6946377
1356511234242,13.797412,0.61291564,-1.3075534
1356511234283,11.413852,2.4108016,-0.3405087
1356511234323,14.982383,7.9270425,-0.53119355
1356511234374,12.762266,6.0201936,-2.1111538
1356511234412,12.639683,-0.08172209,2.1111538
1356511234442,6.851035,0.313268,-1.0760075
1356511234482,3.1054392,1.6889231,-0.9942854
1356511234522,2.4516625,2.4516625,0.92618364
1356511234562,4.1814466,2.1111538,1.9477097
1356511234602,4.0180025,0.8036005,3.6774938
1356511234642,8.499097,0.0,6.238119
1356511234682,14.601013,4.0180025,8.158588
1356511234722,14.369467,3.5276701,8.240311
1356511234762,9.80665,2.7649305,6.4015636
1356511234802,13.947236,3.8273177,0.23154591
1356511234842,7.3549876,3.5276701,-4.0588636
1356511234882,3.255263,2.0294318,-1.0760075
1356511234923,13.593107,2.1111538,-5.366417
1356511234963,8.689782,4.0180025,0.61291564
1356511235002,8.499097,1.2258313,1.5390993
1356511235042,8.499097,1.7297841,-0.61291564
1356511235082,8.158588,1.334794,0.8036005
1356511235123,8.430995,1.6480621,-0.46309182
1356511235162,9.847511,3.0645783,0.5720546
1356511235203,10.841797,2.5606253,1.1168685
1356511235242,12.639683,-2.0294318,-0.95342433
1356511235282,12.026767,0.92618364,2.070293
1356511235323,12.9529505,-0.3405087,-0.7627395
1356511235372,11.985906,3.2961242,-0.7218784
1356511235413,15.554437,9.534244,0.95342433
1356511235452,12.721405,5.8567495,-2.1111538
1356511235493,11.264028,-0.46309182,1.1441092
1356511235532,8.499097,-0.040861044,-1.334794
1356511235573,3.9090397,2.6832085,-1.334794
1356511235612,2.9556155,2.2609777,1.7978859
1356511235652,4.944186,1.9477097,1.4982382
1356511235692,4.5628166,0.92618364,2.9556155
1356511235732,8.771504,0.8036005,7.205164
1356511235772,15.4046135,2.3018389,7.205164
1356511235813,12.489859,-0.6537767,7.8861814
1356511235852,10.800936,2.0294318,4.7126403
1356511235893,15.213928,5.47538,-1.7297841
1356511235932,7.205164,5.134871,-3.0237172
1356511235973,1.8387469,3.445948,0.040861044
1356511236012,12.639683,3.759216,-4.862464
1356511236052,10.119919,1.7297841,0.23154591
1356511236092,8.471856,0.53119355,0.38136974
1356511236133,9.234595,1.2258313,0.10896278
1356511236172,8.308413,0.3405087,1.2258313
1356511236213,8.689782,2.3699405,-0.84446156
1356511236252,9.847511,2.6832085,1.1168685
1356511236297,12.367276,-0.19068487,-0.53119355
1356511236332,12.408136,-0.5720546,0.6537767
1356511236373,11.413852,1.3075534,1.1849703
1356511236412,13.211738,-0.42223078,-1.1168685
1356511236452,12.026767,2.2201166,-0.8036005
1356511236492,15.091345,9.00305,-0.46309182
1356511236532,12.639683,5.938472,-1.6889231
1356511236573,12.176591,0.46309182,1.7297841
1356511236612,7.205164,0.040861044,-1.56634
1356511236653,3.0645783,2.5606253,-1.4165162
1356511236692,2.7240696,2.070293,1.1168685
1356511236732,4.1814466,1.7297841,1.7978859
1356511236773,3.8273177,1.5390993,3.336985
1356511236812,11.141444,0.6946377,8.049625
1356511236853,17.543009,2.3426998,8.62168
1356511236892,10.419566,0.9942854,6.932757
1356511236932,10.991621,2.152015,4.1814466
1356511236973,13.402422,5.407278,-1.9477097
1356511237012,7.164303,4.140586,-1.3075534
1356511237053,4.1814466,1.6889231,-0.42223078
1356511237092,11.917805,3.8273177,-5.053149
1356511237132,8.812365,2.3426998,1.5390993
1356511237172,8.539958,0.88532263,0.27240697
1356511237213,9.00305,1.4573772,-0.5720546
1356511237252,8.240311,0.7627395,0.92618364
1356511237292,8.853226,1.2666923,-0.84446156
1356511237332,9.847511,2.4108016,1.1849703
1356511237372,11.795221,0.23154591,-0.08172209
1356511237413,11.876944,-0.7218784,0.10896278
1356511237452,12.176591,1.334794,0.46309182
1356511237493,14.246883,0.313268,-1.1849703
1356511237533,11.372991,4.0180025,-0.3405087
1356511237572,15.704261,8.281172,-0.84446156
1356511237612,12.340035,4.4810944,-1.920469
1356511237653,12.367276,-0.7218784,1.56634
1356511237692,5.8976107,0.9942854,-1.0760075
1356511237733,2.152015,3.0645783,-0.38136974
1356511237772,4.0180025,1.3075534,1.2666923
1356511237812,4.3312707,2.152015,1.879608
1356511237853,4.140586,1.0351465,3.759216
1356511237892,10.61025,-0.53119355,7.9270425
1356511237932,17.474907,2.2609777,7.8589406
1356511237972,12.53072,2.8330324,6.0201936
1356511238013,14.246883,3.9499009,3.759216
1356511238053,11.073342,5.2165933,-4.1814466
1356511238092,-0.10896278,3.0237172,-0.3405087
1356511238132,10.269742,3.759216,-4.440233
1356511238172,12.762266,2.3018389,-0.8036005
1356511238212,8.62168,-0.38136974,2.4516625
1356511238253,8.158588,1.3756552,-1.7297841
1356511238292,8.430995,1.4165162,1.2258313
1356511238333,8.049625,1.0351465,0.61291564
1356511238372,9.275456,2.6014864,-0.9942854
1356511238413,10.882658,2.5333846,0.88532263
1356511238452,12.299174,-1.0760075,0.14982383
1356511238492,12.680544,-0.8036005,0.6537767
1356511238533,13.947236,-0.08172209,-1.4982382
1356511238572,12.571581,1.920469,-1.2666923
1356511238613,13.824653,8.158588,0.5720546
1356511238653,14.601013,7.9270425,-2.4925237
1356511238692,11.454713,1.334794,0.19068487
1356511238733,8.894087,-0.6537767,0.19068487
1356511238772,3.9499009,1.4982382,-1.4982382
1356511238812,2.5606253,2.7240696,0.23154591
1356511238852,3.8681788,1.9885708,2.152015
1356511238893,4.0180025,1.879608,3.2961242
1356511238932,7.0553403,0.6946377,6.66035
1356511238973,15.5135765,1.5390993,8.499097
1356511239013,15.636159,3.1054392,7.246025
1356511239052,12.367276,3.759216,6.742072
1356511239093,14.015338,4.399372,-1.0351465
1356511239132,2.1111538,2.3426998,-2.8738933
1356511239173,3.3778462,4.2904096,-1.9477097
1356511239213,13.756551,2.7921712,-2.2201166
1356511239252,10.310603,-0.3405087,3.255263
1356511239292,8.499097,0.23154591,-2.1792557
1356511239333,8.076866,1.920469,-0.0
1356511239373,8.430995,1.1441092,1.5390993
1356511239413,7.8180795,2.2201166,-0.6946377
1356511239452,9.697687,2.9556155,-0.040861044
1356511239482,11.495573,0.7627395,0.53119355
1356511239522,12.4489975,-1.7978859,-0.19068487
1356511239563,12.026767,0.27240697,1.1168685
1356511239602,13.375181,0.46309182,-1.0760075
1356511239642,11.917805,1.4573772,-1.2666923
1356511239683,13.865514,7.8589406,0.7218784
1356511239722,14.47843,6.701211,-1.6889231
1356511239762,11.645397,1.920469,-0.08172209
1356511239803,9.997335,-0.84446156,0.23154591
1356511239842,4.8216033,1.56634,-1.7570249
1356511239883,2.1792557,3.2961242,0.9942854
1356511239922,3.7864566,2.4925237,1.3075534
1356511239963,4.4810944,1.7570249,2.3018389
1356511240003,5.6660647,0.7218784,6.1291566
1356511240042,13.33432,1.4165162,7.4639506
1356511240083,14.982383,1.2666923,7.8589406
1356511240122,10.528529,2.3699405,5.325556
1356511240162,15.050485,3.7864566,1.3756552
1356511240203,10.691973,4.630918,-4.140586
1356511240243,0.08172209,3.0237172,0.46309182
1356511240282,10.651112,3.6774938,-5.6252036
1356511240322,11.563675,2.070293,-0.08172209
1356511240373,8.430995,0.27240697,1.879608
1356511240413,8.962189,1.607201,-1.3756552
1356511240452,8.499097,0.8036005,0.88532263
1356511240493,8.853226,1.7297841,-0.6537767
1356511240533,10.228881,2.7921712,0.95342433
1356511240572,11.073342,0.3405087,0.92618364
1356511240612,11.686258,-1.920469,-0.23154591
1356511240652,11.727119,1.334794,0.6537767
1356511240692,13.824653,0.19068487,-1.7570249
1356511240732,11.073342,3.5276701,-1.2666923
1356511240773,14.437569,8.430995,1.3075534
1356511240812,12.680544,6.469665,-2.9147544
1356511240852,12.067628,-0.9942854,1.9477097
1356511240892,8.730643,-1.0351465,-0.14982383
1356511240932,5.09401,1.7978859,-1.879608
1356511240973,2.3426998,3.255263,1.2258313
1356511241012,4.399372,2.4108016,2.3699405
1356511241052,4.671779,0.88532263,3.1463003
1356511241092,6.891896,-0.27240697,6.932757
1356511241132,14.601013,1.607201,7.3958488
1356511241172,14.369467,0.6946377,7.8589406
1356511241213,9.997335,1.7978859,6.0201936
1356511241252,15.704261,5.597963,-0.3405087
1356511241294,7.9679036,4.2904096,-3.759216
1356511241332,1.4573772,2.8330324,-0.53119355
1356511241373,12.176591,3.8681788,-5.434519
1356511241412,11.413852,1.6480621,0.27240697
1356511241453,8.539958,-0.040861044,1.6889231
1356511241492,8.390134,2.2201166,-1.4165162
1356511241533,8.689782,1.3756552,1.1441092
1356511241572,8.349273,0.88532263,0.5720546
1356511241613,9.656827,2.1792557,-0.14982383
1356511241652,10.732834,1.4982382,0.6537767
1356511241693,11.917805,-1.525479,-0.23154591
1356511241732,12.217452,0.6946377,0.6946377
1356511241773,11.795221,1.0351465,-0.6946377
1356511241812,12.980191,-0.27240697,-0.95342433
1356511241852,12.721405,6.1291566,-0.10896278
1356511241893,15.132206,8.390134,-0.08172209
1356511241932,10.419566,3.759216,-1.334794
1356511241972,11.073342,-1.879608,1.4982382
1356511242012,6.701211,0.46309182,-1.607201
1356511242053,4.0588636,2.9556155,-0.42223078
1356511242092,2.5333846,2.7649305,2.1792557
1356511242132,4.7535014,1.4165162,2.2201166
1356511242172,4.8216033,0.6537767,5.366417
1356511242212,10.147159,0.23154591,7.668256
1356511242253,16.126492,1.9885708,7.43671
1356511242292,12.217452,1.3756552,8.076866
1356511242333,11.75436,3.636633,4.8216033
1356511242373,14.628253,6.932757,-5.284695
1356511242412,3.336985,1.7297841,-1.6889231
1356511242452,4.862464,3.214402,-2.2201166
1356511242493,13.565866,4.0588636,-3.568531
1356511242532,8.580819,0.313268,2.5333846
1356511242572,8.62168,-0.10896278,-0.040861044
1356511242612,8.662541,1.6889231,-0.27240697
1356511242652,8.349273,0.38136974,0.46309182
1356511242693,8.730643,1.9885708,-0.0
1356511242732,10.56939,2.2609777,1.1849703
1356511242772,12.176591,-0.040861044,-0.19068487
1356511242812,12.299174,-0.46309182,0.313268
1356511242852,11.604536,1.7978859,0.23154591
1356511242893,13.6748295,-1.4165162,-0.95342433
1356511242932,12.299174,3.636633,-0.61291564
1356511242972,14.818938,8.349273,-1.9477097
1356511243012,12.067628,4.3312707,-1.0760075
1356511243053,11.917805,-1.0760075,1.0760075
1356511243092,7.3958488,0.313268,-1.920469
1356511243132,3.7864566,2.6832085,-0.50395286
1356511243172,3.1463003,3.445948,1.7978859
1356511243213,4.903325,2.1792557,1.5390993
1356511243253,4.5219555,0.0,4.2086873
1356511243292,9.234595,0.61291564,8.049625
1356511243333,14.410328,1.5390993,8.008764
1356511243373,12.408136,0.040861044,6.891896
1356511243412,9.534244,1.3075534,5.012288
1356511243452,15.28203,5.5162406,-1.8387469
1356511243493,9.275456,5.6660647,-4.0180025
1356511243532,2.1792557,1.0760075,0.9942854
1356511243572,12.639683,3.718355,-6.428804
1356511243612,9.112013,2.982856,-0.6946377
1356511243652,8.308413,1.6480621,1.0760075
1356511243693,8.962189,1.1441092,0.7218784
1356511243732,8.281172,-0.10896278,0.313268
1356511243772,9.00305,2.0294318,-0.95342433
1356511243812,9.956474,2.3426998,1.1441092
1356511243852,11.917805,-0.14982383,-0.42223078
1356511243893,12.108489,-0.95342433,0.14982383
1356511243932,12.53072,1.334794,0.23154591
1356511243972,13.824653,-0.46309182,-0.9125633
1356511244012,10.691973,2.7921712,0.040861044
1356511244052,15.472715,6.4015636,-0.10896278
1356511244093,12.9529505,4.671779,-1.9885708
1356511244132,11.917805,-0.50395286,1.607201
1356511244172,6.5922484,0.14982383,-0.84446156
1356511244213,4.399372,1.8387469,-1.0760075
1356511244253,2.4925237,3.718355,1.1168685
1356511244292,4.0180025,2.3699405,2.4108016
1356511244333,4.2495484,0.88532263,3.445948
1356511244372,9.084772,-0.040861044,7.9679036
1356511244413,15.826844,2.1111538,8.539958
1356511244452,11.114203,0.10896278,7.3141265
1356511244492,10.228881,1.4573772,4.140586
1356511244533,16.589584,6.5922484,-2.3018389
1356511244572,7.6954966,3.9499009,-1.9477097
1356511244613,2.6014864,1.607201,-0.61291564
1356511244652,13.021052,3.9499009,-6.469665
1356511244692,8.430995,2.5333846,2.7649305
1356511244733,8.049625,1.0351465,0.19068487
1356511244773,9.084772,0.9942854,-0.27240697
1356511244812,8.349273,-0.08172209,0.8036005
1356511244852,9.00305,1.56634,-0.14982383
1356511244892,10.228881,2.1111538,1.2258313
1356511244932,11.727119,-0.040861044,-0.53119355
1356511244972,12.14935,-1.2258313,-0.08172209
1356511245012,11.958665,1.1849703,0.23154591
1356511245052,13.443283,0.3405087,-0.9125633
1356511245092,10.95076,2.070293,-0.61291564
1356511245132,14.519291,7.246025,1.0760075
1356511245172,13.102775,6.0201936,-3.0645783
1356511245213,11.536434,-0.27240697,1.3075534
1356511245252,8.158588,-0.08172209,-0.8036005
1356511245292,4.8216033,2.3699405,-1.2258313
1356511245334,2.4516625,3.1463003,1.2666923
1356511245372,4.7535014,2.152015,1.879608
1356511245412,4.7126403,1.1168685,2.4925237
1356511245452,5.938472,-0.10896278,6.6331096
1356511245492,14.9006605,1.2666923,7.4639506
1356511245532,14.982383,0.6946377,7.9270425
1356511245572,9.275456,1.3756552,5.9793324
1356511245613,12.912089,3.718355,-0.040861044
1356511245652,11.264028,5.6660647,-4.7535014
1356511245692,3.1463003,1.4573772,1.2258313
1356511245732,9.384419,2.8330324,-4.5628166
1356511245773,11.604536,2.9556155,-2.6423476
1356511245813,8.117727,1.1441092,2.4516625
1356511245852,8.730643,1.7297841,-0.23154591
1356511245892,8.19945,0.92618364,1.0351465
1356511245932,8.158588,0.27240697,0.3405087
1356511245972,9.507003,2.070293,-0.040861044
1356511246012,10.760075,1.6889231,0.95342433
1356511246052,12.340035,-0.7218784,-1.2258313
1356511246093,12.489859,-0.10896278,0.42223078
1356511246132,12.53072,0.61291564,-0.6946377
1356511246172,12.762266,0.14982383,-0.6537767
1356511246212,11.836082,5.325556,-0.53119355
1356511246252,14.437569,8.730643,1.1441092
1356511246297,11.073342,4.9850473,-2.2201166
1356511246332,11.223166,-1.9885708,2.2609777
1356511246372,6.4424243,0.38136974,-0.84446156
1356511246413,5.012288,2.6832085,-0.9125633
1356511246452,3.0645783,2.5606253,1.7570249
1356511246492,3.0237172,2.4108016,2.6832085
1356511246532,5.09401,0.6537767,4.3312707
1356511246573,10.800936,-0.46309182,7.205164
1356511246613,15.241169,2.3699405,7.8589406
1356511246652,11.032481,0.88532263,7.5456724
1356511246692,11.304889,1.2258313,4.630918
1356511246732,16.657684,5.9793324,-2.1792557
1356511246773,4.944186,2.5333846,-0.9125633
1356511246813,2.8330324,3.1463003,-1.7570249
1356511246852,14.206022,2.3018389,-5.597963
1356511246892,8.894087,1.0760075,3.7864566
1356511246932,7.9679036,1.920469,-1.0760075
1356511246972,8.853226,1.920469,-1.1849703
1356511247012,8.853226,0.7627395,1.1441092
1356511247053,8.689782,1.56634,-0.53119355
1356511247092,9.615966,2.7649305,0.313268
1356511247133,10.882658,1.1849703,1.1441092
1356511247172,11.536434,-0.88532263,-0.3405087
1356511247213,11.876944,0.38136974,0.14982383
1356511247252,13.6748295,0.08172209,-0.88532263
1356511247292,12.217452,0.9942854,-0.040861044
