1356510610430,-0.50395286,11.372991,-1.3075534
1356510610451,-1.56634,11.985906,-2.6014864
1356510610472,-2.4516625,11.114203,-2.4516625
1356510610502,-1.6889231,9.888372,-1.56634
1356510610549,0.53119355,9.084772,-2.4108016
1356510610593,-0.3405087,8.62168,-2.4925237
1356510610634,-1.334794,8.962189,-3.255263
1356510610673,-0.95342433,8.240311,-3.9499009
1356510610713,-0.10896278,7.3958488,-3.568531
1356510610763,-0.7627395,7.8861814,-3.9771416
1356510610803,-0.8036005,8.008764,-4.3312707
1356510610847,-1.1441092,8.499097,-5.7477865
1356510610895,-1.525479,9.112013,-5.8976107
1356510610933,-1.3075534,9.043911,-6.2108784
1356510610974,-0.95342433,9.888372,-4.5900574
1356510611013,-3.255263,12.258313,-5.012288
1356510611054,0.8036005,9.384419,-0.95342433
1356510611093,-0.9942854,10.079058,-1.879608
1356510611133,-5.053149,10.119919,1.4165162
1356510611175,-1.56634,8.771504,-1.0351465
1356510611213,-0.84446156,9.697687,-1.879608
1356510611253,-3.0237172,9.80665,-0.0
1356510611293,-1.920469,9.043911,-1.1849703
1356510611333,-1.6480621,9.112013,-1.1168685
1356510611373,-2.3699405,9.507003,-1.1849703
1356510611413,-2.1792557,8.812365,-0.7627395
1356510611468,-2.4516625,9.534244,-1.1849703
1356510611493,-2.7240696,9.697687,-0.84446156
1356510611533,-3.445948,11.34575,-0.95342433
1356510611573,-3.2961242,12.258313,-2.1111538
1356510611613,-4.0180025,12.340035,-2.4925237
1356510611653,-3.636633,12.830367,-1.0351465
1356510611693,-0.7218784,12.176591,0.27240697
1356510611733,1.9885708,12.14935,0.08172209
1356510611773,1.920469,13.184497,-0.08172209
1356510611813,-3.1463003,11.304889,0.040861044
1356510611853,-1.2258313,9.302697,-2.4108016
1356510611893,-0.3405087,6.0882955,0.27240697
1356510611933,-0.08172209,5.8976107,-1.334794
1356510611973,0.88532263,5.7477865,-2.3699405
1356510612013,-0.9125633,6.782933,-3.445948
1356510612053,-1.56634,7.014479,-7.082581
1356510612094,-2.6423476,10.460427,-7.9270425
1356510612133,-2.4108016,12.4489975,-8.471856
1356510612174,-1.2258313,12.367276,-8.430995
1356510612213,-4.372132,13.143636,-3.2961242
1356510612255,1.9885708,7.8861814,4.372132
1356510612303,-2.2201166,10.651112,-0.6537767
1356510612343,-3.336985,9.656827,1.607201
1356510612383,-0.0,7.8861814,-2.3699405
1356510612423,-1.2666923,7.7363577,-0.61291564
1356510612468,-2.9556155,9.084772,-0.9125633
1356510612503,-2.3426998,8.894087,-2.0294318
1356510612543,-1.525479,8.349273,0.14982383
1356510612583,-1.9477097,10.460427,0.53119355
1356510612623,-2.7240696,12.14935,-2.1111538
1356510612663,-3.7864566,13.293459,-2.1383946
1356510612703,-2.7921712,12.489859,-2.1111538
1356510612743,-3.9771416,12.026767,1.2258313
1356510612783,-1.8387469,11.536434,2.7649305
1356510612823,3.486809,14.669114,0.92618364
1356510612863,1.4982382,14.750836,0.19068487
1356510612906,-3.0237172,12.340035,-1.4573772
1356510612943,-1.4573772,5.9793324,-1.4573772
1356510612985,-2.1111538,5.8567495,0.42223078
1356510613023,0.84446156,3.9499009,0.313268
1356510613063,1.3756552,5.284695,-1.879608
1356510613103,-0.50395286,8.008764,-5.012288
1356510613143,-1.1168685,9.956474,-9.343558
1356510613184,-0.14982383,12.680544,-8.049625
1356510613223,0.040861044,12.108489,-7.9270425
1356510613263,-1.334794,13.211738,-2.7921712
1356510613303,-1.4982382,10.419566,2.8330324
1356510613343,0.53119355,8.662541,-0.6537767
1356510613385,-4.2086873,10.038197,2.3699405
1356510613423,-1.525479,9.343558,0.040861044
1356510613468,0.6537767,7.7772183,-2.5606253
1356510613503,-1.56634,7.8180795,-0.10896278
1356510613543,-2.3426998,9.152874,-0.9125633
1356510613583,-0.95342433,8.894087,-0.38136974
1356510613623,-1.4573772,10.800936,-0.38136974
1356510613663,-1.4165162,11.495573,-1.525479
1356510613703,-3.255263,12.721405,-2.4108016
1356510613743,-2.6014864,12.217452,-1.0760075
1356510613783,-4.2904096,13.824653,1.4573772
1356510613823,0.84446156,12.340035,3.3778462
1356510613863,5.012288,17.434046,0.7627395
1356510613905,0.38136974,13.021052,1.920469
1356510613943,-1.6889231,9.534244,-4.2495484
1356510613984,-1.56634,5.47538,0.27240697
1356510614023,-1.2258313,5.5571017,0.46309182
1356510614064,1.8387469,4.099725,-0.27240697
1356510614103,0.7627395,5.9793324,-2.3699405
1356510614142,-1.2258313,7.504812,-5.8567495
1356510614172,-1.0760075,11.264028,-9.343558
1356510614202,0.19068487,13.293459,-9.193735
1356510614242,0.50395286,12.830367,-8.158588
1356510614283,0.38136974,13.715691,-3.3642259
1356510614323,-2.3018389,10.691973,1.607201
1356510614363,0.7627395,8.771504,1.6480621
1356510614404,-2.7921712,10.038197,1.3075534
1356510614467,-1.56634,9.507003,0.3405087
1356510614483,0.9942854,8.19945,-2.7240696
1356510614523,-0.84446156,7.8589406,-0.50395286
1356510614563,-1.9477097,9.043911,-1.4982382
1356510614603,-1.334794,8.662541,-0.95342433
1356510614643,-0.9942854,9.80665,-0.08172209
1356510614683,-0.9942854,11.264028,-1.4573772
1356510614723,-2.5606253,13.293459,-1.4573772
1356510614763,-2.3699405,13.021052,-1.4165162
1356510614803,-3.486809,13.402422,0.38136974
1356510614843,-2.3018389,12.980191,2.0294318
1356510614883,5.09401,13.484144,1.9477097
1356510614923,3.214402,14.056199,2.2201166
1356510614963,-2.1111538,11.958665,-4.7126403
1356510615003,-0.9125633,6.973618,-0.6946377
1356510615043,-1.9477097,5.6660647,0.19068487
1356510615083,0.88532263,4.5628166,-0.27240697
1356510615123,2.1111538,4.399372,-1.4165162
1356510615163,0.3405087,7.3549876,-5.175732
1356510615203,-0.0,9.425281,-9.847511
1356510615243,0.7218784,12.721405,-8.158588
1356510615283,0.95342433,10.691973,-8.539958
1356510615323,1.3756552,12.340035,-2.9556155
1356510615363,-1.7978859,13.484144,2.3699405
1356510615403,0.61291564,8.349273,-0.10896278
1356510615470,-2.6423476,10.800936,2.8330324
1356510615483,-1.0760075,9.425281,0.3405087
1356510615523,1.4982382,8.008764,-2.982856
1356510615563,-0.95342433,7.668256,-0.84446156
1356510615603,-1.607201,8.689782,-2.1383946
1356510615643,-1.4982382,8.921328,-0.53119355
1356510615683,-0.61291564,10.419566,-0.84446156
1356510615723,-0.6537767,11.032481,-1.1441092
1356510615763,-1.8387469,13.252599,-1.1849703
1356510615803,-1.607201,13.143636,-1.525479
1356510615843,-3.759216,13.525005,0.3405087
1356510615883,-1.879608,13.184497,3.1054392
1356510615923,6.0201936,13.293459,2.9556155
1356510615963,2.7649305,12.367276,1.6480621
1356510616003,-1.334794,11.645397,-4.9850473
1356510616043,-1.0760075,7.504812,-0.6537767
1356510616083,-1.6480621,6.1700177,-0.10896278
1356510616123,1.1168685,4.2904096,-0.5720546
1356510616163,1.8387469,5.012288,-1.9477097
1356510616204,0.6946377,7.164303,-5.938472
1356510616243,0.38136974,9.956474,-9.343558
1356510616292,2.2609777,13.021052,-7.5456724
1356510616333,1.8387469,9.615966,-6.2789803
1356510616374,0.50395286,14.560152,-0.29964766
1356510616413,1.1168685,11.264028,0.46309182
1356510616475,-1.2666923,8.471856,0.27240697
1356510616493,-3.3642259,10.760075,4.1814466
1356510616533,0.42223078,9.384419,-1.2666923
1356510616573,1.607201,7.8180795,-3.0645783
1356510616613,-1.6480621,7.8180795,-0.3405087
1356510616653,-0.9125633,8.689782,-1.7297841
1356510616693,-0.46309182,9.915613,-0.50395286
1356510616733,-0.8036005,10.800936,-2.0294318
1356510616773,-1.334794,11.75436,-0.53119355
1356510616813,-1.3075534,12.762266,-0.9125633
1356510616853,-0.27240697,12.789507,-0.9942854
1356510616893,-3.9771416,14.137921,0.84446156
1356510616933,-0.3405087,11.536434,2.6014864
1356510616973,5.09401,15.241169,1.1849703
1356510617013,-0.08172209,13.0619135,1.2666923
1356510617053,-1.9885708,10.732834,-5.202973
1356510617093,-1.1168685,5.6660647,-0.53119355
1356510617133,-1.1849703,6.2108784,-0.0
1356510617173,1.6889231,4.372132,0.08172209
1356510617213,1.7978859,5.134871,-2.0294318
1356510617253,0.46309182,7.8861814,-6.1291566
1356510617293,0.88532263,11.604536,-9.493382
1356510617334,1.56634,12.026767,-9.534244
1356510617374,0.7627395,11.182305,-7.246025
1356510617413,1.1168685,14.056199,0.5720546
1356510617477,-1.0760075,10.651112,1.56634
1356510617493,-0.53119355,9.575105,1.56634
1356510617533,-1.9477097,9.915613,1.2666923
1356510617573,0.040861044,9.234595,-1.525479
1356510617613,0.7218784,7.3141265,-2.0294318
1356510617653,-0.9125633,7.5456724,-1.2666923
1356510617693,-0.9942854,9.302697,-1.1849703
1356510617733,-0.88532263,10.419566,-0.5720546
1356510617773,-0.8036005,10.800936,-1.9885708
1356510617813,-1.334794,12.489859,-0.6537767
1356510617853,-2.6423476,13.021052,-2.5606253
1356510617893,-3.255263,14.015338,0.38136974
1356510617933,-1.9885708,13.988097,2.4108016
1356510617973,5.5162406,12.367276,2.9147544
1356510618013,3.9090397,13.797412,1.334794
1356510618053,-0.84446156,12.299174,-3.0645783
1356510618093,-0.46309182,7.8589406,-0.8036005
1356510618133,-1.7570249,5.7477865,0.23154591
1356510618173,0.38136974,5.434519,-0.23154591
1356510618213,1.9885708,3.9499009,-1.2258313
1356510618253,0.19068487,6.3198414,-4.0180025
1356510618294,-0.29964766,9.193735,-9.152874
1356510618333,0.53119355,13.143636,-8.117727
1356510618373,1.4165162,11.645397,-8.158588
1356510618413,0.92618364,11.917805,-3.405087
1356510618475,-1.1168685,13.593107,2.3018389
1356510618493,1.879608,9.507003,0.27240697
1356510618533,-1.7978859,10.95076,2.6014864
1356510618573,-2.4516625,10.378705,0.040861044
1356510618613,1.2666923,7.8180795,-2.4516625
1356510618653,0.9942854,5.9793324,-0.53119355
1356510618693,-1.8387469,9.043911,-1.4982382
1356510618733,-1.0760075,9.275456,-0.46309182
1356510618773,-0.29964766,10.800936,-1.2666923
1356510618813,-1.334794,11.727119,-1.334794
1356510618853,-2.5333846,13.102775,-0.8036005
1356510618893,-3.0237172,12.9529505,-1.7978859
1356510618933,-3.5957718,14.669114,1.6480621
1356510618973,2.6014864,12.217452,3.336985
1356510619013,7.164303,14.709975,0.88532263
1356510619053,1.2666923,12.299174,0.84446156
1356510619093,-1.8387469,11.795221,-4.372132
1356510619135,-1.0351465,5.8567495,0.6946377
1356510619173,-0.7627395,5.366417,0.23154591
1356510619237,1.7297841,3.9090397,-0.19068487
1356510619253,1.4573772,4.630918,-2.5606253
1356510619294,-0.6537767,7.3549876,-6.5513873
1356510619333,1.0760075,11.917805,-9.888372
1356510619373,2.4516625,13.443283,-8.008764
1356510619413,1.8387469,10.800936,-6.0882955
1356510619476,-0.23154591,14.246883,-2.1792557
1356510619493,1.0760075,9.956474,2.7240696
1356510619533,-0.50395286,9.425281,1.334794
1356510619573,-2.9556155,10.732834,2.982856
1356510619613,0.88532263,8.730643,-1.4573772
1356510619653,1.6889231,7.3141265,-1.879608
1356510619693,-1.0351465,7.7363577,-0.42223078
1356510619733,-1.4573772,8.771504,-1.879608
1356510619773,-1.1441092,9.724928,-0.27240697
1356510619813,-0.3405087,10.841797,-1.334794
1356510619853,-1.6889231,12.408136,-0.38136974
1356510619893,-2.6832085,13.633968,-2.1792557
1356510619933,-2.7921712,13.633968,-0.29964766
1356510619973,-2.4516625,13.797412,1.3075534
1356510620013,3.6774938,12.258313,2.4925237
1356510620053,5.938472,15.431854,1.3075534
1356510620093,1.4165162,11.836082,0.38136974
1356510620145,-0.6946377,8.471856,-2.5333846
1356510620183,-1.4982382,6.238119,0.27240697
1356510620224,0.9942854,4.8216033,-0.19068487
1356510620263,1.920469,4.099725,-1.334794
1356510620305,-0.10896278,6.510526,-4.630918
1356510620353,-0.0,10.732834,-9.956474
1356510620393,2.4925237,12.762266,-7.6546354
1356510620433,1.6889231,12.367276,-6.932757
1356510620474,-0.14982383,14.47843,-1.920469
1356510620513,0.95342433,8.349273,4.3312707
1356510620553,-1.334794,10.732834,2.982856
1356510620593,-1.2258313,9.997335,-0.19068487
1356510620633,0.84446156,8.62168,-1.7570249
1356510620673,0.8036005,7.3958488,-1.607201
1356510620713,-1.1168685,8.349273,-1.2258313
1356510620753,-0.6537767,8.349273,-1.3756552
1356510620793,-0.6946377,9.956474,-0.19068487
1356510620833,-0.42223078,10.923519,-1.9885708
1356510620873,-1.525479,12.258313,-0.040861044
1356510620913,-1.2258313,13.33432,-1.607201
1356510620953,-1.2666923,12.721405,-0.10896278
1356510620993,-3.568531,13.525005,0.61291564
1356510621033,0.27240697,11.917805,2.7921712
1356510621073,5.7477865,14.601013,2.152015
1356510621113,3.8273177,12.367276,0.92618364
1356510621153,-2.6832085,11.876944,-4.0180025
1356510621193,-1.607201,6.2108784,-0.14982383
1356510621233,-0.53119355,5.407278,0.61291564
1356510621273,2.6423476,4.0180025,-0.6946377
1356510621313,1.334794,4.671779,-2.1111538
1356510621353,-0.5720546,7.43671,-7.04172
1356510621393,-0.19068487,11.604536,-8.19945
1356510621433,-0.29964766,12.4489975,-9.00305
1356510621475,-0.27240697,10.760075,-8.308413
1356510621513,1.4165162,12.871228,-1.2258313
1356510621553,-0.19068487,11.604536,1.9885708
1356510621593,2.8330324,8.499097,0.38136974
1356510621633,-3.336985,11.985906,1.879608
1356510621673,-1.1168685,9.466142,-1.3075534
1356510621713,1.9477097,7.082581,-1.9885708
1356510621753,-0.38136974,7.164303,-1.4573772
1356510621793,-1.2258313,8.689782,-1.7978859
1356510621833,-0.9942854,9.425281,-1.3756552
1356510621873,-0.8036005,10.56939,-0.8036005
1356510621913,-1.8387469,12.4489975,0.38136974
1356510621953,-1.7570249,14.137921,-2.6832085
1356510621993,-2.2201166,12.571581,-0.3405087
1356510622033,-3.445948,13.184497,0.7627395
1356510622073,2.1111538,11.75436,2.7921712
1356510622113,7.164303,14.669114,1.2258313
1356510622153,1.6480621,12.408136,0.7218784
1356510622193,-1.8387469,11.141444,-4.2086873
1356510622233,-0.95342433,6.238119,0.46309182
1356510622273,-0.27240697,5.09401,0.50395286
1356510622313,2.0294318,4.140586,-0.8036005
1356510622353,1.4982382,5.2165933,-2.3699405
1356510622393,0.27240697,7.3549876,-6.0474343
1356510622433,0.6946377,11.536434,-9.275456
1356510622495,1.6889231,12.980191,-8.430995
1356510622512,0.84446156,11.264028,-8.880466
1356510622542,1.9885708,14.09706,-0.7627395
1356510622572,-0.10896278,11.75436,3.214402
1356510622612,1.920469,8.921328,0.42223078
1356510622653,-1.334794,10.732834,1.9477097
1356510622693,-1.1849703,9.234595,-0.61291564
1356510622733,1.3075534,7.8589406,-1.9885708
1356510622773,0.23154591,7.082581,-1.2666923
1356510622813,-1.1849703,8.853226,-1.7570249
1356510622853,-0.5720546,8.812365,-0.10896278
1356510622893,-0.19068487,10.841797,-1.3756552
1356510622933,-1.1849703,11.413852,-1.0760075
1356510622973,-1.4982382,12.830367,-0.3405087
1356510623013,-0.95342433,13.102775,-1.3756552
1356510623053,-3.0645783,14.47843,0.8036005
1356510623093,-0.5720546,12.176591,2.3699405
1356510623133,5.829509,14.1787815,1.4573772
1356510623173,3.214402,12.912089,0.61291564
1356510623213,-2.4108016,11.876944,-2.1383946
1356510623253,-0.6537767,6.0474343,-1.334794
1356510623293,-0.9942854,5.6660647,0.08172209
1356510623333,1.334794,4.2904096,-0.23154591
1356510623373,2.3018389,4.1814466,-1.6889231
1356510623413,0.5720546,7.3549876,-5.202973
1356510623486,0.08172209,11.182305,-9.80665
1356510623495,2.4925237,11.985906,-7.4639506
1356510623522,1.1441092,10.119919,-7.5456724
1356510623563,1.3075534,10.991621,-4.2904096
1356510623603,-0.10896278,14.369467,2.070293
1356510623643,1.4573772,8.19945,-0.46309182
1356510623685,-2.2609777,11.223166,2.6014864
1356510623723,-1.3756552,10.269742,0.040861044
1356510623763,1.879608,7.6273947,-2.070293
1356510623803,-0.0,7.082581,-0.61291564
1356510623843,-0.61291564,8.308413,-1.525479
1356510623883,-0.6946377,9.193735,-0.27240697
1356510623923,-0.42223078,10.882658,-1.4573772
1356510623963,-0.5720546,11.563675,-1.0760075
1356510624003,-2.070293,13.293459,-1.2666923
1356510624043,-1.2258313,12.762266,-2.3018389
1356510624083,-2.5606253,12.367276,0.95342433
1356510624123,-1.607201,13.184497,2.4108016
1356510624163,7.082581,15.322891,1.8387469
1356510624203,3.445948,13.633968,1.3075534
1356510624243,-1.1168685,12.340035,-4.2495484
1356510624283,-0.84446156,7.3141265,-0.08172209
1356510624323,-1.3075534,5.09401,0.88532263
1356510624363,1.3756552,4.2086873,0.040861044
1356510624403,2.2609777,4.3312707,-1.3075534
1356510624443,0.19068487,6.851035,-4.1814466
1356510624488,-0.10896278,10.337844,-9.00305
1356510624523,1.4573772,13.33432,-9.697687
1356510624564,1.1849703,11.413852,-8.390134
1356510624603,3.636633,14.1787815,-0.61291564
1356510624643,-1.2666923,10.732834,1.879608
1356510624683,1.1849703,9.466142,1.0351465
1356510624723,-1.607201,10.61025,1.1168685
1356510624763,-0.7627395,9.234595,-0.10896278
1356510624803,2.1792557,7.1234417,-1.8387469
1356510624843,-0.8036005,7.9679036,-1.334794
1356510624883,-0.5720546,8.730643,-2.2201166
1356510624923,-0.88532263,9.193735,0.040861044
1356510624963,-0.3405087,10.991621,-1.3075534
1356510625003,-1.1849703,11.958665,-1.3756552
1356510625043,-1.525479,13.402422,-1.3756552
1356510625083,-0.95342433,12.871228,-0.42223078
1356510625123,-3.3642259,14.056199,1.2666923
1356510625163,1.6889231,11.836082,3.3778462
1356510625203,7.082581,15.6634,1.334794
1356510625243,2.5333846,12.53072,0.6946377
1356510625283,-2.4925237,12.217452,-4.2904096
1356510625323,-1.334794,6.3198414,0.38136974
1356510625363,-0.5720546,4.6036777,0.50395286
1356510625403,1.8387469,3.3778462,-0.42223078
1356510625443,1.2258313,4.7535014,-2.070293
1356510625487,0.10896278,7.43671,-6.5922484
1356510625523,0.9942854,11.34575,-10.269742
1356510625563,3.1463003,13.565866,-8.62168
1356510625603,2.2201166,10.800936,-7.8589406
1356510625643,1.334794,13.947236,-1.3756552
1356510625683,1.0351465,9.084772,1.9885708
1356510625724,-0.46309182,9.302697,0.95342433
1356510625763,-2.7240696,11.073342,2.070293
1356510625803,0.53119355,8.921328,-2.3018389
1356510625843,1.2666923,7.504812,-2.4108016
1356510625883,-0.88532263,7.668256,-1.3075534
1356510625923,-0.3405087,8.349273,-1.4165162
1356510625975,-0.23154591,9.80665,0.08172209
1356510626023,-0.08172209,11.223166,-1.4982382
1356510626064,-1.607201,13.525005,-1.4573772
1356510626104,-0.7627395,13.143636,-2.3426998
1356510626143,-2.8330324,11.958665,-0.27240697
1356510626183,-1.2258313,13.211738,3.9090397
1356510626223,7.9679036,14.410328,3.0237172
1356510626263,4.7126403,12.762266,-0.6946377
1356510626303,-2.5333846,12.912089,-3.1054392
1356510626343,-1.7297841,7.8180795,-1.1168685
1356510626383,-1.0760075,4.862464,0.61291564
1356510626423,1.7978859,3.3778462,-0.53119355
1356510626486,2.070293,4.2904096,-0.5720546
1356510626503,0.46309182,6.4015636,-3.6774938
1356510626543,0.6946377,10.147159,-9.00305
1356510626583,0.6946377,13.0619135,-8.962189
1356510626623,-0.6537767,11.604536,-9.888372
1356510626663,2.1792557,13.252599,-3.636633
1356510626703,0.6946377,13.443283,3.990762
1356510626743,3.1463003,6.851035,-0.08172209
1356510626783,-2.2609777,10.882658,2.8738933
1356510626823,-2.7240696,11.182305,-0.9942854
1356510626863,1.879608,6.973618,-1.6480621
1356510626903,0.46309182,6.4015636,-0.88532263
1356510626943,-0.8036005,9.343558,-1.1168685
1356510626983,-0.53119355,9.888372,-1.1168685
1356510627023,-0.5720546,10.651112,-1.1849703
1356510627063,-1.2666923,12.258313,0.08172209
1356510627103,-1.56634,13.252599,-2.3699405
1356510627143,-2.0294318,12.639683,-0.10896278
1356510627183,-3.0645783,14.1787815,1.4165162
1356510627223,3.5276701,12.639683,3.5276701
1356510627263,7.3141265,14.9006605,0.7627395
1356510627303,1.7570249,12.53072,0.08172209
1356510627343,-2.1792557,11.645397,-3.0237172
1356510627383,-1.1441092,4.5628166,0.6946377
1356510627423,-0.19068487,5.053149,0.50395286
1356510627487,2.0294318,3.7864566,-1.0760075
1356510627503,1.0760075,5.2165933,-2.9147544
1356510627543,-0.23154591,8.076866,-7.205164
1356510627604,2.4108016,12.108489,-9.425281
1356510627623,2.152015,11.454713,-8.390134
1356510627663,2.3699405,12.067628,-5.366417
1356510627703,-0.6537767,13.293459,1.607201
1356510627743,1.607201,8.921328,1.1168685
1356510627783,-1.9885708,11.032481,2.7649305
1356510627825,-0.84446156,9.534244,-1.2258313
1356510627863,1.4573772,7.668256,-2.0294318
1356510627903,0.040861044,6.932757,-0.9942854
1356510627944,-0.42223078,8.19945,-1.4573772
1356510627983,-0.42223078,8.812365,-0.42223078
1356510628023,-0.10896278,10.691973,-0.6946377
1356510628063,-0.38136974,11.75436,-0.88532263
1356510628103,-2.1111538,13.906375,-1.4573772
1356510628143,-1.4982382,13.211738,-1.4982382
1356510628183,-3.2961242,13.525005,1.0760075
1356510628223,0.6537767,13.021052,3.336985
1356510628263,7.43671,14.47843,1.4573772
1356510628303,4.0180025,13.184497,0.38136974
1356510628343,-1.879608,11.958665,-2.982856
1356510628383,-0.6946377,6.3607025,0.040861044
1356510628423,-0.9125633,5.325556,0.7627395
1356510628488,1.879608,3.6774938,-0.5720546
1356510628503,1.607201,4.8216033,-1.9885708
1356510628543,0.19068487,7.1234417,-5.434519
1356510628583,0.7218784,11.563675,-9.997335
1356510628623,2.3018389,12.639683,-8.471856
1356510628663,2.070293,11.032481,-7.273266
1356510628703,1.6480621,14.410328,-1.0351465
1356510628743,0.3405087,9.615966,2.4925237
1356510628783,-0.10896278,10.528529,1.4982382
1356510628824,-2.070293,9.765789,0.5720546
1356510628864,0.5720546,8.580819,-1.920469
1356510628903,1.4165162,6.891896,-1.6480621
1356510628943,-0.5720546,7.8861814,-1.607201
1356510628983,-0.46309182,8.308413,-1.2258313
1356510629024,-0.88532263,9.997335,0.92618364
1356510629073,0.19068487,11.372991,-2.5333846
1356510629115,-1.879608,13.184497,-0.29964766
1356510629153,-1.920469,13.375181,-1.3756552
1356510629193,-2.3426998,15.050485,1.334794
1356510629233,0.040861044,12.571581,2.0294318
1356510629273,5.325556,12.571581,1.3756552
1356510629313,4.6036777,13.865514,1.6889231
1356510629353,-1.879608,12.108489,-3.445948
1356510629393,-0.3405087,6.1291566,-0.84446156
1356510629433,-0.9942854,5.7886477,-0.3405087
1356510629487,1.0760075,4.6036777,-0.50395286
1356510629513,2.2609777,3.990762,-1.3756552
1356510629553,0.38136974,6.4015636,-4.903325
1356510629593,0.19068487,10.337844,-8.730643
1356510629633,2.2201166,12.176591,-8.921328
1356510629673,1.920469,10.95076,-8.499097
1356510629713,3.7864566,15.431854,-1.9477097
1356510629753,-1.3756552,10.923519,1.9885708
1356510629793,0.10896278,10.337844,1.8387469
1356510629833,-1.2666923,10.310603,0.88532263
1356510629873,0.50395286,8.580819,-1.607201
1356510629913,1.2258313,6.932757,-1.4165162
1356510629954,-0.42223078,7.082581,-1.334794
1356510629993,-0.19068487,8.308413,-0.88532263
1356510630033,-0.7218784,9.80665,0.10896278
1356510630073,0.6537767,11.141444,-1.7978859
1356510630113,-1.1849703,12.408136,-0.7218784
1356510630153,-2.2201166,13.865514,-1.4982382
1356510630193,-1.7570249,13.184497,0.46309182
1356510630233,-2.4516625,14.560152,1.2666923
1356510630273,3.0645783,11.836082,2.9556155
1356510630313,6.851035,14.47843,0.92618364
1356510630353,2.7921712,12.680544,0.50395286
1356510630393,-2.1383946,9.956474,-4.3312707
1356510630433,-1.1849703,4.862464,0.14982383
1356510630488,-0.10896278,5.407278,0.38136974
1356510630513,2.1792557,3.5957718,-0.88532263
1356510630553,1.2666923,5.47538,-2.8330324
1356510630593,-0.14982383,8.580819,-7.7772183
1356510630633,1.5390993,11.876944,-9.724928
1356510630673,1.6480621,12.067628,-8.430995
1356510630713,2.1111538,9.80665,-5.938472
1356510630753,1.607201,14.669114,1.4982382
1356510630793,1.5390993,10.310603,0.19068487
1356510630833,-1.4165162,10.800936,2.8738933
1356510630872,-1.4165162,10.691973,-0.14982383
1356510630902,1.334794,8.117727,-2.070293
1356510630942,2.2201166,6.238119,-0.9125633
1356510630982,-1.6889231,7.4639506,-0.9125633
1356510631025,-0.6537767,8.894087,-1.1849703
1356510631063,-0.23154591,10.337844,-1.334794
1356510631105,0.14982383,11.073342,-1.3756552
1356510631143,-1.0760075,12.108489,0.3405087
1356510631184,-1.6889231,13.824653,-2.7513103
1356510631223,-1.6889231,12.258313,0.3405087
1356510631263,-4.0588636,13.484144,1.1168685
1356510631303,2.7240696,13.102775,3.8273177
1356510631343,8.308413,15.854085,1.1849703
1356510631383,1.5390993,13.402422,-2.070293
1356510631423,-2.4516625,10.991621,-1.0760075
1356510631491,-1.3756552,4.7126403,0.14982383
1356510631504,-0.38136974,4.2086873,0.6946377
1356510631543,2.070293,3.7864566,-0.6537767
1356510631583,1.1441092,5.5571017,-2.7921712
1356510631623,-0.08172209,8.430995,-6.742072
1356510631663,1.9885708,11.795221,-8.771504
1356510631703,1.4573772,12.639683,-8.62168
1356510631743,1.9477097,10.95076,-7.9679036
1356510631783,2.7649305,15.472715,0.7627395
1356510631823,-0.0,8.471856,0.88532263
1356510631863,-0.6537767,10.378705,3.255263
1356510631903,-0.95342433,10.310603,-0.3405087
1356510631943,1.6889231,8.158588,-2.2201166
1356510631983,1.1849703,7.246025,-1.3075534
1356510632023,-0.84446156,8.19945,-1.3075534
1356510632063,-0.23154591,8.662541,-1.9885708
1356510632103,-0.6946377,9.915613,0.14982383
1356510632143,-0.08172209,10.841797,-1.920469
1356510632183,-0.88532263,12.489859,-0.53119355
1356510632223,-1.2258313,13.865514,-1.56634
1356510632263,-1.56634,13.484144,0.23154591
1356510632303,-2.3018389,13.443283,0.5720546
1356510632343,2.0294318,11.073342,2.5333846
1356510632383,5.829509,15.636159,0.50395286
1356510632423,1.3756552,12.026767,-0.7218784
1356510632492,-2.0294318,10.310603,-1.920469
1356510632504,-1.6480621,4.7126403,-0.8036005
1356510632543,-0.23154591,5.09401,0.313268
1356510632583,2.6014864,3.568531,-0.9125633
1356510632623,0.9942854,6.0882955,-4.0588636
1356510632663,-0.42223078,8.117727,-7.246025
1356510632703,2.4925237,12.789507,-9.152874
1356510632743,2.4925237,12.217452,-9.043911
1356510632783,2.8738933,10.18802,-4.903325
1356510632823,2.152015,15.595298,0.8036005
1356510632863,-1.2258313,11.223166,0.50395286
1356510632903,0.42223078,9.193735,1.5390993
1356510632943,-1.7978859,10.95076,1.920469
1356510632983,0.88532263,7.8589406,-0.08172209
1356510633023,2.1111538,6.6331096,-2.8738933
1356510633063,-0.9942854,7.9679036,-1.0351465
1356510633103,-0.95342433,9.193735,-1.3075534
1356510633143,-0.9942854,10.147159,-0.8036005
1356510633183,0.23154591,10.841797,-1.2258313
1356510633223,-1.56634,12.789507,-0.42223078
1356510633263,-1.8387469,13.797412,-1.6889231
1356510633303,-1.607201,11.958665,-0.9125633
1356510633343,-3.568531,12.367276,0.7627395
1356510633383,3.5276701,12.789507,3.3778462
1356510633423,7.6954966,15.363752,1.334794
1356510633493,2.7240696,13.824653,-2.8330324
1356510633513,-1.7978859,10.991621,-1.3075534
1356510633553,-1.6480621,4.7535014,1.6480621
1356510633593,0.5720546,2.6014864,0.53119355
1356510633633,2.5606253,4.0180025,-1.3075534
1356510633673,0.7218784,6.238119,-3.8681788
1356510633713,0.53119355,9.507003,-8.730643
1356510633753,1.7297841,12.912089,-8.962189
1356510633793,0.46309182,12.598822,-8.308413
1356510633833,0.46309182,8.62168,-6.782933
1356510633873,2.152015,14.437569,4.140586
1356510633913,1.1441092,11.182305,-1.1441092
1356510633953,0.6946377,7.8180795,0.7627395
1356510633993,-3.1054392,12.067628,2.4108016
1356510634033,-0.040861044,9.112013,-0.29964766
1356510634073,2.7921712,5.6660647,-2.2201166
1356510634113,-0.7627395,7.9679036,-1.4573772
1356510634153,-1.334794,8.962189,-0.23154591
1356510634193,-0.040861044,10.460427,-1.1441092
1356510634233,-0.7627395,11.563675,-2.1792557
1356510634273,-1.0760075,12.9529505,-0.8036005
1356510634313,-1.4573772,13.6748295,-1.920469
1356510634353,-3.3642259,14.437569,1.2666923
1356510634393,-0.46309182,12.980191,2.8738933
1356510634433,7.3141265,14.206022,1.4165162
1356510634490,3.405087,14.137921,-2.3699405
1356510634513,-2.8330324,13.184497,-1.0351465
1356510634553,-1.2258313,6.6331096,1.2258313
1356510634593,0.040861044,2.6014864,0.23154591
1356510634633,1.6480621,4.372132,-0.6537767
1356510634673,1.2666923,5.243834,-1.9885708
1356510634713,-0.9942854,6.973618,-6.891896
1356510634753,0.19068487,11.563675,-9.493382
1356510634793,2.1792557,13.252599,-9.00305
1356510634833,1.7978859,11.645397,-6.2789803
1356510634873,1.0760075,14.437569,-1.9477097
1356510634913,0.5720546,8.390134,2.3699405
1356510634953,-1.1441092,10.800936,1.4982382
1356510634993,-2.4108016,10.691973,0.61291564
1356510635033,0.38136974,8.240311,-0.14982383
1356510635073,2.070293,7.1234417,-2.1792557
1356510635113,-0.9125633,7.9270425,-1.4165162
1356510635153,-0.50395286,8.689782,-1.56634
1356510635193,-1.0760075,9.084772,-0.46309182
1356510635233,0.88532263,10.460427,-0.29964766
1356510635273,-0.88532263,12.721405,-1.56634
1356510635313,-2.7240696,14.369467,-1.7297841
1356510635353,-1.6480621,12.489859,-0.7627395
1356510635393,-3.8273177,13.211738,1.920469
1356510635433,4.0588636,12.408136,3.405087
1356510635498,7.504812,16.630445,0.5720546
1356510635513,1.7297841,13.6748295,-3.486809
1356510635553,-2.7921712,12.14935,-0.0
1356510635593,-1.607201,6.0201936,0.9942854
1356510635633,0.6537767,3.0237172,0.92618364
1356510635673,2.3699405,3.8681788,-0.61291564
1356510635713,1.4573772,4.862464,-1.6889231
1356510635753,-0.9125633,7.164303,-6.469665
1356510635793,1.5390993,12.571581,-8.308413
1356510635833,-0.08172209,13.184497,-9.275456
1356510635873,0.6946377,11.495573,-7.8180795
1356510635913,1.8387469,16.507862,1.6889231
1356510635963,1.0351465,7.9270425,1.7978859
1356510635983,1.9885708,9.084772,1.2666923
1356510636023,-1.607201,11.563675,2.4108016
1356510636063,-0.84446156,9.00305,-0.7218784
1356510636103,2.4516625,6.932757,-2.1792557
1356510636143,0.040861044,7.504812,-1.4573772
1356510636183,-1.2258313,9.275456,-1.9885708
1356510636223,-0.84446156,8.730643,-1.1441092
1356510636263,-0.10896278,10.269742,-0.53119355
1356510636303,-1.0760075,12.367276,-0.61291564
1356510636343,-1.920469,13.906375,-1.0351465
1356510636383,-1.3075534,13.443283,-1.1849703
1356510636423,-3.405087,13.797412,0.6537767
1356510636491,1.9477097,12.026767,3.718355
1356510636504,8.158588,14.056199,0.88532263
1356510636543,0.88532263,13.865514,-4.140586
1356510636583,-2.6423476,11.958665,2.070293
1356510636623,-0.9125633,6.0474343,0.14982383
1356510636663,1.2258313,3.445948,-0.23154591
1356510636703,2.3426998,3.759216,-0.29964766
1356510636743,1.1168685,5.366417,-1.920469
1356510636783,0.23154591,6.66035,-5.7886477
1356510636823,1.0351465,11.182305,-8.730643
1356510636863,0.040861044,14.056199,-9.493382
1356510636903,-0.10896278,11.141444,-8.689782
1356510636943,0.92618364,12.912089,-2.3426998
1356510636983,1.1849703,12.871228,4.6036777
1356510637023,3.5276701,7.8180795,-0.95342433
1356510637063,-2.9147544,11.727119,3.1054392
1356510637103,-2.4516625,10.56939,0.53119355
1356510637143,2.9556155,6.701211,-2.3426998
1356510637183,1.0351465,6.469665,-2.0294318
1356510637223,-1.525479,8.853226,-1.1168685
1356510637263,-1.2666923,9.00305,-1.1441092
1356510637303,-0.3405087,10.760075,-1.0351465
1356510637343,-1.56634,11.958665,-0.8036005
1356510637383,-0.9942854,13.593107,-0.53119355
1356510637423,-0.46309182,13.102775,-1.8387469
1356510637486,-2.8738933,13.0619135,0.19068487
1356510637503,-0.040861044,11.727119,3.1463003
1356510637543,6.469665,13.865514,1.7297841
1356510637583,3.5276701,14.47843,-1.525479
1356510637623,-1.3756552,13.593107,-0.95342433
1356510637663,-1.1441092,6.510526,0.10896278
1356510637703,-0.7218784,4.2495484,0.61291564
1356510637743,1.8387469,3.568531,-0.7627395
1356510637783,1.5390993,4.9850473,-2.1111538
1356510637823,-0.23154591,6.891896,-5.284695
1356510637863,0.46309182,11.536434,-9.00305
1356510637903,1.1168685,12.871228,-8.308413
1356510637943,-0.19068487,10.147159,-8.880466
1356510637983,2.982856,12.762266,-0.10896278
1356510638023,-1.1441092,13.525005,1.6480621
1356510638063,1.4573772,8.430995,0.23154591
1356510638103,-1.9885708,11.645397,1.4165162
1356510638143,-1.0760075,9.765789,0.8036005
1356510638183,2.8330324,6.782933,-1.920469
1356510638223,-0.040861044,7.0553403,-2.4108016
1356510638263,-1.3075534,9.00305,-0.88532263
1356510638303,-0.6946377,8.853226,-0.23154591
1356510638343,0.08172209,10.991621,-2.0294318
1356510638383,-0.88532263,12.176591,-1.1849703
1356510638423,-1.334794,13.102775,-0.9125633
1356510638483,0.38136974,12.639683,-0.88532263
1356510638503,-2.7240696,14.628253,1.4982382
1356510638543,0.19068487,11.75436,2.6014864
1356510638583,4.944186,14.1787815,0.6537767
1356510638623,1.4573772,15.173067,-1.8387469
1356510638663,-2.070293,12.026767,0.38136974
1356510638703,-1.3075534,4.7126403,-0.8036005
1356510638743,-0.23154591,4.7126403,0.42223078
1356510638783,2.1111538,4.2904096,-0.10896278
1356510638823,1.9477097,4.8216033,-1.3756552
1356510638863,-0.0,7.3958488,-5.6252036
1356510638903,1.1441092,10.923519,-9.847511
1356510638943,0.6537767,13.525005,-8.921328
1356510638983,0.23154591,10.651112,-8.349273
1356510639023,0.95342433,13.6748295,-4.671779
1356510639063,1.9477097,11.413852,5.47538
1356510639103,1.4982382,7.6273947,-1.8387469
1356510639143,-3.8273177,13.102775,3.8273177
1356510639183,-0.3405087,9.425281,-2.7240696
1356510639222,1.9885708,6.6331096,-1.4165162
1356510639252,0.313268,6.973618,-0.95342433
1356510639282,-1.0760075,8.812365,-1.6480621
1356510639323,-0.19068487,8.471856,-1.8387469
1356510639363,-0.7218784,9.697687,0.50395286
1356510639403,-0.19068487,11.264028,-1.525479
1356510639443,-1.525479,12.762266,-1.4165162
1356510639484,-1.607201,13.593107,-0.8036005
1356510639523,-2.1383946,14.7916975,0.9942854
1356510639563,0.5720546,12.789507,1.3756552
1356510639603,4.372132,11.645397,1.4165162
1356510639643,5.284695,14.7916975,-0.10896278
1356510639683,-1.1849703,11.645397,0.7627395
1356510639723,-0.95342433,7.9679036,-2.8738933
1356510639763,-0.29964766,4.9850473,0.3405087
1356510639803,0.7627395,4.7126403,-0.19068487
1356510639843,1.9477097,3.759216,-1.2666923
1356510639883,0.313268,6.5922484,-5.012288
1356510639923,0.6537767,10.61025,-8.580819
1356510639963,2.5606253,12.762266,-8.539958
1356510640003,2.3426998,11.75436,-8.267551
1356510640043,2.7921712,15.050485,-3.445948
1356510640083,-0.3405087,8.962189,2.5333846
1356510640123,0.53119355,10.419566,1.3756552
1356510640164,-1.920469,11.563675,1.1168685
1356510640203,-0.27240697,8.539958,-1.2666923
1356510640243,1.607201,7.164303,-0.9125633
1356510640283,-0.23154591,7.6273947,-1.4165162
1356510640323,-0.46309182,8.499097,-2.6014864
1356510640363,-0.9942854,8.812365,-0.08172209
1356510640403,0.7627395,10.841797,-0.3405087
1356510640443,0.040861044,11.454713,-2.2609777
1356510640484,-2.070293,13.865514,-0.42223078
1356510640523,-0.9942854,13.0619135,-1.607201
1356510640563,-3.405087,14.2877445,1.0351465
1356510640603,1.920469,12.340035,3.1463003
1356510640643,8.008764,13.633968,1.4165162
1356510640683,2.4516625,12.53072,-1.879608
1356510640723,-2.1792557,11.985906,-0.6946377
1356510640763,-0.7627395,5.8567495,-0.0
1356510640803,-0.27240697,4.2904096,0.040861044
1356510640843,1.6480621,4.399372,-0.6946377
1356510640883,1.607201,5.366417,-2.982856
1356510640923,0.10896278,7.5456724,-6.510526
1356510640963,0.9942854,11.917805,-8.921328
1356510641003,1.0351465,12.176591,-8.349273
1356510641043,1.5390993,11.454713,-7.9270425
1356510641083,3.2961242,15.213928,1.3075534
1356510641123,-0.27240697,8.894087,1.334794
1356510641163,0.19068487,10.147159,1.7978859
1356510641203,-1.3075534,10.310603,-0.27240697
1356510641243,0.23154591,8.117727,-1.0760075
1356510641284,1.2258313,7.3958488,-1.4573772
1356510641323,-0.7627395,8.689782,-1.3756552
1356510641363,0.040861044,8.076866,-1.8387469
1356510641403,-0.9125633,9.615966,0.23154591
1356510641443,0.3405087,10.991621,-1.607201
1356510641485,-0.9942854,12.4489975,-0.9942854
1356510641523,-1.1168685,13.756551,-0.9942854
1356510641563,-1.1849703,12.830367,-0.10896278
1356510641603,-2.3699405,13.988097,0.50395286
1356510641643,3.1463003,11.372991,2.9556155
1356510641683,6.238119,14.9006605,0.3405087
1356510641723,0.88532263,12.53072,-1.3756552
1356510641763,-2.2201166,10.419566,-2.0294318
1356510641803,-1.0760075,5.47538,0.50395286
1356510641843,0.3405087,4.671779,0.38136974
1356510641883,2.5333846,3.7864566,-0.95342433
1356510641923,0.84446156,5.6252036,-2.8738933
1356510641963,-0.6537767,8.158588,-7.3958488
1356510642003,1.920469,12.871228,-9.152874
1356510642043,0.6537767,12.680544,-7.8589406
1356510642083,0.61291564,10.337844,-7.6954966
1356510642123,2.1792557,13.756551,3.255263
1356510642163,0.9942854,10.841797,0.19068487
1356510642203,1.0760075,9.152874,1.4573772
1356510642243,-2.3699405,11.563675,1.0760075
1356510642283,1.0351465,8.62168,-1.3075534
1356510642323,1.9477097,6.510526,-1.3756552
1356510642363,-0.50395286,8.049625,-1.334794
1356510642403,-0.6946377,8.662541,-1.7297841
1356510642443,-0.23154591,9.956474,-0.53119355
1356510642487,-0.3405087,10.800936,-2.2609777
1356510642523,-1.3756552,12.299174,0.19068487
1356510642563,-0.88532263,13.293459,-1.7297841
1356510642603,-1.6480621,13.33432,0.3405087
1356510642643,-2.6832085,13.988097,0.23154591
1356510642683,3.759216,11.223166,2.7240696
1356510642723,5.9793324,15.322891,0.313268
1356510642763,0.8036005,13.33432,-2.1111538
1356510642803,-1.56634,9.724928,-0.7627395
1356510642843,-1.1849703,4.862464,-0.19068487
1356510642883,0.19068487,4.7535014,0.19068487
1356510642923,2.6423476,3.8273177,-0.5720546
1356510642963,0.5720546,5.9793324,-3.405087
1356510643003,-0.0,8.008764,-7.6273947
1356510643043,1.4982382,12.789507,-9.997335
1356510643083,0.61291564,12.408136,-7.504812
1356510643123,0.50395286,8.921328,-7.7772183
1356510643163,2.2609777,13.988097,2.9147544
1356510643203,-0.19068487,13.906375,1.6480621
1356510643243,2.1792557,8.008764,0.38136974
1356510643283,-2.4925237,11.114203,1.8387469
1356510643323,-0.50395286,9.656827,-0.29964766
1356510643363,2.3426998,6.5922484,-1.7297841
1356510643403,0.040861044,7.5865335,-1.607201
1356510643443,-1.2666923,8.894087,-1.525479
1356510643485,-0.38136974,9.656827,0.10896278
1356510643523,0.313268,11.114203,-2.3018389
1356510643563,-1.0351465,11.836082,-1.1441092
1356510643603,-0.9942854,13.525005,-1.1441092
1356510643643,0.040861044,12.598822,-1.334794
1356510643683,-3.5276701,14.1787815,0.7218784
1356510643723,2.3018389,11.917805,3.405087
1356510643763,6.3198414,15.213928,0.5720546
1356510643803,0.27240697,13.33432,-2.9556155
1356510643843,-2.0294318,10.991621,0.61291564
1356510643883,-0.95342433,5.053149,-0.3405087
1356510643923,0.19068487,4.3312707,0.38136974
1356510643963,2.6014864,3.9499009,-0.38136974
1356510644003,0.50395286,6.2108784,-2.8738933
1356510644043,0.7627395,8.19945,-7.5456724
1356510644083,1.3075534,12.789507,-8.771504
1356510644123,0.8036005,12.299174,-9.384419
1356510644163,0.9942854,10.691973,-6.891896
1356510644203,2.1792557,15.854085,4.099725
1356510644243,1.9885708,9.615966,0.313268
1356510644303,0.38136974,9.534244,1.879608
1356510644313,-2.982856,11.182305,1.6480621
1356510644353,-0.08172209,8.921328,-0.95342433
1356510644393,2.4108016,6.4424243,-1.9477097
1356510644433,-0.7627395,7.7363577,-0.9942854
1356510644482,-1.0760075,9.343558,-1.3075534
1356510644513,-0.46309182,10.119919,-0.84446156
1356510644553,0.23154591,10.419566,-2.0294318
1356510644593,-1.1441092,12.571581,-0.10896278
1356510644633,-0.88532263,13.33432,-1.4165162
1356510644673,-0.29964766,12.680544,0.14982383
1356510644713,-3.173541,13.947236,0.3405087
1356510644753,1.1168685,11.985906,2.7921712
1356510644793,6.5513873,15.28203,1.0760075
1356510644833,2.1111538,12.680544,-1.0760075
1356510644873,-2.4108016,10.923519,-0.9125633
1356510644913,-1.4982382,5.5162406,-0.23154591
1356510644953,-0.3405087,4.862464,0.50395286
1356510644993,2.8330324,3.445948,-0.50395286
1356510645033,0.46309182,5.5162406,-2.982856
1356510645073,-0.27240697,7.7772183,-7.8861814
1356510645113,1.4573772,12.4489975,-8.730643
1356510645153,0.7218784,12.14935,-8.662541
1356510645193,1.879608,11.536434,-5.9793324
1356510645233,1.3756552,15.363752,2.7240696
1356510645273,2.4925237,8.894087,0.08172209
1356510645313,-1.607201,11.985906,2.3699405
1356510645353,-2.0294318,10.337844,0.27240697
1356510645393,1.3756552,7.273266,-1.1168685
1356510645433,1.1168685,6.6331096,-1.2258313
1356510645473,-1.1168685,8.19945,-1.7978859
1356510645513,-0.61291564,8.308413,-1.1168685
1356510645553,-0.61291564,10.61025,-0.23154591
1356510645593,0.14982383,11.604536,-2.5333846
1356510645633,-1.9477097,13.0619135,-0.7627395
1356510645673,-1.0760075,13.593107,-1.4982382
1356510645713,-2.3426998,14.519291,1.4573772
1356510645753,0.313268,12.680544,2.2609777
1356510645793,7.082581,13.102775,1.1849703
1356510645833,3.7864566,14.2877445,-0.3405087
1356510645873,-1.2666923,13.021052,-0.9942854
1356510645913,-1.0760075,7.1234417,-0.9942854
1356510645953,-0.10896278,4.2086873,0.7218784
1356510645993,1.5390993,3.759216,0.14982383
1356510646033,1.56634,4.7126403,-1.9885708
1356510646073,-0.0,6.973618,-6.6331096
1356510646113,1.1849703,10.882658,-9.193735
1356510646153,1.9477097,12.4489975,-8.008764
1356510646193,2.5333846,11.264028,-6.742072
1356510646233,3.445948,15.636159,-1.1441092
1356510646273,-0.040861044,9.656827,1.6480621
1356510646313,-1.2666923,11.604536,2.7649305
1356510646353,-0.3405087,9.575105,0.42223078
1356510646393,1.5390993,7.668256,-0.7627395
