1356024120198,0.0,0.0,0.0
1356024120236,0.14971733,-0.12249565,-0.23138088
1356024120278,-0.041627884,0.19118404,0.110111415
1356024120317,0.07918358,-0.121346,-0.309453
1356024120356,0.076122284,0.15170431,-0.37238503
1356024120398,-0.09175968,0.11072254,0.059280336
1356024120436,0.025625229,0.108979225,-0.049021065
1356024120476,-0.061110497,0.022953033,-0.03091234
1356024120516,0.01680851,0.09746504,-0.39269286
1356024120556,-0.026064873,0.23773432,-0.07373202
1356024120596,-0.02618599,0.0352993,0.027154028
1356024120636,-0.13368607,0.37573814,0.31788027
1356024120676,-0.10331154,0.38648224,0.18336391
1356024120716,-0.1663084,0.17552185,0.3010056
1356024120756,-0.15851879,0.31347752,-0.20371097
1356024120796,-0.10665417,0.20098782,-0.32235974
1356024120836,0.01621151,-0.29607773,-0.7577485
1356024120876,-0.076807976,0.5139699,-0.5342721
1356024120916,-0.60516167,1.1764078,0.50588775
1356024120956,-0.3969717,0.68055916,-0.12742603
1356024120996,-0.18512058,-0.20368528,-0.3283219
1356024121036,-0.035399437,-0.33511734,0.08670175
1356024121076,-0.08482456,-0.38884163,-0.11336082
1356024121117,0.07256222,-0.013823986,-0.69903684
1356024121155,0.29427528,-0.42589855,-1.0157204
1356024121196,0.5488205,-0.88445187,-1.5193678
1356024121235,0.55883026,-0.8701563,-1.599233
1356024121276,0.700984,-0.49088383,-1.2973219
1356024121316,0.90417385,-0.76952934,-1.3825333
1356024121356,1.0852585,-1.4238391,-1.5141498
1356024121396,0.5088854,-1.3266206,-0.8404349
1356024121436,-0.19515324,-0.9005847,-0.35299394
1356024121476,-0.3362732,0.32947683,-0.19003004
1356024121516,-0.30811596,0.18986225,0.59749484
1356024121556,1.7959919,0.43591356,0.88877934
1356024121596,2.9257603,-1.2226901,2.288916
1356024121636,1.5785828,-0.35150194,1.6650176
1356024121676,3.7869072,-1.7237499,0.5478644
1356024121716,1.8974867,0.1788826,2.3859751
1356024121756,1.2361336,1.9500499,0.5053096
1356024121796,4.165021,2.9040737,-1.7614574
1356024121836,1.43573,4.6900663,-0.6930367
1356024121876,0.27079582,2.6107373,0.17827454
1356024121916,-1.2250242,0.8578887,-1.1509173
1356024121956,-4.1302066,-1.5364087,-1.267138
1356024121996,-7.831978,-0.90543747,-1.0884211
1356024122036,-9.920863,-1.124115,-0.54210305
1356024122076,-9.41317,-3.7938275,1.6082109
1356024122118,-5.403284,-5.645586,6.600898
1356024122156,4.59262,-6.8305354,14.072161
1356024122196,3.1299276,-6.947325,11.270894
1356024122236,1.7798786,0.4000473,3.6234798
1356024122276,5.080385,4.9425907,0.66403276
1356024122316,-8.253204,0.46473217,-3.3828819
1356024122357,5.0751486,1.9561822,-4.268452
1356024122401,6.6595736,0.70510626,-3.0236604
1356024122437,-1.4816189,2.4859445,-4.274559
1356024122474,0.5324745,2.1209095,-4.203598
1356024122517,0.8165269,2.0176585,-4.16791
1356024122556,-0.8024144,0.76593685,-4.8758693
1356024122596,-0.51199913,0.5542836,-3.4780319
1356024122636,1.2605915,-0.010171175,-1.2208452
1356024122676,4.0361013,-1.0620098,-0.01493752
1356024122716,5.1376266,-2.774241,0.8935343
1356024122756,3.8374176,-0.39894676,2.5030077
1356024122796,5.0174894,-1.6364598,-0.10377198
1356024122836,3.3277912,5.2524104,-0.3291432
1356024122877,4.4525433,4.883724,-2.2847922
1356024122916,2.5772486,4.124753,-0.6345005
1356024122956,-0.16431141,1.2247815,-0.16131842
1356024122997,-5.2524323,0.5207324,-1.4552319
1356024123036,-10.131111,-0.8863406,-1.4005679
1356024123076,-11.448473,-1.273272,-1.3794572
1356024123117,-10.940117,-2.0536675,-0.54401374
1356024123155,-8.663297,-3.5992684,2.555938
1356024123196,0.13541889,-5.6844363,12.657854
1356024123236,8.285475,-6.346231,14.216658
1356024123276,-2.7947187,-6.5074053,8.97083
1356024123316,3.4738493,6.926791,0.45303673
1356024123356,6.033113,1.9633884,-1.2090199
1356024123396,-9.431253,1.3262007,-6.6109586
1356024123436,6.4139075,2.0842502,-3.9400969
1356024123476,6.2248316,-0.3364718,-3.6026473
1356024123516,-1.3989367,1.2523925,-4.5226297
1356024123556,-1.5325241,1.9719453,-3.6245918
1356024123596,0.38786745,3.276761,-4.833246
1356024123636,-0.031885147,0.78455496,-3.8123274
1356024123676,2.119172,-3.6320882,-1.6699349
1356024123716,4.6297445,-0.30448627,-0.567937
1356024123756,4.282693,-1.226685,1.5167928
1356024123796,4.091546,-1.7491527,0.6890582
1356024123836,3.8221807,-1.933861,0.87927
1356024123876,4.603697,2.2227826,1.925739
1356024123916,4.234234,11.526874,-1.9457315
1356024123957,2.1919928,5.363519,-0.26799452
1356024123996,0.29791546,0.2027297,-0.7432919
1356024124036,-4.851805,-1.5992916,-2.481226
1356024124076,-9.742044,-2.4645104,-2.6838572
1356024124118,-12.017538,-2.5937407,-1.68506
1356024124158,-12.233377,-2.5319574,-0.1694965
1356024124198,-9.227914,-3.5017366,2.582781
1356024124238,-0.8002062,-3.2855945,12.509774
1356024124277,7.9421825,-6.7086887,15.0151205
1356024124318,-0.55349445,-5.29686,11.107899
1356024124357,9.716647,7.987045,-4.4635262
1356024124397,-11.148202,1.5994372,-3.236339
1356024124437,2.5237365,4.309172,-7.4080925
1356024124477,10.376561,-0.27092505,-2.3842463
1356024124517,-0.30366564,0.024928808,-3.98097
1356024124556,-0.9670701,0.19819832,-3.1415353
1356024124596,0.38638258,2.4130094,-4.0957127
1356024124636,0.29464436,0.2705102,-3.6098528
1356024124676,1.7915573,-1.8304367,-3.029334
1356024124716,2.9947805,-0.25670004,-0.29054022
1356024124756,5.875347,-1.786715,0.6656078
1356024124796,4.8928022,-1.703501,0.9747528
1356024124836,2.7759104,0.24008083,2.2682488
1356024124876,4.3856363,-0.8613043,0.064533636
1356024124916,3.7260952,7.982068,-2.9631314
1356024124956,2.2479572,5.4592714,-1.1944356
1356024124996,2.013956,1.4612575,0.23897696
1356024125047,-3.8726258,1.0920506,-1.3018901
1356024125101,-8.739675,-0.4449644,-1.5657884
1356024125114,-11.755942,-1.4243674,-1.5572042
1356024125156,-11.4154215,-2.7734926,-1.0105863
1356024125197,-8.145835,-5.3307548,2.3419237
1356024125236,0.52510166,-7.777425,11.497514
1356024125276,6.458452,-6.932082,11.473099
1356024125316,-2.8369184,-6.99568,8.725476
1356024125375,4.010069,10.851353,2.7807226
1356024125397,0.22840023,-0.32488298,-4.635909
1356024125437,-3.8123112,3.5977793,-7.0914173
1356024125474,9.114773,2.2307646,-2.2404711
1356024125517,0.9572263,0.8218188,-3.1798506
1356024125556,-2.846612,1.1036656,-3.4171345
1356024125596,-0.420794,1.4290838,-3.6796522
1356024125636,-0.36150312,0.9242053,-4.120536
1356024125676,0.73486423,-0.90648746,-3.3831375
1356024125716,2.377595,-0.9943037,-0.86431885
1356024125756,4.7521048,-0.013963699,1.8764094
1356024125796,5.4612885,-3.387494,1.2166
1356024125836,2.7609596,-0.19891548,2.4931188
1356024125876,2.41148,-0.68278885,-0.5068171
1356024125916,4.5060663,3.5922117,-0.5523762
1356024125956,2.5142183,8.143601,-3.0604324
1356024125996,2.3517742,3.7925987,-1.339624
1356024126036,1.2367239,0.98906946,-0.24612796
1356024126076,-5.1033764,1.0243726,-0.8340318
1356024126116,-10.150171,0.3137393,-1.2472385
1356024126155,-12.177609,-0.7575598,-0.7706909
1356024126196,-11.004386,-2.572549,0.40426353
1356024126236,-8.0847645,-4.528689,2.7403355
1356024126277,2.5429268,-8.089336,13.816637
1356024126316,6.3050394,-8.846642,11.798377
1356024126356,0.4980011,-5.4924965,9.32063
1356024126396,7.074105,11.351625,-5.17615
1356024126437,-10.956007,-0.4729252,-4.353114
1356024126476,3.9352093,4.1564283,-6.961878
1356024126516,8.243612,-0.28462863,-2.621946
1356024126556,-2.1178317,1.1877079,-3.6964722
1356024126596,-1.2410512,0.55866694,-3.3314075
1356024126636,1.4195743,2.4451103,-4.0968204
1356024126676,0.12629747,-0.09350991,-3.6639562
1356024126716,1.6071472,-2.1135762,-2.3923998
1356024126756,2.9799528,-0.3158965,0.07471168
1356024126796,5.15901,-0.6750126,1.935659
1356024126836,4.5677786,-1.9968417,1.3177365
1356024126876,3.6848812,-0.15532064,1.4080877
1356024126916,4.977269,1.1539488,0.9321822
1356024126956,2.1287746,8.822763,-1.8496693
1356024126996,3.166812,4.786938,-1.6142848
1356024127036,2.1360207,0.43134165,0.033936337
1356024127076,-3.31102,0.4788289,-1.089671
1356024127116,-8.741774,-0.84472513,-1.5393834
1356024127155,-11.71875,-1.3847208,-1.1161256
1356024127196,-12.524177,-2.0769188,-0.49845293
1356024127236,-9.471652,-3.0951753,2.2970111
1356024127276,1.0625029,-5.3974366,12.893528
1356024127316,6.7903395,-7.091569,12.459234
1356024127356,0.7193098,-1.790071,9.857933
1356024127397,7.368431,6.2207274,-6.816027
1356024127446,-10.544023,-0.1789012,-4.939843
1356024127486,6.3873706,5.7013254,-4.5297327
1356024127526,6.630649,-1.6498382,-3.3003268
1356024127566,-0.029531956,-0.053341627,-3.7356598
1356024127606,-1.3732014,0.814168,-2.90472
1356024127646,-0.5768771,2.040474,-3.4700131
1356024127686,-0.12825966,-1.2877159,-2.2605448
1356024127726,1.7251711,-2.5002358,-1.415371
1356024127766,4.022979,-0.19222784,1.2987806
1356024127806,5.9720736,-3.9620404,2.8732512
1356024127846,3.597187,-1.2230499,2.698222
1356024127887,3.4615726,-0.9535961,0.75881743
1356024127926,6.3522882,5.1838264,0.14193977
1356024127966,1.8530483,10.260991,-2.095772
1356024128006,1.7763891,3.158227,0.49043244
1356024128046,-0.8059759,-2.1066372,-0.59230757
1356024128117,-7.138992,-0.5976424,-3.5179462
1356024128130,-10.884668,-1.980587,-3.211322
1356024128167,-11.821083,-2.7631805,-2.068408
1356024128208,-10.750109,-2.100258,-1.0772948
1356024128248,-6.62028,-3.8506448,4.9088163
1356024128288,4.9818745,-7.1156926,17.111063
1356024128328,2.9975052,-6.4727864,12.962101
1356024128385,7.456891,8.4809885,0.56884164
1356024128407,-5.312822,3.2355332,-4.44359
1356024128447,-1.4329844,1.3776183,-7.191678
1356024128484,10.015041,2.4550073,-1.0279831
1356024128527,0.9260812,0.1642797,-2.9075902
1356024128566,-1.0025182,-0.008431673,-2.9750035
1356024128606,-0.6655741,0.97196627,-3.367486
1356024128646,0.015674114,-0.33329678,-3.8684583
1356024128686,1.3822222,-1.8681657,-3.56936
1356024128726,2.2359734,-0.7741833,-0.727396
1356024128766,5.5106506,-0.81783533,2.956275
1356024128806,6.061389,-4.329266,2.369329
1356024128846,2.2228518,-0.42765045,2.999919
1356024128887,3.281354,-1.491123,-0.35551292
1356024128926,6.2207737,7.3106833,-2.552997
1356024128966,2.089404,8.559618,-3.0075734
1356024129006,3.6999779,2.3076706,0.54871583
1356024129046,-2.2982292,0.6227865,-1.2687923
1356024129117,-8.648221,0.72239685,-2.5753956
1356024129129,-12.094215,-1.4108253,-2.227046
1356024129168,-13.4129505,-2.0292823,-1.9581485
1356024129208,-10.806081,-2.5527222,-0.30210623
1356024129247,-5.1448345,-3.412181,8.370478
1356024129288,8.102461,-7.8546762,16.38537
1356024129328,-0.37361336,-7.493166,11.295313
1356024129368,6.734337,8.627268,-1.7119697
1356024129408,-1.8669357,4.12272,-3.453185
1356024129446,-3.778968,4.384015,-8.560233
1356024129486,10.62373,1.2934651,-1.9881268
1356024129526,1.4330583,-2.5133038,-3.3492508
1356024129566,-2.4717917,-1.3007262,-3.007275
1356024129606,-0.21920109,0.36760044,-3.7445278
1356024129646,0.70235586,-1.0597675,-3.4857993
1356024129686,0.6866627,-0.4565034,-2.6084893
1356024129726,3.037117,-1.3117604,0.14097142
1356024129766,6.784277,-2.8645592,0.8717613
1356024129806,5.549118,-1.684578,1.8872511
1356024129846,4.9044924,-2.0847347,1.2742021
1356024129886,2.9622822,1.1483254,0.82799965
1356024129926,3.7623663,11.353042,-2.23502
1356024129966,1.6648912,6.5472,-2.037773
1356024130006,2.644781,0.35673904,0.985593
1356024130046,-3.34334,-0.32975626,-1.0422922
1356024130117,-10.186236,0.16345072,-2.233664
1356024130129,-12.909418,-1.5170007,-1.6632714
1356024130164,-12.728759,-2.2069988,-0.981592
1356024130207,-10.166295,-2.9643044,-0.04544334
1356024130246,-2.0146685,-4.310906,11.72301
1356024130286,9.056368,-7.408832,15.17568
1356024130327,-2.6959095,-6.183914,8.981034
1356024130366,7.1281767,8.662891,-1.3102263
1356024130406,-0.8773103,2.4815073,-2.170856
1356024130446,-4.871343,1.6535583,-7.009499
1356024130486,9.681893,1.1738462,-2.6691506
1356024130526,3.0483685,-0.16278505,-3.0948822
1356024130566,-1.2654991,0.18900537,-3.3176994
1356024130606,-1.5133181,1.2536983,-3.047389
1356024130646,0.35162687,0.3030467,-4.2535577
1356024130686,0.92232037,-2.0433109,-3.3003187
1356024130726,1.7085257,-0.5509944,-0.97334003
1356024130766,4.2015886,0.4253168,0.55634403
1356024130806,5.438986,-3.4486423,0.9642792
1356024130846,2.874508,0.11141062,2.9829712
1356024130886,4.227563,-3.0452876,0.6462817
1356024130926,6.6129436,4.3793135,-1.9321785
1356024130966,2.331767,10.561427,-2.9597294
1356024131006,2.6928453,3.6008716,0.99748755
1356024131046,-0.37680912,-0.015732765,-1.134065
1356024131118,-7.194652,-0.9057815,-1.8240646
1356024131130,-12.158201,-1.5444987,-2.0978892
1356024131168,-13.566444,-1.9661,-1.3526492
1356024131207,-12.347757,-2.902251,0.12752712
1356024131247,-7.1477203,-4.2432156,5.505543
1356024131288,6.197628,-6.6512337,17.196985
1356024131328,3.0876617,-6.210627,11.696767
1356024131385,8.528765,4.4592924,0.09238378
1356024131406,-12.408394,3.7541862,-6.1513906
1356024131448,-2.2494187,1.6330466,-7.1880636
1356024131484,10.329386,2.4297185,-1.0112098
1356024131527,0.45608187,0.2870946,-2.324032
1356024131566,-0.13880587,0.043918848,-3.0697308
1356024131606,2.8098621,-0.42688298,-2.1540608
1356024131646,0.48616886,0.11541033,-3.557686
1356024131686,0.7891884,-0.54109573,-4.4868727
1356024131726,3.2217789,0.61155415,0.44240296
1356024131766,4.7587733,-0.21473265,2.7558994
1356024131806,5.7784243,-4.3780346,2.11966
1356024131846,3.050888,-1.3058143,0.90413326
1356024131886,5.7333984,0.8043456,-0.56170666
1356024131926,6.6806917,8.228283,-2.7579315
1356024131966,3.5577965,5.935542,-3.3385198
1356024132006,3.063923,1.84482,-0.05668205
1356024132046,-3.953302,1.2932119,-0.1463148
1356024132117,-11.201789,0.8062444,-1.4866776
1356024132130,-13.225516,-1.4223442,-1.4682534
1356024132168,-13.499161,-2.43045,-0.4535206
1356024132207,-10.245081,-3.1883118,1.5025871
1356024132249,-0.3494444,-4.880547,12.876527
1356024132288,8.251906,-10.588753,14.1235075
1356024132328,-1.9328275,-6.2574167,8.417502
1356024132368,7.411709,9.6769285,-3.5619667
1356024132410,-7.8809967,0.72219753,-2.35393
1356024132438,-1.8610291,2.5351448,-7.37156
1356024132478,11.026121,1.4212971,-2.6024237
1356024132518,2.635888,-0.7328627,-3.7569737
1356024132556,-1.4701514,1.5672464,-3.6846032
1356024132596,0.6006446,2.3167586,-2.8622031
1356024132636,0.95258045,-1.2243483,-3.7923589
1356024132677,0.77465343,-0.9422567,-3.906419
1356024132716,0.9147539,0.020879745,-1.0404997
1356024132756,4.592781,-2.4545867,1.4665127
1356024132796,3.9617643,-2.4668555,1.0421419
1356024132836,3.041748,-0.966244,1.678314
1356024132876,5.551693,0.19375563,0.010281593
1356024132916,6.085677,10.433615,-2.750983
1356024132956,3.0820932,8.208167,-1.890986
1356024132996,1.5540304,1.3611636,0.84804404
1356024133036,-5.162367,0.3025279,-1.6226099
1356024133076,-9.652782,-1.0041661,-1.2592381
1356024133116,-13.60874,-1.4577186,-1.492573
1356024133156,-13.050341,-2.3947513,-0.97999215
1356024133196,-7.930665,-4.3226757,2.8732133
1356024133236,3.3928175,-7.3367662,14.766671
1356024133276,7.5765324,-7.642863,11.875906
1356024133316,-1.8847857,-2.0289316,8.756118
1356024133356,6.2188034,8.558049,-5.549939
1356024133403,-8.850536,-0.5892463,-3.5962715
1356024133438,2.9008622,4.1085873,-6.4607887
1356024133478,9.372376,0.13732195,-2.4214466
1356024133516,-0.4069047,-0.11601019,-4.0923386
1356024133556,-0.21757555,0.52722645,-2.7159224
1356024133596,0.1500721,1.2457438,-3.0904925
1356024133636,0.09315872,0.22353792,-4.0025263
1356024133676,0.7214098,-0.87678456,-2.634093
1356024133716,2.6926527,-0.8962896,0.34778106
1356024133756,4.513999,-1.6882942,2.0126228
1356024133796,4.724017,-2.9249856,1.36047
1356024133836,3.043459,-1.2090745,1.2783978
1356024133876,5.0739336,1.5999055,0.79036266
1356024133916,4.4313126,9.932846,-3.0275233
1356024133956,2.4296436,5.488098,-0.6061586
1356024133996,1.3025379,1.6752324,0.5685401
1356024134036,-3.4914522,-0.27174902,-1.2979909
1356024134076,-9.967773,-0.7651391,-2.1307542
1356024134118,-12.0266285,-2.23224,-1.8890351
1356024134158,-12.588868,-2.7951417,-1.0039778
1356024134198,-10.343286,-3.7065911,1.1683698
1356024134238,0.7735939,-5.013432,14.330189
1356024134278,8.300477,-8.157134,13.886757
1356024134317,-3.51617,-4.9068537,8.690253
1356024134375,7.0192575,10.524648,-3.2601256
1356024134397,-4.3700886,-0.87233186,-2.0449421
1356024134437,-0.9099617,3.3510914,-6.678588
1356024134474,8.912235,0.12273717,-2.488215
1356024134516,2.1197767,-0.013055325,-4.1026278
1356024134556,0.015262127,0.18898344,-3.6517394
1356024134596,-0.9913597,1.4722972,-3.3266902
1356024134636,-0.061066628,1.0316234,-4.075267
1356024134676,1.218606,-1.3116703,-3.5641894
1356024134716,2.9713802,-0.37153673,-0.96303034
1356024134756,4.280651,-0.52121496,0.6010345
1356024134796,5.4276047,-2.9026856,1.1031511
1356024134836,3.800764,-0.25034904,2.86444
1356024134876,4.669428,-1.5698955,0.46449935
1356024134916,5.5820036,7.0930567,-1.6480844
1356024134956,2.4969664,7.7646036,-2.339503
1356024134996,1.7492971,3.2867799,0.61452377
1356024135036,-2.6336184,-0.23367262,-0.49401772
1356024135076,-8.666006,-1.2139266,-1.671081
1356024135116,-11.607818,-2.7334979,-2.7582386
1356024135155,-12.59846,-2.9228303,-2.0513287
1356024135197,-11.056536,-2.5774426,-0.4001308
1356024135236,-1.4327374,-3.006619,13.806217
1356024135276,8.903887,-5.4459043,15.978757
1356024135316,-2.0850682,-6.2872667,9.9177265
1356024135356,2.8031826,6.132612,-0.21871519
1356024135396,1.0591359,3.5502262,-3.3436472
1356024135436,-3.5045393,-0.6168699,-7.8785
1356024135476,7.623813,3.7810826,-2.6975143
1356024135516,2.201332,-0.22615719,-3.5897295
1356024135556,-0.39331102,0.13426924,-4.559952
1356024135596,-0.18192625,0.5111346,-3.787321
1356024135636,0.28062582,0.94061327,-4.3397546
1356024135676,0.20252419,-0.5622883,-3.9540727
1356024135716,2.1686373,-0.5371518,-1.7796838
1356024135756,4.490244,0.6456485,1.4689878
1356024135796,6.0526123,-4.534428,2.2017593
1356024135836,3.2641916,-1.4832096,2.9689417
1356024135876,4.4957504,-1.6342835,0.106726855
1356024135917,4.687394,7.8497496,-0.4457289
1356024135956,1.9394703,7.9277906,-2.5798032
1356024135996,4.406232,3.2997994,0.75148237
1356024136036,-0.38812733,-0.3341055,-0.33004004
1356024136076,-7.755596,-0.48689938,-1.7659999
1356024136115,-12.12064,-1.9501939,-2.017357
1356024136156,-13.3873415,-2.5062315,-1.8915517
1356024136196,-12.378459,-2.562455,-0.44709194
1356024136236,-5.4352355,-3.928097,8.628573
1356024136276,8.364988,-7.410462,16.821764
1356024136316,0.731863,-6.4472704,10.463145
1356024136357,7.133602,7.3483057,-1.588635
1356024136396,-6.63371,0.5506654,-4.134885
1356024136437,-0.85099125,1.8390183,-7.6207457
1356024136476,9.387781,2.839662,-1.9012587
1356024136517,0.0264225,0.76992273,-3.13324
1356024136556,-0.40840483,0.8725729,-3.4585977
1356024136596,1.0754232,-0.2098813,-3.3485463
1356024136636,0.27107477,-0.89924765,-3.6710904
1356024136676,1.2596436,-0.6494968,-3.0466108
1356024136716,2.4416523,0.3584733,-0.29157126
1356024136756,5.7612123,-1.5159416,2.7655556
1356024136796,5.8120403,-4.6654277,2.1057005
1356024136836,4.0168715,-0.38086033,1.6355155
1356024136876,3.0332994,2.0728836,1.6296124
1356024136916,4.382249,10.3006935,-2.5091074
1356024136956,3.079218,6.6460238,-1.795593
1356024136996,1.8695812,0.6431327,1.0846533
1356024137036,-4.402562,-1.4357083,-1.9948153
1356024137076,-9.279267,-1.3437989,-2.6259952
1356024137120,-12.834784,-1.5124843,-2.1489408
1356024137158,-12.803569,-2.1458313,-0.6487609
1356024137198,-10.28591,-3.1568873,1.3969426
1356024137238,-1.0976038,-3.0698483,12.522853
1356024137277,8.601925,-8.153942,15.03343
1356024137317,0.80354977,-2.0383065,6.1994295
1356024137375,3.640648,5.841547,-6.2053246
1356024137402,-9.350817,-0.8198385,-4.0498962
1356024137437,6.131854,5.2384167,-3.971683
1356024137474,7.3579497,-0.2239666,-2.1863847
1356024137516,-0.97759295,0.18969631,-3.683722
1356024137556,-0.22053766,0.65977716,-3.1905653
1356024137596,1.7348132,1.4963436,-3.3693345
1356024137636,1.2356958,-1.557013,-3.3022923
1356024137677,1.6482639,-0.6397047,-2.280421
1356024137716,3.388629,0.8614712,0.13294637
1356024137756,5.028776,-2.025149,1.3427217
1356024137796,3.807725,-1.1473577,2.029362
1356024137836,3.1943197,-1.506433,0.9143048
1356024137876,4.981885,1.0972342,0.5341065
1356024137916,4.0514164,10.34004,-2.3937316
1356024137956,2.3823328,4.48645,-0.38395882
1356024137996,1.5211668,-1.2520161,1.2612005
1356024138036,-3.761077,-0.18626308,-0.96266145
1356024138076,-9.628183,-0.5007577,-1.8815761
1356024138120,-11.823679,-1.7288702,-1.6329842
1356024138158,-12.013016,-2.3963747,-0.4135235
1356024138198,-9.800674,-3.1330583,1.4737977
1356024138237,-2.1875105,-4.378045,12.359982
1356024138278,9.467844,-7.225366,14.470844
1356024138316,1.0117397,-2.697661,10.044403
1356024138356,4.638911,6.3490434,-6.66609
1356024138396,-9.97016,-0.19017744,-3.7925997
1356024138436,3.117703,4.443934,-6.8150434
1356024138476,9.246788,0.90541744,-2.579899
1356024138516,-0.5106406,0.17394781,-4.28136
1356024138556,0.48539257,0.28028488,-3.7247007
1356024138596,1.1467533,1.0583076,-3.897621
1356024138636,0.6546068,-0.47374558,-3.9687698
1356024138676,1.8782902,-1.8340025,-2.5792196
1356024138716,2.3267164,0.3105998,0.22090018
1356024138756,5.1153736,-2.7657018,1.4952319
1356024138796,4.20718,-1.652226,0.8916863
1356024138836,3.5465765,-1.2369168,1.9371631
1356024138876,4.020606,1.1233811,1.8006788
1356024138916,4.2943506,9.419909,-2.079047
1356024138956,2.9545393,5.735158,-1.1446819
1356024138996,1.9001837,0.19174719,1.4849472
1356024139036,-3.5290408,-0.054617405,-0.20158254
1356024139076,-9.324612,-0.29829502,-1.8919476
1356024139120,-12.196548,-1.623899,-1.4302721
1356024139158,-11.804231,-2.0012631,-0.9045961
1356024139198,-9.787319,-3.1095753,0.42096484
1356024139236,-2.610363,-4.6544805,12.082079
1356024139276,9.1766205,-8.170263,14.594749
1356024139316,-3.5741706,-0.27455378,8.359511
1356024139356,3.5275073,5.8796816,-8.369618
1356024139396,-3.6106641,-2.2368433,-5.4214225
1356024139436,4.745711,6.5985374,-4.896162
1356024139476,6.6004095,0.15606451,-3.030825
1356024139516,-0.14662123,0.36430788,-3.8894641
1356024139556,-0.42968607,2.1570625,-2.7324643
1356024139596,0.9283247,-0.059150696,-3.147477
1356024139636,0.8215399,-2.117343,-3.6427631
1356024139676,2.2445154,-1.5412214,-0.83046997
1356024139716,4.545725,-0.25331163,1.8139488
1356024139756,5.0662956,-1.98594,0.65181077
1356024139796,3.3099957,0.2692418,2.3023794
1356024139836,4.0737762,-1.3615515,1.0184873
1356024139876,3.6880445,3.0729876,0.18493661
1356024139916,2.0434046,8.276104,-2.0572517
1356024139956,2.2630568,4.1918564,-0.6367591
1356024139996,0.92245674,0.25403833,0.15653497
1356024140036,-3.6898541,-0.6057067,-1.0010096
1356024140076,-8.985741,-1.5658085,-1.632025
1356024140120,-12.279552,-2.1800134,-1.5123959
1356024140158,-11.932027,-2.6525726,-0.8232914
1356024140198,-8.754402,-3.5801723,3.1454399
1356024140237,2.3276224,-5.321101,15.416098
1356024140278,5.9549217,-5.6633844,11.715033
1356024140318,-1.7209263,-0.42459822,6.0879126
1356024140376,6.8934183,4.864301,-5.6212006
1356024140397,-11.576152,0.8943515,-3.6000407
1356024140436,3.9376297,4.9029903,-5.498869
1356024140474,9.086613,0.3856554,-2.4359646
1356024140516,-1.6304421,0.6210742,-4.6665215
1356024140556,1.0588541,0.42672348,-3.1710427
1356024140596,1.959137,0.3838849,-3.3705971
1356024140636,0.28228664,-0.82165956,-3.6555748
1356024140676,1.5320377,-1.6975498,-3.5091276
1356024140716,3.7464576,0.72092533,-0.109962225
1356024140756,6.1869106,-2.53044,2.2027116
1356024140796,4.9108315,-2.5006065,1.8049632
1356024140836,2.0195284,-0.89600706,2.3022063
1356024140876,5.2059784,-1.0001018,-1.307895
1356024140916,4.416027,9.849236,-2.5411286
1356024140956,2.4430075,7.992023,-1.6368124
1356024140996,1.9668865,1.6363859,0.46346033
1356024141036,-1.9312983,-0.083683014,-1.4203882
1356024141076,-8.716152,-1.3944616,-1.6737196
1356024141116,-12.714729,-1.9133635,-1.7464375
1356024141157,-12.586867,-1.9024525,-1.1686789
1356024141196,-10.946991,-2.531906,1.2989285
1356024141236,-2.7731562,-4.1940136,11.394669
1356024141276,9.015062,-7.6496305,15.144892
1356024141316,-1.8319831,-7.951829,9.205853
1356024141356,3.359415,8.471683,-2.2598839
1356024141396,1.8472261,0.9442439,-1.6156616
1356024141437,-5.124205,2.6437302,-6.362855
1356024141476,9.029787,0.78825426,-2.4963467
1356024141516,3.5670705,-0.049908876,-3.476101
1356024141556,-0.9688101,1.3659818,-3.464996
1356024141596,-0.6027074,2.1783323,-3.2839756
1356024141636,0.7679677,0.006661415,-3.5479836
1356024141676,0.72626114,-1.73052,-3.6212072
1356024141716,2.2709398,-0.44724655,-0.19043231
1356024141756,4.7480288,-0.7832947,1.6461296
1356024141796,5.135461,-2.4927175,1.0040268
1356024141836,4.310664,-0.89452314,1.4811728
1356024141876,4.4891033,0.055021286,1.2298208
1356024141916,3.1729517,8.743751,-1.1514028
1356024141956,3.1835585,6.2947006,-3.2806365
1356024141996,4.615597,0.27081108,0.2347763
1356024142036,-2.8958092,1.2342672,0.12130204
1356024142076,-10.01616,2.0950575,-1.2083784
1356024142120,-12.040857,-1.6773381,-0.74658597
1356024142157,-12.202208,-3.1230037,-1.0747248
1356024142198,-11.908712,-3.0890179,-0.40511706
1356024142238,-6.5398374,-5.055825,7.299574
1356024142278,8.44273,-8.521889,16.033295
1356024142317,3.3512945,-2.3906581,12.234233
1356024142357,8.244764,7.0520363,-2.3305178
1356024142402,-14.2799,0.13615608,-4.369266
1356024142436,1.8120928,3.2126694,-7.5188212
1356024142476,9.669287,-0.6961293,-1.6852574
1356024142516,-1.393013,-0.13891268,-3.5858886
1356024142556,-0.45765686,0.0438447,-3.2605834
1356024142596,2.352244,1.4026909,-3.104537
1356024142636,0.5234146,-0.6139116,-3.155954
1356024142677,2.0075703,-1.0942585,-3.8812022
1356024142716,2.3984022,0.32463694,0.067414284
1356024142756,5.392872,-1.9057131,1.8109441
1356024142796,5.0722904,-2.6664245,0.63928175
1356024142836,2.8207521,-0.51095676,2.3996665
1356024142876,4.759721,-1.3950222,1.9366161
1356024142916,6.266494,10.052805,-3.3824458
1356024142956,3.1964817,8.324846,-1.3909631
1356024142996,2.8559427,1.0181828,1.7926745
1356024143036,-1.7690144,-1.51489,-1.8264549
1356024143076,-8.905718,-0.8229232,-2.2943187
1356024143120,-12.727542,-1.6719556,-2.1516504
1356024143148,-14.031111,-1.9017868,-1.9055891
1356024143188,-12.344636,-2.2620199,-1.2404671
1356024143228,-5.7801194,-2.9595156,7.8666725
1356024143268,7.5976353,-6.082845,17.74527
1356024143308,0.20164871,-6.6831264,10.010581
1356024143365,3.93182,3.7327728,2.8333457
1356024143387,-0.037208557,5.344553,-3.4369853
1356024143427,-5.812621,-0.054903984,-7.1808434
1356024143464,8.5769205,2.657987,-2.5148206
1356024143507,4.8811445,-2.128255,-3.056851
1356024143546,-1.5703211,-0.4520111,-3.7252655
1356024143586,-0.31190872,0.6393237,-3.6258757
1356024143626,1.6941595,0.53140545,-4.599817
1356024143666,1.310492,-0.50633717,-4.42348
1356024143706,1.1021996,-1.2031322,-1.1031089
1356024143746,3.7052546,-0.09706545,0.5704771
1356024143786,5.269575,-2.9133525,1.3090068
1356024143826,3.2432423,0.103146076,2.3552136
1356024143866,5.039214,-1.8653035,1.0924581
1356024143907,5.717393,5.4265566,-2.2381377
1356024143946,4.415532,8.725399,-2.852074
1356024143986,4.0210743,4.863861,0.057116747
1356024144026,-0.63240623,0.12377262,-0.39304975
1356024144066,-7.4590135,-0.5212107,-1.4820647
1356024144113,-12.36564,-2.0048127,-1.8547469
1356024144148,-13.739025,-2.613203,-2.0138488
1356024144188,-12.916002,-2.7493582,-1.3757145
1356024144228,-6.159525,-3.9565175,7.533326
1356024144268,7.0205116,-7.0384793,17.395247
1356024144308,3.013895,-5.581155,10.25911
1356024144346,2.5094032,2.8150215,6.85938
1356024144386,-2.1150827,5.7900543,-4.817032
1356024144426,-6.127537,-0.981406,-7.938093
1356024144466,9.780043,4.9277368,-3.3273382
1356024144506,3.67445,-1.5038021,-3.2056003
1356024144546,-1.4782877,0.37361622,-3.8311749
1356024144586,0.09862757,1.0952458,-3.39015
1356024144626,2.0359044,1.3014536,-3.5219529
1356024144666,1.0688009,-1.9261713,-3.0981467
1356024144706,2.3022428,-0.16421652,-3.27384
1356024144746,4.761883,0.7817154,0.90235126
1356024144786,5.5068846,-3.3064857,2.3357036
1356024144826,3.6878386,-2.4830348,2.2888844
1356024144866,2.350912,-1.4706917,0.43615413
1356024144906,5.4932537,4.574692,-0.38171953
1356024144946,2.924385,10.4471035,-3.699802
1356024144986,3.8308783,3.3916893,1.3519062
1356024145026,-0.15798664,-0.68471575,0.420217
1356024145066,-6.9651065,0.54636574,-2.577458
1356024145115,-11.001574,-1.1579914,-1.7476823
1356024145148,-12.586577,-1.9923279,-1.3700941
1356024145188,-12.346817,-2.5428984,-0.7059276
1356024145228,-7.7079983,-4.424596,4.493307
1356024145267,3.9766464,-5.2912846,17.66061
1356024145306,5.485509,-8.1100235,11.264814
1356024145346,-0.6885915,0.57422876,2.272729
1356024145386,4.4972563,7.0084076,-2.0726779
1356024145426,-5.2846165,-1.4389939,-7.007762
1356024145466,4.725812,5.147082,-4.4795256
1356024145506,6.676829,-0.51883197,-3.5681863
1356024145546,-0.51701355,0.5828998,-4.039962
1356024145586,-0.37465048,1.4188685,-3.4883404
1356024145626,0.8081393,1.2178125,-3.4783623
1356024145666,0.31997395,-1.601933,-2.890018
1356024145706,2.1361222,-1.6315517,-1.7616643
1356024145746,4.3383636,-0.46432352,1.0522635
1356024145786,5.4426794,-2.7621613,0.91635644
1356024145826,4.4941854,-0.63918114,2.311273
1356024145866,5.7066517,-2.1618168,-0.45610267
1356024145906,4.049385,8.266649,0.08646063
1356024145946,2.0615063,9.536082,-2.9692688
1356024145986,2.884616,2.837481,0.35523146
1356024146026,-0.47228146,-1.2677448,-0.13029629
1356024146066,-6.97348,-0.811934,-2.079594
1356024146113,-11.670124,-1.7365687,-1.8196876
1356024146148,-12.608144,-2.3225536,-0.93848693
1356024146187,-11.254678,-3.273932,-0.09213102
1356024146228,-7.720566,-3.7594554,5.8758526
1356024146267,5.312235,-6.10951,17.270933
1356024146308,2.4934492,-6.879369,10.794828
1356024146365,4.2533007,4.8173733,2.6609957
1356024146387,-0.07850599,5.3839417,-3.4563298
1356024146427,-5.4135027,0.123078346,-7.360647
1356024146464,9.283239,3.8603382,-2.6284728
1356024146507,4.2306395,-1.5002239,-3.0453944
1356024146546,-1.9039822,-0.2812705,-3.6551929
1356024146586,-0.061563015,1.3609176,-3.2005885
1356024146626,1.6195889,0.26080942,-3.553468
1356024146666,0.73045063,-1.4731686,-3.3860602
1356024146706,2.5045195,0.39769077,-2.0320926
1356024146746,5.093133,-0.8540702,1.9258463
1356024146786,5.505521,-3.2835627,0.38635325
1356024146826,3.4514837,-0.31088114,2.065894
1356024146867,4.365631,-1.4193697,0.24668735
1356024146906,4.2073717,7.9152746,-0.73114824
1356024146946,1.492753,8.365695,-3.2749991
1356024146986,2.82899,2.3879294,-0.170515
1356024147026,-1.5030928,-1.3359115,0.23367694
1356024147067,-7.712391,-0.49601316,-2.221404
1356024147108,-11.150313,-2.001972,-1.7434652
1356024147148,-12.406512,-2.288021,-0.6736026
1356024147188,-11.821023,-2.5048144,-0.31081653
1356024147228,-6.277939,-4.105982,7.6268272
1356024147268,6.831132,-7.5139894,16.823868
1356024147308,-0.119384766,-5.910155,10.368611
1356024147348,5.4264264,7.136499,1.8205223
1356024147386,-1.7074904,1.2294006,-4.0940847
1356024147426,-3.6933174,1.5169005,-6.5920362
1356024147466,9.610165,3.6310916,-1.7464318
1356024147506,2.2627416,-0.45243454,-3.3050735
1356024147546,-0.847713,0.020391464,-3.437008
1356024147586,0.4301877,0.9525199,-3.5086372
1356024147626,0.6919961,0.4101224,-3.9328544
1356024147666,1.0786991,-0.60169125,-3.5508928
1356024147706,3.3641467,-1.2847939,-1.2371958
1356024147746,4.811556,-1.1281497,0.98891926
1356024147786,5.2466097,-2.3859034,0.9087591
1356024147826,5.1417522,-0.38017035,0.71455336
1356024147866,3.8027859,-0.13195276,1.7126484
1356024147906,3.7367277,9.2492,-2.3553488
1356024147946,2.8939114,6.2014275,-2.006147
1356024147986,1.5664196,2.7265148,0.2594568
1356024148026,-3.038405,-1.5773633,-0.30345842
1356024148066,-8.6072235,-1.7607291,-2.3062515
1356024148110,-11.906631,-2.3653963,-1.7521162
1356024148147,-12.542153,-2.4304943,-1.0322173
1356024148188,-10.60492,-3.0394108,-0.18487707
1356024148228,-1.7938948,-4.1145544,11.889781
1356024148266,9.387049,-6.3769994,16.863243
1356024148306,-2.2591271,-4.207222,9.735455
1356024148346,7.7530584,8.069627,-3.860721
1356024148386,-8.757493,1.1043143,-3.2998562
1356024148426,-0.29382753,2.1398273,-8.087742
1356024148466,11.093691,1.6465902,-1.5559409
1356024148506,-1.5628915,0.15206385,-3.8835914
1356024148546,-0.52972174,-0.06494427,-3.6842592
1356024148586,2.1292963,0.6575413,-4.176966
1356024148626,0.17676067,-0.26602793,-3.6319807
1356024148666,1.212667,-1.0441651,-2.9111962
1356024148706,2.1006298,0.81501675,-0.6417141
1356024148746,5.4259386,-1.6413343,2.0435698
1356024148786,5.1633463,-3.6696796,1.4657563
1356024148826,3.0707617,-0.5271263,2.6404047
1356024148866,4.0905657,0.8762779,2.1794426
1356024148907,5.275854,10.156032,-0.7495654
1356024148946,2.9680605,7.2844124,-2.2122066
1356024148986,2.3934526,-1.4480927,1.0247711
1356024149026,-2.887075,-1.4067028,-0.8406279
1356024149066,-8.513205,-0.05762148,-3.010869
1356024149110,-11.891791,-1.6522245,-2.5097601
1356024149148,-11.523565,-2.264396,-1.4970765
1356024149187,-10.891126,-2.5042813,-0.72251153
1356024149228,-5.6441936,-3.1750898,8.819999
1356024149267,8.292479,-7.5796146,16.640024
1356024149308,1.1012363,-6.1079082,11.780037
1356024149364,8.727581,7.581895,-0.11504614
1356024149386,-6.6974792,2.9156036,-3.5642257
1356024149427,-2.804346,0.4416089,-8.664179
1356024149464,10.883793,2.166429,-1.9738362
1356024149507,0.4935627,0.33610916,-3.6174974
1356024149546,0.1275649,0.65246964,-3.593127
1356024149586,0.3338685,1.7207856,-3.9440835
1356024149626,0.3771181,-0.38186026,-4.182446
1356024149666,1.2123961,-1.6441813,-3.2254882
1356024149706,1.1854296,-0.32961798,-0.5451852
1356024149746,3.4314594,-0.71689415,0.8838798
1356024149786,3.6603413,-2.094133,0.4170183
1356024149826,2.0997381,-0.87730074,2.674748
1356024149866,5.3665524,-2.8532028,0.3181776
1356024149906,6.085596,8.056667,-0.37713253
1356024149946,2.4902334,8.863871,-1.570115
1356024149986,2.926136,3.292303,0.34222078
1356024150026,0.5715618,-0.5611539,-0.014374316
1356024150066,-6.120504,0.09800005,-1.4762498
1356024150111,-10.770505,-1.9294817,-2.1519742
1356024150148,-12.698498,-2.7885835,-1.8376191
1356024150187,-11.520504,-3.020368,-0.62219733
1356024150228,-7.5074053,-4.415551,4.0745087
1356024150268,5.396224,-6.28125,17.349117
1356024150308,3.2332706,-6.276146,10.623458
1356024150348,4.5042353,3.8265162,3.327397
1356024150387,-3.2668698,5.922882,-3.8805146
1356024150428,-6.0934153,-0.99505544,-8.131051
1356024150466,10.395195,4.3745747,-2.727671
1356024150506,2.50462,-0.84689474,-3.3010893
1356024150546,-0.6677427,-0.6633539,-3.2581227
1356024150586,0.46874952,0.26440096,-2.7215064
1356024150626,0.1876545,0.019411564,-3.2409136
1356024150666,0.96207714,-0.36941814,-3.6881166
1356024150706,2.3628874,-0.47185135,-1.037492
1356024150746,5.312666,-1.6649301,1.8614137
1356024150786,5.2058086,-2.7812655,0.32742906
1356024150826,3.1170492,0.40592623,3.3015156
1356024150866,5.7122765,-2.3143382,-0.003671363
1356024150906,6.0300856,6.958019,-1.2989161
1356024150946,2.7419538,10.025784,-2.6182373
1356024150986,1.4506817,3.3814068,0.20734537
1356024151026,-0.47697735,-0.7636001,-0.015307695
1356024151066,-5.85075,-0.67388916,-2.4930766
1356024151110,-11.416749,-2.2593853,-2.4538221
1356024151148,-12.349633,-2.55907,-1.198279
1356024151187,-12.207112,-2.2985783,-1.0175781
1356024151228,-7.8134136,-3.2053225,5.140963
1356024151266,6.0768547,-7.025305,17.623878
1356024151306,2.703761,-7.518841,10.096969
1356024151346,-2.3196497,0.92481804,0.4650669
1356024151387,7.65714,6.661853,-0.775488
1356024151426,-4.7587194,0.4992566,-5.7209826
1356024151466,4.4158144,4.594186,-5.078331
1356024151506,5.7824755,-0.101038694,-3.291192
1356024151546,1.2580891,0.45206523,-3.3107126
1356024151586,-1.3058109,0.8665352,-2.735917
1356024151626,0.58275986,0.532918,-3.5119264
1356024151666,1.1392684,-1.1789539,-3.695426
1356024151706,1.9632158,-1.8325703,-0.971583
1356024151746,3.3842926,0.41939497,1.5992619
1356024151786,6.6707306,-3.970537,2.2630055
1356024151826,3.6066236,-1.2784374,2.5800147
1356024151866,4.589773,-1.01967,0.021601833
1356024151906,5.28706,5.1441097,-1.8634801
1356024151946,2.308936,9.254048,-1.8327639
1356024151986,0.8507643,4.5403,-0.05475326
1356024152026,-1.0140238,0.17144918,0.0019361675
1356024152066,-6.0722046,-0.8588457,-1.4558281
1356024152110,-11.193814,-1.6452789,-2.2329693
1356024152148,-12.214734,-2.0469525,-1.4582103
1356024152188,-11.488008,-2.993669,-0.11729382
1356024152228,-8.665613,-4.25619,3.871753
1356024152268,5.3665915,-7.69687,17.01829
1356024152308,3.695012,-6.523699,11.687089
1356024152365,6.8474092,6.6937456,2.6982148
1356024152387,-6.081466,3.8197308,-4.242088
1356024152426,-2.731406,0.7115421,-9.227649
1356024152464,10.617075,4.315686,-1.1625185
1356024152506,1.8064342,-0.14789462,-3.2880764
1356024152546,1.5123634,-0.0053930283,-3.555862
1356024152586,0.67417336,0.53536844,-3.0101337
1356024152627,-0.07090902,0.3443594,-3.2310722
1356024152666,0.59526587,-1.6720724,-3.9787338
1356024152706,1.4917307,-1.2590714,-2.0465298
1356024152746,3.7728758,-0.3790617,1.1239127
1356024152786,4.575185,-2.4613488,1.7698901
1356024152826,3.5098858,-1.2313604,2.4807491
1356024152866,4.5265017,-1.5551233,0.7425878
1356024152906,4.473542,2.5666003,0.36280614
1356024152946,2.6416101,10.281726,-2.552845
1356024152986,2.4838982,5.1530113,-0.84782946
1356024153026,1.4011221,-0.1200037,1.2181296
1356024153066,-4.2072673,-0.23631525,-1.394855
1356024153110,-10.362467,-1.1871419,-2.4101298
1356024153148,-12.250733,-2.4646733,-1.7914304
1356024153188,-12.164138,-2.61493,-0.9517163
1356024153226,-9.98113,-3.4758847,1.1363466
1356024153266,1.4796495,-4.4967885,15.902676
1356024153306,7.27199,-6.4398246,12.469417
1356024153346,-3.4632807,-2.9117563,8.141541
1356024153386,6.063628,8.7735615,-2.989597
1356024153426,-3.3936436,-1.8457031,-4.107743
1356024153466,2.1949544,4.8131757,-7.094175
1356024153506,9.058717,0.9079113,-2.815077
1356024153546,0.5386224,1.279871,-3.7557378
1356024153586,-0.0052671432,1.0431705,-3.432872
1356024153626,-0.4662032,0.77959156,-3.5620267
1356024153666,0.39270973,-1.159786,-4.3963313
1356024153706,1.2490892,-2.6356237,-3.3810785
1356024153746,1.5159702,0.1972022,-0.25785315
1356024153786,4.4582205,-0.7795782,2.3227391
1356024153826,4.9676723,-4.09814,1.3936588
1356024153866,3.090148,-1.076323,2.7175012
1356024153906,3.9185934,-0.59900284,1.0701464
1356024153946,5.1134367,8.311806,-0.6768401
1356024153986,2.764598,8.937832,-2.4876988
1356024154026,3.301031,1.7067404,1.2276852
1356024154066,0.054380417,-1.0112374,0.314069
1356024154110,-7.834324,-0.43791866,-2.0504568
1356024154148,-12.037339,-1.7492173,-2.549627
1356024154188,-13.109713,-2.3251204,-1.7448546
1356024154226,-11.491737,-2.8174329,-0.51661587
1356024154266,-6.2375636,-3.2449846,7.954339
1356024154306,7.4373827,-5.65395,17.553358
1356024154346,0.8696127,-5.897306,9.637617
1356024154386,5.890437,5.4649477,-0.4748907
1356024154426,-4.7598586,2.4932504,-2.5474873
1356024154466,-4.493412,1.043644,-7.9141874
1356024154506,10.066273,2.5198002,-2.9078972
1356024154546,2.5963197,-0.21038914,-3.292181
1356024154586,-1.6094446,1.2546592,-3.781537
1356024154626,1.7139592,1.1227813,-3.809098
1356024154666,1.4958749,-0.69942737,-3.835468
1356024154706,0.60761786,-1.6736367,-3.6926482
1356024154746,1.3321748,-1.1895735,-2.5483997
1356024154786,1.4233704,1.3125916,0.40635943
1356024154826,4.6327076,-2.419066,1.8015045
1356024154866,4.651596,-2.7073305,1.6112703
1356024154906,3.8867588,-0.5720463,1.9933118
1356024154946,4.0073643,0.91270065,2.4466307
1356024154986,2.66747,8.400344,-1.8612864
1356024155026,2.8078814,4.3945932,-1.2344459
1356024155066,2.0908604,2.0815601,0.9685646
1356024155106,-1.1173382,-0.177917,-0.72760975
1356024155147,-7.666829,-0.28871107,-2.330198
1356024155186,-11.075381,-2.1246161,-1.9366853
1356024155226,-11.740885,-2.3668535,-1.0338023
1356024155269,-10.3395195,-2.4849193,-0.11846632
1356024155306,-2.597147,-3.2687395,11.513579
1356024155365,9.186835,-7.0065794,15.819852
1356024155387,-1.584661,-5.065466,10.412038
1356024155427,8.179719,6.5435324,-2.5737507
1356024155464,-7.1085973,1.6955438,-2.2394154
1356024155506,-3.3788188,0.97950697,-9.231852
1356024155546,10.337648,2.3253298,-2.0181527
1356024155586,-0.015143871,0.59549236,-4.3487816
1356024155626,0.45302057,1.1266694,-3.6336968
1356024155666,0.39104462,0.646451,-3.8439953
1356024155706,0.11465216,0.04259014,-4.339272
1356024155746,0.93948126,-2.0458412,-3.3247557
1356024155786,1.0455942,-1.3118608,-1.6018721
1356024155826,3.0935125,0.08122873,1.1626124
1356024155866,4.94981,-3.3477793,1.9324658
1356024155906,3.8198948,-1.8061213,2.4505439
1356024155946,5.04467,-1.1833892,0.47831374
1356024155986,4.5017185,4.801777,1.5397408
1356024156026,2.6114416,9.5720215,-3.1999097
