1356023892298,0.38136974,10.18802,-1.4982382
1356023892464,0.50395286,10.228881,-1.879608
1356023892504,0.42223078,10.18802,-1.334794
1356023892544,0.46309182,10.079058,-1.4982382
1356023892584,0.42223078,10.079058,-1.4165162
1356023892624,0.50395286,10.147159,-1.7297841
1356023892664,0.46309182,10.18802,-1.6480621
1356023892704,0.46309182,9.915613,-1.7297841
1356023892744,0.38136974,10.119919,-1.1168685
1356023892784,0.42223078,10.119919,-1.1168685
1356023892824,0.42223078,10.147159,-1.1168685
1356023892864,0.313268,9.997335,-1.1168685
1356023892904,0.313268,10.310603,-1.4573772
1356023892944,0.42223078,10.310603,-1.920469
1356023892985,0.27240697,10.18802,-0.9942854
1356023893024,0.19068487,10.310603,-1.7297841
1356023893064,0.19068487,9.888372,-1.879608
1356023893104,0.14982383,9.915613,-1.3075534
1356023893144,-0.040861044,10.079058,-1.4573772
1356023893184,0.19068487,10.038197,-1.7570249
1356023893224,0.313268,10.079058,-1.4982382
1356023893264,0.23154591,10.147159,-1.607201
1356023893336,0.313268,10.038197,-1.9885708
1356023893346,0.3405087,9.997335,-1.6889231
1356023893384,0.3405087,9.997335,-2.0294318
1356023893424,0.42223078,10.038197,-2.0294318
1356023893464,1.3075534,10.079058,-1.334794
1356023893504,1.7570249,9.997335,-1.6480621
1356023893544,1.1441092,9.507003,-1.7978859
1356023893584,2.3426998,10.038197,-1.3756552
1356023893624,1.7570249,10.691973,-1.2666923
1356023893664,2.1792557,10.419566,-1.3756552
1356023893704,2.5333846,10.038197,-1.4573772
1356023893744,2.152015,9.425281,-1.3075534
1356023893784,1.6480621,9.466142,-1.56634
1356023893824,1.1849703,10.119919,-1.334794
1356023893864,1.2258313,10.760075,-0.6537767
1356023893904,1.56634,12.4489975,0.27240697
1356023893944,2.1111538,11.836082,0.84446156
1356023893984,2.2609777,12.408136,1.9885708
1356023894024,4.5628166,12.489859,0.6537767
1356023894064,2.6014864,10.651112,-1.1849703
1356023894104,2.3018389,13.293459,-0.9942854
1356023894144,1.879608,13.6748295,-2.6014864
1356023894184,0.95342433,12.217452,-0.53119355
1356023894224,0.95342433,10.760075,0.10896278
1356023894264,0.3405087,9.234595,-1.1441092
1356023894335,0.08172209,8.008764,-1.2258313
1356023894347,-0.42223078,6.4424243,-0.5720546
1356023894384,-0.42223078,5.597963,0.88532263
1356023894424,0.53119355,5.5571017,1.920469
1356023894464,0.88532263,6.469665,5.7477865
1356023894504,2.070293,9.343558,11.141444
1356023894544,3.445948,9.765789,10.95076
1356023894584,2.4108016,10.079058,9.575105
1356023894624,0.46309182,16.548723,-4.7943625
1356023894664,-3.9771416,5.325556,2.7649305
1356023894704,3.214402,7.6954966,-6.2108784
1356023894744,4.2086873,13.988097,2.070293
1356023894784,0.313268,7.8861814,-0.53119355
1356023894824,1.334794,8.662541,0.08172209
1356023894865,2.7649305,9.466142,-0.23154591
1356023894903,3.1054392,8.894087,-1.1168685
1356023894944,2.6014864,9.112013,-1.7297841
1356023894984,1.4982382,10.310603,0.08172209
1356023895024,2.1111538,11.536434,2.2609777
1356023895064,4.2904096,12.299174,1.9885708
1356023895104,2.4925237,12.789507,2.152015
1356023895144,4.3312707,13.211738,1.1441092
1356023895184,2.7921712,14.859799,0.10896278
1356023895224,0.3405087,18.496431,-4.2904096
1356023895264,0.27240697,14.750836,-1.879608
1356023895336,2.0294318,11.304889,1.4165162
1356023895347,2.070293,9.152874,0.19068487
1356023895384,-0.10896278,4.903325,-2.4108016
1356023895424,-2.3699405,3.405087,-1.9885708
1356023895464,-1.525479,3.8681788,-1.4165162
1356023895504,-0.23154591,3.9499009,0.3405087
1356023895544,1.4165162,7.0553403,7.8589406
1356023895584,4.630918,17.052675,16.657684
1356023895624,3.9090397,10.732834,11.645397
1356023895664,1.6480621,17.270601,-1.4982382
1356023895704,-1.8387469,6.2789803,-1.9477097
1356023895744,-0.38136974,4.944186,-4.9850473
1356023895784,3.173541,14.669114,-0.38136974
1356023895824,2.5606253,8.812365,-0.7218784
1356023895864,0.7627395,7.3958488,-0.040861044
1356023895904,1.1849703,9.234595,-0.7627395
1356023895944,2.3426998,9.234595,-1.4165162
1356023895984,2.3018389,8.921328,-1.2258313
1356023896024,2.3018389,11.073342,0.50395286
1356023896064,3.1463003,12.53072,2.7240696
1356023896104,4.7943625,12.489859,2.6832085
1356023896144,4.3312707,13.633968,1.7570249
1356023896184,4.7943625,13.33432,0.08172209
1356023896224,-1.6889231,18.0061,-1.7978859
1356023896264,0.3405087,15.894946,-4.140586
1356023896333,0.5720546,13.593107,-0.38136974
1356023896345,1.7570249,10.147159,0.313268
1356023896384,0.92618364,7.8861814,-0.95342433
1356023896424,-1.1441092,3.255263,-2.1792557
1356023896464,-2.1111538,1.6480621,-2.2201166
1356023896504,-1.0351465,2.3426998,-0.95342433
1356023896544,0.7218784,5.407278,5.829509
1356023896584,3.7864566,16.276316,16.930092
1356023896624,4.7943625,9.915613,10.800936
1356023896664,-0.53119355,12.830367,1.8387469
1356023896704,-1.0351465,12.4489975,-4.099725
1356023896744,-0.5720546,5.5162406,-3.3642259
1356023896784,1.4573772,12.980191,-4.3312707
1356023896824,3.759216,12.067628,0.3405087
1356023896864,0.8036005,8.19945,-0.08172209
1356023896904,0.50395286,7.6273947,-0.5720546
1356023896944,2.6832085,7.8861814,-0.7627395
1356023896984,3.6774938,8.580819,-0.7627395
1356023897024,1.1441092,10.228881,-0.040861044
1356023897064,3.568531,12.830367,2.7649305
1356023897104,6.2789803,13.143636,3.990762
1356023897144,2.070293,13.252599,2.6423476
1356023897184,4.630918,12.980191,0.84446156
1356023897224,1.7297841,16.739407,-1.920469
1356023897264,-1.9885708,18.305748,-5.366417
1356023897335,-0.9942854,14.7916975,-0.42223078
1356023897354,1.879608,9.507003,0.08172209
1356023897400,2.152015,6.851035,-1.920469
1356023897444,-1.4982382,1.6480621,-2.6014864
1356023897484,-1.879608,2.1792557,-2.5606253
1356023897524,-0.5720546,4.0588636,1.3075534
1356023897564,0.040861044,9.343558,11.304889
1356023897604,4.440233,18.0061,15.745122
1356023897644,5.175732,8.19945,13.797412
1356023897684,1.4165162,16.249075,-8.812365
1356023897724,-6.1291566,5.8976107,3.8273177
1356023897764,2.3426998,7.164303,-9.466142
1356023897804,2.8330324,16.930092,1.1849703
1356023897844,1.9477097,8.771504,-1.0760075
1356023897884,0.040861044,7.5865335,-0.27240697
1356023897925,1.2666923,9.112013,-0.29964766
1356023897963,3.445948,8.049625,-0.7218784
1356023898004,2.4925237,8.19945,-0.6537767
1356023898044,1.6480621,11.223166,0.88532263
1356023898084,3.0645783,13.633968,2.9147544
1356023898124,5.5571017,13.33432,2.5333846
1356023898164,3.0237172,13.906375,2.4516625
1356023898204,4.903325,13.0619135,0.46309182
1356023898244,-1.1441092,18.619015,-2.8330324
1356023898284,-1.7297841,16.698545,-4.4810944
1356023898335,0.313268,12.789507,0.313268
1356023898364,2.7921712,10.038197,0.19068487
1356023898404,1.1441092,6.742072,-1.879608
1356023898444,-1.2666923,2.6014864,-2.7513103
1356023898484,-2.1111538,1.7570249,-2.3018389
1356023898524,-1.1168685,2.2609777,-0.23154591
1356023898564,0.42223078,6.3198414,7.668256
1356023898604,5.7477865,17.965239,17.66559
1356023898644,1.7978859,7.6273947,11.563675
1356023898684,0.88532263,17.270601,-7.6954966
1356023898724,-3.0237172,5.407278,1.1168685
1356023898764,0.6537767,8.049625,-7.7363577
1356023898804,3.8273177,14.709975,1.4573772
1356023898844,0.040861044,8.62168,-0.6946377
1356023898884,0.5720546,7.4639506,-0.7218784
1356023898924,1.9477097,8.894087,-0.53119355
1356023898964,3.255263,8.390134,-1.3075534
1356023899004,2.3426998,9.00305,-0.8036005
1356023899044,2.4925237,12.176591,3.3778462
1356023899084,4.862464,13.252599,2.7240696
1356023899124,2.6014864,13.593107,2.4108016
1356023899164,3.214402,14.628253,1.6480621
1356023899204,3.0645783,13.33432,-1.1441092
1356023899244,0.46309182,18.768839,-1.6889231
1356023899284,-0.84446156,15.132206,-1.8387469
1356023899335,0.53119355,10.460427,0.14982383
1356023899364,1.5390993,8.662541,0.14982383
1356023899404,0.84446156,6.1291566,-1.334794
1356023899444,-1.334794,2.8738933,-2.1383946
1356023899484,-1.1168685,2.6014864,-2.2201166
1356023899524,-0.6946377,2.7649305,-0.10896278
1356023899564,0.313268,8.499097,10.147159
1356023899604,6.782933,18.38747,16.43976
1356023899644,0.08172209,9.997335,9.043911
1356023899684,2.152015,13.293459,-12.912089
1356023899724,-4.7126403,4.8216033,3.5957718
1356023899764,0.46309182,12.258313,-7.8861814
1356023899804,4.0180025,14.09706,0.9942854
1356023899844,0.6537767,6.238119,-1.0760075
1356023899884,2.1792557,8.730643,-0.53119355
1356023899924,2.5333846,8.921328,-0.6537767
1356023899964,2.4925237,9.193735,-0.42223078
1356023900004,2.3426998,9.765789,-0.0
1356023900044,0.6946377,12.4489975,2.4516625
1356023900084,5.407278,13.0619135,3.445948
1356023900124,1.8387469,13.0619135,3.1463003
1356023900164,1.8387469,11.958665,1.334794
1356023900204,4.372132,15.826844,-3.1054392
1356023900244,-1.7570249,19.109348,-4.0180025
1356023900284,-0.6946377,15.826844,-1.6480621
1356023900335,0.7627395,9.956474,-0.19068487
1356023900364,1.1849703,7.014479,-1.607201
1356023900404,0.14982383,4.9850473,-1.3075534
1356023900444,-1.525479,2.3699405,-2.6014864
1356023900484,-1.6480621,3.0237172,-0.9942854
1356023900524,-0.42223078,4.1814466,2.7921712
1356023900564,2.3699405,13.252599,15.785983
1356023900604,6.0474343,13.525005,12.9529505
1356023900644,0.040861044,11.454713,0.8036005
1356023900684,-1.525479,13.293459,-6.0882955
1356023900724,-1.7978859,6.3607025,-2.9556155
1356023900764,0.5720546,13.143636,-5.012288
1356023900804,5.2165933,12.340035,-0.53119355
1356023900844,-0.27240697,6.66035,-0.6946377
1356023900884,-0.0,9.343558,-0.53119355
1356023900924,2.4925237,9.425281,-0.88532263
1356023900965,4.0588636,8.689782,0.10896278
1356023901003,2.3426998,9.384419,0.6537767
1356023901044,1.5390993,12.680544,2.8738933
1356023901084,4.7943625,12.299174,2.7649305
1356023901124,1.6889231,12.067628,3.173541
1356023901164,4.2495484,13.0619135,0.38136974
1356023901204,-0.46309182,18.727978,-3.8273177
1356023901244,-1.7297841,17.474907,-3.405087
1356023901284,0.7627395,14.2877445,1.0351465
1356023901335,0.84446156,8.19945,-1.525479
1356023901354,0.6537767,5.6660647,-2.1111538
1356023901394,0.10896278,2.9556155,-1.7978859
1356023901434,-0.53119355,1.8387469,-2.6832085
1356023901474,-1.0351465,3.1054392,-0.08172209
1356023901514,-0.29964766,6.4424243,6.6331096
1356023901554,4.5219555,17.774553,16.698545
1356023901594,3.486809,6.4424243,9.80665
1356023901634,-1.1168685,13.565866,-5.5571017
1356023901674,-1.9885708,12.340035,0.8036005
1356023901714,2.0294318,5.325556,-8.308413
1356023901754,0.27240697,12.721405,-1.8387469
1356023901794,2.7240696,11.727119,0.3405087
1356023901834,-0.61291564,6.1700177,-1.1168685
1356023901874,2.5606253,8.349273,-0.3405087
1356023901914,4.099725,8.049625,-0.7218784
1356023901954,2.8330324,9.043911,-1.2666923
1356023901994,1.0351465,12.408136,3.173541
1356023902034,5.175732,13.484144,3.8273177
1356023902074,2.4516625,13.484144,2.3699405
1356023902114,2.6832085,13.947236,2.2201166
1356023902154,3.173541,14.137921,-0.7218784
1356023902194,-1.3075534,18.959524,-4.7943625
1356023902234,-0.50395286,16.739407,-2.2609777
1356023902274,1.1849703,11.75436,0.040861044
1356023902335,1.5390993,7.205164,-0.9125633
1356023902354,0.3405087,4.140586,-2.1111538
1356023902395,-1.4573772,2.1792557,-2.7513103
1356023902434,-1.334794,2.4108016,-1.3756552
1356023902474,-0.19068487,3.214402,1.7978859
1356023902514,0.3405087,11.686258,13.143636
1356023902554,8.240311,15.6634,13.6748295
1356023902594,1.9477097,4.099725,0.040861044
1356023902634,-7.5456724,18.087822,-2.7921712
1356023902674,4.2495484,6.742072,-4.099725
1356023902714,-2.9556155,9.765789,-5.9793324
1356023902754,3.1463003,13.443283,-0.8036005
1356023902794,-0.08172209,8.349273,-0.9125633
1356023902834,0.9942854,8.730643,-1.2666923
1356023902874,4.0180025,8.62168,-0.6946377
1356023902914,2.8330324,8.894087,-1.1168685
1356023902954,0.53119355,10.95076,0.8036005
1356023902994,2.1111538,13.715691,3.1054392
1356023903034,5.366417,12.680544,2.9556155
1356023903074,3.405087,12.9529505,1.56634
1356023903114,4.5628166,13.0619135,-0.29964766
1356023903154,-2.5606253,16.589584,-0.9942854
1356023903194,-2.5606253,17.311462,-4.8216033
1356023903234,1.1441092,15.132206,-1.0760075
1356023903274,1.6480621,8.662541,-0.3405087
1356023903336,2.0294318,7.3958488,-0.95342433
1356023903354,0.040861044,3.9499009,-1.1441092
1356023903394,-2.2201166,2.3426998,-1.9477097
1356023903434,-1.7570249,2.152015,-1.525479
1356023903474,-0.0,3.8681788,3.1054392
1356023903514,1.879608,15.132206,16.43976
1356023903554,5.366417,11.495573,11.876944
1356023903594,0.42223078,16.208214,-6.66035
1356023903634,-2.6014864,6.5513873,0.3405087
1356023903674,1.7297841,4.399372,-5.325556
1356023903714,1.607201,14.750836,-1.6480621
1356023903754,4.4810944,11.795221,-0.6946377
1356023903794,-0.7627395,6.510526,-1.3075534
1356023903834,-0.3405087,9.847511,-1.1849703
1356023903874,1.7570249,9.343558,-1.56634
1356023903914,2.6423476,9.234595,-1.56634
1356023903954,3.9499009,9.765789,1.1168685
1356023903995,3.255263,13.211738,3.445948
1356023904033,3.718355,13.484144,2.6832085
1356023904074,0.7218784,12.299174,3.9090397
1356023904114,3.9090397,12.367276,0.10896278
1356023904154,0.88532263,16.930092,-2.8738933
1356023904194,-1.1849703,18.0061,-4.399372
1356023904234,1.920469,14.941522,0.38136974
1356023904274,0.84446156,8.308413,0.23154591
1356023904336,0.8036005,7.3549876,-0.5720546
1356023904354,-0.5720546,3.9090397,-1.2666923
1356023904394,-2.6014864,2.152015,-2.1111538
1356023904434,-1.7570249,3.214402,-1.56634
1356023904474,0.46309182,4.9850473,4.2904096
1356023904514,3.445948,14.7916975,16.548723
1356023904554,3.8681788,12.4489975,11.032481
1356023904594,-0.0,14.9006605,4.7535014
1356023904634,0.6946377,9.575105,-7.8589406
1356023904674,-2.8330324,1.879608,-0.27240697
1356023904714,3.5276701,14.859799,-6.428804
1356023904754,3.990762,11.958665,1.1168685
1356023904794,0.6537767,6.932757,-0.8036005
1356023904824,0.7627395,9.00305,-0.040861044
1356023904864,0.08172209,10.18802,-0.53119355
1356023904904,1.7978859,8.921328,-1.4165162
1356023904944,2.6423476,9.193735,-0.29964766
1356023904984,2.8738933,11.75436,1.4982382
1356023905024,2.8738933,13.33432,4.099725
1356023905064,4.4810944,12.571581,2.2609777
1356023905104,4.372132,13.947236,1.0760075
1356023905144,1.1849703,14.015338,0.38136974
1356023905184,-2.6014864,17.583868,-2.8330324
1356023905224,-0.5720546,16.548723,-2.4108016
1356023905264,0.61291564,12.639683,0.53119355
1356023905335,0.8036005,7.7363577,-0.61291564
1356023905354,0.7218784,3.6774938,-1.6889231
1356023905394,-0.8036005,2.7921712,-1.4982382
1356023905434,-1.1849703,2.5333846,-0.9125633
1356023905474,-0.23154591,3.255263,2.4108016
1356023905514,-0.5720546,10.378705,12.912089
1356023905554,4.5219555,16.88923,15.785983
1356023905594,-1.920469,9.615966,3.5957718
1356023905634,2.070293,13.102775,-7.9679036
1356023905674,-2.0294318,5.284695,-0.14982383
1356023905714,2.4108016,12.408136,-6.428804
1356023905754,3.9499009,13.402422,0.42223078
1356023905794,-0.0,7.246025,-1.1441092
1356023905834,-0.27240697,9.724928,-0.3405087
1356023905874,2.8738933,8.853226,-1.9477097
1356023905914,3.445948,7.8180795,-1.2258313
1356023905954,2.3426998,9.507003,-0.38136974
1356023905994,2.6423476,12.980191,3.3778462
1356023906034,3.7864566,12.721405,3.6774938
1356023906074,1.5390993,12.680544,2.6832085
1356023906114,2.3018389,13.33432,1.4982382
1356023906154,2.7649305,14.628253,-0.42223078
1356023906194,-2.4925237,18.619015,-5.175732
1356023906234,-1.4165162,17.079916,-1.879608
1356023906274,1.5390993,10.991621,0.84446156
1356023906333,1.1849703,7.246025,-1.1849703
1356023906354,0.8036005,5.706926,-1.334794
1356023906394,-1.3075534,2.5606253,-1.6889231
1356023906434,-1.7978859,1.56634,-1.4573772
1356023906474,-1.1168685,1.7978859,1.4165162
1356023906514,1.1849703,12.14935,14.09706
1356023906554,8.62168,15.050485,14.410328
1356023906594,-1.1168685,8.894087,0.7627395
1356023906634,-0.88532263,13.633968,-5.9793324
1356023906674,-0.29964766,3.5957718,-3.445948
1356023906714,0.19068487,13.484144,-4.099725
1356023906754,4.630918,14.628253,-0.08172209
1356023906794,-0.9942854,6.3607025,-0.84446156
1356023906834,0.46309182,8.962189,-0.19068487
1356023906874,2.3018389,10.147159,-0.8036005
1356023906914,1.4165162,8.921328,0.040861044
1356023906954,3.759216,8.894087,0.46309182
1356023906994,3.1463003,12.598822,2.1111538
1356023907035,3.0237172,12.980191,3.5957718
1356023907073,3.1463003,12.340035,1.4573772
1356023907114,3.718355,14.137921,0.50395286
1356023907154,-1.879608,18.305748,-2.2201166
1356023907194,-0.7218784,16.589584,-3.759216
1356023907234,2.0294318,14.560152,-0.27240697
1356023907274,1.1441092,9.425281,-0.53119355
1356023907335,0.7627395,6.2789803,-1.7570249
1356023907354,-1.4165162,2.9556155,-1.525479
1356023907399,-2.0294318,1.7570249,-1.9885708
1356023907434,-1.3756552,1.6480621,-0.7218784
1356023907474,0.92618364,5.8976107,7.3958488
1356023907514,7.246025,18.46919,17.120777
1356023907554,1.5390993,10.419566,10.991621
1356023907594,2.0294318,14.246883,-10.923519
1356023907634,-6.1700177,4.099725,4.3312707
1356023907674,2.9147544,11.182305,-9.466142
1356023907714,3.9499009,15.745122,2.982856
1356023907754,0.8036005,7.014479,-1.2258313
1356023907794,0.6946377,8.240311,-0.8036005
1356023907834,1.4573772,9.847511,-1.7570249
1356023907874,1.8387469,8.771504,-0.84446156
1356023907914,2.7921712,9.043911,-0.9125633
1356023907954,1.2666923,11.604536,0.7218784
1356023907994,3.568531,12.108489,3.173541
1356023908034,5.7477865,12.299174,2.7240696
1356023908074,1.0351465,11.876944,2.982856
1356023908114,3.7864566,13.211738,0.42223078
1356023908154,-0.10896278,17.774553,-4.4810944
1356023908194,-3.5276701,17.079916,-3.5276701
1356023908234,1.607201,14.328606,-0.27240697
1356023908274,0.95342433,9.275456,-1.7570249
1356023908335,-0.3405087,5.243834,-2.4516625
1356023908354,-1.334794,3.214402,-1.7978859
1356023908394,-1.6480621,2.2201166,-2.2201166
1356023908434,-1.2666923,2.6423476,0.95342433
1356023908474,3.0237172,9.112013,13.33432
1356023908514,7.273266,17.079916,12.489859
1356023908554,1.0351465,5.597963,8.921328
1356023908594,-4.671779,17.62473,-7.5865335
1356023908634,1.4982382,6.891896,-1.1849703
1356023908674,-0.7218784,8.962189,-6.701211
1356023908714,3.8273177,14.628253,1.0351465
1356023908754,2.6423476,9.80665,-0.27240697
1356023908794,-1.1441092,6.6331096,0.23154591
1356023908834,0.61291564,9.384419,-0.6537767
1356023908874,3.486809,8.894087,-1.0351465
1356023908914,2.8738933,8.62168,-0.95342433
1356023908954,1.4165162,11.604536,1.0351465
1356023908994,3.3778462,13.565866,3.990762
1356023909034,4.671779,12.598822,2.8738933
1356023909074,3.6774938,13.565866,1.4573772
1356023909114,3.0237172,14.560152,-0.42223078
1356023909154,-2.070293,18.237646,-4.099725
1356023909194,-0.27240697,16.017529,-2.6014864
1356023909234,0.38136974,12.067628,-0.46309182
1356023909274,1.0760075,9.043911,-0.50395286
1356023909334,0.5720546,5.8976107,-1.334794
1356023909354,-1.2666923,2.4108016,-2.1383946
1356023909394,-1.8387469,1.1168685,-2.070293
1356023909434,-1.2258313,2.152015,0.50395286
1356023909474,0.9942854,10.310603,12.680544
1356023909514,8.580819,15.894946,15.704261
1356023909554,0.08172209,11.604536,6.510526
1356023909594,-2.3426998,10.119919,-7.205164
1356023909634,-1.6480621,6.1291566,-2.4516625
1356023909674,0.61291564,14.709975,-4.4810944
1356023909714,3.636633,11.454713,0.53119355
1356023909754,1.5390993,7.7363577,-0.10896278
1356023909794,1.5390993,8.812365,0.3405087
1356023909834,0.7218784,8.390134,-0.95342433
1356023909874,2.5606253,9.043911,-0.7627395
1356023909914,2.6423476,10.079058,-0.10896278
1356023909954,1.6480621,13.211738,3.9090397
1356023909994,5.434519,12.680544,3.5276701
1356023910034,3.636633,12.789507,2.152015
1356023910075,5.243834,14.015338,0.84446156
1356023910113,-1.7978859,16.589584,-1.7570249
1356023910154,-2.4516625,16.739407,-3.9499009
1356023910194,1.1441092,14.709975,-0.23154591
1356023910234,1.1168685,8.921328,-0.50395286
1356023910274,1.4573772,8.390134,-0.38136974
1356023910335,-0.84446156,4.1814466,-1.1849703
1356023910354,-2.070293,1.879608,-2.2609777
1356023910394,-1.7570249,2.3699405,-1.56634
1356023910434,-0.23154591,4.8216033,3.5276701
1356023910474,1.920469,14.601013,16.930092
1356023910514,5.706926,12.4489975,11.985906
1356023910554,-0.3405087,16.249075,-0.61291564
1356023910594,-3.9771416,6.0882955,-1.0351465
1356023910634,1.1441092,5.434519,-6.3607025
1356023910674,2.2201166,15.4046135,-1.4573772
1356023910714,3.1463003,10.337844,-0.61291564
1356023910754,0.46309182,7.3549876,-0.0
1356023910794,0.08172209,8.62168,-0.3405087
1356023910834,1.879608,9.275456,-1.4982382
1356023910874,1.879608,8.921328,-1.2258313
1356023910914,2.3426998,9.997335,1.3075534
1356023910954,3.336985,12.912089,2.7649305
1356023910994,3.568531,13.102775,2.2609777
1356023911034,1.8387469,13.593107,2.2609777
1356023911074,4.440233,13.865514,0.38136974
1356023911114,-1.1168685,17.24336,-1.7570249
1356023911154,-0.040861044,16.548723,-4.099725
1356023911194,-0.42223078,13.756551,-0.14982383
1356023911234,1.56634,10.800936,-0.27240697
1356023911274,1.6480621,7.164303,-1.3075534
1356023911335,-0.29964766,1.9885708,-2.5333846
1356023911354,-1.4165162,0.88532263,-3.173541
1356023911394,-1.0760075,2.8738933,-0.5720546
1356023911434,-0.6537767,6.5513873,7.082581
1356023911474,3.636633,17.011814,17.62473
1356023911514,1.2666923,12.4489975,11.604536
1356023911554,3.759216,16.86199,-5.6660647
1356023911594,-7.04172,2.7240696,2.9147544
1356023911634,2.4516625,7.6954966,-10.691973
1356023911674,2.4925237,17.079916,3.336985
1356023911714,2.2609777,7.5865335,-1.6889231
1356023911754,1.3075534,7.6273947,-0.3405087
1356023911794,0.42223078,10.038197,-0.7218784
1356023911834,1.2666923,8.853226,-0.9942854
1356023911874,2.3699405,8.471856,-0.8036005
1356023911914,1.607201,10.882658,2.1111538
1356023911954,4.2495484,13.184497,3.214402
1356023911994,2.5333846,13.33432,2.4925237
1356023912034,0.95342433,12.108489,3.9090397
1356023912074,4.2495484,14.410328,-1.3756552
1356023912114,-1.56634,18.8097,-4.140586
1356023912154,-0.95342433,16.821129,-2.2201166
1356023912194,0.3405087,11.836082,0.08172209
1356023912234,0.7218784,9.275456,0.27240697
1356023912274,0.6946377,5.9793324,-1.0760075
1356023912334,-0.9942854,2.1111538,-2.7921712
1356023912354,-1.6889231,0.9942854,-2.3699405
1356023912395,-0.8036005,2.8330324,0.14982383
1356023912434,-0.6537767,7.9679036,10.501288
1356023912474,6.701211,18.305748,15.935807
1356023912514,-1.56634,11.032481,10.651112
1356023912554,2.2609777,14.1787815,-11.114203
1356023912594,-5.7477865,3.2961242,4.2904096
1356023912634,1.4573772,11.604536,-8.240311
1356023912674,3.7864566,14.628253,2.5333846
1356023912714,1.4165162,7.273266,-0.19068487
1356023912754,1.1441092,7.4639506,0.61291564
1356023912794,0.92618364,9.534244,-0.6537767
1356023912834,1.7297841,8.962189,-1.3075534
1356023912874,1.9885708,9.302697,-1.525479
1356023912914,1.1441092,11.141444,1.7978859
1356023912954,3.8681788,12.762266,3.2961242
1356023912994,3.990762,12.762266,1.1441092
1356023913034,3.486809,14.328606,1.879608
1356023913074,3.5957718,13.565866,0.53119355
1356023913115,-4.0180025,17.774553,-1.920469
1356023913153,-1.1849703,14.1787815,-3.6774938
1356023913194,0.95342433,13.906375,0.19068487
1356023913234,1.6889231,10.651112,0.23154591
1356023913274,0.42223078,6.782933,-0.95342433
1356023913335,-1.2666923,2.7240696,-1.7978859
1356023913354,-1.920469,1.6480621,-2.7513103
1356023913394,-0.9942854,2.1792557,-1.2258313
1356023913434,-0.14982383,6.238119,7.6273947
1356023913474,4.4810944,17.079916,17.311462
1356023913514,3.0237172,10.760075,11.536434
1356023913554,2.3699405,17.352324,0.38136974
1356023913594,-6.238119,5.7886477,-0.23154591
1356023913634,-0.61291564,3.405087,-7.1234417
1356023913674,2.7649305,16.317177,-1.7297841
1356023913714,3.173541,10.691973,-0.50395286
1356023913754,-0.08172209,7.5865335,-0.42223078
1356023913794,0.6537767,9.152874,-0.50395286
1356023913834,1.6480621,9.043911,-1.56634
1356023913874,2.5333846,8.471856,-0.46309182
1356023913914,2.9147544,9.847511,-0.10896278
1356023913954,0.84446156,12.598822,2.4108016
1356023913994,5.053149,12.571581,3.2961242
1356023914034,3.3778462,11.75436,3.2961242
1356023914074,3.0237172,12.871228,0.88532263
1356023914114,1.3075534,16.630445,-1.334794
1356023914154,-2.5333846,18.34661,-5.134871
1356023914194,0.61291564,14.1787815,-0.7627395
1356023914234,2.4108016,11.876944,1.920469
1356023914274,0.7627395,8.240311,-0.27240697
1356023914335,-0.50395286,4.0180025,-2.2201166
1356023914354,-2.3018389,1.4165162,-2.2201166
1356023914394,-2.0294318,1.9477097,-1.4573772
1356023914434,-0.84446156,3.486809,1.0760075
1356023914474,1.2258313,10.923519,11.836082
1356023914514,8.894087,15.826844,15.213928
1356023914554,1.6480621,4.399372,9.193735
1356023914594,-0.08172209,16.167353,-10.460427
1356023914634,-4.862464,8.390134,5.8567495
1356023914674,0.23154591,7.5456724,-7.6273947
1356023914714,4.372132,14.328606,0.6946377
1356023914754,3.7864566,10.378705,0.040861044
1356023914794,-0.8036005,6.5922484,0.23154591
1356023914834,0.14982383,9.888372,-0.8036005
1356023914874,2.3426998,9.275456,-1.4165162
1356023914914,1.7978859,8.771504,-1.334794
1356023914954,1.6889231,11.264028,1.7570249
1356023914994,3.5957718,12.912089,3.6774938
1356023915034,3.718355,12.571581,2.1111538
1356023915074,3.405087,13.715691,1.5390993
1356023915114,2.7240696,14.246883,0.27240697
1356023915154,-4.140586,18.918663,-3.255263
1356023915194,-1.4165162,16.249075,-2.8738933
1356023915234,0.8036005,12.217452,-0.23154591
1356023915274,2.070293,10.228881,0.42223078
1356023915334,0.53119355,5.938472,-1.6889231
1356023915354,-1.334794,1.8387469,-2.4108016
1356023915394,-1.7297841,0.88532263,-2.7513103
1356023915434,-0.46309182,2.4516625,-0.27240697
1356023915474,-0.08172209,8.076866,10.991621
1356023915514,5.407278,18.0061,16.126492
1356023915554,0.42223078,6.851035,12.217452
1356023915594,2.7921712,16.970953,-5.8158884
1356023915634,-7.5865335,4.6036777,4.2904096
1356023915674,3.3778462,8.471856,-10.378705
1356023915714,3.7864566,17.2025,2.7921712
1356023915754,0.8036005,8.008764,-0.95342433
1356023915794,-0.23154591,7.5865335,-0.6537767
1356023915834,0.88532263,9.997335,-0.6537767
1356023915874,2.070293,7.8180795,-1.2666923
1356023915914,3.1054392,9.112013,-1.56634
1356023915954,2.2201166,10.56939,0.95342433
1356023915994,0.84446156,12.9529505,3.405087
1356023916034,5.938472,12.598822,3.405087
1356023916074,2.3018389,12.4489975,2.7921712
1356023916123,3.9090397,13.865514,-0.27240697
1356023916153,-2.3699405,18.305748,-2.982856
1356023916194,-3.8273177,17.543009,-5.284695
1356023916234,1.1168685,13.865514,-0.38136974
1356023916274,1.2666923,9.152874,-0.3405087
1356023916331,1.3075534,7.3141265,-0.5720546
1356023916354,-0.53119355,3.718355,-1.6889231
1356023916394,-2.3699405,1.4982382,-2.7513103
1356023916434,-1.3756552,2.152015,-0.6537767
1356023916474,-0.0,5.243834,6.0474343
1356023916514,4.6036777,17.24336,17.474907
1356023916554,4.099725,8.894087,9.425281
1356023916594,-0.08172209,14.2877445,2.2609777
1356023916634,-4.0180025,9.234595,-2.7513103
1356023916674,-0.84446156,5.434519,-5.202973
1356023916714,1.56634,15.636159,-0.9125633
1356023916754,4.2495484,10.923519,-0.14982383
1356023916794,0.23154591,6.701211,-0.53119355
1356023916834,0.61291564,8.921328,-0.5720546
1356023916874,2.7649305,8.921328,-0.88532263
1356023916914,2.9147544,8.390134,-0.3405087
1356023916954,1.607201,10.691973,0.19068487
1356023916994,1.0351465,13.252599,2.4108016
1356023917034,4.903325,12.9529505,3.255263
1356023917074,3.173541,13.184497,2.6832085
1356023917114,4.1814466,13.484144,0.040861044
1356023917154,-2.3699405,16.698545,-0.9942854
1356023917194,-2.9556155,16.88923,-5.175732
1356023917234,0.7218784,13.715691,-0.61291564
1356023917274,2.070293,11.073342,0.53119355
1356023917335,1.2258313,8.689782,-0.040861044
1356023917354,-0.5720546,4.7126403,-2.070293
1356023917400,-2.4108016,1.334794,-2.7240696
1356023917434,-1.3075534,1.9885708,-1.1168685
1356023917474,-0.19068487,3.9090397,2.9147544
1356023917514,2.3018389,15.023244,17.352324
1356023917554,5.597963,12.789507,13.0619135
1356023917594,0.53119355,14.982383,1.4165162
1356023917634,-6.2108784,5.8976107,-0.53119355
1356023917674,-0.23154591,5.6252036,-6.8237944
1356023917714,3.173541,16.930092,1.56634
1356023917754,3.173541,9.507003,-0.6537767
1356023917794,0.23154591,7.504812,-0.50395286
1356023917834,-0.14982383,9.615966,0.040861044
1356023917874,0.5720546,8.430995,-1.1441092
1356023917914,3.214402,9.193735,-0.9942854
1356023917954,3.0645783,9.615966,-0.040861044
1356023917994,1.3756552,12.598822,2.4108016
1356023918034,4.4810944,13.375181,3.336985
1356023918074,2.9556155,13.443283,2.3426998
1356023918114,4.140586,13.947236,1.0351465
1356023918154,-1.1849703,14.941522,-0.3405087
1356023918194,-2.7921712,17.774553,-4.1814466
1356023918234,-0.19068487,13.715691,-1.3756552
1356023918274,1.920469,10.56939,0.19068487
1356023918330,1.4573772,8.730643,0.27240697
1356023918355,0.10896278,5.434519,-1.1849703
1356023918394,-1.920469,2.2609777,-2.1383946
1356023918434,-1.7570249,1.7297841,-1.7570249
1356023918474,-0.6946377,3.173541,1.1441092
1356023918514,0.7627395,12.026767,13.756551
1356023918554,7.504812,15.704261,14.328606
1356023918594,-1.2258313,9.152874,8.580819
1356023918634,2.4108016,14.1787815,-9.915613
1356023918674,-3.9771416,4.9850473,1.3756552
1356023918714,-1.6480621,10.61025,-6.891896
1356023918754,4.8216033,14.519291,0.3405087
1356023918794,1.2258313,7.014479,-0.53119355
1356023918834,-0.23154591,7.5865335,-0.50395286
1356023918874,2.152015,9.575105,-1.1849703
1356023918914,3.2961242,8.730643,-1.1168685
1356023918954,2.6832085,10.079058,-0.88532263
1356023918994,-0.23154591,12.367276,1.8387469
1356023919034,4.7943625,13.33432,3.486809
1356023919074,3.445948,12.789507,2.8738933
1356023919114,2.9556155,13.715691,1.2258313
1356023919155,1.920469,15.050485,-0.10896278
1356023919193,-3.336985,18.305748,-4.862464
1356023919234,-0.5720546,15.28203,-2.4516625
1356023919274,0.8036005,11.563675,-0.0
1356023919327,1.7570249,9.80665,-0.08172209
1356023919354,-0.08172209,5.829509,-1.6889231
1356023919394,-1.7978859,1.334794,-2.9147544
1356023919434,-0.95342433,0.42223078,-2.4925237
1356023919474,-1.1849703,2.1792557,0.92618364
1356023919514,0.10896278,12.217452,14.601013
1356023919554,5.706926,15.173067,12.789507
1356023919594,-0.53119355,4.903325,9.915613
1356023919634,0.42223078,17.856276,-8.499097
1356023919674,-2.9147544,7.7363577,2.982856
1356023919714,-0.5720546,7.5456724,-7.504812
1356023919754,3.5957718,15.241169,0.92618364
1356023919794,3.1054392,10.228881,-0.38136974
1356023919834,-0.23154591,6.742072,-0.10896278
1356023919874,-0.53119355,9.084772,-1.0351465
1356023919914,1.9477097,9.697687,-1.56634
1356023919954,3.2961242,9.234595,-0.7218784
1356023919994,1.7570249,10.95076,0.6946377
1356023920034,2.2609777,13.0619135,3.2961242
1356023920074,4.7943625,12.571581,3.214402
1356023920114,2.5606253,13.0619135,2.0294318
1356023920154,3.445948,13.988097,-0.29964766
1356023920194,-3.2961242,18.578154,-2.6423476
1356023920234,-1.607201,15.213928,-3.718355
1356023920274,1.3756552,12.53072,-0.0
1356023920323,1.7570249,10.18802,-0.0
1356023920354,0.10896278,6.2789803,-1.2666923
1356023920394,-1.3756552,2.1792557,-2.3699405
1356023920434,-1.525479,1.3075534,-1.6889231
1356023920474,-0.7627395,2.982856,0.38136974
1356023920514,-0.5720546,8.19945,6.742072
1356023920554,4.2495484,17.66559,15.704261
1356023920594,3.255263,11.264028,9.997335
1356023920634,-2.1792557,12.789507,12.830367
1356023920674,-1.1168685,10.528529,-8.580819
1356023920714,0.10896278,5.325556,-2.7921712
1356023920754,0.7218784,14.1787815,-2.1383946
1356023920794,4.7943625,13.293459,0.6537767
1356023920834,0.42223078,7.5865335,0.08172209
1356023920874,-0.040861044,7.9270425,0.10896278
1356023920914,0.95342433,9.724928,-0.19068487
1356023920954,1.334794,8.076866,-1.607201
1356023920994,1.8387469,10.147159,-1.7570249
1356023921034,2.5606253,11.141444,1.6889231
1356023921074,2.3018389,13.0619135,3.568531
1356023921114,4.1814466,13.375181,2.3018389
1356023921154,4.0180025,14.7916975,1.6889231
1356023921194,2.982856,13.865514,-0.23154591
1356023921234,-4.5628166,17.474907,-2.6014864
1356023921274,0.6537767,15.28203,-3.214402
1356023921323,1.2666923,11.985906,-0.46309182
1356023921354,2.7921712,10.038197,-0.14982383
1356023921394,1.1168685,7.082581,-0.61291564
1356023921434,-2.5606253,1.9885708,-1.6480621
1356023921474,-2.5606253,1.2258313,-2.0294318
1356023921514,-1.334794,1.9477097,-0.7627395
1356023921554,-0.08172209,6.469665,6.891896
1356023921594,4.1814466,18.918663,18.34661
1356023921634,1.5390993,8.730643,9.997335
1356023921674,5.09401,17.352324,-8.539958
1356023921714,-7.8861814,3.718355,3.2961242
1356023921754,1.334794,6.4424243,-10.882658
1356023921794,3.445948,17.543009,2.4925237
1356023921834,0.46309182,6.6331096,-0.50395286
1356023921874,1.334794,6.6331096,-0.14982383
1356023921914,1.2666923,9.425281,-1.6480621
1356023921954,2.3018389,10.228881,-0.5720546
1356023921994,2.6832085,9.384419,-0.19068487
1356023922034,0.88532263,11.454713,1.7978859
1356023922074,3.3778462,13.021052,3.1054392
1356023922114,3.6774938,12.9529505,2.4108016
1356023922154,3.405087,13.797412,1.607201
1356023922195,1.8387469,13.824653,0.46309182
1356023922233,-3.5276701,18.727978,-4.3312707
1356023922274,-1.0760075,15.322891,-2.2201166
1356023922323,1.56634,10.691973,0.46309182
1356023922354,2.4108016,10.038197,0.6537767
1356023922396,0.50395286,5.938472,-1.4165162
1356023922434,-1.9477097,1.3075534,-2.8330324
1356023922474,-1.56634,1.4573772,-2.1383946
1356023922514,-0.88532263,3.214402,0.8036005
1356023922554,-0.8036005,11.604536,12.258313
1356023922594,6.4015636,18.04696,15.854085
1356023922634,-0.61291564,7.246025,9.384419
1356023922674,1.3075534,16.657684,-11.372991
1356023922714,-2.2609777,5.938472,2.7240696
1356023922754,-1.607201,8.771504,-8.689782
1356023922794,1.4165162,15.554437,1.2666923
1356023922834,2.152015,9.152874,-0.10896278
1356023922874,1.8387469,7.246025,0.14982383
1356023922914,1.7297841,7.6273947,-0.3405087
1356023922954,2.9147544,9.043911,-0.5720546
1356023922994,1.3075534,8.962189,-0.29964766
1356023923034,1.9885708,11.727119,1.4982382
1356023923074,3.9090397,13.252599,3.8273177
1356023923114,3.9499009,12.871228,2.6014864
1356023923154,2.0294318,12.912089,2.1111538
1356023923194,3.9090397,13.6748295,0.23154591
1356023923234,-3.636633,18.38747,-4.140586
1356023923274,-1.3756552,15.4046135,-2.5606253
1356023923323,1.3756552,12.217452,0.27240697
1356023923354,2.4108016,10.119919,-0.0
1356023923394,0.46309182,7.7363577,-0.14982383
1356023923434,-1.3075534,3.214402,-1.9885708
1356023923474,-1.6480621,1.4573772,-2.1383946
1356023923514,-1.4165162,1.920469,-0.7218784
1356023923554,-0.42223078,6.469665,7.5456724
1356023923594,4.2086873,18.087822,17.856276
1356023923634,3.6774938,8.19945,10.147159
1356023923674,-1.6889231,15.785983,-9.615966
1356023923714,-2.3018389,10.732834,3.0237172
1356023923754,-0.8036005,5.325556,-8.308413
1356023923794,2.5606253,14.709975,-0.0
1356023923834,4.0180025,11.073342,0.23154591
1356023923874,-1.4165162,5.829509,-0.23154591
1356023923914,0.23154591,8.662541,-0.7218784
1356023923954,2.6014864,9.152874,-1.1849703
1356023923994,2.8738933,9.656827,-0.61291564
1356023924034,0.8036005,11.75436,1.879608
1356023924074,3.9499009,12.980191,3.718355
1356023924114,4.6036777,12.299174,2.1111538
1356023924154,1.7570249,12.871228,2.4925237
1356023924194,3.214402,14.669114,-0.0
1356023924234,-4.0180025,19.000385,-4.0588636
1356023924274,-1.0351465,15.28203,-2.6423476
1356023924323,2.2201166,11.876944,0.040861044
1356023924354,2.982856,10.337844,0.53119355
1356023924394,0.10896278,6.469665,-1.4165162
1356023924434,-2.0294318,1.3075534,-3.2961242
1356023924474,-1.879608,0.42223078,-2.5333846
1356023924514,-1.4573772,2.6832085,0.313268
1356023924554,-0.6946377,10.841797,11.264028
1356023924594,7.668256,17.856276,16.317177
1356023924634,0.61291564,4.0180025,8.499097
1356023924674,-0.3405087,18.619015,-10.841797
1356023924714,-3.173541,5.6660647,3.336985
1356023924754,-1.920469,8.662541,-6.1291566
1356023924794,6.4015636,14.410328,1.6480621
1356023924834,0.61291564,7.1234417,-0.27240697
1356023924874,-1.1168685,6.6331096,-0.95342433
1356023924914,0.9942854,10.038197,-1.2666923
1356023924954,3.5957718,8.812365,-1.879608
1356023924994,2.5333846,9.697687,-0.19068487
1356023925034,0.313268,12.571581,0.95342433
1356023925074,2.982856,12.871228,2.9147544
1356023925114,4.140586,12.408136,1.879608
1356023925154,2.7240696,13.633968,1.2666923
1356023925194,1.6480621,14.437569,0.040861044
1356023925235,-3.8681788,18.537292,-3.336985
1356023925273,-1.1441092,15.4046135,-2.8738933
1356023925314,1.6480621,11.604536,-0.46309182
1356023925343,2.4516625,10.501288,0.19068487
1356023925374,0.6537767,7.3958488,-0.50395286
1356023925414,-0.88532263,3.5957718,-2.0294318
1356023925454,-2.1111538,1.4982382,-2.3426998
1356023925494,-1.3756552,1.3756552,-1.2258313
1356023925534,-0.5720546,4.630918,3.990762
1356023925574,2.4925237,17.011814,17.66559
1356023925614,5.366417,11.495573,10.841797
1356023925654,0.88532263,14.1787815,2.1111538
1356023925694,-1.6480621,10.269742,-4.3312707
1356023925734,-1.9477097,4.7943625,-6.4015636
1356023925774,1.6480621,14.709975,-1.7297841
1356023925814,3.445948,11.495573,-0.6537767
1356023925854,0.5720546,6.891896,-0.6537767
1356023925894,0.6537767,9.112013,-0.29964766
1356023925934,1.9477097,9.152874,-0.8036005
1356023925974,2.7921712,8.349273,-1.4165162
1356023926014,0.9942854,10.95076,0.27240697
1356023926054,1.1441092,12.830367,2.4108016
1356023926094,5.175732,12.4489975,2.070293
1356023926134,1.607201,13.824653,2.2609777
1356023926174,4.372132,14.601013,0.14982383
1356023926214,-1.525479,15.28203,0.19068487
1356023926254,-1.920469,16.88923,-5.5571017
1356023926294,-1.2666923,12.871228,-0.10896278
1356023926334,2.2201166,9.956474,0.040861044
1356023926374,2.7240696,9.466142,-0.040861044
1356023926414,-0.3405087,5.012288,-1.3756552
1356023926454,-1.9477097,2.0294318,-2.1111538
1356023926494,-1.6889231,2.152015,-1.3756552
1356023926534,-0.61291564,3.1463003,1.4982382
1356023926574,-0.23154591,11.073342,13.211738
1356023926614,5.175732,17.393185,15.472715
1356023926654,-2.1383946,9.507003,7.504812
1356023926694,2.6014864,12.980191,-8.812365
1356023926734,-3.759216,5.134871,2.8738933
1356023926774,-0.08172209,10.119919,-7.273266
1356023926814,4.4810944,15.894946,1.1849703
1356023926854,-0.14982383,7.205164,-0.46309182
1356023926894,0.5720546,8.008764,-0.08172209
1356023926934,1.920469,9.234595,-1.3075534
1356023926974,1.334794,8.499097,-1.7570249
1356023927014,1.7570249,9.00305,-0.0
1356023927054,0.5720546,12.217452,1.4165162
1356023927094,4.0588636,13.0619135,3.2961242
1356023927134,3.9090397,13.102775,2.7240696
1356023927174,2.0294318,13.33432,2.7921712
1356023927214,4.5628166,14.818938,-0.61291564
1356023927254,-4.2086873,18.959524,-4.2495484
1356023927294,-1.8387469,15.472715,-1.56634
1356023927334,1.7297841,10.651112,-0.84446156
1356023927374,2.2201166,9.275456,-1.2666923
1356023927414,-0.3405087,4.4810944,-1.7978859
1356023927454,-1.1441092,1.8387469,-2.9556155
1356023927494,-1.7297841,1.1441092,-1.6889231
1356023927534,-1.4165162,2.9147544,2.1792557
1356023927574,-1.4573772,12.217452,13.525005
1356023927614,4.6036777,16.86199,14.437569
1356023927654,-1.9885708,8.730643,12.571581
1356023927694,5.325556,16.780268,-11.495573
1356023927734,-6.428804,4.630918,5.09401
1356023927774,0.27240697,7.8180795,-9.193735
1356023927814,3.636633,16.249075,2.3699405
1356023927854,1.7978859,8.008764,-0.27240697
1356023927894,0.6537767,7.668256,0.27240697
1356023927934,0.61291564,9.152874,-0.5720546
1356023927974,2.1111538,8.962189,-1.7297841
1356023928014,1.607201,8.812365,-1.1168685
1356023928054,1.7978859,10.760075,-0.23154591
1356023928094,0.61291564,13.102775,2.4108016
1356023928134,5.243834,12.9529505,3.568531
1356023928174,2.6014864,13.375181,2.6014864
1356023928214,3.5957718,13.593107,0.6946377
1356023928255,-0.42223078,14.941522,-0.29964766
