1356023217859,-0.38136974,9.956474,1.4165162
1356023217910,-0.38136974,10.147159,1.5390993
1356023217945,-0.29964766,10.119919,1.4573772
1356023217985,-0.23154591,10.038197,1.4573772
1356023218024,-0.23154591,10.038197,1.4982382
1356023218067,-0.14982383,10.147159,1.7570249
1356023218104,-0.08172209,10.119919,1.7978859
1356023218149,-0.10896278,10.119919,1.4165162
1356023218190,0.040861044,10.038197,1.6480621
1356023218224,-0.0,10.079058,1.2258313
1356023218267,-0.040861044,10.147159,1.8387469
1356023218304,-0.08172209,10.079058,1.1168685
1356023218345,-0.08172209,10.119919,1.1849703
1356023218384,-0.14982383,10.147159,1.5390993
1356023218424,-0.08172209,10.038197,1.56634
1356023218465,-0.14982383,10.119919,1.5390993
1356023218506,-0.23154591,10.147159,1.920469
1356023218545,-0.3405087,9.915613,1.9885708
1356023218585,-0.50395286,9.956474,1.5390993
1356023218626,-0.3405087,9.765789,1.6889231
1356023218665,-0.7218784,9.697687,1.4573772
1356023218707,-1.8387469,10.119919,1.920469
1356023218745,-2.4108016,10.147159,1.1441092
1356023218793,-2.5606253,10.147159,1.4982382
1356023218824,-1.920469,9.724928,2.1792557
1356023218864,-1.607201,9.507003,2.4925237
1356023218904,-1.4165162,9.425281,2.0294318
1356023218944,-1.607201,9.193735,1.56634
1356023218985,-1.525479,9.507003,1.607201
1356023219024,-1.4165162,10.119919,1.2258313
1356023219064,-1.525479,10.882658,0.95342433
1356023219104,-2.2609777,11.836082,0.50395286
1356023219147,-2.9556155,11.75436,-0.19068487
1356023219184,-5.202973,11.917805,2.1792557
1356023219228,-3.3642259,11.563675,0.08172209
1356023219264,-0.8036005,10.882658,-0.0
1356023219304,-1.1168685,12.217452,1.4982382
1356023219344,-0.61291564,14.1787815,3.405087
1356023219385,-2.8330324,13.484144,0.7218784
1356023219424,-1.0351465,11.604536,0.5720546
1356023219465,-1.334794,9.507003,1.3756552
1356023219506,-1.6480621,8.308413,1.4982382
1356023219544,0.50395286,5.829509,0.3405087
1356023219588,2.3699405,4.0588636,-0.50395286
1356023219625,0.3405087,3.173541,-2.8738933
1356023219667,-1.3075534,4.944186,-5.243834
1356023219705,-6.66035,13.102775,-12.340035
1356023219744,-7.014479,12.026767,-10.038197
1356023219792,-3.5276701,11.114203,-1.6480621
1356023219824,0.9942854,13.375181,2.982856
1356023219865,3.0237172,1.6889231,0.95342433
1356023219904,-2.1111538,15.322891,3.255263
1356023219945,-4.7943625,13.6748295,0.92618364
1356023219984,0.08172209,6.5922484,0.6537767
1356023220040,-2.9147544,8.894087,0.6946377
1356023220083,-2.3426998,8.308413,0.95342433
1356023220114,-1.4573772,8.771504,0.61291564
1356023220154,-1.2666923,10.310603,-0.5720546
1356023220194,-3.214402,11.304889,-0.53119355
1356023220234,-5.5162406,12.217452,-1.0351465
1356023220275,-2.9147544,12.598822,-2.4108016
1356023220317,-3.1463003,12.067628,-1.0351465
1356023220354,-5.47538,14.437569,1.7570249
1356023220397,0.313268,18.959524,3.336985
1356023220434,-0.10896278,16.43976,1.7570249
1356023220477,-3.445948,13.593107,0.92618364
1356023220514,-0.7218784,8.008764,1.4982382
1356023220554,1.56634,3.718355,1.4573772
1356023220595,2.4108016,1.4982382,0.27240697
1356023220634,1.4982382,3.173541,0.10896278
1356023220674,0.7627395,3.173541,-1.56634
1356023220714,-2.2201166,5.053149,-7.246025
1356023220757,-9.112013,16.821129,-12.639683
1356023220801,-5.938472,10.991621,-10.760075
1356023220835,0.50395286,10.228881,-2.8330324
1356023220884,0.95342433,16.249075,2.4108016
1356023220925,0.46309182,1.334794,3.8681788
1356023220974,-4.5628166,16.43976,0.7627395
1356023221013,-1.6480621,9.466142,-0.6946377
1356023221073,0.42223078,6.238119,-0.23154591
1356023221115,-3.3642259,9.302697,1.2666923
1356023221153,-2.1792557,8.812365,0.6537767
1356023221207,-3.1463003,9.575105,0.9942854
1356023221246,-2.4108016,11.563675,-1.0351465
1356023221288,-4.862464,12.830367,-1.334794
1356023221324,-4.5628166,12.299174,-0.6946377
1356023221364,-4.9850473,13.525005,0.46309182
1356023221404,-2.7513103,13.021052,-1.1168685
1356023221444,0.95342433,17.161638,2.6832085
1356023221484,-1.1168685,16.930092,2.8738933
1356023221525,-2.4108016,14.818938,0.040861044
1356023221565,-2.070293,9.847511,0.7627395
1356023221604,0.7218784,4.7535014,2.3699405
1356023221646,2.070293,1.56634,0.84446156
1356023221684,1.9885708,1.7297841,0.46309182
1356023221727,1.0351465,2.1111538,-0.38136974
1356023221764,-1.9885708,5.706926,-8.049625
1356023221810,-8.349273,16.930092,-15.173067
1356023221844,-7.014479,10.337844,-10.61025
1356023221884,1.0760075,10.501288,1.56634
1356023221924,-1.7570249,16.04477,1.607201
1356023221964,1.9477097,1.334794,3.568531
1356023222005,0.19068487,12.299174,3.6774938
1356023222044,-6.428804,14.437569,0.53119355
1356023222086,1.7978859,5.6660647,-0.10896278
1356023222125,-1.334794,7.9679036,0.7218784
1356023222167,-3.255263,8.771504,1.3756552
1356023222204,-3.336985,7.8861814,0.50395286
1356023222244,-3.568531,9.575105,0.313268
1356023222284,-2.070293,12.639683,-1.56634
1356023222324,-5.8567495,12.680544,-1.334794
1356023222364,-4.671779,12.367276,-0.50395286
1356023222404,-3.5276701,12.067628,-0.42223078
1356023222445,-4.2495484,14.7916975,-0.6946377
1356023222484,1.607201,18.959524,4.1814466
1356023222526,0.95342433,16.739407,1.607201
1356023222574,-4.440233,12.367276,0.42223078
1356023222614,0.38136974,6.510526,2.9147544
1356023222654,2.2609777,2.5333846,2.152015
1356023222694,2.982856,1.0760075,0.7627395
1356023222734,1.9477097,1.56634,0.040861044
1356023222775,-1.879608,4.372132,-6.469665
1356023222819,-8.539958,15.826844,-15.894946
1356023222854,-4.7535014,10.119919,-9.043911
1356023222895,-0.7627395,3.0237172,-4.140586
1356023222934,3.6774938,17.66559,3.5957718
1356023222977,-1.7978859,5.09401,1.7570249
1356023223014,1.920469,7.246025,5.5162406
1356023223054,-7.7772183,16.167353,0.46309182
1356023223094,0.38136974,7.8861814,0.08172209
1356023223134,0.42223078,7.3549876,-0.7627395
1356023223174,-1.920469,9.466142,1.0351465
1356023223214,-3.2961242,7.7363577,1.4165162
1356023223255,-4.5219555,8.894087,0.3405087
1356023223295,-1.4165162,10.800936,-1.56634
1356023223336,-5.012288,12.871228,-1.0351465
1356023223374,-4.4810944,12.408136,-1.7297841
1356023223416,-3.255263,12.598822,0.08172209
1356023223455,-6.0474343,13.6748295,-0.040861044
1356023223494,0.19068487,18.700737,3.336985
1356023223534,0.10896278,18.727978,3.8681788
1356023223574,-2.982856,15.636159,-0.0
1356023223614,0.040861044,9.534244,1.56634
1356023223654,2.2201166,3.486809,2.6423476
1356023223695,2.3018389,0.42223078,0.38136974
1356023223735,2.3018389,1.879608,0.23154591
1356023223821,0.92618364,3.1054392,-0.14982383
1356023223822,-2.4925237,6.4015636,-10.528529
1356023223855,-9.275456,17.924377,-14.09706
1356023223895,-4.9850473,8.19945,-11.454713
1356023223934,0.27240697,14.9006605,4.6036777
1356023223974,2.3699405,10.269742,0.19068487
1356023224014,0.84446156,5.434519,5.597963
1356023224054,-5.7477865,16.88923,1.3756552
1356023224094,-2.3699405,8.308413,0.38136974
1356023224135,1.879608,5.829509,-0.61291564
1356023224175,-1.0760075,9.425281,0.88532263
1356023224217,-2.6014864,8.499097,1.2258313
1356023224256,-3.2961242,8.499097,1.2258313
1356023224297,-3.636633,10.378705,-0.7627395
1356023224335,-5.053149,13.021052,-2.2609777
1356023224379,-6.8237944,12.14935,-0.5720546
1356023224424,-3.718355,12.871228,-0.29964766
1356023224467,-2.6014864,14.982383,-0.6537767
1356023224505,1.2258313,18.578154,3.3778462
1356023224546,0.27240697,17.2025,2.5333846
1356023224585,-3.0237172,13.375181,0.53119355
1356023224629,-1.607201,8.662541,1.4982382
1356023224664,1.4982382,2.9556155,2.8330324
1356023224718,2.3699405,0.6537767,1.1168685
1356023224753,2.2201166,1.7978859,0.38136974
1356023224798,-0.08172209,3.636633,-2.6832085
1356023224824,-4.7126403,11.75436,-13.443283
1356023224865,-11.686258,18.278507,-14.137921
1356023224905,-0.61291564,5.5571017,-10.651112
1356023224946,0.42223078,17.66559,4.1814466
1356023224984,2.4925237,4.0588636,-0.0
1356023225027,-0.7218784,7.3549876,5.407278
1356023225064,-7.6954966,17.62473,0.8036005
1356023225104,-0.46309182,7.7772183,0.27240697
1356023225144,1.7978859,7.014479,-0.38136974
1356023225184,-1.7978859,9.888372,1.0351465
1356023225225,-2.3699405,7.8861814,1.6480621
1356023225268,-2.4108016,7.9679036,1.1441092
1356023225305,-3.9771416,9.847511,-0.61291564
1356023225343,-4.4810944,13.293459,-2.4925237
1356023225385,-6.742072,12.680544,-0.7627395
1356023225434,-3.1463003,11.985906,-2.070293
1356023225473,-4.4810944,13.6748295,0.7218784
1356023225514,-0.19068487,17.733692,1.4573772
1356023225559,2.0294318,17.474907,2.9147544
1356023225604,-3.0645783,14.818938,0.84446156
1356023225646,-2.1792557,8.853226,1.4573772
1356023225684,1.334794,3.8681788,2.8330324
1356023225724,1.7297841,0.8036005,0.95342433
1356023225764,2.3699405,1.0760075,0.5720546
1356023225826,1.9885708,3.445948,-1.0760075
1356023225846,-0.29964766,7.8180795,-7.7772183
1356023225884,-11.454713,18.428331,-14.2877445
1356023225925,-3.8273177,4.630918,-9.275456
1356023225964,-4.0588636,14.560152,3.9499009
1356023226005,3.336985,11.223166,0.61291564
1356023226045,1.7297841,1.3756552,4.630918
1356023226086,-3.636633,15.976667,1.6889231
1356023226124,-4.8216033,11.264028,1.3075534
1356023226167,1.6889231,5.597963,0.42223078
1356023226204,-0.6946377,8.662541,1.879608
1356023226244,-2.4108016,8.853226,1.7978859
1356023226294,-3.9499009,8.076866,0.19068487
1356023226333,-2.7921712,11.34575,-0.10896278
1356023226375,-3.9499009,13.184497,-1.6480621
1356023226413,-5.325556,12.14935,-1.3756552
1356023226457,-2.982856,11.604536,-1.6480621
1356023226504,-3.8273177,13.756551,-0.46309182
1356023226555,2.5606253,19.231932,4.0588636
1356023226608,-3.0237172,16.358038,0.95342433
1356023226645,-3.636633,10.528529,1.56634
1356023226684,1.1849703,6.238119,3.5957718
1356023226725,2.7240696,1.8387469,1.1168685
1356023226765,3.8273177,0.95342433,0.27240697
1356023226830,2.070293,2.2201166,-0.27240697
1356023226846,-1.2666923,5.175732,-6.8237944
1356023226885,-10.378705,17.965239,-15.173067
1356023226925,-6.1291566,7.246025,-9.234595
1356023226967,2.3018389,4.6036777,0.19068487
1356023227005,-1.7978859,15.854085,1.2666923
1356023227047,1.6480621,1.607201,2.5606253
1356023227085,-1.7978859,12.176591,2.9556155
1356023227124,-8.539958,15.213928,0.313268
1356023227164,1.0351465,6.3198414,-0.14982383
1356023227204,0.23154591,8.19945,-0.19068487
1356023227244,-3.0645783,9.534244,1.2258313
1356023227284,-2.7513103,7.3141265,1.607201
1356023227327,-2.6832085,8.853226,0.7218784
1356023227364,-3.7864566,12.53072,-2.7240696
1356023227407,-6.8237944,13.021052,-2.3699405
1356023227445,-4.372132,12.14935,-1.525479
1356023227487,-5.706926,13.021052,1.3075534
1356023227524,-0.95342433,17.883516,0.8036005
1356023227564,2.1792557,18.0061,4.4810944
1356023227604,-1.879608,17.502148,1.1441092
1356023227644,-2.8738933,11.223166,0.95342433
1356023227684,1.2666923,5.8567495,3.3778462
1356023227724,2.3018389,0.7218784,1.920469
1356023227765,2.982856,-0.23154591,0.46309182
1356023227805,1.4573772,1.7297841,-0.50395286
1356023227844,-1.9477097,5.7477865,-6.8237944
1356023227886,-9.915613,18.34661,-14.941522
1356023227926,-4.4810944,5.5162406,-9.847511
1356023227964,1.8387469,12.871228,2.3426998
1356023228004,-0.14982383,11.141444,2.4925237
1356023228044,1.879608,3.336985,4.944186
1356023228084,-4.7943625,15.785983,1.4165162
1356023228124,-3.8273177,10.882658,0.6537767
1356023228165,1.3075534,6.0201936,-0.3405087
1356023228205,-2.070293,8.921328,0.7627395
1356023228244,-2.982856,8.158588,1.1849703
1356023228287,-2.9147544,8.771504,1.1441092
1356023228324,-2.7921712,11.223166,-1.2666923
1356023228369,-4.862464,13.021052,-2.5333846
1356023228404,-6.5513873,11.958665,-1.2666923
1356023228444,-4.140586,12.408136,0.53119355
1356023228484,-3.1463003,14.410328,-0.23154591
1356023228524,1.4165162,18.115063,2.8330324
1356023228564,-0.88532263,17.815414,3.8681788
1356023228605,-3.2961242,15.241169,0.38136974
1356023228648,-0.84446156,9.275456,1.4573772
1356023228684,2.1111538,3.7864566,2.5606253
1356023228727,3.0237172,0.5720546,0.46309182
1356023228764,2.8330324,1.1441092,-0.08172209
1356023228826,0.313268,2.4516625,-0.7627395
1356023228852,-2.8330324,8.689782,-8.880466
1356023228884,-10.923519,16.970953,-14.137921
1356023228925,-3.336985,5.5571017,-9.275456
1356023228964,1.3075534,16.698545,7.205164
1356023229004,4.1814466,2.3018389,0.7627395
1356023229044,0.95342433,9.997335,5.8567495
1356023229087,-7.9679036,15.854085,-0.040861044
1356023229125,-0.8036005,6.2789803,0.313268
1356023229167,-0.08172209,7.082581,-0.0
1356023229205,-3.0237172,9.697687,1.1849703
1356023229247,-3.445948,7.164303,0.50395286
1356023229284,-2.070293,9.043911,1.4982382
1356023229324,-2.1111538,10.991621,-1.1849703
1356023229364,-4.9850473,13.143636,-2.0294318
1356023229405,-4.5900574,11.917805,-1.879608
1356023229445,-4.2904096,11.604536,-0.38136974
1356023229484,-6.1291566,14.410328,0.61291564
1356023229526,0.42223078,18.659876,1.9477097
1356023229565,0.27240697,17.62473,3.173541
1356023229618,-3.718355,14.601013,0.88532263
1356023229663,0.84446156,7.1234417,2.5606253
1356023229704,1.9477097,2.0294318,1.7978859
1356023229743,2.982856,0.19068487,0.42223078
1356023229820,2.2609777,2.3018389,0.50395286
1356023229826,0.14982383,4.5219555,-2.7240696
1356023229872,-5.47538,13.402422,-14.519291
1356023229904,-8.390134,12.9529505,-10.7192135
1356023229946,-1.1168685,10.079058,-2.3426998
1356023229984,1.9477097,13.443283,6.4015636
1356023230024,0.88532263,1.3075534,2.3426998
1356023230064,-0.0,13.252599,4.4810944
1356023230104,-8.049625,13.906375,1.0760075
1356023230145,1.8387469,4.7126403,-0.0
1356023230185,-0.6946377,8.430995,0.50395286
1356023230227,-2.2201166,9.724928,1.7570249
1356023230264,-2.7921712,8.117727,0.5720546
1356023230306,-3.445948,9.847511,0.19068487
1356023230354,-4.0180025,13.102775,-2.3426998
1356023230394,-6.469665,12.108489,-0.6946377
1356023230434,-3.7864566,12.367276,-0.84446156
1356023230474,-3.8681788,13.593107,1.0351465
1356023230515,0.6537767,17.502148,0.5720546
1356023230555,-0.0,16.739407,3.486809
1356023230596,-2.982856,15.745122,1.879608
1356023230634,-3.173541,10.228881,0.8036005
1356023230677,1.607201,5.829509,2.6423476
1356023230714,2.982856,0.5720546,0.95342433
1356023230754,2.2609777,0.50395286,-0.42223078
1356023230853,0.50395286,3.8681788,-0.23154591
1356023230854,-0.53119355,7.8589406,-4.862464
1356023230873,-9.302697,17.352324,-14.560152
1356023230903,-7.3958488,9.275456,-8.730643
1356023230944,1.1168685,5.597963,-0.7627395
1356023230984,-1.0760075,15.6634,4.099725
1356023231026,2.4516625,0.88532263,3.0237172
1356023231065,-2.1792557,13.33432,3.255263
1356023231107,-7.8180795,15.173067,0.92618364
1356023231134,0.8036005,6.2789803,0.5720546
1356023231174,1.2258313,6.782933,0.3405087
1356023231214,-1.7978859,9.466142,1.7297841
1356023231256,-2.7513103,8.390134,1.2666923
1356023231294,-3.8273177,9.384419,0.14982383
1356023231337,-3.9771416,12.108489,-1.9885708
1356023231375,-6.0882955,12.980191,-1.2666923
1356023231414,-2.5333846,12.721405,-2.3018389
1356023231454,-3.2961242,13.484144,0.5720546
1356023231494,-1.525479,15.472715,0.84446156
1356023231534,1.6480621,17.161638,2.5333846
1356023231575,-1.8387469,16.249075,1.607201
1356023231615,-3.8273177,12.639683,0.6537767
1356023231655,0.040861044,8.349273,1.8387469
1356023231696,2.982856,3.990762,2.3018389
1356023231734,2.5606253,1.1441092,0.42223078
1356023231777,1.1441092,1.920469,-0.46309182
1356023231824,-1.1849703,3.173541,-3.486809
1356023231855,-6.851035,12.14935,-15.241169
1356023231894,-9.847511,14.246883,-11.182305
1356023231934,3.173541,12.14935,0.9942854
1356023231974,0.040861044,11.917805,2.982856
1356023232019,0.88532263,2.152015,3.445948
1356023232054,-2.1111538,15.704261,2.3018389
1356023232094,-7.3958488,14.859799,0.7218784
1356023232135,0.84446156,5.9793324,0.19068487
1356023232175,-1.607201,8.580819,-0.42223078
1356023232216,-2.7513103,9.656827,0.7218784
1356023232256,-1.2666923,7.668256,1.1168685
1356023232297,-3.1463003,9.656827,0.313268
1356023232335,-4.2904096,11.372991,-1.920469
1356023232374,-6.2789803,12.980191,-1.920469
1356023232414,-3.8681788,12.217452,-2.3426998
1356023232454,-6.469665,13.021052,1.0351465
1356023232494,-2.3699405,17.052675,1.6889231
1356023232534,3.8681788,18.578154,3.9499009
1356023232575,-1.1441092,17.052675,1.7978859
1356023232615,-4.1814466,11.75436,-0.10896278
1356023232656,1.1168685,6.4015636,3.1054392
1356023232694,2.9147544,1.2258313,1.3756552
1356023232738,3.445948,0.61291564,-0.08172209
1356023232775,1.920469,2.2609777,-0.61291564
1356023232830,-0.29964766,4.6036777,-2.3699405
1356023232855,-8.158588,14.246883,-14.669114
1356023232894,-9.302697,11.645397,-10.56939
1356023232934,1.7570249,-3.1054392,0.53119355
1356023232974,4.140586,17.161638,1.6889231
1356023233015,-4.0588636,6.469665,2.5333846
1356023233054,4.5628166,5.434519,5.284695
1356023233096,-8.049625,15.785983,1.0351465
1356023233135,-0.61291564,7.6954966,0.38136974
1356023233177,1.2666923,5.829509,0.19068487
1356023233214,-3.173541,9.80665,1.3756552
1356023233254,-2.7513103,7.273266,1.0351465
1356023233294,-3.405087,9.043911,0.9942854
1356023233334,-3.5276701,12.9529505,-1.2258313
1356023233374,-6.1700177,13.021052,-1.6480621
1356023233415,-3.445948,12.789507,-2.1111538
1356023233454,-4.140586,12.4489975,0.313268
1356023233495,-4.1814466,14.519291,0.23154591
1356023233537,0.9942854,18.428331,4.1814466
1356023233575,-1.0351465,16.657684,2.3018389
1356023233616,-4.4810944,13.375181,0.42223078
1356023233654,-0.38136974,8.539958,2.2609777
1356023233694,2.5333846,3.255263,2.2609777
1356023233734,3.2961242,0.6537767,0.38136974
1356023233775,1.9477097,1.56634,0.3405087
1356023233870,1.1441092,2.8738933,-1.4982382
1356023233872,-2.5606253,9.084772,-10.528529
1356023233894,-13.824653,18.155924,-14.246883
1356023233934,-1.3756552,6.1291566,-6.782933
1356023233976,3.0645783,16.507862,6.1700177
1356023234024,-2.070293,2.8330324,4.9850473
1356023234064,-1.879608,15.241169,2.7921712
1356023234104,-5.053149,12.408136,0.38136974
1356023234144,2.7649305,5.09401,-0.9125633
1356023234184,-0.53119355,8.471856,1.0760075
1356023234224,-3.9771416,8.662541,1.2258313
1356023234265,-3.0237172,8.158588,0.84446156
1356023234305,-1.879608,11.182305,-0.84446156
1356023234345,-5.175732,13.443283,-1.56634
1356023234384,-5.7477865,13.102775,-1.525479
1356023234428,-4.099725,12.408136,-0.9125633
1356023234464,-4.7535014,13.633968,0.42223078
1356023234508,0.313268,18.768839,2.2609777
1356023234555,-1.334794,16.276316,3.173541
1356023234595,-3.5276701,13.824653,1.8387469
1356023234636,1.7978859,8.921328,2.070293
1356023234674,3.5276701,3.405087,1.2258313
1356023234716,2.5606253,0.46309182,0.61291564
1356023234754,0.42223078,1.4165162,0.27240697
1356023234796,-0.3405087,3.0645783,-2.7513103
1356023234839,-2.7240696,9.765789,-11.9450445
1356023234874,-10.7192135,17.815414,-12.980191
1356023234914,-1.4165162,7.8589406,-7.082581
1356023234954,-0.10896278,14.9006605,5.134871
1356023234994,4.4810944,2.5606253,1.4165162
1356023235034,-0.50395286,12.217452,5.407278
1356023235076,-7.273266,14.709975,1.1849703
1356023235114,1.1441092,5.5162406,0.10896278
1356023235156,0.10896278,7.7772183,0.313268
1356023235194,-2.7921712,9.043911,1.4982382
1356023235237,-3.486809,8.662541,0.42223078
1356023235274,-2.3426998,8.894087,-0.27240697
1356023235314,-4.5219555,12.217452,-0.0
1356023235354,-5.6252036,12.340035,-0.61291564
1356023235395,-4.862464,14.056199,-1.1849703
1356023235434,-6.1291566,13.865514,0.3405087
1356023235476,-0.23154591,16.548723,0.84446156
1356023235515,-1.3756552,17.883516,3.718355
1356023235556,-1.56634,17.434046,1.334794
1356023235594,-0.95342433,10.079058,1.1441092
1356023235637,1.334794,5.134871,2.6014864
1356023235675,2.7240696,1.0760075,0.8036005
1356023235714,2.2201166,1.1441092,0.14982383
1356023235754,0.6946377,2.5606253,0.040861044
1356023235794,-1.1168685,5.053149,-5.243834
1356023235841,-8.471856,15.745122,-16.548723
1356023235874,-9.234595,9.152874,-9.888372
1356023235915,6.2108784,6.238119,5.829509
1356023235955,-5.243834,12.598822,-0.6537767
1356023235995,2.4108016,2.4925237,5.2165933
1356023236035,-4.372132,14.941522,2.4516625
1356023236076,-3.0237172,11.182305,0.23154591
1356023236114,2.982856,6.1291566,-0.50395286
1356023236157,-3.1463003,9.193735,0.95342433
1356023236194,-3.9499009,8.62168,1.4982382
1356023236234,-3.486809,8.689782,0.84446156
1356023236274,-3.405087,12.108489,-1.607201
1356023236314,-5.706926,13.906375,-2.9556155
1356023236354,-5.5162406,13.797412,-2.9147544
1356023236395,-4.944186,13.402422,-0.61291564
1356023236435,-3.759216,14.859799,3.0237172
1356023236475,0.10896278,18.155924,2.4516625
1356023236516,-1.1849703,15.894946,2.1111538
1356023236554,-3.759216,12.721405,1.6889231
1356023236597,0.7218784,7.3549876,1.7570249
1356023236636,3.405087,2.4925237,1.920469
1356023236674,3.255263,0.08172209,0.6537767
1356023236717,1.6889231,2.1111538,0.313268
1356023236754,-0.46309182,5.09401,-3.568531
1356023236794,-6.742072,14.015338,-15.4046135
1356023236846,-10.419566,13.797412,-10.800936
1356023236877,1.3756552,4.440233,-1.607201
1356023236916,-0.50395286,15.785983,2.982856
1356023236953,1.7297841,1.5390993,2.5333846
1356023236983,0.84446156,9.507003,4.7126403
1356023237027,-7.9270425,16.017529,0.38136974
1356023237064,1.0760075,6.3198414,0.46309182
1356023237107,0.5720546,7.3141265,0.14982383
1356023237145,-2.5606253,10.18802,1.9477097
1356023237187,-3.0237172,8.771504,1.2666923
1356023237224,-3.759216,9.152874,-0.14982383
1356023237264,-3.9771416,12.217452,-1.8387469
1356023237304,-5.6252036,12.258313,-1.6480621
1356023237345,-4.0588636,12.258313,-0.95342433
1356023237384,-5.7477865,14.056199,1.1168685
1356023237424,0.46309182,17.66559,0.92618364
1356023237464,1.6889231,17.352324,3.336985
1356023237507,-2.1792557,17.052675,1.1168685
1356023237547,-2.8738933,10.651112,0.46309182
1356023237584,0.6946377,6.0474343,2.7240696
1356023237624,2.152015,1.7297841,1.3075534
1356023237664,2.8738933,0.7627395,0.08172209
1356023237705,1.334794,2.4108016,-0.53119355
1356023237745,-1.6480621,5.325556,-7.04172
1356023237785,-10.106298,16.43976,-15.704261
1356023237846,-6.8237944,7.504812,-9.765789
1356023237867,3.445948,14.09706,4.7535014
1356023237905,1.2666923,7.8861814,-0.61291564
1356023237947,1.2666923,3.173541,5.053149
1356023237984,-6.6331096,16.88923,1.2666923
1356023238027,-1.6480621,8.853226,0.38136974
1356023238064,2.1111538,5.8567495,-0.50395286
1356023238104,-1.9885708,10.119919,1.334794
1356023238144,-2.4108016,8.812365,1.1441092
1356023238185,-3.0645783,8.499097,0.61291564
1356023238225,-3.636633,10.528529,-1.2666923
1356023238264,-4.9850473,13.33432,-1.9885708
1356023238305,-6.2789803,12.571581,-1.2666923
1356023238345,-6.4015636,13.565866,1.7297841
1356023238386,-0.3405087,14.47843,-1.1849703
1356023238424,1.4982382,17.24336,2.7921712
1356023238468,-0.10896278,16.249075,2.4516625
1356023238504,-4.5219555,13.33432,1.4982382
1356023238544,-0.95342433,7.43671,1.3756552
1356023238585,1.2258313,3.173541,1.7297841
1356023238625,2.7921712,1.3075534,0.5720546
1356023238664,2.5333846,2.6832085,0.040861044
1356023238705,0.95342433,3.8681788,-2.2609777
1356023238745,-2.1111538,10.079058,-11.836082
1356023238784,-11.604536,13.402422,-10.95076
1356023238849,1.7297841,6.973618,-2.070293
1356023238865,-2.3699405,16.970953,6.238119
1356023238907,3.1463003,-0.23154591,1.4573772
1356023238954,-1.6480621,13.593107,4.3312707
1356023238994,-4.9850473,11.495573,0.7627395
1356023239034,2.6014864,5.5162406,0.3405087
1356023239074,-2.3018389,9.234595,1.3756552
1356023239116,-3.718355,8.471856,1.4573772
1356023239156,-2.9556155,8.853226,0.38136974
1356023239196,-2.4516625,11.958665,-1.525479
1356023239234,-5.366417,12.639683,-2.2201166
1356023239274,-5.434519,11.536434,-2.2201166
1356023239314,-4.0588636,11.985906,0.14982383
1356023239354,-2.8330324,17.011814,0.95342433
1356023239394,2.2609777,18.959524,4.862464
1356023239434,-2.4108016,18.0061,1.607201
1356023239475,-3.9771416,11.836082,0.23154591
1356023239521,1.4982382,7.0553403,2.6832085
1356023239556,3.636633,0.88532263,1.2666923
1356023239595,3.336985,-0.19068487,0.23154591
1356023239637,1.9477097,2.070293,-0.23154591
1356023239674,-0.84446156,5.47538,-5.053149
1356023239714,-9.956474,16.017529,-16.235455
1356023239755,-8.962189,11.536434,-10.760075
1356023239794,-0.14982383,14.47843,5.053149
1356023239852,5.325556,7.3141265,0.6946377
1356023239882,-0.19068487,6.742072,6.238119
1356023239915,-5.5571017,17.774553,1.5390993
1356023239953,-1.1168685,7.5865335,0.50395286
1356023239996,0.92618364,6.8237944,-0.19068487
1356023240034,-2.3699405,9.112013,1.56634
1356023240076,-2.6832085,8.430995,1.1441092
1356023240114,-2.6014864,9.112013,0.10896278
1356023240157,-3.405087,10.800936,-1.9885708
1356023240194,-6.5922484,12.176591,-1.7297841
1356023240234,-5.7886477,12.340035,-0.95342433
1356023240274,-6.1291566,13.633968,1.4982382
1356023240315,1.607201,17.161638,-0.46309182
1356023240355,2.4516625,17.856276,3.486809
1356023240395,-1.920469,17.161638,1.7978859
1356023240435,-4.440233,12.489859,0.46309182
1356023240474,0.5720546,7.205164,2.2609777
1356023240518,2.2609777,1.8387469,1.56634
1356023240554,3.214402,0.53119355,0.10896278
1356023240597,1.9477097,1.7297841,-0.42223078
1356023240634,-0.14982383,4.0180025,-3.8273177
1356023240674,-9.493382,16.317177,-16.208214
1356023240715,-9.384419,11.686258,-10.106298
1356023240755,1.6889231,11.495573,3.0237172
1356023240794,0.23154591,12.830367,1.879608
1356023240852,1.1849703,2.4516625,4.7126403
1356023240876,-3.6774938,15.28203,2.3018389
1356023240915,-3.3642259,10.419566,0.10896278
1356023240956,2.2201166,5.9793324,-0.50395286
1356023240994,-1.6480621,9.234595,0.84446156
1356023241037,-3.1054392,8.662541,1.2258313
1356023241074,-2.3426998,8.281172,1.7297841
1356023241114,-2.2609777,10.460427,-0.88532263
1356023241155,-4.5900574,13.33432,-2.3018389
1356023241195,-6.973618,12.067628,-0.88532263
1356023241234,-4.5628166,12.571581,-0.29964766
1356023241274,-4.440233,13.633968,0.23154591
1356023241315,1.7570249,18.46919,1.4573772
1356023241355,0.6537767,16.930092,3.405087
1356023241396,-3.173541,14.859799,1.1168685
1356023241436,-1.56634,9.302697,1.334794
1356023241477,1.7978859,4.7943625,2.6423476
1356023241514,2.982856,1.3756552,0.53119355
1356023241554,2.0294318,1.7570249,0.23154591
1356023241597,0.38136974,3.1463003,-1.1849703
1356023241634,-2.9147544,8.240311,-11.372991
1356023241674,-12.789507,17.774553,-12.871228
1356023241714,-3.1054392,4.099725,-7.1234417
1356023241755,4.099725,14.410328,4.1814466
1356023241795,-1.56634,8.539958,0.92618364
1356023241850,2.982856,4.399372,5.5571017
1356023241874,-7.082581,16.208214,1.0760075
1356023241917,-0.9125633,8.894087,0.313268
1356023241957,1.2258313,7.205164,-0.10896278
1356023241994,-2.2609777,9.466142,1.7297841
1356023242034,-3.2961242,7.9679036,1.6480621
1356023242075,-2.9556155,9.043911,1.2666923
1356023242115,-2.3018389,11.836082,-1.4165162
1356023242154,-6.0201936,13.0619135,-1.56634
1356023242195,-5.8158884,12.299174,-1.1441092
1356023242234,-4.944186,13.0619135,0.84446156
1356023242276,-1.920469,14.437569,-0.7218784
1356023242314,1.7297841,18.305748,3.8681788
1356023242356,-1.0760075,17.270601,2.3426998
1356023242399,-3.9499009,13.293459,1.1168685
1356023242445,0.84446156,6.973618,2.7649305
1356023242485,3.0645783,2.6832085,1.2666923
1356023242525,3.636633,1.2666923,-0.14982383
1356023242565,0.88532263,2.4925237,-0.0
1356023242605,-1.4573772,3.7864566,-5.202973
1356023242646,-10.651112,16.249075,-14.818938
1356023242684,-5.6660647,9.724928,-8.499097
1356023242727,2.2609777,6.701211,-0.46309182
1356023242764,1.2666923,16.630445,2.0294318
1356023242804,-0.23154591,3.9499009,3.3778462
1356023242850,0.42223078,11.141444,3.9499009
1356023242884,-7.6273947,13.797412,1.334794
1356023242924,0.61291564,6.5513873,0.19068487
1356023242968,-0.0,8.390134,-0.14982383
1356023243006,-3.0237172,8.471856,0.61291564
1356023243045,-2.1792557,8.008764,1.5390993
1356023243087,-2.2609777,10.119919,-0.46309182
1356023243125,-4.8216033,12.9529505,-2.4925237
1356023243166,-7.1234417,12.639683,-1.4573772
1356023243205,-4.399372,12.108489,-1.4165162
1356023243244,-5.366417,13.565866,2.1111538
1356023243285,1.6889231,17.62473,0.7627395
1356023243325,1.7978859,17.774553,3.1054392
1356023243364,-2.8738933,16.208214,1.7570249
1356023243404,-4.0180025,10.269742,1.0760075
1356023243445,1.0760075,5.243834,2.4108016
1356023243485,2.9556155,0.9942854,1.1441092
1356023243526,3.0645783,0.3405087,0.46309182
1356023243565,1.0760075,2.5333846,-1.1849703
1356023243606,-0.7627395,7.5865335,-6.1291566
1356023243645,-9.043911,17.965239,-15.4046135
1356023243684,-6.3198414,9.915613,-10.841797
1356023243725,-1.56634,16.126492,3.990762
1356023243764,6.5922484,4.8216033,0.19068487
1356023243804,-1.56634,3.759216,6.4015636
1356023243848,-6.469665,18.38747,1.4982382
1356023243885,-1.920469,7.8589406,0.38136974
1356023243925,2.4925237,5.175732,-0.040861044
1356023243967,-1.8387469,9.765789,1.4982382
1356023244014,-2.982856,8.19945,1.0351465
1356023244054,-3.0645783,8.730643,1.0351465
1356023244095,-2.3426998,12.026767,-1.2258313
1356023244134,-6.66035,13.402422,-2.6014864
1356023244174,-6.0201936,12.571581,-1.7978859
1356023244215,-4.2904096,11.985906,0.6946377
1356023244255,-3.0237172,15.132206,0.040861044
1356023244295,3.2961242,18.918663,3.568531
1356023244337,-0.23154591,16.698545,2.070293
1356023244375,-4.1814466,12.639683,0.9942854
1356023244417,-0.5720546,7.0553403,2.2609777
1356023244454,1.9477097,1.607201,1.920469
1356023244494,2.9147544,0.46309182,0.50395286
1356023244534,1.9885708,1.9477097,-0.3405087
1356023244574,-0.42223078,4.4810944,-4.5900574
1356023244614,-5.134871,12.871228,-14.982383
1356023244654,-9.384419,13.865514,-10.841797
1356023244695,-3.2961242,14.941522,0.6946377
1356023244735,9.466142,1.4165162,1.7978859
1356023244776,-0.38136974,2.6832085,5.366417
1356023244815,-6.891896,18.659876,0.9942854
1356023244856,-2.7513103,8.240311,1.334794
1356023244894,1.4165162,5.012288,0.313268
1356023244935,-1.525479,10.882658,1.0760075
1356023244974,-2.6014864,8.662541,0.6946377
1356023245015,-2.3426998,7.9679036,1.1441092
1356023245054,-3.0645783,9.915613,-0.3405087
1356023245094,-4.903325,12.871228,-2.1111538
1356023245135,-6.0882955,12.830367,-2.0294318
1356023245175,-5.366417,12.789507,-0.50395286
1356023245218,-3.636633,14.246883,1.920469
1356023245254,2.2609777,19.313654,3.405087
1356023245296,0.38136974,17.774553,-0.08172209
1356023245334,-2.8738933,13.0619135,0.92618364
1356023245374,-1.334794,6.66035,2.6832085
1356023245414,1.56634,2.9147544,2.2609777
1356023245454,3.759216,0.0,1.0760075
1356023245494,1.8387469,1.334794,0.08172209
1356023245534,-1.879608,5.829509,-6.510526
1356023245575,-8.689782,17.66559,-14.328606
1356023245615,-5.597963,8.771504,-8.771504
1356023245656,-1.1849703,10.56939,-1.0760075
1356023245694,3.214402,11.563675,1.879608
1356023245736,-0.29964766,2.2609777,4.5219555
1356023245774,-2.1792557,14.9006605,2.4108016
1356023245819,-6.1291566,12.762266,0.50395286
1356023245855,1.4982382,5.5162406,-0.040861044
1356023245894,-0.50395286,8.308413,0.92618364
1356023245934,-3.0237172,9.343558,1.9885708
1356023245974,-1.9477097,8.117727,1.3756552
1356023246014,-3.0645783,10.038197,-0.42223078
1356023246056,-5.053149,12.571581,-2.070293
1356023246098,-6.469665,12.980191,-0.95342433
1356023246145,-3.9499009,13.184497,-0.7218784
1356023246184,-4.7943625,14.015338,0.61291564
1356023246224,1.607201,17.815414,1.7297841
1356023246265,0.040861044,16.930092,2.7921712
1356023246304,-2.7240696,15.745122,0.61291564
1356023246344,-2.3699405,9.847511,0.9942854
1356023246385,0.92618364,4.6036777,2.3699405
1356023246425,2.4516625,0.92618364,1.2666923
1356023246466,2.7921712,1.0760075,0.53119355
1356023246505,1.1849703,2.4516625,-1.0351465
1356023246547,-1.7570249,6.891896,-8.730643
1356023246585,-12.217452,18.537292,-14.601013
1356023246624,-4.140586,6.1291566,-10.038197
1356023246664,1.879608,17.352324,7.082581
1356023246705,1.7978859,2.3018389,1.0760075
1356023246744,0.6537767,7.668256,5.7886477
1356023246784,-7.5865335,17.352324,0.7218784
1356023246845,0.19068487,6.510526,0.46309182
1356023246864,1.4573772,6.5922484,-0.42223078
1356023246906,-1.9477097,10.228881,1.4982382
1356023246944,-3.255263,8.921328,0.95342433
1356023246987,-3.336985,8.894087,0.7218784
1356023247025,-2.6832085,11.304889,-1.879608
1356023247064,-5.706926,12.299174,-2.3018389
1356023247104,-4.862464,11.686258,-1.1441092
1356023247145,-5.47538,13.443283,2.0294318
1356023247186,-1.1849703,15.854085,-0.29964766
1356023247224,3.1463003,18.619015,3.5957718
1356023247265,-0.9125633,16.548723,1.9477097
1356023247304,-4.1814466,12.367276,0.5720546
1356023247347,-0.5720546,6.851035,2.070293
1356023247384,1.6889231,1.7297841,1.7570249
1356023247426,2.2201166,1.2258313,0.313268
1356023247465,1.607201,3.214402,0.040861044
1356023247504,-0.42223078,4.399372,-3.1054392
1356023247544,-3.7864566,11.264028,-12.871228
1356023247584,-10.651112,14.982383,-10.691973
1356023247624,-2.6832085,4.2904096,-8.049625
1356023247664,1.6889231,18.155924,6.4015636
1356023247705,1.7570249,3.173541,0.5720546
1356023247744,2.3018389,9.656827,5.7477865
1356023247785,-8.812365,16.630445,1.1441092
1356023247846,0.313268,6.3607025,0.8036005
1356023247868,0.6537767,8.19945,-0.29964766
1356023247905,-2.070293,9.043911,1.334794
1356023247947,-2.8330324,7.9679036,1.2666923
1356023247984,-3.1054392,8.539958,0.8036005
1356023248024,-2.982856,11.304889,-2.2609777
1356023248064,-6.6331096,12.680544,-1.3756552
1356023248105,-3.9499009,12.489859,-1.9885708
1356023248145,-3.9771416,12.14935,0.19068487
1356023248184,-2.7240696,16.249075,-0.42223078
1356023248225,2.8738933,18.700737,3.568531
1356023248265,-1.6480621,15.894946,1.6480621
1356023248306,-5.407278,11.836082,0.08172209
1356023248344,-0.53119355,6.932757,1.920469
1356023248387,2.1111538,3.5276701,2.1111538
1356023248424,3.214402,1.879608,0.27240697
1356023248464,2.4108016,2.4516625,-0.10896278
1356023248504,-0.19068487,2.8738933,-2.8330324
1356023248545,-6.5922484,12.721405,-14.628253
1356023248584,-11.876944,14.437569,-11.182305
1356023248624,-2.070293,10.501288,-3.173541
1356023248665,4.140586,12.340035,5.706926
1356023248705,1.7570249,2.8738933,6.3198414
1356023248746,-2.4516625,17.352324,2.5606253
1356023248784,-4.903325,10.732834,0.23154591
1356023248849,0.50395286,5.7886477,-0.14982383
1356023248865,-2.982856,9.466142,0.3405087
1356023248904,-3.486809,7.5456724,-0.10896278
1356023248944,-2.1792557,7.7363577,1.0760075
1356023248984,-0.9125633,10.269742,-0.7218784
1356023249023,-3.759216,12.340035,-2.5606253
1356023249064,-6.701211,11.563675,-1.525479
1356023249107,-3.5957718,11.372991,-2.3699405
1356023249144,-5.8158884,14.246883,1.2258313
1356023249186,-0.46309182,18.659876,2.4516625
1356023249225,1.9885708,18.959524,4.140586
1356023249267,-3.718355,16.43976,0.7218784
1356023249307,-3.214402,9.302697,1.7978859
1356023249344,2.5333846,3.8681788,3.0237172
1356023249385,3.9499009,0.6537767,1.4165162
1356023249424,3.445948,0.7627395,0.23154591
1356023249464,0.95342433,2.4925237,-1.6480621
1356023249504,-3.486809,7.8180795,-10.460427
1356023249545,-11.75436,18.305748,-12.762266
1356023249585,-2.070293,5.134871,-8.880466
1356023249626,0.08172209,18.0061,5.938472
1356023249665,3.636633,2.6014864,1.1849703
1356023249707,1.4982382,6.5513873,6.510526
1356023249745,-9.343558,18.0061,0.7627395
1356023249784,0.10896278,6.66035,0.38136974
1356023249849,1.9885708,6.932757,-0.10896278
1356023249860,-0.95342433,9.888372,1.3756552
1356023249893,-2.5333846,8.390134,1.2666923
1356023249934,-4.0180025,8.430995,0.95342433
1356023249974,-2.8330324,10.732834,-1.7297841
1356023250014,-4.7943625,12.14935,-2.6014864
1356023250054,-6.742072,11.604536,-1.3756552
1356023250094,-5.47538,13.593107,0.88532263
1356023250134,-3.214402,14.410328,0.19068487
1356023250174,3.6774938,18.850561,1.2258313
1356023250216,-0.29964766,16.88923,2.7649305
1356023250254,-5.012288,13.906375,1.2258313
1356023250297,-1.7570249,8.471856,1.7570249
1356023250334,2.1111538,3.5276701,2.0294318
1356023250374,2.6423476,0.92618364,0.23154591
1356023250426,2.1111538,2.3699405,-0.19068487
1356023250465,0.19068487,3.173541,-2.6423476
1356023250506,-2.6014864,10.528529,-13.633968
1356023250545,-11.182305,16.548723,-11.454713
1356023250586,-3.1054392,12.258313,-5.407278
1356023250624,3.173541,9.302697,6.3198414
1356023250668,4.1814466,-0.10896278,2.9556155
1356023250714,-4.0180025,18.196785,1.7297841
1356023250754,-2.9556155,8.19945,0.61291564
1356023250794,-0.14982383,5.2165933,0.313268
1356023250850,-2.6423476,9.80665,0.7627395
1356023250877,-1.9885708,8.390134,0.3405087
1356023250915,-2.6014864,8.853226,0.7627395
1356023250957,-2.4925237,10.228881,-0.6946377
1356023250995,-4.7535014,11.795221,-2.1792557
1356023251034,-6.1700177,11.495573,-1.2666923
1356023251074,-3.6774938,12.067628,-0.6537767
1356023251114,-4.0180025,15.132206,0.040861044
1356023251154,3.990762,18.959524,1.9477097
1356023251194,0.6946377,17.692831,2.8330324
1356023251235,-4.099725,15.322891,0.53119355
1356023251274,-2.3426998,9.00305,1.920469
1356023251317,1.5390993,3.636633,2.4925237
1356023251355,2.6423476,0.14982383,0.84446156
1356023251397,2.3018389,0.88532263,0.10896278
1356023251435,-0.3405087,2.5333846,-2.4925237
1356023251474,-4.5219555,10.501288,-13.021052
1356023251514,-10.61025,17.543009,-11.223166
1356023251554,-0.95342433,7.6954966,-7.7772183
1356023251594,-0.88532263,17.161638,8.499097
1356023251634,5.9793324,-0.14982383,1.607201
1356023251675,-0.23154591,12.176591,6.782933
1356023251714,-8.880466,16.167353,0.95342433
1356023251756,1.6480621,5.706926,0.3405087
1356023251795,-1.2666923,8.662541,-0.5720546
1356023251850,-2.7921712,8.771504,0.9942854
1356023251874,-3.5957718,7.273266,1.1849703
1356023251914,-2.3426998,8.62168,0.84446156
1356023251955,-2.2609777,10.882658,-1.920469
1356023251994,-5.8976107,11.836082,-2.070293
1356023252033,-4.2495484,12.14935,-0.42223078
1356023252074,-5.6660647,14.601013,2.5333846
1356023252117,1.56634,16.317177,-2.070293
1356023252164,-0.53119355,17.883516,3.8681788
1356023252207,-2.2609777,16.126492,1.7570249
1356023252245,-3.5957718,11.032481,0.8036005
1356023252284,0.42223078,6.5922484,2.9556155
1356023252326,2.4925237,2.7649305,1.3075534
1356023252364,3.405087,2.2201166,-0.10896278
1356023252404,1.9477097,1.7570249,-0.27240697
1356023252444,0.040861044,2.3018389,-2.5606253
1356023252485,-5.5571017,12.598822,-13.715691
1356023252525,-9.302697,13.715691,-10.310603
1356023252567,-0.42223078,9.112013,-5.9793324
1356023252605,0.3405087,13.184497,4.671779
1356023252647,3.8273177,-0.61291564,1.4982382
1356023252684,0.08172209,13.293459,5.366417
1356023252724,-8.349273,15.050485,0.42223078
1356023252764,1.334794,5.6660647,0.27240697
1356023252805,-0.95342433,9.343558,-0.42223078
1356023252844,-2.5606253,9.343558,0.9942854
1356023252884,-2.8738933,7.8861814,0.5720546
1356023252925,-3.2961242,8.499097,1.0760075
1356023252965,-0.84446156,10.732834,-0.7218784
1356023253006,-4.372132,12.299174,-2.2201166
1356023253045,-6.0882955,11.372991,-1.525479
1356023253087,-4.8216033,12.639683,-0.46309182
1356023253134,-3.173541,14.137921,-0.27240697
1356023253175,1.9885708,18.428331,2.1792557
1356023253215,-0.5720546,16.317177,2.4516625
1356023253256,-3.9499009,13.021052,0.08172209
1356023253295,-2.3426998,8.894087,1.0760075
1356023253336,1.56634,5.09401,2.070293
1356023253377,2.3426998,2.4516625,0.6946377
1356023253415,2.1792557,2.4108016,-0.08172209
1356023253457,1.0351465,2.5606253,-1.0351465
1356023253495,-0.7218784,7.164303,-8.539958
1356023253534,-11.223166,18.305748,-14.396708
1356023253575,-3.8681788,7.1234417,-8.499097
1356023253615,-3.405087,16.780268,3.255263
1356023253654,4.0180025,7.7363577,1.5390993
1356023253694,2.1111538,2.2201166,5.284695
