1356023947449,6.66035,7.7363577,0.5720546
1356023947604,6.701211,7.4639506,0.42223078
1356023947645,6.701211,7.504812,0.27240697
1356023947684,6.701211,7.8180795,0.6537767
1356023947724,6.742072,7.6954966,0.61291564
1356023947765,6.701211,7.6954966,0.6946377
1356023947804,6.742072,7.6273947,0.46309182
1356023947884,6.5922484,7.8180795,0.88532263
1356023947925,6.6331096,7.6273947,0.88532263
1356023947964,6.6331096,7.8589406,0.95342433
1356023948004,6.5513873,8.008764,0.6537767
1356023948045,6.5513873,7.6954966,0.8036005
1356023948084,6.5513873,7.8861814,0.84446156
1356023948124,6.742072,7.7772183,0.14982383
1356023948164,6.742072,7.5865335,0.27240697
1356023948204,6.5922484,7.5456724,0.6537767
1356023948244,6.4015636,7.8589406,0.88532263
1356023948284,6.4424243,8.049625,0.3405087
1356023948324,6.4015636,7.8589406,0.27240697
1356023948364,6.469665,7.9679036,0.8036005
1356023948404,6.4015636,8.076866,0.5720546
1356023948444,6.2108784,7.9270425,0.7218784
1356023948489,6.5513873,7.9270425,0.6537767
1356023948524,6.5922484,7.7772183,0.61291564
1356023948564,6.782933,7.5456724,0.23154591
1356023948604,6.891896,7.5865335,-0.0
1356023948644,6.973618,7.7363577,0.08172209
1356023948684,7.164303,7.3549876,-0.14982383
1356023948724,7.205164,6.973618,-1.3756552
1356023948764,7.4639506,7.014479,-1.56634
1356023948804,8.049625,7.205164,-0.42223078
1356023948844,8.430995,6.66035,-0.50395286
1356023948884,7.668256,6.4424243,-0.7218784
1356023948924,6.973618,6.4424243,-0.50395286
1356023948964,7.082581,7.0553403,-0.3405087
1356023949004,7.4639506,7.6954966,0.3405087
1356023949044,9.00305,6.932757,1.1441092
1356023949084,9.384419,6.742072,0.8036005
1356023949114,9.697687,6.742072,1.3756552
1356023949154,11.413852,6.932757,0.313268
1356023949194,9.425281,7.7772183,1.6889231
1356023949234,10.269742,8.349273,0.42223078
1356023949273,9.343558,11.264028,-0.29964766
1356023949315,9.384419,9.80665,0.040861044
1356023949354,7.5456724,8.471856,0.38136974
1356023949394,7.082581,7.246025,-0.29964766
1356023949434,5.134871,5.407278,-0.7218784
1356023949490,1.7570249,5.434519,-0.29964766
1356023949515,1.9885708,3.9499009,0.61291564
1356023949554,3.1463003,2.6014864,1.56634
1356023949594,5.134871,1.9885708,4.8216033
1356023949634,15.132206,0.38136974,11.032481
1356023949674,12.721405,1.1441092,9.302697
1356023949714,10.269742,6.510526,2.3426998
1356023949754,12.108489,13.021052,3.0237172
1356023949794,-0.6946377,3.2961242,-2.982856
1356023949834,7.7772183,11.645397,-1.7978859
1356023949874,12.571581,6.510526,0.61291564
1356023949914,2.7921712,6.3607025,-0.23154591
1356023949954,8.62168,6.510526,-0.38136974
1356023949994,8.281172,5.706926,0.040861044
1356023950034,5.706926,6.0474343,0.040861044
1356023950074,6.8237944,6.5922484,-0.29964766
1356023950114,7.9679036,7.246025,0.6946377
1356023950154,11.372991,4.903325,1.0351465
1356023950194,12.026767,5.938472,3.0645783
1356023950234,9.956474,7.014479,2.8738933
1356023950274,13.293459,5.9793324,-1.3075534
1356023950314,10.760075,14.9006605,-0.42223078
1356023950354,10.269742,15.322891,-1.0351465
1356023950394,10.419566,10.460427,1.1441092
1356023950434,7.7363577,6.742072,0.46309182
1356023950488,2.982856,5.9793324,-0.95342433
1356023950514,-0.6537767,3.990762,-1.2258313
1356023950554,-0.19068487,3.173541,-1.2258313
1356023950584,1.1849703,2.6423476,0.313268
1356023950624,4.399372,1.9885708,3.445948
1356023950664,15.213928,2.5606253,14.09706
1356023950704,13.565866,2.1792557,10.528529
1356023950744,6.782933,1.0760075,4.0180025
1356023950784,13.988097,17.24336,3.214402
1356023950824,2.1111538,2.4925237,-3.9090397
1356023950864,3.214402,11.34575,-4.7126403
1356023950904,15.023244,9.043911,1.1441092
1356023950944,4.399372,5.175732,-0.46309182
1356023950984,5.434519,6.1700177,-0.08172209
1356023951024,7.8589406,6.4424243,-0.08172209
1356023951064,6.2108784,5.829509,-0.0
1356023951104,7.3958488,6.2789803,-0.38136974
1356023951144,8.62168,6.1700177,1.1168685
1356023951185,11.645397,5.47538,2.7649305
1356023951224,11.876944,5.175732,1.4982382
1356023951264,12.340035,6.701211,0.313268
1356023951304,11.141444,10.732834,2.0294318
1356023951344,9.575105,16.017529,-1.3756552
1356023951394,10.991621,14.015338,-0.61291564
1356023951434,9.00305,8.281172,1.1441092
1356023951487,4.7535014,6.2789803,-0.27240697
1356023951514,1.56634,4.4810944,-1.56634
1356023951554,-0.9125633,3.7864566,-1.2258313
1356023951594,-0.27240697,3.445948,-0.5720546
1356023951634,2.6423476,2.4516625,2.3426998
1356023951674,13.143636,2.4108016,13.184497
1356023951714,15.6634,1.8387469,10.419566
1356023951754,8.308413,0.95342433,7.504812
1356023951794,12.408136,17.733692,0.23154591
1356023951834,-0.14982383,4.099725,-2.3699405
1356023951874,5.706926,12.026767,-2.6423476
1356023951914,13.824653,7.3958488,0.7627395
1356023951954,4.5628166,5.284695,-0.42223078
1356023951994,6.0474343,6.510526,0.14982383
1356023952034,6.510526,7.273266,-0.29964766
1356023952074,6.66035,5.8567495,-0.14982383
1356023952114,7.3141265,6.2108784,-0.9942854
1356023952154,8.812365,6.2789803,0.88532263
1356023952194,10.882658,6.2789803,2.2201166
1356023952234,11.563675,5.2165933,1.1849703
1356023952275,10.119919,7.0553403,2.3018389
1356023952313,11.727119,7.3549876,0.08172209
1356023952354,9.00305,15.213928,0.14982383
1356023952398,9.384419,14.818938,-0.95342433
1356023952434,10.378705,10.991621,1.1441092
1356023952489,8.689782,6.742072,1.2666923
1356023952524,3.486809,5.6660647,-0.29964766
1356023952564,-0.040861044,3.8273177,-1.7297841
1356023952604,-0.6946377,3.214402,-0.95342433
1356023952644,0.53119355,2.7921712,0.3405087
1356023952684,5.5571017,2.7240696,6.2108784
1356023952724,17.052675,3.5276701,15.132206
1356023952764,10.18802,2.982856,9.575105
1356023952804,13.293459,8.390134,4.7943625
1356023952844,4.0588636,11.917805,-0.38136974
1356023952884,1.7570249,3.5957718,-6.0201936
1356023952924,10.378705,13.988097,0.9942854
1356023952964,8.499097,5.597963,-0.38136974
1356023953004,4.9850473,5.5571017,-0.7627395
1356023953044,7.7363577,6.6331096,-0.29964766
1356023953084,5.5571017,7.4639506,-0.38136974
1356023953124,5.8567495,6.0474343,-0.3405087
1356023953164,7.6273947,5.7886477,-0.6537767
1356023953204,9.765789,6.2108784,1.879608
1356023953244,11.795221,5.6252036,1.6480621
1356023953284,11.454713,6.782933,0.92618364
1356023953324,11.372991,7.164303,1.607201
1356023953364,10.800936,9.084772,1.6480621
1356023953404,8.62168,16.548723,-1.1441092
1356023953444,9.507003,13.906375,-0.53119355
1356023953492,9.915613,9.724928,1.0760075
1356023953524,7.164303,6.1700177,0.61291564
1356023953564,2.7921712,5.366417,-0.42223078
1356023953604,-0.040861044,3.7864566,-1.6889231
1356023953644,-0.7627395,3.1054392,-0.9125633
1356023953684,1.0351465,2.5606253,1.2666923
1356023953724,8.240311,2.3699405,8.471856
1356023953764,18.38747,3.5957718,12.9529505
1356023953804,7.8861814,2.070293,8.308413
1356023953844,15.826844,13.293459,3.1054392
1356023953884,-4.4810944,6.5922484,0.040861044
1356023953924,4.4810944,6.66035,-7.164303
1356023953964,15.322891,12.258313,2.4516625
1356023954004,5.012288,5.284695,-1.0760075
1356023954044,6.510526,6.891896,-0.8036005
1356023954084,7.246025,7.3549876,-0.08172209
1356023954124,4.903325,6.742072,-0.14982383
1356023954164,5.8976107,6.1291566,-0.6537767
1356023954204,7.7772183,5.434519,-0.6946377
1356023954244,9.847511,6.851035,1.7978859
1356023954284,11.372991,6.510526,1.9477097
1356023954324,12.067628,6.0474343,0.7627395
1356023954364,13.021052,6.5513873,-0.040861044
1356023954404,9.302697,11.795221,3.3778462
1356023954444,8.771504,16.507862,-1.4982382
1356023954493,9.534244,14.2877445,-1.3756552
1356023954524,10.337844,9.534244,0.84446156
1356023954564,5.829509,6.4015636,0.46309182
1356023954604,1.607201,4.903325,-0.88532263
1356023954644,-0.14982383,3.405087,-1.334794
1356023954684,-0.7218784,3.445948,-0.7627395
1356023954724,1.1849703,2.6014864,1.4165162
1356023954764,10.732834,2.8330324,12.299174
1356023954804,17.856276,3.7864566,12.299174
1356023954844,7.3958488,-0.19068487,8.539958
1356023954884,12.489859,16.3989,1.7297841
1356023954924,2.6832085,6.510526,0.10896278
1356023954964,0.50395286,5.829509,-6.4015636
1356023955004,14.410328,12.408136,1.7978859
1356023955044,7.3958488,5.829509,-0.14982383
1356023955084,4.399372,6.782933,-0.46309182
1356023955124,8.62168,6.701211,-0.14982383
1356023955164,6.6331096,5.366417,0.42223078
1356023955204,5.8976107,5.47538,-0.7218784
1356023955253,6.510526,6.8237944,-0.23154591
1356023955283,9.915613,6.2789803,1.5390993
1356023955324,12.721405,5.2165933,2.1111538
1356023955364,11.686258,7.3549876,2.7649305
1356023955404,12.571581,7.205164,0.9942854
1356023955444,10.651112,11.876944,2.1111538
1356023955492,9.534244,16.04477,-1.9477097
1356023955524,11.114203,12.217452,-0.9942854
1356023955564,9.575105,9.112013,1.1441092
1356023955604,4.2495484,6.782933,0.50395286
1356023955644,1.7570249,4.9850473,-0.7627395
1356023955684,-0.5720546,3.636633,-1.334794
1356023955724,-0.9942854,3.636633,-0.50395286
1356023955764,1.4982382,3.336985,2.0294318
1356023955804,11.264028,3.3778462,11.686258
1356023955844,17.24336,2.6014864,11.34575
1356023955884,7.273266,1.4982382,6.238119
1356023955924,11.795221,17.62473,1.9885708
1356023955964,0.42223078,4.399372,-2.2609777
1356023956004,3.3778462,10.038197,-4.4810944
1356023956044,14.859799,10.269742,1.3075534
1356023956084,4.5628166,5.8976107,-0.46309182
1356023956124,5.597963,6.2789803,-0.3405087
1356023956164,7.205164,6.701211,-0.50395286
1356023956204,6.2108784,5.7477865,-0.42223078
1356023956244,7.014479,5.829509,-0.7627395
1356023956284,8.240311,6.973618,0.3405087
1356023956324,10.61025,7.9679036,2.0294318
1356023956364,12.721405,4.944186,1.3756552
1356023956404,9.80665,7.43671,2.3018389
1356023956444,10.528529,6.3607025,0.42223078
1356023956491,9.915613,12.258313,0.46309182
1356023956524,8.771504,17.66559,-1.1168685
1356023956564,10.337844,12.721405,-0.0
1356023956604,9.615966,7.205164,1.5390993
1356023956644,4.7535014,6.2108784,-0.10896278
1356023956684,1.7978859,4.2086873,-1.525479
1356023956724,-0.23154591,2.9147544,-1.920469
1356023956764,-0.29964766,3.445948,-1.0351465
1356023956804,2.5333846,2.7240696,2.6832085
1356023956844,12.680544,3.2961242,13.211738
1356023956884,15.704261,4.671779,10.079058
1356023956924,5.243834,3.1463003,5.2165933
1356023956964,11.917805,17.62473,1.920469
1356023957004,1.3756552,4.0180025,-2.8738933
1356023957044,2.5333846,10.119919,-4.5628166
1356023957084,14.601013,8.308413,-0.14982383
1356023957125,6.851035,6.1291566,-0.84446156
1356023957164,4.6036777,7.082581,-0.53119355
1356023957204,6.2789803,7.273266,0.27240697
1356023957244,6.4015636,5.09401,-0.6537767
1356023957284,5.7886477,6.2108784,-0.6537767
1356023957324,8.19945,7.43671,1.3756552
1356023957364,10.760075,6.5922484,1.6480621
1356023957404,11.727119,6.4015636,1.920469
1356023957444,9.575105,8.076866,2.9556155
1356023957491,11.75436,6.2108784,0.040861044
1356023957524,11.223166,13.565866,-0.23154591
1356023957564,7.0553403,17.62473,-1.8387469
1356023957604,11.264028,10.378705,0.5720546
1356023957644,8.539958,8.281172,-0.040861044
1356023957684,3.636633,7.3141265,-0.38136974
1356023957724,-0.0,4.6036777,-0.95342433
1356023957764,0.040861044,3.486809,-1.1849703
1356023957804,1.7570249,2.9556155,0.10896278
1356023957844,3.3778462,2.4925237,3.336985
1356023957884,13.33432,2.2609777,13.824653
1356023957924,15.091345,2.8330324,9.997335
1356023957964,10.460427,8.539958,3.1463003
1356023958004,3.990762,11.34575,-0.040861044
1356023958044,-0.53119355,3.3778462,-5.6660647
1356023958084,12.571581,14.818938,0.27240697
1356023958124,8.19945,6.0882955,-0.46309182
1356023958164,3.173541,6.932757,-0.3405087
1356023958204,7.3958488,7.3958488,-0.61291564
1356023958244,6.238119,6.2108784,-0.46309182
1356023958283,6.742072,5.5162406,-0.6537767
1356023958324,7.4639506,5.8567495,-0.42223078
1356023958364,9.343558,7.668256,2.1111538
1356023958404,11.75436,5.434519,1.3075534
1356023958444,10.56939,7.014479,1.7978859
1356023958492,11.604536,7.3958488,0.27240697
1356023958524,10.079058,11.536434,1.6480621
1356023958564,8.430995,17.120777,-1.334794
1356023958604,9.534244,13.0619135,-0.5720546
1356023958644,9.915613,8.580819,1.0351465
1356023958684,6.1700177,6.2789803,0.53119355
1356023958724,1.4165162,4.944186,-0.9942854
1356023958764,-0.53119355,3.486809,-1.4165162
1356023958804,-0.27240697,3.718355,-0.3405087
1356023958844,1.7978859,3.336985,1.607201
1356023958884,11.032481,2.9147544,11.795221
1356023958924,17.079916,2.7921712,11.876944
1356023958964,7.5865335,2.4516625,5.09401
1356023959004,9.615966,16.821129,-0.53119355
1356023959044,0.3405087,3.636633,-4.372132
1356023959084,6.973618,11.795221,-3.9090397
1356023959124,12.108489,9.425281,0.46309182
1356023959164,2.6423476,7.205164,-0.29964766
1356023959204,7.3958488,5.8976107,-0.50395286
1356023959244,7.082581,7.014479,-0.61291564
1356023959284,6.0882955,6.2789803,0.040861044
1356023959324,8.349273,5.6660647,-0.7627395
1356023959364,8.349273,6.701211,1.5390993
1356023959404,11.795221,5.829509,2.4925237
1356023959444,10.732834,6.510526,1.1849703
1356023959492,12.217452,6.701211,1.0351465
1356023959524,12.680544,9.043911,0.53119355
1356023959564,7.1234417,18.959524,-0.23154591
1356023959604,8.390134,13.593107,-1.0760075
1356023959644,10.841797,8.19945,1.1441092
1356023959684,6.8237944,6.2789803,-0.38136974
1356023959724,2.6423476,5.09401,-0.23154591
1356023959764,-0.5720546,3.568531,-1.6480621
1356023959804,-1.4165162,3.405087,-0.9942854
1356023959844,1.7570249,2.6832085,1.7978859
1356023959884,11.536434,2.6832085,12.721405
1356023959924,16.507862,3.9090397,11.223166
1356023959964,6.0474343,0.19068487,6.742072
1356023960004,9.384419,17.393185,0.84446156
1356023960044,1.1441092,3.255263,-4.5900574
1356023960084,4.440233,8.539958,-4.372132
1356023960124,16.167353,9.152874,1.3075534
1356023960164,4.862464,5.8567495,-0.23154591
1356023960204,3.718355,6.6331096,-0.42223078
1356023960244,8.117727,7.5456724,-0.46309182
1356023960284,6.0201936,7.164303,-0.50395286
1356023960324,6.1700177,7.504812,-0.61291564
1356023960364,9.112013,4.7126403,0.6946377
1356023960404,11.727119,6.1291566,1.7297841
1356023960444,11.876944,6.0882955,0.92618364
1356023960491,9.152874,7.668256,2.9147544
1356023960524,9.343558,6.5513873,1.8387469
1356023960564,12.762266,9.384419,-1.0760075
1356023960604,7.5456724,16.739407,-0.29964766
1356023960644,9.084772,13.525005,0.313268
1356023960684,10.991621,8.689782,0.040861044
1356023960724,6.932757,7.4639506,-0.10896278
1356023960764,2.2609777,6.8237944,-0.50395286
1356023960804,-1.1168685,3.990762,-1.4982382
1356023960844,-1.0351465,3.1463003,-0.29964766
1356023960884,1.2666923,2.4516625,1.56634
1356023960924,7.43671,3.255263,9.275456
1356023960964,18.619015,4.903325,14.1787815
1356023961004,9.724928,-0.38136974,9.466142
1356023961044,2.6832085,7.246025,0.53119355
1356023961084,15.213928,13.211738,1.607201
1356023961124,-1.9477097,3.405087,-3.6774938
1356023961164,5.938472,11.114203,-1.7297841
1356023961213,10.56939,6.973618,0.08172209
1356023961243,3.636633,6.0474343,-0.29964766
1356023961284,4.862464,6.6331096,-0.6946377
1356023961324,8.499097,8.076866,-0.6946377
1356023961364,5.8976107,6.973618,-0.38136974
1356023961404,7.3958488,6.4424243,0.46309182
1356023961444,11.34575,3.759216,0.5720546
1356023961489,11.604536,5.407278,0.88532263
1356023961524,10.651112,6.5922484,2.6832085
1356023961564,10.310603,6.5922484,1.3756552
1356023961604,13.797412,9.534244,-0.46309182
1356023961644,6.5922484,16.739407,0.27240697
1356023961684,8.499097,13.824653,0.27240697
1356023961724,10.760075,10.038197,0.08172209
1356023961764,6.782933,8.308413,0.53119355
1356023961804,2.3699405,5.829509,-1.56634
1356023961844,-0.6537767,3.1054392,-1.7570249
1356023961884,-0.5720546,3.0237172,-0.9125633
1356023961924,1.1849703,2.982856,1.6480621
1356023961964,6.8237944,2.9147544,9.765789
1356023962004,18.537292,5.012288,14.056199
1356023962044,6.3198414,3.214402,8.281172
1356023962084,6.4424243,16.43976,-1.6889231
1356023962124,1.9885708,3.9499009,-6.701211
1356023962164,7.246025,13.565866,-3.2961242
1356023962204,12.9529505,7.273266,0.10896278
1356023962244,3.5957718,6.782933,-0.27240697
1356023962284,5.325556,6.973618,-0.14982383
1356023962324,6.6331096,7.164303,-0.040861044
1356023962364,6.0882955,6.0201936,-0.6537767
1356023962404,8.158588,4.8216033,-0.8036005
1356023962444,9.847511,5.7477865,2.0294318
1356023962492,11.413852,7.1234417,1.3756552
1356023962524,12.14935,5.9793324,1.0351465
1356023962564,10.651112,6.932757,2.1792557
1356023962604,12.108489,6.891896,0.6537767
1356023962644,9.275456,15.132206,-0.61291564
1356023962684,7.014479,15.4046135,0.040861044
1356023962724,10.337844,11.073342,0.46309182
1356023962764,9.152874,7.273266,-0.040861044
1356023962804,2.982856,6.66035,-0.6537767
1356023962844,0.5720546,4.2086873,-1.6889231
1356023962884,-0.95342433,3.636633,-0.84446156
1356023962924,0.23154591,3.5276701,0.8036005
1356023962964,3.9090397,2.7649305,5.175732
1356023963004,17.011814,4.5219555,16.276316
1356023963044,11.75436,2.4925237,11.413852
1356023963084,6.8237944,13.184497,2.5606253
1356023963124,2.6014864,7.014479,-3.9090397
1356023963164,1.9885708,8.008764,-4.8216033
1356023963204,14.669114,11.413852,0.040861044
1356023963244,7.5456724,6.0201936,-0.14982383
1356023963284,2.7921712,6.851035,-0.50395286
1356023963324,7.246025,7.3958488,-0.23154591
1356023963364,6.2789803,6.5513873,-0.53119355
1356023963404,7.205164,6.0201936,-0.9125633
1356023963444,8.894087,5.407278,0.8036005
1356023963489,11.073342,7.273266,1.879608
1356023963524,12.14935,5.706926,1.7978859
1356023963564,11.372991,5.7886477,1.3075534
1356023963604,12.067628,7.1234417,0.14982383
1356023963644,8.308413,15.023244,1.607201
1356023963684,7.014479,15.4046135,-1.3075534
1356023963724,10.95076,11.304889,0.3405087
1356023963764,9.343558,7.3549876,0.313268
1356023963804,3.636633,7.014479,-0.38136974
1356023963844,1.2258313,4.2904096,-1.4165162
1356023963884,-0.61291564,3.7864566,-0.7218784
1356023963924,0.08172209,3.9090397,0.53119355
1356023963964,2.6423476,3.1054392,3.336985
1356023964004,15.023244,4.7126403,15.704261
1356023964044,12.680544,2.4516625,10.038197
1356023964084,7.1234417,8.349273,1.4982382
1356023964124,5.7886477,11.413852,-0.6537767
1356023964173,3.2961242,9.656827,-6.2789803
1356023964203,14.328606,12.871228,-0.27240697
1356023964244,8.308413,6.701211,-0.6537767
1356023964284,3.1463003,7.164303,-0.7627395
1356023964324,7.082581,7.6273947,-0.50395286
1356023964364,6.742072,6.8237944,-0.42223078
1356023964404,7.0553403,5.829509,-1.0351465
1356023964444,9.152874,5.6252036,-0.29964766
1356023964489,10.61025,6.238119,2.6832085
1356023964524,12.108489,5.243834,1.4165162
1356023964564,11.141444,6.1700177,1.9885708
1356023964604,11.032481,6.8237944,0.88532263
1356023964644,9.193735,11.073342,1.9477097
1356023964684,7.205164,16.3989,-0.84446156
1356023964724,9.697687,13.633968,-0.3405087
1356023964764,11.958665,8.390134,0.6946377
1356023964804,7.014479,7.5456724,0.53119355
1356023964844,2.5606253,6.0201936,-1.2666923
1356023964884,-0.6537767,3.255263,-1.3075534
1356023964924,-0.84446156,3.5957718,-0.6946377
1356023964964,0.9942854,3.636633,1.8387469
1356023965004,8.471856,3.9499009,12.299174
1356023965044,17.502148,4.630918,13.402422
1356023965084,3.214402,1.3756552,5.6660647
1356023965124,7.6273947,16.317177,0.313268
1356023965164,3.7864566,3.1463003,-5.407278
1356023965204,4.5628166,12.340035,-4.0180025
1356023965244,13.252599,8.349273,-0.23154591
1356023965284,3.3778462,7.014479,-0.53119355
1356023965324,4.944186,6.66035,-0.88532263
1356023965364,7.4639506,7.8180795,-0.9942854
1356023965404,6.4015636,6.4015636,-0.08172209
1356023965444,8.689782,5.243834,-0.7627395
1356023965489,9.80665,6.701211,1.920469
1356023965524,12.53072,6.1700177,1.920469
1356023965564,11.917805,5.407278,1.3756552
1356023965604,9.152874,6.0201936,2.7649305
1356023965644,11.141444,7.3549876,-0.23154591
1356023965684,9.152874,16.3989,-0.9942854
1356023965724,7.014479,15.894946,0.3405087
1356023965764,11.563675,10.147159,0.5720546
1356023965804,9.275456,6.469665,0.5720546
1356023965844,3.990762,7.164303,-0.9942854
1356023965884,-0.46309182,4.5628166,-2.1383946
1356023965924,-1.8387469,3.5276701,-0.95342433
1356023965964,0.50395286,3.759216,1.1441092
1356023966004,4.3312707,3.5276701,7.273266
1356023966044,18.305748,4.862464,15.745122
1356023966084,9.302697,3.405087,11.727119
1356023966124,6.3607025,16.317177,-2.2609777
1356023966164,1.0760075,2.7240696,-5.284695
1356023966204,6.0201936,12.067628,-4.944186
1356023966244,13.865514,8.240311,-0.14982383
1356023966284,4.6036777,6.0882955,-0.5720546
1356023966324,4.2086873,6.701211,-0.29964766
1356023966364,6.891896,8.158588,-0.46309182
1356023966404,6.469665,6.701211,-0.27240697
1356023966444,8.62168,5.6252036,-1.1168685
1356023966489,9.575105,6.3607025,1.6480621
1356023966524,12.299174,6.1700177,2.1792557
1356023966564,12.14935,5.7477865,1.3756552
1356023966604,10.147159,6.1700177,2.3018389
1356023966644,10.56939,7.7772183,1.0351465
1356023966684,9.084772,16.358038,-1.1441092
1356023966724,6.932757,16.3989,0.42223078
1356023966764,10.269742,10.528529,0.88532263
1356023966804,8.662541,5.175732,0.3405087
1356023966844,3.636633,5.8567495,-0.95342433
1356023966884,-0.3405087,4.2086873,-2.3018389
1356023966924,-1.1849703,3.636633,-1.3075534
1356023966964,0.8036005,3.7864566,0.61291564
1356023967004,3.445948,5.366417,10.119919
1356023967044,18.428331,6.851035,15.704261
1356023967084,9.00305,-0.29964766,11.686258
1356023967133,4.399372,16.017529,-3.0645783
1356023967163,3.7864566,3.990762,-5.366417
1356023967204,3.990762,10.079058,-4.5628166
1356023967244,12.980191,9.302697,-0.10896278
1356023967284,6.1700177,6.3607025,-0.7218784
1356023967324,4.440233,6.742072,-0.8036005
1356023967364,7.3141265,7.0553403,-0.50395286
1356023967404,5.8976107,7.082581,-0.88532263
1356023967444,8.308413,5.325556,-0.95342433
1356023967489,10.732834,5.284695,1.56634
1356023967524,11.836082,6.4424243,1.56634
1356023967564,11.645397,5.7477865,1.2666923
1356023967604,9.534244,7.6954966,2.7240696
1356023967644,10.923519,7.7363577,0.88532263
1356023967684,8.921328,13.865514,-0.23154591
1356023967724,6.701211,14.818938,-0.0
1356023967764,10.882658,10.691973,0.7627395
1356023967804,10.651112,7.082581,-0.040861044
1356023967844,5.366417,8.008764,-0.0
1356023967884,0.8036005,5.6660647,-1.2258313
1356023967924,-1.6480621,3.1463003,-1.3075534
1356023967964,-0.5720546,2.7240696,0.42223078
1356023968004,2.070293,3.3778462,5.325556
1356023968044,16.739407,6.510526,16.821129
1356023968084,11.114203,2.9556155,11.032481
1356023968124,3.8681788,11.264028,-2.1111538
1356023968164,7.5865335,8.390134,-1.1441092
1356023968204,1.8387469,7.6273947,-4.7126403
1356023968244,9.888372,11.032481,-0.23154591
1356023968284,8.539958,6.3607025,-0.50395286
1356023968324,5.053149,5.434519,-0.9942854
1356023968364,6.1291566,6.932757,-0.7218784
1356023968404,5.434519,8.730643,-0.040861044
1356023968444,8.117727,5.8976107,-0.46309182
1356023968490,9.956474,5.597963,1.2666923
1356023968524,12.026767,6.3198414,1.4165162
1356023968564,11.563675,6.469665,1.334794
1356023968604,10.923519,6.66035,1.6889231
1356023968644,10.691973,9.384419,0.92618364
1356023968684,5.8976107,14.7916975,-0.08172209
1356023968724,7.5865335,13.988097,-1.1168685
1356023968764,10.269742,11.372991,1.3756552
1356023968804,8.349273,7.3549876,0.53119355
1356023968844,3.3778462,7.9679036,-0.6537767
1356023968884,1.1168685,5.366417,-1.525479
1356023968924,-1.56634,3.636633,-0.27240697
1356023968964,-0.38136974,2.982856,0.3405087
1356023969004,3.255263,3.405087,7.6273947
1356023969044,18.578154,5.5162406,14.750836
1356023969084,8.19945,-0.3405087,9.234595
1356023969124,4.2495484,7.9679036,-2.5606253
1356023969164,9.507003,9.997335,1.7570249
1356023969204,-2.2609777,4.099725,-6.0201936
1356023969244,13.143636,12.912089,-0.14982383
1356023969284,10.991621,6.782933,-0.10896278
1356023969324,1.7978859,6.782933,-0.7627395
1356023969364,5.829509,8.308413,-0.9942854
1356023969404,6.4424243,8.076866,-0.7218784
1356023969444,6.238119,6.4424243,-0.46309182
1356023969489,9.888372,4.7535014,-0.040861044
1356023969525,10.841797,6.701211,1.607201
1356023969564,11.958665,5.134871,1.2666923
1356023969604,10.991621,6.5922484,1.9885708
1356023969644,11.645397,7.4639506,0.61291564
1356023969684,9.656827,12.639683,0.8036005
1356023969724,6.4015636,17.2025,-0.040861044
1356023969764,9.043911,13.33432,1.4573772
1356023969804,9.888372,8.076866,0.14982383
1356023969844,6.1291566,6.66035,-1.1441092
1356023969884,2.7240696,4.140586,-1.8387469
1356023969924,-1.920469,2.4925237,-2.3018389
1356023969964,-1.2666923,3.568531,0.14982383
1356023970004,2.4108016,4.0588636,4.6036777
1356023970044,14.9006605,7.0553403,15.173067
1356023970084,14.369467,5.175732,11.413852
1356023970124,5.284695,7.246025,2.0294318
1356023970163,8.471856,13.443283,-0.61291564
1356023970204,2.4516625,3.3778462,-5.5162406
1356023970244,8.240311,13.33432,-1.3075534
1356023970284,10.800936,6.8237944,-0.6946377
1356023970324,3.1463003,6.891896,-0.50395286
1356023970364,5.9793324,7.246025,-1.1441092
1356023970404,6.469665,7.5865335,-0.9125633
1356023970444,6.742072,6.2789803,-0.6537767
1356023970489,9.275456,5.243834,-1.1168685
1356023970524,10.079058,7.246025,1.879608
1356023970564,12.789507,5.9793324,1.6480621
1356023970604,11.917805,6.4015636,1.4573772
1356023970644,10.119919,6.3198414,1.7978859
1356023970684,10.378705,7.9679036,1.1168685
1356023970724,7.3958488,16.698545,-0.6946377
1356023970764,7.4639506,14.601013,-0.88532263
1356023970804,11.372991,9.193735,1.1168685
1356023970844,9.193735,6.742072,-0.29964766
1356023970884,2.4108016,7.164303,-0.23154591
1356023970924,-1.525479,5.325556,-1.2666923
1356023970964,-1.2258313,4.399372,-0.38136974
1356023971004,2.9147544,3.405087,1.1849703
1356023971044,7.014479,3.990762,8.076866
1356023971084,18.891422,4.7126403,14.982383
1356023971124,9.193735,2.1111538,7.8861814
1356023971164,2.7649305,17.270601,-0.29964766
1356023971204,5.7886477,5.47538,-5.053149
1356023971244,4.7126403,10.56939,-3.9499009
1356023971284,10.760075,8.349273,-0.10896278
1356023971324,5.134871,7.7363577,-0.3405087
1356023971364,5.053149,6.701211,-1.3075534
1356023971404,6.5922484,7.4639506,-1.3075534
1356023971444,6.0882955,6.5513873,-0.5720546
1356023971486,8.390134,5.7477865,-0.6946377
1356023971524,9.084772,7.0553403,1.56634
1356023971564,11.563675,5.8976107,1.3075534
1356023971604,11.264028,5.6660647,0.42223078
1356023971644,10.18802,7.1234417,1.607201
1356023971684,11.454713,7.273266,0.7218784
1356023971724,8.049625,14.818938,1.4165162
1356023971764,6.5922484,15.745122,-1.0760075
1356023971804,10.923519,10.882658,0.95342433
1356023971844,10.310603,6.66035,0.46309182
1356023971884,3.8681788,7.5865335,-0.29964766
1356023971924,0.5720546,4.903325,-1.2666923
1356023971964,-1.3756552,3.336985,-0.84446156
1356023972004,-0.61291564,3.2961242,-0.14982383
1356023972044,2.3426998,3.3778462,4.5219555
1356023972084,14.519291,5.706926,16.208214
1356023972124,12.871228,5.09401,10.528529
1356023972164,10.119919,13.824653,0.10896278
1356023972204,-0.27240697,9.193735,-0.88532263
1356023972244,0.3405087,5.829509,-7.6954966
1356023972284,15.050485,13.33432,1.1849703
1356023972324,9.507003,4.9850473,-0.46309182
1356023972364,2.7921712,5.9793324,-1.1168685
1356023972404,7.1234417,7.6954966,-0.8036005
1356023972444,5.243834,8.580819,-0.6946377
1356023972489,6.5513873,7.014479,-0.6946377
1356023972524,9.765789,4.7126403,0.23154591
1356023972564,10.119919,6.5513873,1.1849703
1356023972604,11.604536,6.2108784,0.6946377
1356023972644,11.372991,6.973618,1.2666923
1356023972684,11.073342,6.701211,1.4573772
1356023972724,10.732834,7.9270425,1.4982382
1356023972764,6.238119,18.278507,-1.3075534
1356023972804,7.668256,14.246883,-0.5720546
1356023972844,11.454713,8.580819,1.0760075
1356023972884,8.471856,6.932757,-0.29964766
1356023972924,2.6014864,6.469665,-0.5720546
1356023972964,-1.3756552,4.862464,-0.7627395
1356023973004,-1.3756552,3.255263,-0.040861044
1356023973044,0.6946377,3.0645783,1.2666923
1356023973093,11.645397,2.982856,12.367276
1356023973123,18.850561,6.0882955,13.797412
1356023973164,7.5865335,4.862464,10.269742
1356023973204,3.990762,15.826844,-1.0760075
1356023973244,1.5390993,3.255263,-4.7535014
1356023973284,7.3549876,12.299174,-2.6014864
1356023973324,13.565866,8.430995,-0.27240697
1356023973364,4.3312707,6.469665,-0.95342433
1356023973404,4.8216033,7.1234417,-0.61291564
1356023973444,6.782933,7.9270425,-0.8036005
1356023973485,6.0882955,6.891896,-0.19068487
1356023973524,7.5456724,5.6252036,-1.1441092
1356023973564,8.580819,5.938472,0.10896278
1356023973604,11.182305,6.973618,2.3426998
1356023973644,12.789507,4.2904096,1.1849703
1356023973684,10.991621,7.6273947,1.6480621
1356023973724,11.795221,6.851035,-0.6537767
1356023973764,9.575105,12.4489975,-0.040861044
1356023973804,5.9793324,18.700737,-1.1849703
1356023973844,8.689782,13.252599,-0.23154591
1356023973884,9.724928,7.43671,0.92618364
1356023973924,4.944186,6.1291566,-0.9125633
1356023973964,1.607201,4.2904096,-2.1792557
1356023974004,-0.9125633,4.2495484,-1.2258313
1356023974044,-0.8036005,4.6036777,-0.5720546
1356023974084,0.9942854,3.5276701,1.9885708
1356023974124,11.413852,4.3312707,15.4046135
1356023974164,14.9006605,4.0588636,10.841797
1356023974204,3.486809,8.662541,0.27240697
1356023974244,6.238119,12.598822,-0.42223078
1356023974284,2.6423476,5.407278,-5.325556
1356023974324,7.3549876,12.830367,-1.7297841
1356023974364,11.223166,6.6331096,-0.27240697
1356023974404,4.5628166,6.0474343,-0.7627395
1356023974444,5.2165933,6.932757,-0.7627395
1356023974484,5.938472,8.158588,-0.8036005
1356023974524,5.6252036,6.932757,-0.29964766
1356023974564,9.466142,5.284695,-0.0
1356023974604,10.038197,7.1234417,1.3756552
1356023974644,12.067628,5.325556,0.8036005
1356023974684,11.34575,6.469665,1.1849703
1356023974724,11.495573,7.8180795,1.6889231
1356023974764,9.956474,8.62168,1.3756552
1356023974804,7.43671,17.393185,-0.88532263
1356023974844,7.4639506,14.709975,-0.7218784
1356023974884,10.038197,9.765789,0.84446156
1356023974924,7.668256,6.701211,0.38136974
1356023974964,2.8330324,6.0201936,-1.2258313
1356023975004,-0.08172209,3.8273177,-1.8387469
1356023975044,-0.7627395,3.2961242,-0.9125633
1356023975084,0.040861044,3.7864566,0.46309182
1356023975125,3.214402,4.7943625,6.5922484
1356023975164,18.155924,6.851035,16.126492
1356023975204,9.302697,0.6537767,9.507003
1356023975244,0.7627395,15.241169,-0.10896278
1356023975284,8.281172,3.990762,-2.7921712
1356023975324,0.7218784,7.8861814,-5.5571017
1356023975364,13.143636,9.956474,-0.27240697
1356023975404,9.425281,6.742072,-0.42223078
1356023975444,3.0237172,7.082581,0.27240697
1356023975486,6.2789803,8.076866,-0.14982383
1356023975524,6.3607025,7.504812,-0.7627395
1356023975564,5.8976107,7.014479,-1.1441092
1356023975604,9.425281,5.8567495,0.38136974
1356023975644,11.876944,6.238119,2.4516625
1356023975684,11.495573,5.175732,2.0294318
1356023975724,9.847511,6.742072,2.4516625
1356023975764,10.528529,8.008764,0.46309182
1356023975804,11.645397,11.727119,0.53119355
1356023975844,6.3607025,17.543009,-1.7570249
1356023975884,10.691973,12.830367,1.0760075
1356023975924,10.079058,7.504812,0.7627395
1356023975964,4.0180025,7.8589406,-0.46309182
1356023976004,0.53119355,4.3312707,-1.4165162
1356023976044,-1.607201,2.9147544,-1.4573772
1356023976085,-0.6946377,4.140586,-0.50395286
1356023976123,1.9477097,3.5276701,3.568531
1356023976164,14.015338,4.7535014,15.636159
1356023976204,12.067628,3.255263,10.691973
1356023976244,3.718355,11.958665,-1.6480621
1356023976284,5.053149,8.240311,-0.08172209
1356023976324,1.9885708,6.3607025,-5.7886477
1356023976364,11.495573,11.563675,-0.3405087
1356023976404,9.384419,6.3198414,-0.19068487
1356023976444,3.2961242,6.510526,-0.8036005
1356023976486,5.407278,7.5456724,-0.88532263
1356023976524,5.434519,8.19945,-0.7627395
1356023976564,7.0553403,6.5922484,-1.334794
1356023976604,10.079058,5.434519,0.84446156
1356023976644,11.604536,6.5922484,1.7978859
1356023976684,11.372991,6.4015636,0.84446156
1356023976724,11.114203,7.246025,1.9477097
1356023976764,10.923519,7.3958488,0.95342433
1356023976804,10.56939,9.765789,0.7627395
1356023976844,7.8861814,16.86199,-1.8387469
1356023976884,8.281172,13.252599,0.08172209
1356023976924,9.656827,8.308413,0.27240697
1356023976964,5.2165933,8.049625,-0.61291564
1356023977004,1.9477097,6.5513873,-1.1168685
1356023977044,-0.6946377,5.243834,-1.525479
1356023977084,-0.8036005,4.1814466,-0.42223078
1356023977124,1.3756552,2.9556155,3.336985
1356023977164,12.871228,2.4108016,14.369467
1356023977204,15.894946,4.903325,10.95076
1356023977244,4.5628166,8.580819,3.445948
1356023977284,6.1700177,11.727119,-2.1111538
1356023977324,3.445948,4.7943625,-5.5162406
1356023977364,6.8237944,11.304889,-2.1792557
1356023977404,10.732834,7.205164,-0.10896278
1356023977444,4.399372,6.2108784,-0.42223078
1356023977486,5.366417,6.5513873,-0.9125633
1356023977524,6.932757,7.8180795,-0.42223078
1356023977564,6.6331096,7.082581,-0.38136974
1356023977604,8.962189,5.9793324,-0.10896278
1356023977644,9.043911,8.008764,1.9477097
1356023977684,12.830367,5.243834,1.607201
1356023977724,11.958665,4.903325,0.8036005
1356023977764,11.114203,7.205164,0.8036005
1356023977804,9.425281,9.507003,2.4516625
1356023977844,6.932757,17.270601,0.6946377
1356023977884,7.3549876,13.33432,0.08172209
1356023977924,12.108489,8.730643,0.6537767
1356023977964,7.6954966,6.891896,-0.14982383
1356023978004,2.5606253,6.2108784,-1.334794
1356023978044,-0.14982383,4.099725,-1.1441092
1356023978084,-0.61291564,3.2961242,-0.42223078
1356023978124,1.2666923,3.486809,0.92618364
1356023978164,5.5162406,5.284695,7.6954966
1356023978204,18.38747,6.4015636,15.241169
1356023978244,7.082581,1.1441092,7.6273947
1356023978284,7.504812,15.704261,-0.0
1356023978324,7.205164,7.246025,-1.7570249
1356023978364,0.92618364,8.62168,-4.5628166
1356023978404,10.079058,10.147159,-0.19068487
1356023978444,6.2789803,7.8180795,-0.3405087
1356023978484,5.5162406,6.1700177,-0.9942854
1356023978524,6.932757,7.014479,-1.1441092
1356023978564,7.205164,7.43671,-0.8036005
1356023978604,5.47538,6.782933,-0.61291564
1356023978644,9.234595,5.8567495,0.10896278
1356023978684,11.536434,7.082581,1.920469
1356023978724,12.53072,4.440233,1.0351465
1356023978764,10.61025,6.782933,2.2201166
1356023978804,10.119919,7.3958488,1.56634
1356023978844,10.501288,9.302697,1.0351465
1356023978884,6.5513873,18.918663,-1.0760075
1356023978924,8.812365,13.252599,-0.14982383
1356023978964,11.454713,7.1234417,1.8387469
1356023979004,6.0201936,6.6331096,0.313268
1356023979053,1.1168685,5.053149,-1.3075534
1356023979083,-0.95342433,4.0180025,-1.4982382
1356023979124,-1.1441092,3.568531,-0.61291564
1356023979164,0.50395286,3.759216,1.1168685
1356023979204,6.469665,5.2165933,9.915613
1356023979244,19.15021,5.243834,14.9006605
1356023979284,6.2789803,0.7218784,7.8589406
1356023979324,4.9850473,17.2025,-0.5720546
1356023979364,6.701211,6.6331096,-1.1441092
1356023979404,0.040861044,8.812365,-5.09401
1356023979444,11.182305,10.56939,-0.3405087
1356023979484,8.240311,6.2789803,-0.27240697
1356023979524,4.630918,6.0882955,-0.50395286
1356023979564,6.3607025,6.782933,-0.7218784
1356023979604,7.1234417,7.3549876,-0.7627395
1356023979644,6.742072,6.8237944,-0.38136974
1356023979684,8.962189,5.8567495,0.42223078
1356023979724,9.915613,7.504812,1.8387469
1356023979764,12.489859,4.5219555,0.88532263
1356023979804,10.882658,7.014479,0.84446156
1356023979844,11.264028,6.973618,1.334794
1356023979884,9.615966,10.119919,1.7570249
1356023979924,6.851035,18.196785,-1.56634
1356023979964,8.049625,13.797412,-0.6946377
1356023980004,10.460427,8.049625,1.1849703
1356023980044,6.701211,6.742072,0.040861044
1356023980084,1.9885708,5.175732,-0.84446156
1356023980124,-0.8036005,4.1814466,-1.525479
1356023980164,-1.0760075,3.5957718,-0.6537767
1356023980204,1.4982382,3.255263,2.4108016
1356023980244,10.18802,3.486809,12.217452
1356023980284,17.270601,4.7126403,11.985906
1356023980324,1.4573772,4.3312707,3.214402
1356023980364,6.782933,16.739407,0.50395286
1356023980404,6.1291566,2.5333846,-3.0645783
1356023980444,-0.6537767,10.228881,-3.9090397
1356023980484,13.33432,9.615966,-0.27240697
1356023980524,7.3958488,7.164303,-0.38136974
1356023980564,3.568531,7.014479,-0.38136974
1356023980604,6.4015636,7.8861814,-0.8036005
1356023980644,6.1291566,7.6273947,-0.8036005
1356023980684,6.4424243,6.2108784,-0.6537767
1356023980724,9.275456,5.8976107,0.040861044
1356023980764,10.269742,8.076866,2.2201166
1356023980804,11.876944,4.862464,1.0760075
1356023980844,10.95076,6.701211,0.9942854
1356023980884,11.563675,7.3549876,0.313268
1356023980924,9.534244,11.304889,1.879608
1356023980964,6.932757,18.196785,-1.2258313
1356023981004,9.234595,13.33432,-0.6537767
1356023981044,11.264028,7.504812,1.2666923
1356023981084,6.0474343,6.2789803,0.23154591
1356023981124,0.46309182,5.47538,-0.88532263
1356023981164,-0.95342433,3.8273177,-0.9125633
1356023981204,0.14982383,3.6774938,-0.29964766
1356023981244,0.5720546,3.486809,0.42223078
1356023981284,4.0180025,4.7943625,8.539958
1356023981324,18.305748,7.8589406,16.08563
1356023981364,10.56939,6.5513873,10.269742
1356023981404,8.281172,14.410328,-3.8273177
1356023981444,-3.336985,2.7240696,-0.84446156
1356023981486,3.5957718,10.119919,-5.5571017
1356023981524,15.785983,11.75436,1.1849703
1356023981564,5.6252036,5.5162406,-0.9125633
1356023981604,3.718355,6.851035,-0.50395286
1356023981644,7.5865335,8.076866,-0.27240697
1356023981684,5.6252036,7.4639506,-0.040861044
1356023981724,6.932757,6.238119,-1.1168685
1356023981764,8.539958,5.6252036,-0.5720546
1356023981804,10.18802,6.8237944,1.9477097
1356023981844,11.836082,5.053149,0.92618364
1356023981884,10.378705,7.668256,1.3075534
1356023981924,12.598822,7.246025,0.23154591
1356023981964,9.00305,9.615966,2.6423476
1356023982013,6.5513873,17.474907,-1.920469
1356023982043,8.499097,13.402422,-0.7218784
1356023982084,11.032481,8.894087,1.7570249
1356023982124,7.6954966,6.4015636,0.10896278
1356023982164,2.982856,4.7126403,-1.4165162
1356023982204,-0.08172209,3.0645783,-1.3756552
1356023982244,-1.2258313,3.6774938,-0.6537767
1356023982284,-0.53119355,4.099725,0.50395286
1356023982324,2.9147544,5.134871,5.134871
1356023982364,15.431854,7.7772183,16.970953
1356023982404,11.182305,4.862464,9.384419
1356023982444,6.932757,10.119919,0.53119355
1356023982484,6.3607025,11.958665,-0.84446156
1356023982524,-3.1463003,5.366417,-5.5571017
1356023982564,8.349273,12.980191,-1.4165162
1356023982604,12.680544,6.0201936,-0.14982383
1356023982644,3.6774938,5.706926,-0.27240697
1356023982684,6.6331096,6.932757,-0.10896278
1356023982724,6.742072,7.3549876,-0.23154591
1356023982764,6.4424243,6.782933,-0.08172209
1356023982804,7.7363577,6.4424243,-0.84446156
1356023982844,8.19945,7.3549876,1.2666923
1356023982884,11.264028,5.9793324,0.7627395
1356023982924,11.536434,4.862464,-0.040861044
1356023982964,10.079058,8.390134,1.9885708
1356023983004,11.536434,7.246025,1.0351465
1356023983044,8.390134,12.4489975,2.4516625
1356023983084,6.4424243,17.856276,-2.5333846
1356023983124,9.724928,11.563675,0.08172209
1356023983164,10.760075,6.2108784,1.7297841
1356023983204,5.47538,6.510526,-0.19068487
1356023983244,1.3756552,4.630918,-1.3756552
1356023983284,-0.14982383,3.6774938,-1.1168685
1356023983324,-0.3405087,4.2495484,0.040861044
1356023983364,0.42223078,3.990762,1.7978859
1356023983404,4.5628166,5.7477865,9.275456
