1356341329207,-4.5900574,9.084772,0.53119355
1356341329245,-4.671779,9.275456,0.50395286
1356341329285,-4.5900574,9.112013,0.95342433
1356341329326,-4.671779,9.112013,0.6537767
1356341329365,-4.5628166,8.894087,0.38136974
1356341329405,-4.5900574,9.00305,0.3405087
1356341329446,-4.630918,9.00305,0.19068487
1356341329485,-4.7943625,9.043911,0.9942854
1356341329525,-4.7943625,9.275456,0.88532263
1356341329565,-4.5219555,9.193735,1.2258313
1356341329606,-4.3312707,8.771504,0.38136974
1356341329645,-4.5628166,9.043911,0.95342433
1356341329686,-4.630918,9.084772,1.1849703
1356341329725,-4.7535014,9.043911,1.4165162
1356341329765,-4.630918,9.043911,0.50395286
1356341329805,-4.099725,9.084772,1.879608
1356341329845,-3.8273177,8.962189,0.95342433
1356341329885,-3.7864566,8.962189,0.6946377
1356341329925,-3.6774938,8.894087,0.27240697
1356341329965,-3.486809,9.043911,0.3405087
1356341330005,-2.9147544,9.888372,0.50395286
1356341330045,-3.568531,9.997335,-0.53119355
1356341330085,-3.7864566,9.425281,-0.42223078
1356341330130,-3.1463003,9.466142,-0.19068487
1356341330155,-2.7921712,9.697687,-0.27240697
1356341330185,-3.1054392,9.724928,0.040861044
1356341330215,-3.2961242,9.80665,0.38136974
1356341330255,-3.405087,9.534244,0.50395286
1356341330295,-3.568531,9.656827,0.61291564
1356341330335,-3.445948,10.310603,0.53119355
1356341330375,-2.982856,10.760075,0.8036005
1356341330415,-2.2201166,10.841797,1.1441092
1356341330455,-1.9885708,11.304889,1.1168685
1356341330495,-3.0237172,11.264028,0.6946377
1356341330535,-4.2904096,11.563675,0.53119355
1356341330575,-6.238119,10.269742,0.08172209
1356341330615,-6.3607025,10.760075,0.84446156
1356341330655,-5.243834,10.61025,1.4573772
1356341330695,-3.5957718,9.888372,1.56634
1356341330735,-2.6832085,7.7772183,1.3075534
1356341330775,-3.568531,7.43671,1.9885708
1356341330815,-4.140586,6.701211,1.607201
1356341330855,-3.9499009,5.7477865,1.879608
1356341330895,-2.6423476,5.938472,2.982856
1356341330935,-2.070293,7.5456724,5.7886477
1356341330975,-2.1792557,9.466142,6.932757
1356341331015,-2.5333846,9.084772,6.2789803
1356341331055,-2.5606253,7.1234417,6.3198414
1356341331130,-4.862464,7.6954966,2.6832085
1356341331137,-10.7192135,16.126492,-1.0351465
1356341331164,-4.5219555,7.082581,0.3405087
1356341331195,-2.1383946,6.4424243,-1.920469
1356341331235,-0.7218784,13.184497,-1.1849703
1356341331275,-4.862464,7.43671,1.0760075
1356341331315,-4.2086873,7.6273947,0.040861044
1356341331355,-2.5333846,9.724928,-0.42223078
1356341331395,-1.525479,10.119919,0.27240697
1356341331435,-1.6889231,10.147159,1.607201
1356341331475,-2.6832085,10.378705,1.4165162
1356341331515,-3.3642259,9.575105,1.4573772
1356341331555,-2.8330324,10.61025,0.95342433
1356341331595,-2.0294318,10.61025,1.2258313
1356341331635,-1.525479,12.14935,0.92618364
1356341331675,-3.336985,12.217452,-0.6946377
1356341331715,-8.662541,13.021052,0.08172209
1356341331759,-7.04172,14.1787815,1.5390993
1356341331795,-2.5606253,12.367276,2.2201166
1356341331835,-1.8387469,7.4639506,0.3405087
1356341331865,-1.607201,5.6252036,0.14982383
1356341331905,-2.1383946,5.5571017,0.88532263
1356341331945,-3.759216,4.4810944,1.1441092
1356341331985,-3.5957718,4.1814466,1.2666923
1356341332025,-3.2961242,7.082581,3.445948
1356341332065,-4.7535014,13.756551,9.615966
1356341332132,-0.6946377,10.310603,7.082581
1356341332145,0.7218784,7.246025,5.5571017
1356341332185,-7.273266,14.369467,-0.7627395
1356341332225,-6.851035,10.651112,1.7297841
1356341332265,-2.8738933,4.630918,-2.3699405
1356341332305,-1.7978859,14.369467,-1.2666923
1356341332345,-4.5628166,8.771504,1.334794
1356341332385,-4.140586,7.1234417,-0.38136974
1356341332425,-2.6423476,9.112013,-0.0
1356341332466,-1.2666923,9.80665,0.42223078
1356341332505,-0.6537767,10.038197,0.7627395
1356341332545,-2.3018389,9.847511,2.6014864
1356341332585,-2.5606253,10.732834,1.1168685
1356341332625,-1.879608,11.223166,1.1168685
1356341332665,-0.5720546,11.876944,0.53119355
1356341332705,-2.5606253,13.593107,1.1849703
1356341332746,-5.09401,10.991621,-0.14982383
1356341332785,-8.008764,12.067628,0.313268
1356341332825,-5.597963,12.4489975,1.7978859
1356341332865,-2.8330324,12.14935,2.1792557
1356341332907,-1.4165162,7.9270425,0.46309182
1356341332945,-1.7978859,5.407278,0.95342433
1356341332985,-3.1054392,4.903325,1.1441092
1356341333025,-3.255263,3.6774938,1.1849703
1356341333065,-2.6423476,4.6036777,2.7649305
1356341333130,-3.3642259,10.147159,6.6331096
1356341333145,-3.5276701,14.628253,11.34575
1356341333185,-1.6889231,8.076866,7.7772183
1356341333225,-5.597963,13.402422,0.6946377
1356341333265,-8.19945,9.888372,-1.2666923
1356341333305,-3.173541,4.4810944,-0.10896278
1356341333345,0.313268,13.593107,-2.5606253
1356341333385,-3.1463003,8.662541,2.3699405
1356341333425,-3.9771416,6.238119,0.88532263
1356341333465,-2.0294318,9.997335,-0.040861044
1356341333505,-0.46309182,9.615966,0.84446156
1356341333545,-0.88532263,9.765789,1.1441092
1356341333585,-2.1792557,10.419566,1.9477097
1356341333625,-2.9556155,10.378705,1.8387469
1356341333665,-1.4982382,11.985906,0.95342433
1356341333705,0.7218784,12.340035,0.61291564
1356341333745,-3.6774938,13.33432,0.53119355
1356341333785,-8.471856,12.258313,0.23154591
1356341333825,-8.580819,13.6748295,1.6480621
1356341333865,-3.214402,12.721405,3.0237172
1356341333905,-1.4165162,10.337844,1.2666923
1356341333945,-0.38136974,4.140586,0.08172209
1356341333985,-1.3756552,4.671779,1.4573772
1356341334025,-3.3642259,3.568531,1.2258313
1356341334065,-3.759216,2.4925237,1.0760075
1356341334133,-3.0645783,6.4424243,4.630918
1356341334146,-3.568531,16.276316,11.304889
1356341334185,-2.6423476,9.80665,10.038197
1356341334225,-4.944186,10.991621,3.9499009
1356341334265,-7.3958488,13.184497,-3.1054392
1356341334305,-4.140586,4.440233,1.1168685
1356341334345,0.23154591,11.645397,-3.214402
1356341334385,-3.214402,10.038197,1.4165162
1356341334425,-3.9771416,6.3198414,0.92618364
1356341334465,-2.4925237,8.539958,0.61291564
1356341334505,-0.46309182,9.847511,0.61291564
1356341334545,0.10896278,9.847511,1.334794
1356341334585,-0.9942854,10.119919,1.4165162
1356341334625,-2.982856,10.61025,1.334794
1356341334665,-1.7978859,12.367276,1.1168685
1356341334705,0.7218784,11.645397,0.95342433
1356341334745,-1.7978859,13.184497,1.0760075
1356341334787,-4.944186,11.304889,0.040861044
1356341334825,-9.00305,13.525005,0.7218784
1356341334865,-6.782933,13.756551,2.0294318
1356341334905,-2.070293,12.4489975,2.4516625
1356341334945,-1.525479,7.6273947,0.313268
1356341334985,-0.8036005,4.5219555,0.10896278
1356341335025,-2.1383946,4.2904096,1.0351465
1356341335065,-2.7921712,2.2609777,0.8036005
1356341335134,-2.8738933,3.7864566,2.7649305
1356341335146,-2.3426998,12.026767,8.19945
1356341335185,-1.2258313,15.173067,12.367276
1356341335225,-3.636633,4.2086873,4.0180025
1356341335265,-10.7192135,16.821129,-2.9147544
1356341335306,-4.862464,8.62168,2.1792557
1356341335345,-0.5720546,5.8976107,-3.759216
1356341335385,-0.14982383,14.246883,-0.42223078
1356341335425,-5.012288,6.891896,0.92618364
1356341335465,-3.6774938,7.246025,0.08172209
1356341335505,-0.6537767,9.847511,-0.10896278
1356341335545,-0.23154591,9.847511,0.61291564
1356341335585,-0.38136974,10.269742,1.6480621
1356341335625,-1.879608,10.923519,2.4925237
1356341335666,-1.2666923,12.108489,1.7570249
1356341335705,0.38136974,11.34575,0.9942854
1356341335745,-0.6946377,12.026767,1.334794
1356341335785,-3.718355,11.958665,0.27240697
1356341335825,-7.6273947,14.246883,-0.38136974
1356341335865,-8.308413,14.9006605,1.3756552
1356341335905,-2.2201166,13.252599,3.173541
1356341335945,-1.1849703,8.894087,0.61291564
1356341335985,-0.53119355,4.0588636,-0.88532263
1356341336025,-1.4982382,3.990762,0.61291564
1356341336065,-2.8330324,2.9556155,0.8036005
1356341336135,-3.336985,3.214402,2.1111538
1356341336147,-3.0645783,9.425281,5.6252036
1356341336185,-3.214402,16.88923,13.0619135
1356341336226,-1.6889231,4.7943625,6.0201936
1356341336265,-5.8976107,14.2877445,-0.9942854
1356341336306,-6.469665,12.53072,0.42223078
1356341336345,-1.9477097,5.47538,-2.5333846
1356341336385,-0.0,12.258313,-1.7297841
1356341336425,-3.568531,9.302697,0.92618364
1356341336465,-3.759216,7.014479,0.313268
1356341336505,-1.525479,9.466142,-0.14982383
1356341336545,-0.6537767,9.847511,0.27240697
1356341336585,0.08172209,9.575105,0.95342433
1356341336625,-1.4573772,10.501288,2.3699405
1356341336666,-1.3075534,12.108489,1.607201
1356341336705,0.8036005,11.645397,1.0760075
1356341336745,0.42223078,11.958665,0.9942854
1356341336785,-3.3642259,12.789507,0.42223078
1356341336825,-6.6331096,11.604536,-0.08172209
1356341336865,-8.921328,14.628253,0.8036005
1356341336905,-2.8330324,13.715691,3.0645783
1356341336945,-1.1441092,12.067628,2.0294318
1356341336985,-0.50395286,5.829509,-0.53119355
1356341337025,-0.7627395,4.440233,0.19068487
1356341337065,-2.5333846,3.405087,0.7218784
1356341337136,-2.982856,1.879608,0.5720546
1356341337147,-2.5333846,7.3549876,4.630918
1356341337185,-3.445948,17.352324,13.143636
1356341337225,-1.8387469,7.8861814,7.8180795
1356341337265,-3.336985,7.8589406,2.8330324
1356341337305,-8.19945,16.821129,-2.7240696
1356341337345,-4.8216033,5.8567495,0.6537767
1356341337385,-0.53119355,8.730643,-3.759216
1356341337425,-1.1441092,13.211738,0.5720546
1356341337465,-3.8273177,6.742072,0.7218784
1356341337505,-1.9885708,8.349273,-0.38136974
1356341337545,-0.46309182,10.147159,-0.3405087
1356341337585,0.27240697,9.956474,1.4165162
1356341337625,0.14982383,10.800936,2.152015
1356341337665,-1.1168685,10.038197,1.6889231
1356341337705,-1.4982382,11.645397,0.88532263
1356341337745,-1.1849703,11.223166,0.8036005
1356341337785,-0.9125633,13.402422,0.6537767
1356341337825,-1.9885708,11.917805,-0.19068487
1356341337865,-6.851035,12.598822,-0.08172209
1356341337905,-7.6546354,13.797412,1.8387469
1356341337945,-2.070293,13.443283,2.2201166
1356341337985,-1.1168685,10.56939,0.3405087
1356341338025,-0.6537767,5.325556,-0.3405087
1356341338065,-1.3075534,4.671779,0.9942854
1356341338153,-2.4925237,3.7864566,0.46309182
1356341338154,-2.8330324,2.5606253,1.4573772
1356341338184,-2.0294318,6.510526,5.325556
1356341338226,-1.920469,17.161638,12.980191
1356341338265,-2.5606253,7.8589406,6.2108784
1356341338305,-6.701211,16.548723,-1.3756552
1356341338345,-6.973618,3.8273177,1.607201
1356341338385,-0.23154591,8.471856,-4.3312707
1356341338425,0.14982383,14.818938,0.3405087
1356341338465,-3.5957718,6.8237944,1.7978859
1356341338505,-3.718355,6.6331096,-0.10896278
1356341338545,-0.53119355,10.56939,-0.6537767
1356341338585,-0.23154591,9.343558,0.88532263
1356341338625,-0.27240697,10.378705,1.56634
1356341338665,-1.3756552,10.691973,2.152015
1356341338705,-1.607201,11.563675,1.2258313
1356341338745,1.0351465,11.836082,0.6946377
1356341338785,0.10896278,13.947236,0.040861044
1356341338825,-4.5219555,12.489859,0.50395286
1356341338865,-8.049625,13.252599,-0.040861044
1356341338905,-6.8237944,13.906375,1.4573772
1356341338945,-2.3426998,12.367276,1.879608
1356341338985,-1.879608,9.507003,0.313268
1356341339025,-0.23154591,4.1814466,-0.27240697
1356341339065,-1.2258313,5.012288,1.4982382
1356341339137,-2.6832085,3.6774938,0.84446156
1356341339148,-2.9556155,2.9147544,2.1111538
1356341339185,-1.56634,7.9679036,6.3198414
1356341339225,-1.525479,17.270601,13.525005
1356341339265,-4.140586,5.6660647,5.407278
1356341339305,-6.1291566,16.88923,-1.6480621
1356341339345,-6.0201936,4.944186,1.2258313
1356341339385,-1.3756552,6.4424243,-3.0237172
1356341339425,0.84446156,15.894946,-0.6946377
1356341339465,-3.568531,7.205164,1.56634
1356341339505,-4.0180025,6.932757,0.7627395
1356341339545,-0.7627395,10.337844,-0.7627395
1356341339585,0.19068487,9.425281,0.10896278
1356341339625,0.08172209,9.956474,1.1849703
1356341339665,-1.334794,10.56939,2.5333846
1356341339705,-1.2666923,12.067628,1.7978859
1356341339746,0.6537767,12.067628,1.1441092
1356341339785,1.334794,13.633968,0.27240697
1356341339825,-2.6014864,12.571581,0.27240697
1356341339865,-7.082581,11.836082,-0.3405087
1356341339905,-8.158588,13.633968,1.3075534
1356341339945,-2.3018389,12.980191,2.070293
1356341339985,-1.3075534,11.985906,0.92618364
1356341340031,-0.19068487,4.944186,-0.42223078
1356341340075,-0.9942854,4.7943625,1.5390993
1356341340137,-2.4108016,2.8738933,0.46309182
1356341340155,-2.3699405,2.3699405,1.7297841
1356341340195,-1.3756552,8.921328,6.510526
1356341340235,-2.3018389,16.657684,13.443283
1356341340275,-3.9090397,6.510526,4.7126403
1356341340315,-7.9270425,16.358038,-3.445948
1356341340355,-4.671779,5.434519,2.4925237
1356341340395,1.3075534,8.62168,-5.366417
1356341340435,-0.08172209,13.756551,1.3075534
1356341340475,-4.5628166,6.2789803,1.334794
1356341340515,-2.7240696,8.117727,-0.88532263
1356341340555,0.313268,9.888372,-0.7627395
1356341340595,0.3405087,9.534244,0.313268
1356341340635,0.040861044,10.882658,1.6889231
1356341340675,-1.3075534,11.413852,1.7570249
1356341340715,-0.5720546,12.108489,2.1111538
1356341340755,1.2258313,11.34575,1.5390993
1356341340795,0.10896278,12.721405,1.5390993
1356341340835,-2.982856,11.536434,0.08172209
1356341340875,-5.938472,13.375181,-1.0760075
1356341340915,-7.43671,14.750836,0.7218784
1356341340955,-2.8330324,14.09706,2.4516625
1356341340996,-0.6537767,10.56939,0.6946377
1356341341035,-0.040861044,5.366417,-0.42223078
1356341341076,-0.88532263,3.990762,0.313268
1356341341136,-2.2201166,2.6014864,0.7627395
1356341341155,-2.4108016,2.2609777,1.7978859
1356341341195,-2.1792557,7.7363577,5.284695
1356341341235,-3.3642259,18.087822,13.633968
1356341341275,-1.879608,4.944186,5.2165933
1356341341315,-3.9090397,11.836082,0.6946377
1356341341355,-6.6331096,13.6748295,0.23154591
1356341341395,-2.7921712,5.938472,-0.61291564
1356341341435,1.56634,10.337844,-3.3642259
1356341341475,-0.9125633,11.563675,1.1441092
1356341341516,-4.1814466,6.8237944,0.5720546
1356341341555,-1.2666923,9.152874,-0.38136974
1356341341595,-0.040861044,9.152874,-0.3405087
1356341341635,0.42223078,9.507003,0.38136974
1356341341675,-0.38136974,11.563675,1.3756552
1356341341715,-1.3756552,11.686258,2.2201166
1356341341755,-0.0,11.836082,1.2258313
1356341341795,0.8036005,11.032481,1.56634
1356341341835,-0.88532263,13.211738,0.9942854
1356341341875,-4.1814466,10.991621,-0.9125633
1356341341915,-7.3958488,14.328606,-0.10896278
1356341341955,-5.597963,15.28203,2.4516625
1356341341995,0.19068487,14.628253,2.4925237
1356341342035,-0.08172209,7.246025,-0.19068487
1356341342075,-0.29964766,3.3778462,-0.42223078
1356341342135,-1.4982382,3.173541,0.61291564
1356341342155,-2.2609777,2.070293,0.7218784
1356341342196,-2.6014864,3.718355,2.2201166
1356341342235,-2.8330324,13.797412,7.8589406
1356341342275,-3.405087,12.026767,12.912089
1356341342315,-3.9499009,10.269742,2.3018389
1356341342355,-6.5513873,11.536434,-0.9942854
1356341342395,-2.4925237,7.43671,-0.50395286
1356341342435,0.50395286,11.182305,-3.5276701
1356341342475,-0.10896278,11.686258,1.1441092
1356341342520,-4.0588636,6.891896,0.95342433
1356341342556,-2.7921712,8.349273,0.3405087
1356341342595,0.27240697,9.302697,-0.3405087
1356341342635,0.3405087,9.615966,0.95342433
1356341342675,-0.040861044,10.651112,2.070293
1356341342715,-1.334794,11.34575,1.3756552
1356341342755,-0.88532263,11.836082,1.607201
1356341342795,2.152015,11.141444,1.1849703
1356341342835,0.23154591,13.865514,0.46309182
1356341342875,-4.4810944,11.958665,0.08172209
1356341342915,-6.742072,14.206022,-0.10896278
1356341342955,-5.284695,14.9006605,2.1792557
1356341342995,-0.84446156,14.09706,2.6832085
1356341343035,-0.5720546,8.117727,0.3405087
1356341343075,-0.61291564,3.7864566,-0.08172209
1356341343127,-1.3075534,3.9090397,0.7218784
1356341343155,-2.2609777,2.2201166,0.6946377
1356341343195,-2.2609777,2.6423476,1.4165162
1356341343235,-3.336985,10.419566,5.9793324
1356341343275,-2.070293,16.86199,14.206022
1356341343315,-0.9125633,5.175732,3.9499009
1356341343355,-5.175732,16.43976,-1.1441092
1356341343395,-6.3198414,7.4639506,1.920469
1356341343436,-1.3756552,7.164303,-3.336985
1356341343475,1.9885708,14.369467,-0.9125633
1356341343515,-2.4108016,8.240311,1.5390993
1356341343555,-3.759216,7.3549876,0.53119355
1356341343595,0.19068487,10.18802,-0.6537767
1356341343635,1.334794,9.534244,-0.10896278
1356341343675,0.3405087,9.915613,1.8387469
1356341343715,-0.7627395,10.800936,1.607201
1356341343755,-1.2258313,11.304889,1.607201
1356341343796,0.040861044,12.026767,1.2666923
1356341343835,1.1168685,11.372991,0.95342433
1356341343876,-0.50395286,13.443283,0.9942854
1356341343915,-3.759216,11.34575,-0.3405087
1356341343955,-5.706926,14.859799,-0.14982383
1356341343995,-3.718355,13.947236,2.4108016
1356341344035,-0.6537767,13.484144,1.7978859
1356341344075,-0.5720546,7.6954966,-0.08172209
1356341344131,-0.9125633,4.0588636,-0.08172209
1356341344155,-1.1441092,3.8273177,0.92618364
1356341344196,-1.7978859,3.1054392,0.3405087
1356341344235,-2.7240696,3.759216,2.070293
1356341344275,-3.445948,10.841797,6.973618
1356341344315,-1.334794,14.669114,12.367276
1356341344355,-1.879608,7.1234417,4.2904096
1356341344395,-5.8567495,16.548723,-4.5900574
1356341344435,-5.175732,6.1291566,3.718355
1356341344475,0.6946377,7.1234417,-5.7886477
1356341344515,1.9885708,15.976667,0.14982383
1356341344555,-3.5957718,6.4424243,1.0351465
1356341344595,-3.255263,8.62168,-0.7218784
1356341344635,-0.27240697,10.269742,-0.9942854
1356341344675,1.1441092,9.956474,0.42223078
1356341344715,0.8036005,10.460427,2.1792557
1356341344755,-0.14982383,10.528529,1.7570249
1356341344795,0.27240697,11.645397,1.56634
1356341344835,1.1168685,10.95076,0.8036005
1356341344875,-0.14982383,13.021052,0.6537767
1356341344915,-3.445948,11.304889,-0.3405087
1356341344955,-6.1291566,13.6748295,-0.53119355
1356341344995,-7.3141265,16.167353,1.4165162
1356341345048,-0.3405087,14.669114,2.7240696
1356341345085,-0.08172209,7.4639506,0.23154591
1356341345130,0.61291564,4.7943625,0.19068487
1356341345165,-0.61291564,4.2904096,0.9942854
1356341345206,-2.5333846,1.6889231,0.19068487
1356341345245,-2.8738933,3.1054392,1.7978859
1356341345285,-1.4573772,11.985906,6.238119
1356341345325,-3.3642259,15.050485,14.519291
1356341345365,-3.9771416,8.240311,4.099725
1356341345405,-4.399372,14.015338,-1.7570249
1356341345445,-5.366417,7.7772183,0.6537767
1356341345485,2.5333846,10.760075,-5.243834
1356341345525,0.08172209,11.75436,0.95342433
1356341345565,-4.0588636,7.082581,1.9885708
1356341345605,-2.6014864,8.853226,0.23154591
1356341345645,0.50395286,9.575105,-0.46309182
1356341345685,1.3075534,9.466142,0.92618364
1356341345726,1.0351465,10.038197,1.2666923
1356341345765,-0.84446156,10.61025,2.0294318
1356341345805,-1.3756552,11.727119,1.607201
1356341345845,0.6537767,11.563675,0.88532263
1356341345885,1.7570249,13.184497,0.19068487
1356341345925,-1.2258313,13.756551,0.3405087
1356341345965,-5.366417,11.604536,-0.3405087
1356341346005,-7.1234417,13.988097,0.92618364
1356341346045,-2.982856,13.484144,2.8330324
1356341346085,0.14982383,13.293459,1.334794
1356341346129,0.38136974,5.5162406,-0.42223078
1356341346165,-0.6946377,4.0180025,0.5720546
1356341346205,-2.3699405,4.1814466,0.61291564
1356341346245,-2.1792557,2.6423476,1.1441092
1356341346285,-1.8387469,5.9793324,4.2904096
1356341346325,-1.879608,17.311462,11.073342
1356341346365,-1.1441092,9.575105,10.079058
1356341346405,-2.8330324,9.384419,2.9556155
1356341346445,-5.325556,15.023244,-3.0645783
1356341346485,-4.5219555,7.7363577,1.6889231
1356341346525,1.9477097,10.528529,-4.5219555
1356341346565,0.6946377,12.571581,0.9942854
1356341346606,-3.9771416,6.932757,0.84446156
1356341346644,-2.7513103,8.117727,0.27240697
1356341346686,0.10896278,9.656827,-0.7218784
1356341346725,1.6480621,9.765789,0.7218784
1356341346765,1.334794,10.310603,1.4573772
1356341346805,-1.607201,10.882658,1.9885708
1356341346845,-0.0,12.340035,1.0760075
1356341346885,2.5606253,12.067628,1.2258313
1356341346925,0.92618364,14.1787815,0.27240697
1356341346965,-2.4925237,13.293459,0.08172209
1356341347005,-6.428804,11.876944,-0.27240697
1356341347045,-6.973618,13.293459,0.7627395
1356341347085,-2.1111538,12.871228,2.0294318
1356341347127,-0.0,10.95076,0.53119355
1356341347165,0.38136974,4.7126403,-0.27240697
1356341347205,-0.7627395,4.7943625,1.334794
1356341347245,-2.2201166,4.099725,0.7627395
1356341347285,-2.1792557,2.6423476,1.7570249
1356341347325,-1.3756552,7.43671,5.366417
1356341347365,-1.607201,17.352324,12.408136
1356341347405,-0.9942854,7.5865335,7.3958488
1356341347445,-4.440233,13.756551,1.7978859
1356341347485,-6.851035,10.119919,-1.4165162
1356341347526,-2.982856,6.3198414,-0.6946377
1356341347565,3.445948,12.980191,-3.3642259
1356341347605,-0.6946377,10.310603,2.1111538
1356341347645,-3.9499009,6.701211,0.6537767
1356341347685,-0.9942854,9.765789,-0.29964766
1356341347725,0.3405087,9.534244,-0.10896278
1356341347765,0.50395286,9.697687,0.7218784
1356341347805,0.040861044,10.61025,1.7978859
1356341347845,-0.6537767,11.563675,1.4573772
1356341347885,0.88532263,12.176591,1.607201
1356341347925,2.3018389,11.645397,0.6537767
1356341347965,0.040861044,13.865514,0.61291564
1356341348005,-4.099725,12.108489,0.10896278
1356341348045,-6.6331096,14.1787815,-0.19068487
1356341348085,-4.671779,14.015338,2.3426998
1356341348127,-0.7218784,13.633968,1.6889231
1356341348165,-0.50395286,8.19945,-0.040861044
1356341348205,-0.0,3.759216,0.10896278
1356341348245,-1.0351465,3.8681788,1.1441092
1356341348285,-1.7978859,2.8330324,0.53119355
1356341348325,-2.0294318,4.2086873,2.6832085
1356341348365,-1.879608,13.143636,8.539958
1356341348405,-2.2609777,13.484144,12.14935
1356341348445,-2.4925237,4.2495484,3.9499009
1356341348485,-5.47538,17.543009,-2.8738933
1356341348525,-5.407278,9.997335,2.8738933
1356341348565,0.23154591,5.7886477,-3.405087
1356341348605,2.5333846,14.056199,-0.61291564
1356341348645,-2.1383946,8.771504,1.1849703
1356341348685,-3.3642259,7.014479,0.14982383
1356341348725,-0.27240697,9.997335,-0.46309182
1356341348765,0.84446156,9.724928,0.27240697
1356341348805,1.3075534,9.888372,1.1441092
1356341348845,-0.08172209,10.760075,2.3426998
1356341348885,0.040861044,12.258313,1.334794
1356341348925,1.2258313,11.604536,1.4165162
1356341348965,1.1168685,11.836082,1.1849703
1356341349005,-1.334794,13.375181,0.19068487
1356341349045,-4.5219555,13.0619135,-0.5720546
1356341349085,-6.3607025,15.854085,0.7627395
1356341349127,-1.56634,13.906375,2.7240696
1356341349165,-0.27240697,11.645397,1.2666923
1356341349206,0.27240697,5.6252036,-0.6537767
1356341349246,-0.29964766,4.0588636,0.3405087
1356341349285,-2.070293,3.5276701,0.5720546
1356341349325,-2.8330324,3.0237172,1.2258313
1356341349366,-2.4516625,7.0553403,4.099725
1356341349405,-2.5606253,16.821129,12.871228
1356341349446,0.38136974,8.853226,8.580819
1356341349485,-1.0760075,11.495573,3.8273177
1356341349526,-7.014479,12.4489975,-3.486809
1356341349565,-4.9850473,6.2789803,1.9477097
1356341349605,3.1054392,12.4489975,-4.671779
1356341349645,0.92618364,11.454713,2.3426998
1356341349685,-2.9147544,6.3198414,1.2666923
1356341349725,-1.7297841,9.112013,0.23154591
1356341349765,1.1168685,10.419566,-0.08172209
1356341349805,0.88532263,8.962189,1.0760075
1356341349845,0.61291564,9.615966,1.56634
1356341349885,-0.6537767,10.501288,1.0351465
1356341349925,-0.6946377,11.876944,0.8036005
1356341349965,0.92618364,12.026767,0.95342433
1356341350005,1.4573772,14.09706,-0.3405087
1356341350045,-0.9942854,13.756551,0.27240697
1356341350085,-5.5162406,12.340035,-0.19068487
1356341350127,-6.2108784,14.015338,0.9942854
1356341350165,-1.879608,12.571581,1.56634
1356341350205,-0.50395286,12.258313,0.5720546
1356341350245,0.14982383,6.238119,-0.53119355
1356341350285,-0.7627395,5.053149,1.2258313
1356341350325,-1.920469,4.3312707,1.0351465
1356341350365,-2.0294318,2.6014864,0.7627395
1356341350405,-1.3075534,5.2165933,4.399372
1356341350445,-1.0351465,15.091345,10.528529
1356341350485,-1.1168685,12.067628,10.95076
1356341350525,-2.070293,6.3607025,3.173541
1356341350565,-5.8976107,18.087822,-3.7864566
1356341350605,-4.630918,8.349273,2.982856
1356341350645,0.5720546,5.7886477,-5.09401
1356341350685,3.173541,15.6634,-0.19068487
1356341350725,-2.9556155,7.0553403,1.3756552
1356341350765,-3.1054392,7.5456724,-0.10896278
1356341350805,0.6537767,10.460427,-0.6946377
1356341350845,1.3075534,9.343558,0.6537767
1356341350885,1.607201,10.419566,1.7570249
1356341350925,-0.50395286,11.264028,2.152015
1356341350965,0.23154591,11.917805,1.5390993
1356341351005,1.3075534,11.264028,1.334794
1356341351045,1.0760075,11.795221,0.92618364
1356341351085,-1.879608,12.598822,0.27240697
1356341351129,-4.3312707,14.015338,-0.9942854
1356341351165,-6.428804,16.208214,1.0760075
1356341351206,-0.88532263,13.947236,2.3018389
1356341351245,0.19068487,10.501288,0.313268
1356341351285,0.14982383,5.325556,-1.1441092
1356341351325,-0.9125633,3.9090397,0.313268
1356341351365,-1.8387469,3.173541,0.42223078
1356341351405,-2.4516625,3.2961242,1.1849703
1356341351445,-2.7921712,7.6954966,5.366417
1356341351485,-0.7218784,17.270601,14.818938
1356341351525,1.334794,6.782933,5.434519
1356341351565,-2.5606253,4.2495484,1.7297841
1356341351605,-6.3198414,19.422615,-1.879608
1356341351645,-4.372132,6.5922484,-0.0
1356341351685,-1.7297841,4.372132,-2.9147544
1356341351725,1.7978859,15.595298,-0.38136974
1356341351765,-1.3756552,7.7772183,0.5720546
1356341351805,-0.6537767,7.273266,0.10896278
1356341351845,0.3405087,10.732834,-0.42223078
1356341351885,1.1168685,9.534244,1.6889231
1356341351925,0.7627395,10.61025,2.070293
1356341351965,0.10896278,11.264028,0.9942854
1356341352005,0.19068487,11.876944,1.4982382
1356341352045,0.6537767,10.95076,1.607201
1356341352085,-0.23154591,12.980191,0.95342433
1356341352131,-2.4108016,12.14935,-0.95342433
1356341352165,-6.2108784,15.363752,-0.14982383
1356341352205,-5.5571017,15.173067,2.070293
1356341352245,0.95342433,14.246883,2.4516625
1356341352286,0.23154591,7.668256,-0.14982383
1356341352325,-0.0,4.2904096,-0.3405087
1356341352365,-1.2258313,3.718355,0.53119355
1356341352405,-2.3699405,3.0645783,0.27240697
1356341352445,-2.6832085,3.486809,1.9477097
1356341352485,-2.0294318,11.495573,8.580819
1356341352525,-1.1441092,16.548723,14.47843
1356341352565,-1.7297841,3.173541,3.9090397
1356341352605,-6.2108784,16.317177,-1.0351465
1356341352645,-4.399372,10.119919,1.3075534
1356341352686,-0.50395286,5.706926,-2.8330324
1356341352726,2.7240696,12.9529505,-0.6537767
1356341352765,-1.3756552,9.302697,0.92618364
1356341352805,-2.8738933,7.164303,0.3405087
1356341352845,-0.08172209,9.615966,-0.3405087
1356341352885,0.3405087,9.888372,-0.46309182
1356341352925,0.313268,9.915613,1.2666923
1356341352965,-0.3405087,11.141444,1.3075534
1356341353005,0.040861044,11.917805,1.920469
1356341353045,2.5606253,11.495573,1.1168685
1356341353085,2.3018389,11.645397,0.6946377
1356341353129,-0.6537767,13.443283,-0.19068487
1356341353165,-3.8681788,12.026767,-0.84446156
1356341353206,-7.205164,15.431854,0.14982383
1356341353245,-2.1383946,15.050485,1.9885708
1356341353285,0.23154591,13.211738,0.95342433
1356341353325,0.040861044,6.0882955,-0.88532263
1356341353365,-0.14982383,3.5957718,0.46309182
1356341353405,-1.334794,2.9556155,0.84446156
1356341353445,-1.607201,2.2201166,0.46309182
1356341353485,-2.070293,5.7886477,3.0237172
1356341353525,-2.5606253,15.826844,13.252599
1356341353565,0.6946377,10.147159,9.534244
1356341353605,-0.7218784,6.6331096,4.0180025
1356341353645,-4.1814466,15.4046135,-4.7126403
1356341353685,-6.701211,7.7772183,3.1054392
1356341353725,2.4516625,9.915613,-5.938472
1356341353765,1.7297841,12.9529505,1.2258313
1356341353805,-2.7921712,7.3549876,1.4982382
1356341353845,-2.2201166,8.049625,0.27240697
1356341353885,1.2258313,9.888372,-0.95342433
1356341353925,1.7570249,9.302697,1.0760075
1356341353965,0.7627395,9.765789,1.7978859
1356341354005,0.5720546,10.882658,1.9885708
1356341354045,2.7649305,12.762266,1.7570249
1356341354085,3.405087,12.217452,0.6946377
1356341354132,-0.0,14.669114,0.6537767
1356341354165,-3.9090397,11.917805,-0.040861044
1356341354205,-6.0201936,14.369467,-0.5720546
1356341354245,-4.3312707,15.050485,1.6480621
1356341354285,0.27240697,14.859799,2.0294318
1356341354325,0.95342433,6.5513873,-0.5720546
1356341354365,0.5720546,3.214402,-0.040861044
1356341354405,-1.7978859,3.718355,1.4982382
1356341354445,-2.5333846,2.2201166,0.3405087
1356341354485,-1.7978859,2.982856,2.5606253
1356341354525,-0.42223078,12.258313,9.575105
1356341354565,-2.6014864,16.970953,14.137921
1356341354605,-1.7978859,8.281172,5.175732
1356341354645,-4.2495484,15.554437,-2.6014864
1356341354685,-4.2495484,5.434519,-0.19068487
1356341354725,2.7240696,10.419566,-4.9850473
1356341354765,1.4165162,13.252599,0.53119355
1356341354805,-3.486809,6.66035,1.607201
1356341354845,-2.6423476,8.349273,0.313268
1356341354885,1.0760075,10.079058,-1.334794
1356341354925,1.607201,9.084772,0.19068487
1356341354965,1.1168685,9.697687,1.607201
1356341355005,0.08172209,10.923519,1.334794
1356341355045,0.8036005,12.108489,2.152015
1356341355085,3.486809,12.408136,1.3075534
1356341355134,1.8387469,12.108489,1.4165162
1356341355154,-1.2258313,13.375181,0.88532263
1356341355184,-3.336985,11.34575,-0.040861044
1356341355225,-3.8273177,12.367276,-1.334794
1356341355265,-5.6660647,16.04477,1.7297841
1356341355305,0.3405087,14.818938,1.879608
1356341355345,0.38136974,10.61025,0.42223078
1356341355385,-0.27240697,5.2165933,-0.6537767
1356341355425,-0.88532263,3.255263,0.42223078
1356341355465,-1.334794,2.982856,0.040861044
1356341355506,-2.8330324,2.7921712,1.0351465
1356341355545,-2.7921712,9.302697,6.3607025
1356341355585,-1.3075534,17.502148,15.636159
1356341355625,-0.29964766,7.014479,5.284695
1356341355666,-2.7513103,16.698545,-1.9885708
1356341355705,-6.742072,7.3141265,1.0760075
1356341355745,1.4573772,8.771504,-6.4015636
1356341355785,2.5606253,13.633968,1.1849703
1356341355825,-2.3018389,6.973618,2.5333846
1356341355865,-1.334794,8.008764,-0.29964766
1356341355905,0.88532263,9.765789,-0.29964766
1356341355945,0.53119355,9.384419,0.8036005
1356341355985,0.53119355,10.038197,0.7627395
1356341356025,0.19068487,11.073342,2.152015
1356341356065,2.6832085,12.912089,1.7297841
1356341356125,3.486809,11.75436,0.8036005
1356341356145,1.1441092,12.53072,0.3405087
1356341356186,-2.5606253,12.830367,-0.19068487
1356341356225,-5.09401,13.633968,-0.3405087
1356341356265,-6.932757,15.745122,1.4982382
1356341356305,-0.0,14.2877445,1.920469
1356341356345,0.08172209,10.419566,0.23154591
1356341356385,-0.27240697,4.671779,-1.0760075
1356341356425,-1.3756552,3.5957718,0.6946377
1356341356465,-1.9477097,2.7921712,1.1441092
1356341356505,-1.607201,2.3018389,2.070293
1356341356545,-0.08172209,9.888372,7.014479
1356341356585,-2.0294318,17.011814,14.328606
1356341356625,-2.2609777,5.2165933,5.7886477
1356341356665,-4.2495484,15.363752,-0.29964766
1356341356705,-4.372132,12.14935,0.61291564
1356341356745,-0.27240697,6.2108784,-2.4516625
1356341356785,2.8738933,12.598822,-0.61291564
1356341356825,-0.8036005,10.460427,0.6537767
1356341356865,-3.2961242,7.4639506,0.8036005
1356341356905,-0.29964766,8.689782,-0.38136974
1356341356945,0.9942854,9.534244,-0.6946377
1356341356985,0.38136974,9.697687,0.84446156
1356341357025,-0.53119355,10.991621,1.879608
1356341357065,-0.0,12.299174,1.3075534
1356341357116,2.6832085,12.340035,1.4982382
1356341357145,3.990762,13.252599,0.14982383
1356341357185,0.3405087,13.988097,0.313268
1356341357225,-4.2495484,11.917805,0.10896278
1356341357265,-6.2789803,14.709975,0.61291564
1356341357305,-3.1463003,13.443283,1.5390993
1356341357345,-0.08172209,13.988097,0.88532263
1356341357385,0.53119355,6.4424243,-0.6537767
1356341357425,-0.0,3.0645783,0.7627395
1356341357465,-1.4573772,3.3778462,0.8036005
1356341357505,-1.525479,1.7297841,0.53119355
1356341357545,-1.3075534,4.7535014,3.636633
1356341357585,-1.4982382,16.930092,12.4489975
1356341357625,-2.6832085,11.073342,10.95076
1356341357665,-5.407278,12.9529505,2.070293
1356341357705,-4.671779,10.119919,-3.718355
1356341357745,-3.1054392,8.349273,0.14982383
1356341357785,4.7126403,11.75436,-3.173541
1356341357825,0.61291564,9.765789,1.4573772
1356341357865,-3.336985,7.246025,1.1441092
1356341357905,-1.1849703,9.466142,-0.61291564
1356341357945,0.84446156,9.425281,-1.0760075
1356341357986,0.7627395,9.697687,0.7218784
1356341358025,0.61291564,10.61025,1.4982382
1356341358066,-0.08172209,11.795221,1.6889231
1356341358117,2.4925237,12.14935,1.4573772
1356341358145,4.140586,11.795221,1.3075534
1356341358185,1.0351465,14.246883,0.53119355
1356341358226,-3.173541,11.686258,-0.84446156
1356341358265,-5.134871,13.824653,-1.1849703
1356341358305,-5.938472,14.982383,1.2258313
1356341358345,-0.46309182,14.750836,1.7297841
1356341358385,0.23154591,9.507003,0.08172209
1356341358425,1.3075534,3.9090397,-0.27240697
1356341358465,-0.7218784,3.486809,1.334794
1356341358505,-2.070293,2.982856,0.46309182
1356341358545,-2.3699405,2.982856,1.6480621
1356341358585,-1.1441092,10.119919,7.014479
1356341358625,-1.1441092,17.543009,14.628253
1356341358665,-3.0237172,7.7363577,6.0474343
1356341358705,-3.8273177,17.270601,-0.3405087
1356341358745,-5.6252036,6.1291566,-1.56634
1356341358785,2.2201166,8.539958,-4.5219555
1356341358825,4.2495484,14.47843,-1.6480621
1356341358865,-3.3642259,6.5922484,2.6014864
1356341358905,-3.0645783,8.19945,0.61291564
1356341358945,0.46309182,10.419566,-1.3075534
1356341358985,1.920469,9.112013,0.46309182
1356341359025,2.1792557,9.80665,1.4573772
1356341359065,1.0351465,10.079058,2.152015
1356341359116,1.0351465,11.413852,1.9477097
1356341359145,1.920469,12.408136,0.92618364
1356341359185,1.7570249,11.727119,1.0351465
1356341359225,0.27240697,13.525005,0.50395286
1356341359265,-2.7240696,11.141444,-0.6946377
1356341359305,-5.09401,14.09706,-0.8036005
1356341359345,-4.4810944,15.554437,2.1792557
1356341359385,1.0760075,15.241169,1.9885708
1356341359425,0.3405087,9.275456,-0.23154591
1356341359465,-0.0,3.990762,-0.27240697
1356341359505,-1.0351465,3.5276701,1.1441092
1356341359545,-1.4982382,3.1054392,0.14982383
1356341359585,-2.070293,3.568531,2.3426998
1356341359625,-2.7513103,10.528529,6.3607025
1356341359665,-0.6537767,16.43976,13.484144
1356341359705,0.14982383,4.630918,5.2165933
1356341359745,-1.1168685,15.745122,0.53119355
1356341359785,-4.7535014,9.234595,-1.7978859
1356341359825,-3.8273177,6.701211,-0.6537767
1356341359865,2.6423476,13.525005,-1.7297841
1356341359905,-1.0351465,9.765789,1.6480621
1356341359945,-1.3075534,7.3549876,0.38136974
1356341359985,1.3075534,10.147159,-0.95342433
1356341360025,0.7627395,9.084772,0.10896278
1356341360066,0.46309182,9.80665,1.5390993
1356341360116,0.040861044,9.466142,2.5333846
1356341360145,1.6480621,10.800936,1.5390993
1356341360185,2.7649305,11.223166,1.920469
1356341360225,2.1792557,11.917805,0.7627395
1356341360265,-0.08172209,14.206022,0.7218784
1356341360305,-1.9885708,11.985906,-0.95342433
1356341360345,-5.134871,16.43976,-0.46309182
1356341360385,-4.2904096,15.935807,1.7570249
1356341360425,0.10896278,14.2877445,1.7570249
1356341360465,0.92618364,6.238119,-0.53119355
1356341360505,0.38136974,3.7864566,0.27240697
1356341360545,-1.7978859,2.7240696,0.50395286
1356341360585,-2.5606253,1.6480621,0.3405087
1356341360625,-2.1383946,3.5276701,2.2201166
1356341360665,-1.4165162,14.47843,9.275456
1356341360705,-1.4573772,14.015338,13.756551
1356341360745,-0.42223078,2.9556155,3.5276701
1356341360785,-4.5219555,16.698545,-1.4165162
1356341360826,-4.440233,9.915613,0.6537767
1356341360865,-0.08172209,5.706926,-3.214402
1356341360906,3.486809,13.211738,-0.6537767
1356341360945,-1.4573772,8.962189,0.9942854
1356341360985,-2.3426998,7.3549876,0.040861044
1356341361025,0.19068487,9.847511,-1.2258313
1356341361065,0.88532263,9.384419,-0.19068487
1356341361114,1.5390993,9.956474,1.4165162
1356341361145,0.53119355,11.264028,1.920469
1356341361185,1.6480621,12.108489,1.879608
1356341361225,3.445948,10.991621,0.92618364
1356341361266,2.1792557,12.258313,0.53119355
1356341361305,-1.7570249,13.211738,-0.50395286
1356341361345,-4.5900574,13.252599,-0.53119355
1356341361385,-6.428804,16.208214,1.0760075
1356341361425,-0.6946377,14.859799,2.4108016
1356341361465,0.6537767,12.067628,0.7218784
1356341361505,0.84446156,4.7126403,-0.84446156
1356341361545,-0.040861044,3.445948,1.0760075
1356341361585,-1.7978859,2.9556155,0.19068487
1356341361625,-2.4516625,2.3018389,0.92618364
1356341361665,-1.56634,6.742072,4.944186
1356341361705,-0.14982383,18.278507,14.7916975
1356341361745,-1.6480621,7.5865335,8.158588
1356341361785,-3.9771416,14.2877445,0.7627395
1356341361825,-6.0474343,9.615966,-1.879608
1356341361865,-1.2258313,6.851035,-0.23154591
1356341361905,4.440233,12.9529505,-2.1792557
1356341361945,0.92618364,11.073342,1.4165162
1356341361985,-3.445948,7.1234417,0.88532263
1356341362025,-1.4165162,9.193735,-0.19068487
1356341362065,1.3075534,9.00305,-0.95342433
1356341362115,1.920469,9.466142,0.61291564
1356341362145,1.1849703,10.18802,1.9477097
1356341362185,0.5720546,11.372991,1.7570249
1356341362225,2.4925237,11.958665,1.56634
1356341362265,4.3312707,11.727119,0.6946377
1356341362305,1.0351465,14.2877445,0.27240697
1356341362345,-3.1054392,12.9529505,-0.5720546
1356341362385,-6.1700177,14.750836,-0.6537767
1356341362425,-4.0180025,14.369467,1.7978859
1356341362465,0.46309182,14.2877445,1.5390993
1356341362505,0.92618364,7.7363577,-0.29964766
1356341362545,0.6946377,3.445948,0.88532263
1356341362585,-1.0351465,3.759216,0.88532263
1356341362625,-2.1111538,2.9556155,0.040861044
1356341362665,-1.879608,2.982856,1.9885708
1356341362705,-1.3075534,11.836082,8.962189
1356341362745,-1.56634,17.434046,13.906375
1356341362785,-4.372132,11.495573,5.6660647
1356341362825,-2.9556155,11.917805,-3.3642259
1356341362865,-3.214402,3.486809,-2.4516625
1356341362905,4.0180025,13.906375,-4.1814466
1356341362945,1.1168685,11.727119,1.6889231
1356341362985,-3.718355,6.510526,1.1849703
1356341363025,-1.7570249,8.962189,0.23154591
1356341363065,1.920469,9.575105,-0.84446156
1356341363112,2.4108016,8.730643,0.53119355
1356341363145,1.9885708,9.193735,1.0760075
1356341363185,-0.0,10.691973,1.607201
1356341363225,1.1441092,12.9529505,1.4165162
1356341363265,3.5276701,12.14935,0.8036005
1356341363305,1.7978859,13.865514,0.14982383
1356341363345,-1.4165162,13.715691,0.10896278
1356341363385,-4.671779,11.34575,-0.29964766
1356341363425,-5.597963,14.982383,1.3075534
1356341363465,-0.19068487,14.560152,2.070293
1356341363505,0.92618364,12.026767,0.27240697
1356341363545,0.7218784,5.2165933,-0.38136974
1356341363585,-0.08172209,4.0180025,1.607201
1356341363625,-1.56634,3.990762,-0.29964766
1356341363666,-2.8738933,2.9147544,-0.10896278
1356341363705,-1.7570249,5.5162406,4.2495484
1356341363746,-0.08172209,16.017529,11.495573
1356341363785,-1.0351465,10.501288,10.56939
1356341363825,-3.2961242,9.697687,2.9147544
1356341363865,-1.879608,17.2025,-3.445948
1356341363905,-3.568531,5.9793324,1.4573772
1356341363945,2.9147544,9.043911,-4.2904096
1356341363985,1.920469,13.715691,0.9942854
1356341364025,-2.8330324,7.014479,0.7218784
1356341364065,-1.4573772,8.771504,-0.7627395
1356341364105,0.50395286,9.425281,-0.9942854
1356341364145,1.4573772,9.697687,0.7627395
1356341364185,1.5390993,10.61025,1.334794
1356341364226,0.61291564,11.413852,2.2201166
1356341364265,2.4516625,11.836082,0.95342433
1356341364305,2.2201166,11.34575,1.56634
1356341364345,1.2258313,12.258313,1.1441092
1356341364385,-1.6889231,12.367276,-0.29964766
1356341364425,-4.1814466,14.669114,-0.9125633
1356341364465,-5.5162406,17.352324,1.3756552
1356341364505,1.1849703,15.213928,2.4108016
1356341364545,0.46309182,8.689782,0.10896278
1356341364585,0.92618364,4.862464,-0.9125633
1356341364625,-0.5720546,2.9147544,0.42223078
1356341364665,-2.5606253,2.982856,0.19068487
1356341364705,-3.0237172,3.486809,1.920469
1356341364745,-1.7297841,10.269742,6.4015636
1356341364785,-0.46309182,17.502148,14.669114
1356341364825,-1.4982382,9.152874,6.1700177
1356341364865,-1.1849703,15.826844,1.7297841
1356341364905,-7.5865335,2.6014864,-1.2258313
1356341364945,3.173541,12.108489,-3.5957718
1356341364985,3.6774938,14.410328,0.7218784
1356341365025,-1.9885708,6.973618,1.9477097
