1356442891929,6.1291566,-7.1234417,0.10896278
1356442891930,6.2789803,-7.164303,0.10896278
1356442891959,6.2789803,-7.1234417,0.14982383
1356442891989,6.3198414,-7.164303,0.14982383
1356442892029,6.238119,-7.082581,0.14982383
1356442892070,6.238119,-7.164303,0.5720546
1356442892110,6.2789803,-7.164303,0.53119355
1356442892151,6.238119,-7.205164,-0.040861044
1356442892190,6.238119,-7.164303,-0.08172209
1356442892230,6.3607025,-7.3958488,-0.29964766
1356442892271,6.4015636,-7.3141265,0.23154591
1356442892310,6.2789803,-7.1234417,0.10896278
1356442892350,6.0474343,-6.851035,0.313268
1356442892390,6.2789803,-6.932757,-0.14982383
1356442892430,6.4424243,-7.164303,0.5720546
1356442892470,6.1700177,-6.932757,0.3405087
1356442892510,6.3198414,-7.1234417,0.5720546
1356442892550,6.2789803,-7.082581,-0.42223078
1356442892590,6.4424243,-7.1234417,0.38136974
1356442892630,6.2789803,-6.973618,0.46309182
1356442892678,6.2108784,-7.014479,0.53119355
1356442892710,6.1700177,-7.04172,-0.14982383
1356442892750,6.2789803,-7.205164,-0.08172209
1356442892790,6.3198414,-7.164303,0.7627395
1356442892830,6.2789803,-7.082581,0.42223078
1356442892870,6.3198414,-7.1234417,-0.040861044
1356442892910,6.3607025,-7.082581,0.08172209
1356442892969,6.3607025,-6.891896,0.3405087
1356442892990,6.4424243,-6.782933,0.6537767
1356442893030,6.469665,-6.701211,0.42223078
1356442893070,6.932757,-5.7886477,1.2258313
1356442893110,7.43671,-6.510526,1.7297841
1356442893150,6.782933,-7.246025,-0.040861044
1356442893190,7.668256,-6.469665,-0.38136974
1356442893230,7.014479,-5.407278,0.14982383
1356442893270,6.5513873,-6.2108784,-0.6946377
1356442893310,6.742072,-6.428804,-0.7627395
1356442893350,7.668256,-5.8976107,-0.88532263
1356442893390,8.19945,-5.706926,-0.6537767
1356442893430,7.668256,-6.0201936,-0.95342433
1356442893470,7.3141265,-5.6660647,-0.6537767
1356442893510,9.847511,-6.0474343,0.95342433
1356442893550,10.419566,-8.308413,-1.1168685
1356442893590,6.5513873,-10.378705,-3.8681788
1356442893630,7.0553403,-8.880466,0.50395286
1356442893670,6.2108784,-9.724928,-0.08172209
1356442893710,7.273266,-8.117727,-1.8387469
1356442893750,6.5922484,-5.243834,-1.7978859
1356442893789,4.903325,-4.944186,-1.6480621
1356442893830,4.5628166,-5.012288,-1.6889231
1356442893870,4.2904096,-4.5900574,-1.525479
1356442893910,3.336985,-4.7126403,-1.6480621
1356442893969,4.399372,-4.7943625,-2.3426998
1356442893990,5.2165933,-4.7943625,-3.8681788
1356442894030,6.8237944,-5.9793324,-8.390134
1356442894070,11.304889,-6.469665,-8.539958
1356442894110,8.921328,-7.205164,-4.1814466
1356442894150,8.281172,-13.1708765,0.42223078
1356442894190,5.6660647,-5.6660647,3.7864566
1356442894230,3.1463003,-5.597963,2.7921712
1356442894270,5.706926,-7.5456724,2.1111538
1356442894310,7.5865335,-6.851035,0.14982383
1356442894350,6.238119,-6.891896,-1.1441092
1356442894390,7.504812,-5.134871,-0.7627395
1356442894430,7.205164,-4.944186,-1.4165162
1356442894470,6.66035,-5.434519,-0.27240697
1356442894510,7.164303,-6.2108784,0.46309182
1356442894550,7.0553403,-7.273266,-0.19068487
1356442894590,7.164303,-6.851035,-0.3405087
1356442894630,9.80665,-5.407278,-0.95342433
1356442894670,9.915613,-6.66035,-2.2201166
1356442894710,11.536434,-7.9270425,-4.5900574
1356442894750,8.049625,-9.80665,0.5720546
1356442894790,4.7535014,-14.206022,3.8273177
1356442894830,7.9270425,-9.384419,-1.4165162
1356442894870,7.6954966,-5.175732,-1.8387469
1356442894910,3.8681788,-4.140586,-0.19068487
1356442894969,2.9556155,-3.9090397,0.5720546
1356442894990,3.3778462,-4.0180025,-0.8036005
1356442895030,2.0294318,-4.099725,-0.08172209
1356442895070,3.1463003,-4.399372,-1.2666923
1356442895110,7.082581,-7.014479,-8.049625
1356442895150,16.08563,-8.921328,-9.888372
1356442895190,8.117727,-7.1234417,-4.7126403
1356442895230,8.539958,-12.489859,2.6832085
1356442895270,4.372132,-7.246025,5.175732
1356442895310,2.3699405,-3.5957718,2.070293
1356442895350,6.8237944,-8.662541,2.1792557
1356442895390,9.343558,-5.7477865,0.19068487
1356442895430,4.630918,-6.2108784,-2.5606253
1356442895470,6.5922484,-5.012288,-1.1168685
1356442895510,8.19945,-4.8216033,0.38136974
1356442895550,6.5922484,-6.2789803,0.61291564
1356442895590,6.510526,-7.504812,0.9942854
1356442895630,7.8861814,-7.04172,-1.7570249
1356442895670,10.147159,-5.202973,-1.607201
1356442895710,11.34575,-7.9270425,-1.4165162
1356442895750,10.310603,-11.223166,-2.070293
1356442895790,3.7864566,-12.53072,2.5606253
1356442895830,6.1291566,-10.269742,0.8036005
1356442895870,8.771504,-6.2108784,-1.6889231
1356442895910,6.4424243,-5.284695,-1.0351465
1356442895964,3.173541,-4.0180025,0.10896278
1356442895990,3.0645783,-4.372132,-0.08172209
1356442896030,3.255263,-4.140586,-0.8036005
1356442896070,2.4108016,-4.3312707,0.19068487
1356442896110,3.5957718,-4.099725,-0.9125633
1356442896150,7.3141265,-7.3549876,-8.499097
1356442896190,15.023244,-8.471856,-8.812365
1356442896230,7.668256,-4.862464,-6.66035
1356442896270,8.240311,-8.880466,0.3405087
1356442896310,6.782933,-11.645397,4.4810944
1356442896350,4.5219555,-5.5571017,1.56634
1356442896390,5.175732,-6.6331096,2.3426998
1356442896430,9.656827,-7.014479,1.607201
1356442896470,3.990762,-5.7477865,-2.2609777
1356442896510,5.175732,-5.407278,-0.9125633
1356442896550,7.246025,-5.7886477,0.46309182
1356442896590,7.0553403,-5.325556,-0.14982383
1356442896630,7.014479,-6.66035,-0.10896278
1356442896670,8.049625,-5.7886477,-1.4573772
1356442896710,9.234595,-5.284695,-0.19068487
1356442896750,10.337844,-8.049625,-0.95342433
1356442896790,11.372991,-10.691973,-4.3312707
1356442896830,6.4015636,-12.489859,2.6832085
1356442896870,4.399372,-12.9529505,1.7978859
1356442896910,8.008764,-6.851035,-0.95342433
1356442896969,7.8589406,-4.5219555,-1.6889231
1356442896990,3.1054392,-3.9771416,0.14982383
1356442897030,2.6832085,-4.1814466,0.313268
1356442897070,2.6014864,-4.7126403,-1.1441092
1356442897110,2.5606253,-4.2495484,-0.29964766
1356442897150,3.636633,-4.3312707,-1.2258313
1356442897190,6.66035,-7.164303,-7.504812
1356442897230,13.797412,-7.504812,-9.466142
1356442897270,9.193735,-6.1700177,-7.082581
1356442897310,8.471856,-10.7192135,0.46309182
1356442897350,6.5513873,-10.528529,3.445948
1356442897390,3.445948,-4.7126403,3.718355
1356442897430,4.2495484,-5.9793324,1.3756552
1356442897470,10.079058,-7.7363577,1.7570249
1356442897510,5.243834,-5.7477865,-2.4108016
1356442897550,5.9793324,-5.175732,-0.38136974
1356442897590,7.273266,-5.47538,-0.27240697
1356442897630,6.4015636,-5.8567495,0.10896278
1356442897670,6.5922484,-6.742072,0.7218784
1356442897710,7.246025,-7.205164,-0.88532263
1356442897749,8.894087,-5.7886477,-1.3075534
1356442897790,9.507003,-6.0882955,-1.1168685
1356442897830,9.152874,-8.921328,-4.4810944
1356442897870,9.697687,-9.493382,2.5333846
1356442897910,5.597963,-13.402422,3.0645783
1356442897970,6.0201936,-10.038197,-1.2258313
1356442897990,7.9679036,-5.8567495,-1.3075534
1356442898030,5.325556,-5.6660647,-0.7627395
1356442898070,3.0237172,-5.407278,-0.46309182
1356442898110,4.2086873,-4.903325,-0.5720546
1356442898150,3.173541,-4.7126403,-0.27240697
1356442898190,3.9090397,-4.440233,-1.1441092
1356442898230,4.7943625,-3.9771416,-3.3642259
1356442898270,7.205164,-6.3607025,-7.082581
1356442898310,11.114203,-7.8180795,-7.205164
1356442898350,7.504812,-5.5162406,-5.175732
1356442898390,6.973618,-10.691973,0.313268
1356442898430,7.6954966,-10.923519,1.7570249
1356442898470,6.238119,-4.8216033,3.9499009
1356442898510,4.399372,-5.407278,1.1441092
1356442898550,8.539958,-7.9679036,1.9885708
1356442898590,5.284695,-6.891896,-1.525479
1356442898630,4.7535014,-6.0201936,-0.53119355
1356442898670,7.3958488,-5.938472,0.53119355
1356442898710,7.3141265,-5.053149,0.27240697
1356442898750,7.014479,-6.2789803,0.14982383
1356442898790,7.7772183,-6.742072,-1.2258313
1356442898830,8.19945,-5.7886477,-1.3756552
1356442898870,8.471856,-6.1700177,-0.27240697
1356442898910,8.008764,-6.891896,-1.1441092
1356442898970,9.384419,-7.8589406,-1.920469
1356442898990,9.656827,-10.691973,-0.5720546
1356442899030,4.903325,-13.021052,2.8330324
1356442899070,5.8567495,-8.539958,-1.0351465
1356442899110,8.117727,-5.6252036,-0.88532263
1356442899150,5.8976107,-5.9793324,-1.1168685
1356442899190,4.6036777,-5.134871,-0.61291564
1356442899230,4.3312707,-4.630918,-0.95342433
1356442899270,3.405087,-4.5219555,-0.9942854
1356442899310,3.9499009,-4.2904096,-0.7218784
1356442899350,4.6036777,-4.399372,-1.8387469
1356442899390,7.082581,-7.3958488,-6.2108784
1356442899430,10.732834,-8.349273,-7.6273947
1356442899470,7.9679036,-5.434519,-5.366417
1356442899510,6.6331096,-10.460427,-1.2666923
1356442899550,7.5865335,-11.3321295,-0.61291564
1356442899590,5.938472,-3.1054392,4.3312707
1356442899630,4.630918,-6.510526,1.607201
1356442899670,7.1234417,-6.510526,1.1849703
1356442899710,6.0882955,-7.43671,-0.23154591
1356442899750,5.6660647,-7.205164,-0.9125633
1356442899790,7.6954966,-5.175732,-0.6946377
1356442899830,7.7772183,-5.284695,0.61291564
1356442899870,6.8237944,-7.1234417,0.08172209
1356442899910,6.8237944,-5.938472,-1.334794
1356442899971,7.082581,-5.9793324,0.19068487
1356442899991,8.158588,-5.5162406,-0.29964766
1356442900030,7.7772183,-6.238119,-0.50395286
1356442900070,7.5865335,-7.8180795,0.040861044
1356442900110,10.501288,-7.6954966,-2.1111538
1356442900150,10.079058,-9.888372,-1.6889231
1356442900190,4.372132,-11.495573,1.9477097
1356442900230,3.990762,-8.962189,1.4165162
1356442900270,9.193735,-6.2108784,-0.50395286
1356442900310,6.4015636,-5.938472,-0.84446156
1356442900350,3.759216,-4.630918,-0.50395286
1356442900390,4.1814466,-5.202973,-0.53119355
1356442900430,3.255263,-4.862464,-0.84446156
1356442900470,3.445948,-4.440233,-1.1168685
1356442900510,5.175732,-5.202973,-4.4810944
1356442900550,10.56939,-7.014479,-8.158588
1356442900590,9.765789,-6.1291566,-6.701211
1356442900630,7.9270425,-9.043911,-2.7513103
1356442900670,8.430995,-12.217452,2.0294318
1356442900710,4.0588636,-5.284695,4.9850473
1356442900750,3.6774938,-6.891896,-0.0
1356442900790,8.117727,-6.3198414,1.9477097
1356442900830,6.932757,-6.510526,-0.3405087
1356442900870,5.597963,-7.04172,-1.7570249
1356442900910,7.273266,-5.325556,-0.23154591
1356442900970,7.082581,-5.5162406,-0.3405087
1356442900990,6.851035,-6.238119,0.08172209
1356442901030,6.782933,-6.510526,-0.53119355
1356442901070,6.782933,-6.5922484,0.38136974
1356442901110,7.3141265,-6.1291566,-0.08172209
1356442901150,8.049625,-6.238119,0.08172209
1356442901190,7.7772183,-7.4639506,-0.88532263
1356442901230,9.425281,-7.5865335,-3.405087
1356442901270,10.882658,-8.730643,-1.2258313
1356442901310,5.09401,-12.980191,2.9556155
1356442901350,5.5162406,-10.460427,-0.19068487
1356442901390,9.575105,-5.325556,-1.2258313
1356442901430,5.434519,-5.434519,-1.3756552
1356442901470,3.486809,-4.7126403,0.27240697
1356442901510,3.718355,-5.134871,-0.19068487
1356442901550,3.759216,-5.47538,-1.1849703
1356442901590,3.9090397,-4.8216033,-0.8036005
1356442901630,4.6036777,-4.903325,-1.7978859
1356442901670,6.4015636,-5.938472,-6.2108784
1356442901710,10.460427,-7.8589406,-8.471856
1356442901750,10.337844,-5.938472,-5.8567495
1356442901790,7.7772183,-11.182305,-1.9885708
1356442901836,7.0553403,-9.384419,2.1792557
1356442901879,4.099725,-3.759216,3.9090397
1356442901909,4.630918,-6.6331096,-0.08172209
1356442901949,7.43671,-7.1234417,0.92618364
1356442901979,7.5865335,-6.469665,0.38136974
1356442902010,5.5571017,-7.3141265,-1.3075534
1356442902050,6.3607025,-6.238119,-0.53119355
1356442902090,7.014479,-5.597963,0.53119355
1356442902130,6.0474343,-6.238119,0.8036005
1356442902170,6.469665,-6.4015636,-0.040861044
1356442902210,7.0553403,-6.8237944,0.10896278
1356442902250,7.6954966,-6.238119,-0.42223078
1356442902290,8.240311,-5.8158884,-0.6946377
1356442902330,8.689782,-7.1234417,-0.38136974
1356442902370,10.528529,-7.9270425,-2.3018389
1356442902410,9.575105,-10.841797,-1.56634
1356442902450,4.140586,-12.53072,2.152015
1356442902490,5.5162406,-9.234595,0.5720546
1356442902530,8.349273,-5.175732,-0.3405087
1356442902570,5.2165933,-6.1291566,-2.0294318
1356442902610,4.399372,-4.9850473,-0.46309182
1356442902650,3.7864566,-5.243834,-0.8036005
1356442902690,3.5957718,-4.944186,-1.0351465
1356442902730,3.1463003,-5.5162406,-0.95342433
1356442902770,3.8681788,-6.0201936,-1.9477097
1356442902810,5.8976107,-6.469665,-5.706926
1356442902850,11.304889,-7.504812,-7.4639506
1356442902890,9.302697,-6.0474343,-5.8976107
1356442902930,5.597963,-10.147159,-1.1168685
1356442902972,8.240311,-12.217452,2.1792557
1356442903010,4.5628166,-3.7864566,5.284695
1356442903050,3.5957718,-5.134871,0.313268
1356442903090,8.308413,-8.267551,1.334794
1356442903130,8.471856,-5.8158884,0.10896278
1356442903170,5.407278,-6.8237944,-1.9885708
1356442903210,6.66035,-5.6660647,-0.53119355
1356442903250,7.082581,-6.0474343,0.53119355
1356442903290,6.3198414,-5.938472,-0.29964766
1356442903330,7.0553403,-6.510526,0.040861044
1356442903370,7.3549876,-6.238119,-0.53119355
1356442903410,8.049625,-5.8976107,-1.3075534
1356442903450,8.812365,-6.428804,-0.38136974
1356442903490,10.310603,-8.471856,-2.3426998
1356442903530,9.888372,-10.228881,-1.607201
1356442903570,3.9090397,-14.437569,2.982856
1356442903610,5.7886477,-9.656827,-0.10896278
1356442903650,9.384419,-4.7535014,-1.879608
1356442903690,5.175732,-4.9850473,-1.7297841
1356442903730,3.568531,-5.175732,-0.10896278
1356442903770,3.5276701,-5.597963,-1.0760075
1356442903810,3.7864566,-5.202973,-1.1441092
1356442903850,3.5957718,-5.175732,-0.5720546
1356442903890,4.140586,-5.284695,-1.525479
1356442903930,5.7477865,-5.706926,-4.2495484
1356442903972,10.691973,-7.504812,-7.8589406
1356442904010,10.460427,-6.3607025,-7.9270425
1356442904050,6.0201936,-6.0474343,-3.6774938
1356442904090,7.4639506,-12.367276,1.4982382
1356442904130,7.1234417,-9.234595,1.7570249
1356442904170,4.903325,-3.718355,2.9147544
1356442904210,4.630918,-5.407278,2.2201166
1356442904250,9.466142,-7.7772183,1.9477097
1356442904291,5.47538,-7.8589406,-1.7978859
1356442904330,4.440233,-6.4015636,-0.8036005
1356442904370,7.504812,-5.6660647,0.3405087
1356442904410,6.8237944,-5.366417,0.3405087
1356442904450,6.1700177,-6.3198414,0.19068487
1356442904490,7.504812,-6.66035,-0.50395286
1356442904530,8.349273,-5.5162406,-1.1168685
1356442904570,8.771504,-5.5571017,-0.23154591
1356442904610,8.853226,-6.973618,0.42223078
1356442904650,11.686258,-8.390134,-2.4925237
1356442904690,8.117727,-12.258313,-1.6480621
1356442904730,3.568531,-13.525005,4.2086873
1356442904770,6.4424243,-9.112013,-0.7627395
1356442904810,9.507003,-5.407278,-1.4573772
1356442904850,5.8567495,-5.325556,-0.5720546
1356442904890,2.6832085,-4.2495484,0.23154591
1356442904930,3.5957718,-4.630918,-0.5720546
1356442904972,3.7864566,-4.7943625,-1.0351465
1356442905010,2.7649305,-4.2904096,-0.27240697
1356442905050,4.1814466,-4.440233,-1.8387469
1356442905090,8.894087,-8.349273,-9.043911
1356442905130,11.795221,-8.62168,-8.471856
1356442905170,5.5571017,-5.407278,-4.440233
1356442905210,9.00305,-10.228881,-1.6480621
1356442905250,8.921328,-9.765789,1.6889231
1356442905290,2.982856,-5.434519,3.1054392
1356442905330,2.9147544,-6.6331096,1.1168685
1356442905370,9.343558,-6.66035,3.173541
1356442905410,7.6273947,-6.3198414,-0.6537767
1356442905450,4.7943625,-7.4639506,-2.070293
1356442905490,6.4015636,-6.3607025,0.14982383
1356442905530,7.3141265,-5.284695,-0.6537767
1356442905570,6.932757,-5.175732,0.23154591
1356442905610,6.2789803,-6.6331096,0.14982383
1356442905650,7.164303,-6.5513873,-0.53119355
1356442905690,8.308413,-5.938472,-1.1441092
1356442905730,9.00305,-6.3198414,0.7627395
1356442905770,9.847511,-8.771504,-1.2258313
1356442905810,10.61025,-9.466142,-2.4516625
1356442905850,4.5628166,-12.408136,1.2666923
1356442905890,4.7126403,-10.760075,1.8387469
1356442905930,8.62168,-6.891896,-1.0760075
1356442905970,7.3549876,-6.66035,-1.3075534
1356442906010,3.759216,-5.09401,-0.23154591
1356442906050,3.486809,-4.2904096,-0.19068487
1356442906090,3.5957718,-4.1814466,-0.84446156
1356442906130,2.6014864,-4.1814466,-0.46309182
1356442906170,3.445948,-4.944186,-1.3756552
1356442906210,6.5513873,-7.7772183,-7.246025
1356442906250,13.824653,-8.240311,-8.771504
1356442906290,8.117727,-6.701211,-5.243834
1356442906329,6.5513873,-12.912089,0.6946377
1356442906370,6.4424243,-8.158588,2.9147544
1356442906410,4.2086873,-3.9499009,3.1463003
1356442906450,5.243834,-7.014479,1.7570249
1356442906490,8.730643,-7.014479,0.7627395
1356442906530,5.47538,-6.973618,-1.0351465
1356442906570,5.284695,-6.973618,-1.525479
1356442906610,8.349273,-5.09401,-0.7627395
1356442906650,7.3958488,-5.053149,0.3405087
1356442906690,6.1700177,-6.238119,0.3405087
1356442906730,6.851035,-7.014479,-0.46309182
1356442906770,7.504812,-6.1700177,-0.7218784
1356442906810,8.158588,-5.8158884,0.040861044
1356442906850,9.00305,-7.273266,0.61291564
1356442906890,10.310603,-8.117727,-1.8387469
1356442906930,9.425281,-10.800936,-2.2609777
1356442906972,4.099725,-12.408136,2.3426998
1356442907010,5.47538,-9.343558,-0.0
1356442907050,9.425281,-6.0882955,-1.1441092
1356442907090,5.366417,-5.8567495,-1.2258313
1356442907130,3.1463003,-4.399372,-0.14982383
1356442907170,3.990762,-4.5628166,-0.50395286
1356442907210,3.2961242,-4.2086873,-0.8036005
1356442907250,3.1463003,-4.440233,-0.61291564
1356442907290,4.0588636,-4.903325,-2.5606253
1356442907330,8.730643,-7.5456724,-8.62168
1356442907370,12.762266,-7.04172,-8.158588
1356442907410,7.3141265,-7.205164,-3.5957718
1356442907450,6.510526,-13.865514,0.6946377
1356442907490,5.938472,-7.3958488,3.214402
1356442907530,3.990762,-4.3312707,2.9556155
1356442907570,5.9793324,-7.04172,2.3699405
1356442907610,8.308413,-6.66035,1.1168685
1356442907650,4.9850473,-7.3141265,-1.920469
1356442907690,6.4424243,-5.6660647,-0.6537767
1356442907730,7.7363577,-5.175732,-0.08172209
1356442907770,6.891896,-6.238119,0.50395286
1356442907810,6.0882955,-6.0882955,0.14982383
1356442907850,6.6331096,-6.932757,0.6537767
1356442907890,8.008764,-6.238119,-0.8036005
1356442907930,8.580819,-5.7886477,-0.61291564
1356442907970,8.894087,-7.504812,-0.29964766
1356442908010,10.269742,-8.008764,-2.5606253
1356442908050,7.0553403,-11.645397,-0.6537767
1356442908090,4.0180025,-12.176591,2.7649305
1356442908130,7.164303,-8.349273,-0.10896278
1356442908170,8.962189,-5.8158884,-1.879608
1356442908210,4.630918,-5.597963,-0.84446156
1356442908250,3.173541,-4.8216033,0.10896278
1356442908290,4.3312707,-4.9850473,-0.7627395
1356442908330,2.7649305,-4.2495484,-0.50395286
1356442908370,3.3778462,-4.862464,-1.1441092
1356442908410,4.630918,-5.938472,-4.2904096
1356442908450,10.651112,-7.5865335,-8.771504
1356442908490,10.61025,-5.7886477,-6.891896
1356442908530,7.082581,-8.853226,-1.8387469
1356442908570,7.273266,-13.906375,0.84446156
1356442908610,6.0201936,-5.9793324,5.7477865
1356442908650,4.1814466,-4.3312707,1.4573772
1356442908690,6.3198414,-7.4639506,1.7978859
1356442908730,8.076866,-6.2789803,0.61291564
1356442908770,5.8976107,-7.3958488,-3.214402
1356442908810,7.082581,-5.47538,-0.88532263
1356442908850,7.5865335,-5.243834,0.61291564
1356442908890,6.1700177,-5.938472,0.5720546
1356442908930,6.1291566,-6.5922484,0.61291564
1356442908972,6.5513873,-7.273266,-0.08172209
1356442909010,7.7363577,-6.238119,-0.46309182
1356442909050,8.471856,-6.0882955,-0.42223078
1356442909090,8.008764,-7.504812,-1.334794
1356442909130,10.269742,-7.8861814,-3.2961242
1356442909170,7.7772183,-10.56939,0.040861044
1356442909210,4.0180025,-13.715691,2.3699405
1356442909250,6.932757,-9.043911,-0.3405087
1356442909290,9.384419,-5.8567495,-2.1792557
1356442909330,4.5219555,-5.175732,-0.88532263
1356442909370,2.5333846,-3.636633,0.6946377
1356442909410,3.6774938,-4.2086873,-1.2258313
1356442909450,2.5606253,-4.1814466,-0.8036005
1356442909490,3.636633,-4.0588636,-1.2258313
1356442909530,6.851035,-6.238119,-6.510526
1356442909570,11.795221,-7.205164,-8.158588
1356442909610,8.962189,-6.4015636,-5.47538
1356442909650,7.9679036,-9.888372,-2.7921712
1356442909690,7.1234417,-10.800936,0.08172209
1356442909730,4.903325,-5.8567495,4.671779
1356442909770,3.568531,-5.407278,1.4982382
1356442909810,8.158588,-7.04172,2.3018389
1356442909850,7.9679036,-6.510526,0.95342433
1356442909890,4.2904096,-7.43671,-2.070293
1356442909930,6.8237944,-5.938472,-0.10896278
1356442909970,7.6273947,-5.325556,0.38136974
1356442910010,6.238119,-6.0201936,0.42223078
1356442910050,6.1700177,-6.0882955,-0.10896278
1356442910090,7.43671,-6.5922484,-0.19068487
1356442910130,8.281172,-5.8158884,-0.27240697
1356442910170,8.812365,-6.0201936,-0.38136974
1356442910210,10.119919,-8.049625,-0.61291564
1356442910250,10.310603,-9.888372,-2.4516625
1356442910291,5.366417,-12.53072,0.08172209
1356442910330,3.7864566,-10.991621,2.2609777
1356442910370,8.662541,-6.66035,-1.1441092
1356442910410,8.117727,-6.4015636,-1.7297841
1356442910450,3.8681788,-5.325556,-0.38136974
1356442910490,3.1054392,-4.4810944,0.040861044
1356442910530,3.759216,-4.2086873,-0.8036005
1356442910569,2.6423476,-3.9090397,-0.38136974
1356442910610,3.173541,-4.630918,-1.2666923
1356442910650,6.851035,-7.6546354,-7.3141265
1356442910690,13.797412,-8.240311,-8.812365
1356442910730,8.771504,-7.1234417,-4.5219555
1356442910770,5.7886477,-13.375181,-0.10896278
1356442910810,6.4015636,-6.5922484,3.568531
1356442910850,4.9850473,-3.486809,3.7864566
1356442910890,5.938472,-6.851035,0.8036005
1356442910930,8.19945,-6.973618,0.92618364
1356442910970,5.407278,-7.1234417,-0.7218784
1356442911010,5.175732,-6.851035,-1.1168685
1356442911050,7.668256,-5.47538,0.040861044
1356442911090,6.66035,-5.597963,0.7218784
1356442911130,6.66035,-5.706926,0.46309182
1356442911170,7.668256,-6.5513873,-0.27240697
1356442911210,7.246025,-6.2789803,-0.95342433
1356442911250,7.6273947,-6.510526,-1.0760075
1356442911290,8.240311,-6.742072,0.3405087
1356442911330,9.343558,-7.3958488,-2.7921712
1356442911370,10.651112,-8.962189,-2.4108016
1356442911410,5.938472,-12.980191,3.214402
1356442911450,4.5219555,-11.727119,0.61291564
1356442911490,8.921328,-6.0201936,-1.1849703
1356442911530,6.932757,-5.47538,-2.1111538
1356442911570,4.2086873,-5.202973,-0.29964766
1356442911610,4.372132,-4.7535014,-0.7627395
1356442911650,2.8330324,-5.175732,-1.2258313
1356442911690,2.7240696,-4.5219555,0.10896278
1356442911730,3.7864566,-4.862464,-1.6480621
1356442911770,6.1700177,-5.325556,-5.202973
1356442911810,11.985906,-6.851035,-7.014479
1356442911850,9.112013,-6.66035,-7.082581
1356442911890,7.7363577,-9.493382,-3.0645783
1356442911930,8.158588,-11.372991,0.88532263
1356442911971,4.630918,-5.09401,4.944186
1356442912010,3.405087,-5.6252036,-0.10896278
1356442912050,8.689782,-7.04172,3.1463003
1356442912090,8.117727,-6.66035,0.92618364
1356442912130,4.0588636,-7.8180795,-2.5333846
1356442912170,6.973618,-5.407278,0.5720546
1356442912210,7.8180795,-5.325556,-0.88532263
1356442912250,7.0553403,-5.8976107,-0.42223078
1356442912290,6.701211,-6.3198414,0.27240697
1356442912330,6.701211,-6.5513873,0.5720546
1356442912370,7.668256,-5.597963,-0.29964766
1356442912410,8.158588,-6.1700177,0.14982383
1356442912450,8.240311,-7.8589406,-0.29964766
1356442912490,10.691973,-7.504812,-2.0294318
1356442912530,8.812365,-10.7192135,-1.9477097
1356442912570,4.099725,-12.912089,2.152015
1356442912610,6.0882955,-9.575105,0.040861044
1356442912650,9.112013,-6.0201936,-1.1849703
1356442912690,6.0474343,-5.5162406,-1.3756552
1356442912730,3.1463003,-4.2904096,-0.0
1356442912770,3.5276701,-4.372132,-0.50395286
1356442912810,3.255263,-4.630918,-0.7218784
1356442912850,3.1054392,-4.671779,-0.61291564
1356442912890,4.140586,-5.284695,-2.2201166
1356442912930,7.8180795,-7.9679036,-8.240311
1356442912976,13.211738,-6.428804,-8.117727
1356442913010,9.084772,-8.240311,-4.099725
1356442913050,5.7477865,-13.102775,0.50395286
1356442913090,5.325556,-6.4015636,4.630918
1356442913130,4.440233,-4.5628166,2.152015
1356442913170,6.4015636,-6.6331096,1.1441092
1356442913210,8.539958,-6.428804,0.6946377
1356442913250,5.134871,-7.3141265,-1.2666923
1356442913290,5.6252036,-6.701211,-1.1168685
1356442913330,7.3549876,-5.9793324,-0.14982383
1356442913370,6.4424243,-5.5571017,0.10896278
1356442913410,6.932757,-6.3198414,0.040861044
1356442913450,7.668256,-6.238119,-0.7218784
1356442913490,8.281172,-5.6660647,-0.95342433
1356442913530,8.894087,-5.9793324,0.7218784
1356442913570,10.079058,-9.043911,-1.1849703
1356442913610,9.847511,-9.724928,-1.607201
1356442913650,4.0180025,-13.211738,0.50395286
1356442913690,4.3312707,-11.304889,0.9942854
1356442913730,9.384419,-6.4015636,-1.0760075
1356442913770,7.7363577,-5.47538,-1.7978859
1356442913810,3.214402,-4.7126403,-0.42223078
1356442913850,3.8273177,-4.8216033,-0.8036005
1356442913890,3.8681788,-5.175732,-1.1849703
1356442913930,3.173541,-4.372132,-0.10896278
1356442913974,4.0588636,-5.243834,-2.0294318
1356442914010,5.938472,-5.9793324,-5.47538
1356442914050,10.18802,-7.5456724,-7.9679036
1356442914090,10.18802,-5.7886477,-7.273266
1356442914130,7.668256,-9.425281,-1.2666923
1356442914170,7.014479,-12.108489,1.5390993
1356442914210,5.5571017,-4.903325,3.6774938
1356442914250,2.8738933,-5.5162406,1.334794
1356442914290,6.66035,-7.3141265,2.3426998
1356442914330,8.240311,-6.2789803,1.0351465
1356442914370,5.09401,-7.7772183,-1.525479
1356442914410,6.2108784,-6.2108784,-0.53119355
1356442914450,7.6273947,-5.8567495,0.23154591
1356442914490,6.1700177,-5.597963,1.1441092
1356442914530,6.1700177,-6.6331096,0.19068487
1356442914570,7.3141265,-6.932757,-0.29964766
1356442914610,8.19945,-6.0201936,-0.42223078
1356442914650,8.689782,-6.238119,-0.5720546
1356442914689,9.084772,-7.8861814,-0.5720546
1356442914730,10.419566,-8.008764,-1.525479
1356442914770,5.8567495,-11.9450445,-1.525479
1356442914810,3.636633,-12.5579605,2.2609777
1356442914850,8.281172,-7.7363577,-0.5720546
1356442914890,8.894087,-6.1291566,-1.9885708
1356442914930,4.2495484,-5.202973,-0.95342433
1356442914974,2.6014864,-4.5900574,-0.0
1356442915010,4.671779,-5.09401,-1.2258313
1356442915050,3.1054392,-4.903325,-1.0760075
1356442915090,3.173541,-4.862464,-0.9125633
1356442915130,4.2495484,-5.284695,-3.8273177
1356442915170,9.534244,-7.246025,-8.19945
1356442915210,11.645397,-6.2108784,-6.428804
1356442915250,7.3958488,-7.3549876,-3.214402
1356442915290,6.0474343,-12.340035,0.08172209
1356442915330,6.1291566,-8.308413,3.445948
1356442915370,3.8681788,-4.1814466,1.920469
1356442915410,5.5162406,-6.701211,2.070293
1356442915450,8.812365,-6.5922484,1.9885708
1356442915490,5.7886477,-7.9679036,-1.8387469
1356442915530,6.2108784,-6.5513873,-0.95342433
1356442915570,7.8180795,-4.9850473,0.040861044
1356442915610,6.973618,-5.8567495,0.50395286
1356442915650,5.8567495,-6.1700177,0.3405087
1356442915690,6.8237944,-6.742072,0.42223078
1356442915730,7.5865335,-6.1291566,-0.3405087
1356442915770,8.281172,-5.9793324,-1.0760075
1356442915810,8.689782,-6.742072,-0.0
1356442915850,10.732834,-8.049625,-1.607201
1356442915890,8.349273,-10.269742,-1.7978859
1356442915930,3.2961242,-12.912089,1.6480621
1356442915972,5.5162406,-11.264028,1.4982382
1356442916010,9.234595,-6.932757,-1.4573772
1356442916050,7.164303,-5.325556,-1.334794
1356442916090,3.5276701,-4.2904096,-0.38136974
1356442916130,2.8330324,-4.5219555,-0.19068487
1356442916170,3.990762,-4.5900574,-0.95342433
1356442916210,2.8330324,-4.099725,-0.84446156
1356442916250,3.9499009,-4.671779,-2.6423476
1356442916291,7.668256,-7.8589406,-8.19945
1356442916330,13.593107,-7.205164,-9.084772
1356442916370,7.014479,-5.8158884,-3.445948
1356442916410,6.2108784,-11.9450445,0.19068487
1356442916450,6.5513873,-8.662541,2.5606253
1356442916490,5.175732,-4.4810944,3.336985
1356442916530,4.9850473,-6.2789803,0.88532263
1356442916570,8.730643,-6.510526,1.6889231
1356442916610,5.243834,-7.6954966,-0.61291564
1356442916650,5.8976107,-7.504812,-1.6889231
1356442916690,7.43671,-5.7477865,-0.6537767
1356442916730,6.891896,-5.407278,0.08172209
1356442916770,6.510526,-5.706926,0.50395286
1356442916810,6.469665,-7.04172,-0.27240697
1356442916850,7.205164,-6.3198414,-0.0
1356442916890,7.43671,-6.0882955,-0.46309182
1356442916930,8.19945,-6.932757,0.3405087
1356442916975,10.079058,-7.8180795,-2.1792557
1356442917010,11.114203,-9.275456,-2.3699405
1356442917050,5.175732,-12.176591,1.2666923
1356442917090,4.862464,-11.3321295,1.6480621
1356442917130,8.921328,-5.407278,-1.334794
1356442917170,8.158588,-5.053149,-2.3018389
1356442917210,4.0180025,-4.5900574,-0.29964766
1356442917250,2.9147544,-4.2904096,0.313268
1356442917290,4.5628166,-6.238119,-1.1168685
1356442917330,3.405087,-5.366417,-0.8036005
1356442917370,4.099725,-4.630918,-1.525479
1356442917410,5.2165933,-4.671779,-4.862464
1356442917450,10.991621,-6.851035,-7.7363577
1356442917490,10.419566,-6.973618,-6.4015636
1356442917530,6.2108784,-6.701211,-3.5276701
1356442917570,7.3141265,-11.536434,0.313268
1356442917610,7.3958488,-8.076866,1.9885708
1356442917650,3.6774938,-5.09401,2.6014864
1356442917690,4.630918,-6.428804,1.3075534
1356442917730,8.921328,-6.5922484,1.8387469
1356442917770,6.2789803,-7.5865335,-1.2666923
1356442917810,5.366417,-6.891896,-0.7218784
1356442917850,7.43671,-5.47538,-0.38136974
1356442917890,7.273266,-5.284695,0.7218784
1356442917930,6.701211,-5.8567495,0.95342433
1356442917970,6.5513873,-6.932757,0.61291564
1356442918010,6.973618,-7.164303,0.313268
1356442918050,8.499097,-6.0201936,-0.6537767
1356442918090,8.812365,-6.8237944,-0.6946377
1356442918130,10.119919,-7.8180795,-2.9147544
1356442918170,7.8180795,-9.534244,-2.3018389
1356442918210,4.3312707,-13.0619135,2.8738933
1356442918250,6.469665,-11.032481,1.3075534
1356442918290,8.662541,-6.5922484,-2.3018389
1356442918330,6.5922484,-4.671779,-1.607201
1356442918370,2.6014864,-3.718355,0.27240697
1356442918410,3.5957718,-4.5628166,-0.9942854
1356442918450,4.2086873,-5.5571017,-1.7978859
1356442918490,3.5276701,-4.944186,-0.27240697
1356442918530,4.0588636,-5.134871,-1.3075534
1356442918570,5.8976107,-5.6660647,-5.012288
1356442918610,11.454713,-7.5865335,-7.8180795
1356442918650,10.56939,-6.701211,-6.4015636
1356442918690,5.6660647,-5.5162406,-3.759216
1356442918730,6.2108784,-11.563675,0.5720546
1356442918770,8.076866,-10.923519,1.5390993
1356442918810,5.243834,-4.4810944,4.099725
1356442918850,2.9556155,-5.6252036,1.5390993
1356442918890,9.302697,-7.504812,1.920469
1356442918930,7.3141265,-6.1291566,0.50395286
1356442918970,4.0588636,-7.9679036,-2.070293
1356442919010,7.273266,-5.8976107,-0.42223078
1356442919050,7.8861814,-5.09401,0.19068487
1356442919090,6.469665,-5.7886477,0.23154591
1356442919129,6.5513873,-7.3141265,1.2258313
1356442919170,6.6331096,-7.014479,-0.040861044
1356442919210,8.430995,-5.8976107,-1.0351465
1356442919250,9.724928,-6.5513873,0.14982383
1356442919290,10.228881,-8.049625,-1.7570249
1356442919331,8.308413,-9.956474,-1.7570249
1356442919370,3.405087,-12.258313,2.5333846
1356442919410,5.243834,-10.882658,1.0351465
1356442919450,9.043911,-7.014479,-1.1168685
1356442919490,7.014479,-5.8158884,-1.525479
1356442919530,3.1054392,-5.134871,-0.19068487
1356442919570,3.486809,-4.944186,-0.38136974
1356442919610,4.099725,-4.9850473,-1.1168685
1356442919650,2.7649305,-4.7126403,-0.14982383
1356442919690,3.8273177,-4.671779,-0.95342433
1356442919730,5.938472,-5.6252036,-4.862464
1356442919770,12.639683,-7.8180795,-8.008764
1356442919810,10.310603,-5.202973,-6.469665
1356442919850,6.891896,-7.205164,-3.2961242
1356442919890,7.7363577,-11.032481,0.10896278
1356442919930,7.6954966,-8.812365,2.9556155
1356442919972,3.0645783,-5.243834,3.9499009
1356442920013,4.7943625,-7.273266,0.313268
1356442920050,8.689782,-6.0201936,1.607201
1356442920090,6.1291566,-6.8237944,0.08172209
1356442920130,5.597963,-7.246025,-1.1168685
1356442920170,6.891896,-5.8567495,-0.0
1356442920210,7.3958488,-5.325556,0.19068487
1356442920250,7.014479,-5.6252036,-0.29964766
1356442920290,6.469665,-6.701211,0.23154591
1356442920330,7.082581,-5.9793324,-0.53119355
1356442920370,8.471856,-5.366417,-0.46309182
1356442920410,8.62168,-6.510526,0.5720546
1356442920450,8.853226,-7.9270425,-2.2201166
1356442920490,11.141444,-9.112013,-2.8738933
1356442920530,5.2165933,-13.443283,1.7297841
1356442920570,4.671779,-12.258313,1.4165162
1356442920610,9.043911,-6.891896,-1.525479
1356442920650,7.7363577,-5.938472,-2.070293
1356442920690,4.3312707,-4.5219555,-0.23154591
1356442920730,2.982856,-4.140586,-0.23154591
1356442920770,3.636633,-4.862464,-1.3756552
1356442920810,2.7921712,-4.2495484,-0.14982383
1356442920850,3.0645783,-4.3312707,-0.53119355
1356442920890,4.862464,-5.09401,-4.5219555
1356442920930,11.645397,-8.308413,-9.888372
1356442920972,11.413852,-7.246025,-7.3141265
1356442921010,5.434519,-6.2789803,-3.7864566
1356442921050,7.164303,-11.563675,1.7297841
1356442921090,5.938472,-10.991621,1.0760075
1356442921130,4.9850473,-4.140586,4.099725
1356442921170,4.3312707,-5.407278,2.3018389
1356442921210,8.853226,-5.8976107,1.334794
1356442921250,6.891896,-7.1234417,-0.3405087
1356442921290,4.4810944,-8.049625,-1.4982382
1356442921330,6.5922484,-6.469665,-0.0
1356442921370,7.273266,-5.012288,0.6946377
1356442921410,5.7886477,-6.3198414,0.7627395
1356442921450,6.6331096,-6.782933,-0.29964766
1356442921490,7.205164,-6.8237944,-0.10896278
1356442921532,8.117727,-6.742072,-0.27240697
1356442921570,9.724928,-6.428804,0.5720546
1356442921610,10.760075,-8.117727,-1.2258313
1356442921650,9.384419,-9.915613,-2.0294318
1356442921690,3.8681788,-11.686258,1.1849703
1356442921730,4.7535014,-9.888372,1.2666923
1356442921770,8.894087,-7.246025,-0.9125633
1356442921810,7.43671,-6.4015636,-1.607201
1356442921850,3.5276701,-5.175732,-0.14982383
1356442921890,3.636633,-5.325556,-0.10896278
1356442921930,3.990762,-4.5900574,-0.46309182
1356442921970,2.4925237,-4.440233,-0.29964766
1356442922010,3.336985,-4.8216033,-0.7627395
1356442922050,4.5219555,-6.1700177,-4.3312707
1356442922090,12.53072,-9.00305,-10.18802
1356442922130,11.604536,-8.308413,-6.6331096
1356442922170,6.2789803,-11.985906,1.4165162
1356442922210,5.829509,-8.880466,4.671779
1356442922250,3.636633,-3.0645783,5.9793324
1356442922291,4.2904096,-6.469665,0.88532263
1356442922330,8.390134,-8.19945,0.53119355
1356442922370,7.5456724,-6.701211,-1.7570249
1356442922410,5.706926,-5.7886477,-1.6480621
1356442922450,6.4015636,-6.1291566,0.27240697
1356442922490,6.782933,-5.7886477,2.2201166
1356442922530,6.2108784,-6.2108784,0.7627395
1356442922570,7.014479,-6.932757,1.3756552
1356442922610,7.5865335,-6.469665,-0.7218784
1356442922650,9.084772,-6.4015636,-0.88532263
1356442922690,9.234595,-6.5922484,-0.53119355
1356442922730,10.460427,-7.5865335,-1.6889231
1356442922770,7.164303,-10.56939,-0.27240697
1356442922810,3.0237172,-13.443283,2.6832085
1356442922850,5.8976107,-9.997335,0.27240697
1356442922890,8.662541,-5.6660647,-1.7978859
1356442922930,5.938472,-5.5571017,-1.525479
1356442922970,3.6774938,-5.407278,-0.14982383
1356442923010,4.399372,-5.8158884,-1.4982382
1356442923050,3.718355,-5.09401,-1.1849703
1356442923090,2.9147544,-4.7535014,-0.14982383
1356442923130,3.9090397,-4.5219555,-1.334794
1356442923170,5.597963,-5.175732,-4.8216033
1356442923210,11.958665,-7.8861814,-7.9270425
1356442923250,10.56939,-6.2108784,-7.246025
1356442923290,6.701211,-9.302697,-1.607201
1356442923330,6.238119,-13.102775,-0.040861044
1356442923370,6.1700177,-4.903325,4.440233
1356442923417,4.0180025,-4.099725,2.9147544
1356442923459,7.0553403,-6.932757,1.334794
1356442923489,7.9270425,-7.5865335,0.42223078
1356442923530,4.9850473,-7.5865335,-1.0760075
1356442923570,6.510526,-6.3198414,-0.29964766
1356442923610,7.5456724,-5.5162406,-0.040861044
1356442923650,6.66035,-5.706926,-0.040861044
1356442923690,6.238119,-6.0882955,0.10896278
1356442923730,6.782933,-6.891896,0.42223078
1356442923770,7.504812,-6.2108784,-0.29964766
1356442923810,8.853226,-6.0201936,-0.10896278
1356442923850,8.894087,-7.4639506,-0.53119355
1356442923890,10.691973,-8.662541,-1.6889231
1356442923930,6.4424243,-11.182305,-1.334794
1356442923970,3.6774938,-12.680544,2.3426998
1356442924010,7.164303,-8.580819,-0.7627395
1356442924050,9.697687,-5.597963,-1.4573772
1356442924090,4.5219555,-5.6660647,-0.53119355
1356442924130,2.9147544,-5.053149,-0.0
1356442924170,4.2904096,-4.944186,-1.0351465
1356442924210,3.336985,-4.5219555,-0.6537767
1356442924250,3.7864566,-4.140586,-0.9125633
1356442924290,5.053149,-4.9850473,-2.9147544
1356442924330,7.8861814,-7.273266,-6.932757
1356442924370,11.223166,-7.6954966,-7.205164
1356442924410,7.014479,-5.6660647,-4.5900574
1356442924450,6.3198414,-10.800936,-0.8036005
1356442924490,7.164303,-10.528529,0.92618364
1356442924530,6.5513873,-5.284695,5.053149
1356442924570,3.5957718,-5.284695,1.1168685
1356442924610,7.4639506,-6.891896,1.879608
1356442924650,8.008764,-6.6331096,1.0760075
1356442924690,5.053149,-7.43671,-1.7297841
1356442924730,6.4015636,-6.428804,-0.0
1356442924770,7.3958488,-5.7477865,0.27240697
1356442924810,6.782933,-5.7477865,0.19068487
1356442924850,6.0201936,-6.3607025,0.6537767
1356442924890,7.014479,-7.1234417,0.040861044
1356442924930,7.7363577,-5.6660647,-0.29964766
1356442924970,8.281172,-5.938472,-0.14982383
1356442925020,8.771504,-7.7772183,-0.6537767
1356442925060,9.847511,-9.575105,-1.4573772
1356442925100,3.8681788,-12.912089,1.2258313
1356442925140,4.440233,-10.800936,1.334794
1356442925180,8.812365,-6.0882955,-1.0760075
1356442925220,6.932757,-6.238119,-1.2258313
1356442925260,3.990762,-5.053149,-0.6946377
1356442925300,4.2904096,-4.903325,-0.6946377
1356442925340,3.9090397,-5.134871,-1.607201
1356442925380,3.718355,-4.399372,-0.7218784
1356442925420,3.8273177,-4.630918,-1.1168685
1356442925460,4.440233,-5.47538,-3.0645783
1356442925500,9.888372,-8.539958,-7.3141265
1356442925540,11.495573,-7.04172,-7.3958488
1356442925580,6.1291566,-6.238119,-4.7126403
1356442925620,6.0201936,-10.378705,1.1441092
1356442925660,7.014479,-11.141444,0.92618364
1356442925700,6.1291566,-4.0180025,3.6774938
1356442925740,4.1814466,-5.8976107,1.9477097
1356442925780,8.240311,-7.014479,1.6889231
1356442925820,6.742072,-6.973618,-0.27240697
1356442925860,4.4810944,-7.6546354,-1.1168685
1356442925900,7.3141265,-5.9793324,-0.0
1356442925940,7.7363577,-5.202973,0.38136974
1356442925980,6.701211,-6.0474343,-0.10896278
1356442926020,6.2108784,-6.5513873,-0.23154591
1356442926060,7.246025,-6.2108784,0.27240697
1356442926100,7.504812,-5.9793324,0.23154591
1356442926140,7.8861814,-6.510526,1.0760075
1356442926180,8.158588,-7.8861814,-0.9942854
1356442926220,10.460427,-7.8180795,-1.4573772
1356442926260,8.812365,-9.425281,-2.9147544
1356442926300,4.0588636,-10.923519,2.4108016
1356442926340,5.407278,-9.384419,1.1168685
1356442926380,9.575105,-6.8237944,-1.0760075
1356442926420,6.8237944,-6.2789803,-1.56634
1356442926460,3.759216,-4.5628166,-0.84446156
1356442926500,4.5628166,-4.5900574,-1.0351465
1356442926540,3.636633,-4.5219555,-0.9125633
1356442926580,3.1054392,-4.7535014,-0.6946377
1356442926620,4.1814466,-5.284695,-2.4925237
1356442926660,7.4639506,-6.851035,-7.6546354
1356442926700,12.789507,-6.66035,-7.43671
1356442926744,8.117727,-6.1700177,-4.099725
1356442926780,6.4015636,-13.906375,-0.46309182
1356442926820,5.938472,-6.3607025,3.2961242
1356442926860,4.671779,-4.7943625,3.255263
1356442926900,5.8976107,-6.782933,1.56634
1356442926940,7.5456724,-6.8237944,1.3075534
1356442926980,5.243834,-7.6273947,-1.1441092
1356442927020,6.5922484,-6.8237944,-1.1168685
1356442927060,7.8180795,-5.134871,-0.50395286
1356442927100,6.6331096,-5.597963,0.42223078
1356442927140,6.701211,-6.2108784,-0.08172209
1356442927180,6.66035,-6.851035,0.19068487
1356442927220,7.273266,-6.238119,-0.040861044
1356442927260,8.117727,-6.0882955,-0.14982383
1356442927300,7.8589406,-7.246025,0.50395286
1356442927340,8.62168,-7.8589406,-2.2201166
1356442927380,9.80665,-9.043911,-1.7570249
1356442927420,5.175732,-11.114203,0.92618364
1356442927460,5.6252036,-11.141444,1.4573772
1356442927500,8.349273,-7.014479,-0.9942854
1356442927540,6.851035,-5.8567495,-1.1441092
1356442927580,3.9499009,-5.053149,-0.38136974
1356442927620,4.1814466,-5.284695,-0.84446156
1356442927660,4.1814466,-5.134871,-1.4165162
1356442927700,3.718355,-4.7943625,-0.53119355
1356442927740,4.140586,-5.09401,-1.3756552
1356442927780,5.597963,-5.47538,-3.5957718
1356442927820,9.656827,-7.273266,-6.932757
1356442927860,9.724928,-6.6331096,-6.1700177
