1356078573087,0.0,0.0,0.0
1356078573284,0.066859245,0.055715084,0.08914453
1356078573320,0.16502094,-0.021291733,0.41513276
1356078573364,0.04575777,0.038920403,-0.0896638
1356078573403,0.18375921,-0.03679037,0.002013266
1356078573440,0.2524438,-0.04345417,-0.27482712
1356078573483,0.11410141,0.14189672,0.32093185
1356078573523,0.2859974,0.13791227,0.14382958
1356078573562,0.46931696,0.20233059,0.10633361
1356078573605,0.5113654,0.27835655,-0.29711562
1356078573643,0.5215335,0.41901016,0.09072918
1356078573683,0.56236076,0.36146307,-0.79907876
1356078573724,0.6233239,0.33799458,-0.60733885
1356078573755,0.46207476,0.3910818,-1.0203929
1356078573793,0.5520992,0.16454029,-1.1051445
1356078573831,0.3605566,-0.028591156,-1.7509353
1356078573870,0.13789606,-0.15526581,-1.8228991
1356078573900,0.030817509,-0.46620846,-1.8128908
1356078573942,0.09053469,-0.8760562,-2.5606554
1356078573973,0.80039454,-1.3127275,-3.164887
1356078574012,1.8999286,-0.56811,-3.2366564
1356078574051,0.8605461,0.15297318,-2.3266292
1356078574090,-0.15069723,0.61315393,-3.5458052
1356078574132,-0.6473403,1.4491282,-3.0102005
1356078574172,-0.7710805,2.3789368,-1.9503524
1356078574212,-1.5641088,2.7080126,-1.9761363
1356078574253,-1.8719678,2.7985897,-1.636198
1356078574292,-1.900114,2.8981633,-1.2992561
1356078574334,-1.3917074,2.7027035,-1.2896309
1356078574372,-0.8343711,2.874712,-1.3043435
1356078574411,-0.3358636,2.780889,-1.2828548
1356078574453,0.86897373,2.548698,-1.708535
1356078574492,2.9725294,1.0638518,-2.787932
1356078574531,4.735363,-0.28772593,-2.5414207
1356078574572,3.812127,-0.62069464,-2.1603546
1356078574612,4.093025,-7.0386324,1.2072399
1356078574652,1.1462216,-5.0181913,4.2721963
1356078574693,-3.7546916,-0.6923294,6.017786
1356078574732,-1.7536631,-1.1627436,4.2077374
1356078574773,0.24133873,-1.8533454,5.3208656
1356078574810,-1.925437,-1.8051767,5.162976
1356078574850,-2.4989576,-2.147027,3.9952552
1356078574892,-1.3901987,-0.86696243,3.3866282
1356078574931,-0.7472973,0.472147,2.9722357
1356078574971,-0.9625759,0.32957745,2.3134253
1356078575011,-0.92866516,0.30153465,1.653498
1356078575051,-0.7898288,0.152987,0.7978688
1356078575092,-0.24502087,0.6679535,0.31708235
1356078575133,0.8973913,0.9710989,0.4937066
1356078575172,0.95269394,0.4198308,0.91465986
1356078575213,0.87826395,-0.50375986,0.5609432
1356078575251,2.6257305,-0.589808,-1.063124
1356078575292,5.2173023,1.1014853,-1.0736966
1356078575332,4.0524664,0.53648424,-0.74798614
1356078575364,1.1017885,-1.1554465,-0.6972799
1356078575402,-2.3459282,-2.7889547,-0.92837775
1356078575440,-1.8416634,-3.4401531,-1.0053698
1356078575482,0.090601444,-3.071126,-1.6703526
1356078575520,-1.313098,-1.5629635,-1.8245803
1356078575561,-1.4021368,-0.08421469,-1.646034
1356078575601,-2.6365876,1.7137432,-1.2535486
1356078575643,-3.564076,2.694346,-1.1894463
1356078575682,-3.8663847,3.1932082,-1.4174428
1356078575722,-2.7375913,3.410582,-1.5929737
1356078575762,-1.755146,3.6141953,-2.3851514
1356078575800,-0.012901306,3.5084217,-4.057684
1356078575842,2.9472275,2.5317554,-5.4402514
1356078575874,5.1663585,1.5490079,-5.501115
1356078575912,4.140026,1.0764537,-6.8138165
1356078575951,6.752596,-4.5534754,-5.699913
1356078575992,0.04001665,-4.8703146,4.557372
1356078576015,-7.0299644,1.6243396,5.166068
1356078576045,1.2080088,-1.5695324,6.6588306
1356078576091,4.154331,-1.6723824,4.871464
1356078576131,-2.670158,-1.995822,3.613937
1356078576171,-2.3087277,-1.2982607,4.2771974
1356078576212,-1.1680231,-1.3149853,3.7924426
1356078576252,-0.5870948,-0.11464548,3.5492587
1356078576293,-0.47330236,0.4582095,2.6875288
1356078576333,0.015908718,0.6287432,1.6323453
1356078576373,-0.77262974,0.5444155,1.5180016
1356078576411,-0.78477,0.39246178,1.3790324
1356078576453,-0.011214256,0.37473154,1.2581811
1356078576492,0.15772533,0.2974739,1.9392813
1356078576533,0.059062004,-0.32077312,1.7169993
1356078576572,1.1928768,-0.5087929,0.43958712
1356078576611,2.0573902,-0.19766474,-0.06627287
1356078576650,4.485604,-0.7074299,0.13246965
1356078576681,2.849996,-1.4942622,-0.7061772
1356078576722,0.0013523102,-2.0500798,-1.7232127
1356078576753,-3.4057708,-1.011209,-1.2111104
1356078576791,-2.1274414,-1.5357399,-0.38205826
1356078576833,-0.49659824,-2.1228685,-1.9931607
1356078576872,-1.9655743,-0.8474622,-2.737167
1356078576900,-1.2644973,0.632184,-2.2903225
1356078576940,-1.6699018,1.4349165,-1.7053035
1356078576973,-2.2307253,1.6424875,-1.9422605
1356078577011,-2.3930755,2.146451,-1.487113
1356078577051,-2.05687,2.194292,-1.6091291
1356078577090,-1.1997538,2.8755603,-1.8029714
1356078577131,0.24206638,3.8532858,-2.8008378
1356078577171,2.5923061,3.8139987,-3.8455765
1356078577211,3.8952441,2.496591,-3.4098756
1356078577253,2.7556262,2.4832473,-3.1937747
1356078577291,2.497612,2.3153946,-4.1321
1356078577332,1.1161327,1.903517,-3.5533059
1356078577371,5.1063914,-4.568468,-2.3572927
1356078577413,-0.81445456,-5.506123,5.34086
1356078577451,-6.9815426,-1.3063016,4.118601
1356078577491,3.3182206,-3.5127563,6.701214
1356078577531,-1.0767097,-2.538412,3.079023
1356078577571,-2.9184203,-2.084989,3.4430838
1356078577612,-1.7319713,-1.6553273,3.3421159
1356078577652,-1.0628452,-0.187531,2.4861426
1356078577693,0.28509998,0.8972492,1.9351523
1356078577732,0.38465023,0.8766842,1.3043063
1356078577773,-0.49259996,0.5617275,0.7900824
1356078577811,-0.34720373,1.1701031,1.0088984
1356078577850,0.20715523,0.464602,2.066543
1356078577892,0.39461422,0.25619268,2.075511
1356078577922,1.0486875,-0.600719,1.1965023
1356078577961,2.6973724,-0.69422483,0.032691233
1356078578000,5.2104673,0.11232281,-0.12969768
1356078578042,3.7202606,-0.48151827,-1.0528615
1356078578081,-0.3065729,-2.2024488,-0.9570792
1356078578121,-3.2278373,-2.7827368,0.047295094
1356078578162,-1.6611133,-3.3975601,-1.5326993
1356078578201,-2.1668887,-0.7367816,-2.8064873
1356078578241,-1.5327196,1.3483357,-2.2231514
1356078578282,-2.0878844,1.8727479,-1.389987
1356078578322,-3.2963672,1.7634902,-1.628643
1356078578364,-2.8700347,2.833181,-2.0416188
1356078578401,-2.0748053,3.314423,-2.0241241
1356078578442,-0.99847364,3.549816,-3.065168
1356078578482,1.2993665,3.8287714,-3.780695
1356078578521,3.0260077,2.6169796,-3.8656147
1356078578562,2.3709202,1.5643802,-4.1916585
1356078578601,2.2596273,1.451581,-4.3543534
1356078578642,0.9429641,1.1773577,-3.2659616
1356078578682,2.3488855,-3.0247316,-4.7954226
1356078578723,1.8692222,-6.6909986,3.3962922
1356078578761,-5.813332,-0.8401785,3.8568373
1356078578802,0.9810772,-2.1181998,6.273742
1356078578841,1.6840129,-1.311336,4.6725626
1356078578893,-1.3730383,-0.8895602,4.02647
1356078578911,-1.3394675,-1.2290626,4.207776
1356078578945,-1.1963382,-1.0267811,4.013675
1356078578975,-0.474782,0.022344112,3.5066855
1356078579023,0.45343256,0.5580368,2.9496925
1356078579061,0.93390226,1.0003247,2.224182
1356078579094,0.25322056,0.48884106,1.5014036
1356078579131,-0.26743746,0.59199476,1.1879543
1356078579170,-0.2980137,0.7015071,1.481272
1356078579210,0.17989159,0.3619275,1.716235
1356078579240,0.4104395,-0.29077005,1.9666411
1356078579271,0.7123141,-1.1797385,1.2762241
1356078579311,2.6724358,-0.9277811,-0.42500114
1356078579351,4.4611645,0.6965394,-0.68877476
1356078579390,4.7052507,0.1658783,-1.4122005
1356078579431,2.2714047,-1.0931959,-1.2926457
1356078579472,-2.4753313,-2.89818,-0.5500904
1356078579511,-2.044281,-3.8980618,0.41021812
1356078579550,-0.75182295,-1.9928732,-1.9642417
1356078579592,-1.2794695,1.056849,-2.3170004
1356078579632,-1.8835621,2.5695572,-1.4533565
1356078579673,-3.260686,2.420195,-1.3374122
1356078579711,-3.7267947,2.6772094,-1.5868058
1356078579753,-4.2958374,2.2749305,-1.236761
1356078579791,-3.2195888,2.7233033,-1.7541673
1356078579831,-0.5986352,3.801031,-3.651471
1356078579879,4.0282774,3.5302029,-5.4946213
1356078579910,5.861688,1.9729648,-5.7001915
1356078579951,3.5244188,1.9268441,-5.291395
1356078579991,1.9051948,-0.19875717,-4.20677
1356078580032,3.3222485,-8.094162,0.993292
1356078580072,-5.4937205,-1.5210705,4.094934
1356078580112,-2.3535848,-2.1211615,5.049238
1356078580151,2.6489377,-1.9442773,5.004422
1356078580191,-1.6719799,-1.0534306,3.7150877
1356078580231,-1.5482578,-1.5001965,4.093825
1356078580270,-1.8194385,-1.2404866,3.9544628
1356078580311,-0.8856845,-0.030336857,2.9759216
1356078580350,0.69197273,1.0936351,2.6282172
1356078580391,0.6556282,1.4073038,1.5850059
1356078580431,-0.150671,0.83653545,1.243355
1356078580472,-0.08490181,0.5693569,1.4395524
1356078580512,0.47081804,-0.106006145,1.497579
1356078580552,0.34255123,-0.71047544,1.4416034
1356078580592,1.8333201,-0.9108424,0.58545613
1356078580633,4.970013,-0.4032693,-0.7794241
1356078580671,4.939018,-0.34644318,-1.3336172
1356078580711,0.16874266,-1.4352775,-1.6083462
1356078580751,-3.0039644,-2.4346128,0.15803415
1356078580790,-0.6671734,-3.4928894,-0.66273236
1356078580831,-0.6161046,-0.47655535,-2.5113907
1356078580871,-1.3595295,1.7032914,-1.9013913
1356078580913,-2.302915,2.1186953,-1.4568496
1356078580952,-2.6773796,2.2333088,-2.0487063
1356078580992,-3.247913,2.8545928,-1.6928954
1356078581032,-3.8418097,2.6757655,-1.3888973
1356078581070,-2.5525331,3.473821,-1.8732889
1356078581111,-0.801991,3.281813,-4.2700267
1356078581151,6.2957993,2.6857817,-6.3508067
1356078581191,5.495718,2.0103483,-5.779931
1356078581231,2.2131462,2.5251963,-5.447121
1356078581270,3.3977594,-2.6906462,-2.3362744
1356078581312,0.4255662,-6.6516457,4.5936956
1356078581352,-4.7734947,-1.2241769,4.606434
1356078581392,2.3423939,-2.2927585,6.847665
1356078581432,-0.9763093,-2.0548801,3.4811919
1356078581471,-2.0864668,-1.9105449,4.1533256
1356078581510,-1.7628593,-1.5740685,3.7253313
1356078581551,-1.3527594,-0.45381212,3.1319885
1356078581582,0.44203758,1.1271868,2.247047
1356078581621,0.04626608,1.3587084,1.6632037
1356078581661,-1.0185199,0.45270777,1.8108171
1356078581701,-0.39477444,0.31919622,1.4329424
1356078581730,0.19461203,-0.18486357,1.3505557
1356078581770,0.13096857,-0.9739189,0.75749195
1356078581823,1.5666919,-0.6139965,0.59492123
1356078581841,3.5546713,-0.8566222,-0.08766258
1356078581870,5.093547,0.08601713,-0.79632264
1356078581906,2.7906847,-0.15232134,-1.9117266
1356078581936,-1.567275,-1.4959016,-0.27894247
1356078581982,-2.036171,-2.9214087,0.31668493
1356078582021,0.17367649,-2.5310001,-2.2453585
1356078582061,-0.37515688,1.0789189,-2.2740853
1356078582094,-0.6364846,2.517912,-1.9501896
1356078582131,-1.8682551,2.3037457,-1.4861691
1356078582170,-3.1678567,2.0659862,-1.4741
1356078582210,-2.9903364,2.0930395,-1.321631
1356078582240,-3.0177946,2.3661642,-1.4323878
1356078582282,-2.1994572,3.0426707,-1.5754658
1356078582320,-0.9047451,2.9635408,-3.0055013
1356078582361,1.4651303,2.5017238,-4.345407
1356078582400,5.809273,2.4125242,-4.2914486
1356078582443,4.25838,1.8488224,-4.8779006
1356078582481,2.1823359,1.1152582,-5.135374
1356078582523,6.17051,-6.758998,-0.27748466
1356078582562,-1.1374559,-2.2314048,6.027294
1356078582601,-8.135374,-2.7361445,2.7236211
1356078582641,2.231224,-2.5885687,6.69184
1356078582683,-0.49303627,-1.2709613,2.102206
1356078582720,-2.0368733,-0.78295994,3.3072574
1356078582750,-1.4117789,-1.4057941,3.8081207
1356078582791,-1.8549361,-1.0989623,2.7790847
1356078582831,-0.51976156,0.42707396,2.2232392
1356078582871,-0.09065914,1.3315182,1.8979942
1356078582912,-1.0189929,0.552145,1.5382029
1356078582950,-0.36248684,0.3355832,1.2223
1356078582991,0.63239527,0.44984818,1.1607918
1356078583033,0.4972949,-0.60081196,0.6487349
1356078583072,2.3084764,-0.36498213,0.45212495
1356078583113,3.9555902,-0.30408096,-0.59988767
1356078583152,4.782456,0.9726815,-0.83410776
1356078583190,0.60973024,-1.2636642,-1.195079
1356078583231,-2.825266,-3.0744753,0.47947952
1356078583261,-0.28948307,-4.3961964,0.03080906
1356078583301,0.34142208,-2.0684843,-2.414861
1356078583341,-0.43558598,1.4808621,-2.0680046
1356078583381,-1.4120679,2.0259452,-1.314629
1356078583410,-2.7045212,2.265819,-1.4776545
1356078583450,-2.834724,2.9060664,-1.5580833
1356078583483,-4.109231,2.4468646,-0.97283995
1356078583521,-3.7641845,2.7549753,-0.898386
1356078583561,-2.464435,3.3268595,-1.8967276
1356078583600,-0.50986767,3.5816846,-4.404626
1356078583640,5.9300656,3.2916386,-5.2275023
1356078583681,5.192848,1.6611724,-4.745221
1356078583721,1.5710235,1.9850438,-5.1236076
1356078583762,1.9613104,-1.1754556,-2.0205786
1356078583802,3.7738228,-7.6640005,2.8664124
1356078583842,-6.350713,-1.80089,3.5439682
1356078583881,-2.8170962,-2.3080883,5.668369
1356078583920,2.6432528,-1.2457061,4.4964757
1356078583961,-3.0043921,-1.6944199,2.9439063
1356078584000,-1.8092084,-1.6679583,4.0182633
1356078584041,-1.4530659,-1.0963731,3.091246
1356078584081,0.4653802,0.8840208,2.169096
1356078584121,0.111860275,1.3945518,2.06341
1356078584161,-0.5270705,-0.08583593,1.8516234
1356078584203,0.29083347,0.85044336,1.3530264
1356078584241,0.21107674,0.048644066,1.4360714
1356078584283,0.6807556,-0.83612967,1.2826023
1356078584321,2.7030153,-0.59783316,0.7359874
1356078584360,4.4729977,-1.7138171,-0.12463686
1356078584400,3.992815,-0.8138685,-0.9725974
1356078584430,0.97640896,-0.94270897,-1.3029232
1356078584471,-2.4847484,-1.2541609,-0.6840221
1356078584512,-0.6795554,-2.5717325,-0.6124654
1356078584551,-0.54960966,-1.8146348,-2.2220504
1356078584590,-1.2318969,0.6684909,-1.7580831
1356078584631,-2.5304866,1.4033837,-1.6734195
1356078584671,-3.1198301,1.8670611,-1.552551
1356078584731,-3.34263,2.8920145,-1.379157
1356078584752,-3.5148206,2.906726,-1.5860695
1356078584787,-2.0196304,3.1840067,-2.091113
1356078584825,-0.5748329,3.8958914,-2.9359848
1356078584871,2.6563635,3.3796213,-5.569751
1356078584912,6.40268,2.114264,-5.911563
1356078584950,3.706698,1.8690677,-5.5009065
1356078584991,2.792635,-0.34682608,-5.308955
1356078585031,4.768858,-8.173901,2.3179448
1356078585071,-6.8455305,-1.0262551,3.8946161
1356078585111,-2.2103357,-1.8408246,4.980834
1356078585153,2.4351473,-2.2234282,3.8921623
1356078585192,-1.6468415,-1.2699885,3.4665656
1356078585231,-0.79920864,-1.1105671,4.271015
1356078585271,-1.3452377,-0.94293165,3.6887658
1356078585310,-0.492476,0.516222,2.8588505
1356078585350,0.15287352,1.4361844,2.458721
1356078585380,-0.56102467,0.9068885,2.212685
1356078585421,-0.6280756,0.50931025,1.6087526
1356078585460,0.40383625,0.54571295,1.7725899
1356078585501,0.62761927,-0.15039921,1.8332758
1356078585541,1.3145909,-1.3196716,0.32640952
1356078585582,3.0695186,-0.57992697,-0.843646
1356078585622,4.9839263,0.41409874,-1.2036777
1356078585663,3.6340055,-0.08871555,-1.7967656
1356078585701,-1.7481594,-2.6110935,-0.012594059
1356078585744,0.42913628,-5.438526,-0.10227021
1356078585782,0.86189985,-0.90584135,-2.0797594
1356078585821,-0.55191565,1.9023194,-1.7713954
1356078585860,-2.762514,2.3150225,-0.86509645
1356078585900,-3.5336013,2.7258925,-1.127058
1356078585941,-4.0661826,3.153153,-0.8475033
1356078585981,-4.7001286,3.146872,-0.9307204
1356078586023,-3.373651,3.418103,-1.6446838
1356078586062,-1.023099,3.4176552,-4.275034
1356078586102,4.5067163,2.8246696,-6.6327953
1356078586142,5.8366547,1.1289487,-5.9113355
1356078586184,1.4139228,1.8014879,-5.808717
1356078586221,3.474741,-4.287675,-4.6599607
1356078586260,0.65848494,-5.239875,4.985581
1356078586300,-7.3539066,-2.1206985,3.9976258
1356078586341,1.2123184,-2.8986454,6.739858
1356078586381,0.7234783,-1.0095153,2.9050956
1356078586421,-1.3503394,-0.9069085,3.8025944
1356078586464,-1.4616957,-1.5544205,3.6282282
1356078586501,-1.2036266,-0.38585758,3.1148987
1356078586542,0.5584793,0.7364068,2.5002475
1356078586581,0.7496195,1.1702275,1.8509719
1356078586624,-0.1602683,0.8247962,1.5429204
1356078586661,-0.4043951,0.6432228,1.8829187
1356078586700,-0.24353266,0.10761118,1.7690665
1356078586741,0.11884308,-0.77053213,1.5992014
1356078586780,1.4284945,-1.5306315,1.2770646
1356078586821,3.6495895,-0.44442368,-0.36218783
1356078586862,5.011549,0.87127686,-0.62310994
1356078586902,3.4724054,-0.053378105,-1.7809436
1356078586942,-1.2135649,-1.7603464,-0.682392
1356078586983,-1.3039546,-3.6929178,0.3306793
1356078587022,0.14290857,-3.5007057,-1.8626716
1356078587060,-1.0762968,0.20244122,-2.102484
1356078587102,-1.1276469,1.8906703,-1.8407757
1356078587132,-3.176496,2.1185808,-1.4785359
1356078587171,-4.275695,2.3900204,-1.3582144
1356078587210,-4.282379,3.0265632,-1.040528
1356078587250,-4.0969877,3.0579128,-1.3729675
1356078587280,-2.3621926,3.4618547,-2.4702518
1356078587321,-0.62728786,3.9236674,-3.846563
1356078587353,3.781077,3.6192527,-6.3171663
1356078587391,5.996656,2.1937203,-6.0556884
1356078587430,2.694129,1.5556164,-5.5747786
1356078587470,0.93505144,2.2213757,-4.466527
1356078587500,5.7546,-7.6299686,-0.1420579
1356078587540,-0.19591665,-7.148731,5.3711505
1356078587580,-5.9268203,-1.0025153,4.3021154
1356078587621,3.8807902,-2.7984424,7.3294144
1356078587682,-0.9297743,-2.1649075,2.563086
1356078587700,-2.0768065,-0.8756871,4.221465
1356078587735,-1.4496269,-0.7929201,3.9473848
1356078587776,-0.46738577,0.48314333,2.78759
1356078587818,0.22989559,1.9665575,2.0336804
1356078587863,-0.6065059,1.1856923,1.7677934
1356078587901,-0.8168106,0.50601864,1.5268224
1356078587941,-0.23167944,1.2228227,1.2273295
1356078587982,0.13530207,-0.1659193,1.4220551
1356078588010,0.74359894,-0.81175184,0.938779
1356078588051,1.4500575,-1.1587524,0.031525914
1356078588090,3.5423522,-0.8157158,-0.35507885
1356078588131,4.197898,-0.3696909,-1.2583082
1356078588171,0.6345868,-1.6001363,-1.3917563
1356078588211,-1.4836593,-2.5187216,-0.23918861
1356078588251,1.4712601,-3.0295677,-1.354429
1356078588292,-0.47790575,0.09423685,-1.7186061
1356078588332,-1.8715601,1.1082988,-0.92386675
1356078588372,-3.2238417,2.0998745,-1.2060468
1356078588411,-3.526421,2.6798239,-1.1566265
1356078588450,-4.238076,2.9203277,-0.79641587
1356078588490,-3.635551,3.0326047,-1.5519701
1356078588530,-1.9501815,3.5979118,-2.758222
1356078588573,0.8374853,3.6741893,-4.9503374
1356078588610,6.600505,3.4736943,-6.0178404
1356078588652,4.1148705,2.6509616,-5.594948
1356078588692,1.5629616,1.9850914,-5.573529
1356078588732,6.1425543,-6.811652,-0.8300135
1356078588771,-3.7767093,-4.3326187,5.6748843
1356078588813,-3.5531473,-2.3739128,5.2698956
1356078588851,3.6719732,-3.3471065,5.4574757
1356078588890,-1.8712168,-1.5642085,3.190349
1356078588931,-1.264678,-1.5219917,3.5575938
1356078588960,-1.5363207,-1.0880814,3.28705
1356078589001,-0.7844043,0.41175222,2.6731968
1356078589040,0.054340363,1.3180661,1.969847
1356078589081,-0.4987979,0.77491903,1.2905272
1356078589120,-1.014224,0.42972422,1.3891448
1356078589161,-0.97491837,0.46194506,1.6870301
1356078589202,0.16415834,-0.20528936,1.3985579
1356078589242,1.2781472,-0.67083883,1.062039
1356078589282,2.3590493,-1.2419114,-0.4071702
1356078589322,4.394552,0.98889256,-0.8342413
1356078589361,2.9424262,0.58451176,-1.8649893
1356078589400,-1.6723051,-1.2787938,0.08601071
1356078589441,-0.63722086,-4.062495,0.469031
1356078589473,0.75176716,-3.879137,-2.3320453
1356078589511,-0.7842541,-0.19961071,-2.5799937
1356078589551,-0.7461233,2.1877751,-1.5502198
1356078589591,-2.7146063,2.257535,-1.2601769
1356078589631,-3.6447792,2.1663089,-1.1898097
1356078589671,-4.5048018,2.4417534,-0.7959533
1356078589711,-3.526816,2.5910683,-0.9744127
1356078589752,-1.7511821,2.852252,-2.4389932
1356078589792,1.0057216,3.5174901,-4.2436957
1356078589831,5.5891347,2.5117652,-5.4169397
1356078589873,4.7365956,1.7923126,-4.9022427
1356078589911,1.2532649,2.03469,-4.899063
1356078589951,1.412859,0.16488266,-3.0269465
1356078589991,3.5523872,-7.988245,3.7716644
1356078590031,-5.1362147,-2.9037156,3.2257156
1356078590071,-2.0107727,-1.5834489,5.407726
1356078590110,2.6377306,-2.0139394,4.2229776
1356078590151,-1.8709798,-1.2922454,3.0874043
1356078590193,-1.1607065,-1.3492279,3.8191915
1356078590232,-1.7951527,-0.7481241,3.0620737
1356078590270,0.32530212,0.89000225,2.585241
1356078590311,0.008176327,1.0950918,2.0029004
1356078590350,-0.7766957,0.7478452,1.6494145
1356078590392,-0.6580453,0.17379093,1.8779763
1356078590423,0.2353077,0.067892075,1.9245156
1356078590461,0.5660424,-0.2790804,1.5366184
1356078590500,2.1957479,-0.6251321,0.78424037
1356078590541,3.331584,-0.15289879,-0.94477963
1356078590581,4.4310637,1.6027436,-1.1646075
1356078590640,2.6165094,-0.7541642,-1.6688792
1356078590661,-1.6252389,-3.192276,0.07235363
1356078590700,0.2926855,-5.866341,0.12486479
1356078590736,-0.82475376,-3.0745368,-2.9203415
1356078590781,-0.915678,0.50696945,-2.3095784
1356078590821,-2.1924329,2.4752493,-0.84104115
1356078590862,-4.65432,2.476818,-1.1218503
1356078590902,-4.770438,2.8576217,-1.0088379
1356078590932,-4.537485,2.8236036,-0.90197635
1356078590971,-2.9266376,3.3184948,-1.51707
1356078591010,-0.57669306,4.085518,-3.0058837
1356078591050,2.9672785,4.0942087,-5.310909
1356078591080,6.7013793,2.6241288,-5.589714
1356078591121,4.7225256,1.6211896,-5.6546803
1356078591161,1.3583579,2.4993262,-5.0347114
1356078591201,7.306137,-6.6821775,-1.0146456
1356078591240,-3.2954772,-3.5453262,6.260067
1356078591281,-7.110567,-2.8890615,2.9584966
1356078591321,5.223272,-2.4513402,6.454523
1356078591362,-2.0905838,-1.1191149,2.3514032
1356078591402,-1.7639418,-0.76104593,3.8061137
1356078591443,-2.3432083,-1.4705725,3.6975002
1356078591481,-1.2068601,-0.1219368,2.3732104
1356078591520,0.35630655,1.5419745,2.418516
1356078591560,-0.25929308,1.2730684,1.8588618
1356078591601,-0.86834764,0.33934307,1.5460675
1356078591641,-0.31416035,0.5892062,1.7009981
1356078591681,0.6191144,0.6186662,1.6715772
1356078591723,0.6278329,-0.67115164,1.6868601
1356078591762,2.3811908,-1.558927,0.41029713
1356078591803,4.7488413,-0.36678123,0.16447401
1356078591842,4.335631,0.13095284,-1.3883342
1356078591884,0.15688753,-1.3809175,-1.0465641
1356078591923,-2.4039402,-3.3389583,-0.4253085
1356078591961,-0.07795668,-3.6369553,-0.33245742
1356078592002,-1.4485817,-0.8891802,-1.4396224
1356078592042,-1.6838312,1.7668104,-1.8272191
1356078592081,-1.84972,2.2813172,-2.0992613
1356078592120,-2.69702,2.3842568,-1.7670732
1356078592162,-3.8009248,2.7222176,-1.5886049
1356078592202,-3.6954207,3.137302,-2.0815303
1356078592243,-2.5470777,3.2269542,-2.2576835
1356078592282,-1.4390206,3.1078925,-3.8246527
1356078592323,4.4169397,3.709107,-5.453788
1356078592361,6.4089975,2.1971483,-5.269911
1356078592401,2.3943129,3.2626476,-5.572504
1356078592440,1.9606376,0.0015487671,-3.4397023
1356078592470,5.413114,-11.147009,1.740912
1356078592510,-4.142662,-2.7215052,4.204226
1356078592550,-3.8526137,-2.2131467,4.302559
1356078592591,5.011777,-2.4132433,5.3768716
1356078592630,-1.5727367,-0.64586544,2.5777087
1356078592672,-2.2085557,-0.8315277,4.216338
1356078592712,-1.7644615,-2.0891562,3.7815924
1356078592752,-0.904582,-0.3289156,2.8895035
1356078592791,-0.35475922,1.1911507,2.8342507
1356078592832,-1.8344569,0.54139805,2.9088354
1356078592871,-1.0900388,0.0647583,2.2753687
1356078592910,0.533803,0.5244608,1.8884088
1356078592950,0.3050766,-0.09051609,1.5458233
1356078592980,1.0755091,-0.38266134,0.7012849
1356078593021,2.0972557,-0.45194912,-0.30585638
1356078593060,3.9527073,0.08616829,-1.0391612
1356078593102,4.5514045,0.06908655,-1.0991313
1356078593140,2.0373845,-2.0046425,-1.5301325
1356078593181,-2.356573,-2.7635827,-0.3143577
1356078593221,0.36012077,-3.137824,-0.52959955
1356078593263,-0.98667526,-1.1820517,-2.4846754
1356078593302,-1.2249699,0.8719797,-1.7301375
1356078593342,-2.1658945,2.6384335,-1.7780751
1356078593382,-3.2260609,3.3460658,-1.3336375
1356078593423,-4.4294653,2.7740111,-0.5833816
1356078593462,-4.099736,3.0415177,-1.068014
1356078593492,-2.203545,3.8089166,-2.3321085
1356078593531,-0.31702042,4.001824,-3.752715
1356078593592,3.8918204,2.9225519,-5.312054
1356078593610,5.9454346,0.9203229,-5.350891
1356078593645,2.9830499,2.1264124,-5.50722
1356078593677,4.6777554,-1.5006471,-5.1264935
1356078593723,5.2119594,-8.07703,4.8238325
1356078593763,-8.238692,-0.27922916,3.4920976
1356078593801,-0.50997543,-2.8537965,4.831018
1356078593843,2.9568372,-2.0471153,3.9802864
1356078593882,-2.4806724,-0.5892496,3.1678734
1356078593922,-1.7277932,-0.8521004,3.736012
1356078593962,-2.0684648,-1.1997404,3.174965
1356078594002,-0.63127565,-0.040578365,2.2537947
1356078594041,-0.47366667,1.208981,1.6019353
1356078594081,-1.2506404,0.5378661,1.6382809
1356078594120,-1.0178065,0.32040977,1.6469994
1356078594161,-0.33365393,0.16518068,1.6295738
1356078594201,-0.3324895,-0.7097163,1.5113842
1356078594241,0.16326427,-0.73798895,0.93980354
1356078594282,2.196567,-0.30672073,-0.429909
1356078594322,4.2480016,1.0858793,0.058492452
1356078594362,4.5750227,0.23419571,-1.2090929
1356078594402,0.8284488,-1.6043224,-1.7511053
1356078594442,-1.9032078,-3.1282873,-0.05027187
1356078594481,0.6846018,-3.7010417,-0.38091105
1356078594520,-0.8866825,-1.117835,-2.4487019
1356078594560,-1.269413,1.3381824,-1.7308903
1356078594590,-2.0984688,2.5467782,-1.8893158
1356078594631,-2.5741892,2.5865498,-2.0092099
1356078594672,-3.3714147,2.8760562,-1.277736
1356078594711,-3.6207237,2.1838064,-1.2962267
1356078594750,-2.0676875,2.4291692,-2.1450968
1356078594792,-0.6549578,4.1874256,-3.132912
1356078594831,2.1260624,3.943699,-4.5400186
1356078594878,5.8270965,2.3712745,-4.416422
1356078594910,4.067922,2.277437,-4.4862137
1356078594953,1.974134,2.770692,-4.056479
1356078594991,4.696476,-4.428256,-1.2423532
1356078595030,-4.3473024,-4.5340676,4.0762258
1356078595071,-6.9202514,-3.4457808,2.502205
1356078595104,3.2675085,-2.5162878,6.782361
1356078595141,0.46279335,-1.8581166,2.9912264
1356078595181,-1.9454956,-1.4326506,3.8874094
1356078595221,-1.6359663,-2.215887,3.9087908
1356078595261,-1.3837295,-1.2702022,2.971036
1356078595301,-0.5194216,-0.2907195,2.623756
1356078595340,-0.072775364,0.46700144,2.0506854
1356078595382,-0.11220741,0.82348204,1.1576751
1356078595422,-0.21023178,0.67929554,1.1008427
1356078595463,0.20248795,0.6512265,1.6138232
1356078595501,0.6810641,0.05153799,1.8396864
1356078595540,1.3851528,-0.49228954,0.8136449
1356078595582,2.068645,-0.6619806,-0.34049225
1356078595620,3.6669745,-0.17922354,-0.57659054
1356078595661,3.445037,-0.16289616,-2.213932
1356078595701,-0.4195857,-1.6485739,-1.6347903
1356078595741,-1.9322863,-4.3185296,0.20240119
1356078595781,-0.44674873,-5.242747,-1.8744967
1356078595822,-2.1067624,0.97576237,-2.7891603
1356078595862,-1.5754399,2.6509433,-1.7472963
1356078595902,-2.5096097,3.6296108,-1.1670861
1356078595942,-3.9078145,2.9630694,-1.3681116
1356078595980,-4.1586266,3.2483883,-1.7030144
1356078596021,-2.76543,3.3367782,-2.238224
1356078596061,-0.4498844,4.141969,-2.1067607
1356078596100,2.2669616,3.049753,-4.4679823
1356078596140,5.882541,2.6953182,-5.9827776
1356078596182,3.8991194,2.061189,-5.020603
1356078596222,2.4228258,2.8876607,-3.9450378
1356078596263,5.19569,-8.636804,-1.3324757
1356078596302,-4.2625833,-4.8667297,5.8212323
1356078596343,-5.055315,-3.1716385,3.960565
1356078596381,2.8862185,-3.4630837,5.561118
1356078596421,-1.487844,-1.1325564,3.86779
1356078596460,-1.4724402,-0.84743786,4.3727226
1356078596493,-1.3489165,-1.448801,3.7997859
1356078596551,-0.94440126,-0.4184227,3.4083316
1356078596570,-0.034142017,0.16447973,2.4200058
1356078596608,0.3555317,0.9422784,1.8783524
1356078596635,-0.074064255,0.74270105,1.4321506
1356078596675,-0.14181042,0.6928911,1.2615252
1356078596712,0.10494518,0.89716196,1.4177442
1356078596751,-0.047700405,0.7179179,1.6698275
1356078596791,0.516799,-0.22793627,1.3961828
1356078596831,1.550457,0.14284658,1.0389541
1356078596860,2.907352,0.25130463,-0.5420942
1356078596900,3.924848,0.1413703,-1.8615032
1356078596932,3.3431067,-0.13448143,-1.8962183
1356078596971,1.0742674,-1.5800982,-1.4918189
1356078597003,-1.467113,-2.100533,-0.9337494
1356078597041,-3.43662,-1.206089,-2.5977364
1356078597080,-2.3987217,-0.08563757,-3.0888357
1356078597120,-1.6545897,0.9411559,-2.6733382
1356078597153,-1.0576353,1.812963,-1.9716027
1356078597191,-1.9641142,1.6853075,-1.7520728
1356078597231,-1.5979681,1.4116488,-2.0154412
1356078597271,-0.6502662,2.1368923,-0.99611586
1356078597310,-0.485806,2.6087027,-0.6785867
1356078597352,0.41193724,2.8731003,-0.4667089
1356078597392,0.81522083,2.421143,-0.60129046
1356078597432,1.0145702,3.3971405,-0.868999
1356078597472,3.5588632,3.979247,-0.83158755
1356078597513,5.8103986,2.6032526,-1.3763778
1356078597552,3.7926874,2.8157783,0.1280694
1356078597591,3.6197777,-2.3565125,2.0046945
1356078597632,4.8723183,-8.37995,4.900812
1356078597671,-7.0233374,-3.8215997,-1.4663286
1356078597711,-8.083328,-4.099289,0.3974774
1356078597751,2.3179426,-3.6467342,4.6565623
1356078597791,-0.76854277,-2.1041508,1.8940403
1356078597831,-2.60189,-1.6199875,2.1067111
1356078597873,-2.831657,-2.0721164,2.0766373
1356078597912,-2.0900817,-1.0914512,1.4430492
1356078597954,-0.73461056,0.98436356,0.6428084
1356078597992,-0.5664983,1.2370591,0.5003331
1356078598030,0.12589073,1.2394452,0.7642146
1356078598071,0.7914958,1.1888986,1.1918409
1356078598111,0.72675323,-0.3632164,1.5820403
1356078598151,1.5414939,-0.44222212,0.6730405
1356078598191,3.559989,0.69471025,-1.5614332
1356078598235,3.4860373,-0.9472637,-2.5359561
1356078598271,0.4204769,-1.485465,-1.1853347
1356078598313,-1.511785,0.054755688,-0.6162648
1356078598352,-3.1983032,-0.83188057,-2.9296517
1356078598394,-1.8702035,-0.6764684,-3.2568743
1356078598432,-1.6931868,-0.096040726,-2.774787
1356078598470,-1.5749402,0.8744807,-1.792937
1356078598511,-2.05049,1.204196,-0.9650931
1356078598551,-2.458786,1.740107,-1.6307168
1356078598591,-1.8059821,2.336959,-1.3042392
1356078598632,-1.1829171,2.6360645,-0.4291197
1356078598672,-0.5622792,2.9796479,-0.39570022
1356078598700,1.2600698,3.2874277,-0.86238694
1356078598742,4.4074855,3.6930377,-1.3898842
1356078598781,6.806931,3.7085805,-1.6827595
1356078598824,5.324732,2.0370686,-2.4553933
1356078598862,3.2553988,1.7327366,-0.9244561
1356078598904,2.809348,-4.0021496,1.0971663
1356078598942,0.39603662,-8.071133,5.9163074
1356078598980,-7.8033686,-1.9510617,3.5864985
1356078599021,2.4617567,-2.8988237,4.9700565
1356078599061,-2.0338202,-2.9602199,1.9085685
1356078599101,-3.7227578,-2.85533,2.810408
1356078599141,-3.5790844,-2.6771717,2.7234998
1356078599182,-1.9175205,-0.37431526,1.609824
1356078599222,-0.28176594,1.2451148,1.097111
1356078599264,-0.6057315,0.8878255,0.5021234
1356078599302,-0.9103689,0.63346195,0.5659847
1356078599344,-0.17547035,0.39561653,0.592191
1356078599382,0.56359434,0.62611914,0.8287108
1356078599420,0.79250956,0.46394014,0.59911805
1356078599461,3.26163,0.28961325,-0.36375245
1356078599522,4.9170895,1.2150526,-0.39098603
1356078599541,4.7098417,1.2362571,-0.9512879
1356078599571,2.9042253,-0.27775812,-0.624812
1356078599607,-0.03341055,-2.4871368,-0.30121043
1356078599635,-1.7123036,-3.1458144,0.02146414
1356078599679,-0.46347046,-2.650391,-0.16481692
1356078599721,-1.1087818,-0.24288702,-1.6342773
1356078599761,-1.0751629,0.9125829,-1.6531554
1356078599802,-1.6496286,1.9744725,-1.3881321
1356078599842,-2.4723759,2.2390752,-1.3192097
1356078599874,-3.0339146,2.145967,-0.91567266
1356078599912,-3.667099,2.0048957,-0.81872714
1356078599952,-3.6752872,1.8288078,-1.6124015
1356078599993,-2.5566273,3.2297773,-2.470285
1356078600045,0.38837242,3.6325264,-4.8138914
1356078600074,7.1214514,2.1816568,-4.4117007
1356078600112,4.3659053,1.1066976,-4.188178
1356078600150,1.4864817,2.1646142,-5.1640067
1356078600192,2.839569,-2.7022395,-1.9785533
1356078600230,1.2950482,-8.12081,4.974553
1356078600271,-7.7573752,-1.7033501,1.8300376
1356078600312,2.1579814,-1.7896924,7.482441
1356078600352,0.59403086,-1.6933966,2.812587
1356078600392,-2.3798447,-0.9385557,3.5039465
1356078600433,-1.9680114,-1.3920717,3.7349496
1356078600473,-0.12531757,0.15661097,3.1718924
1356078600514,0.74014854,1.4709992,2.0300376
1356078600552,-0.4224639,1.3666506,1.7879168
1356078600591,-0.35570097,0.15830088,1.3661484
1356078600631,-0.017611027,0.66531515,1.1729268
1356078600671,0.8507428,-0.054082394,1.6665379
1356078600711,1.4420323,-0.46379423,0.68725276
1356078600751,1.6166124,-1.3449526,-0.8488488
1356078600792,3.6031446,-0.2636237,-0.95101106
1356078600832,4.3279204,0.40946198,-2.0071273
1356078600873,-0.17799091,-2.0520277,-1.0017896
1356078600911,-1.0367475,-4.2527432,0.17418164
1356078600954,0.8403816,-2.8479276,-1.2105448
1356078600992,-1.0049872,0.6394787,-1.97017
1356078601030,-1.5013919,1.469029,-1.6332629
1356078601071,-2.4860826,2.7765331,-1.4313608
1356078601112,-3.2469807,3.34058,-1.2166487
1356078601151,-3.9781928,3.099852,-0.7328529
1356078601192,-3.7918386,2.8183155,-1.3892593
1356078601232,-2.3121624,3.915965,-2.6877348
1356078601261,0.31353712,4.4033394,-4.901003
1356078601302,5.448002,2.6600266,-5.8125553
1356078601341,5.337974,0.62122965,-5.416608
1356078601383,2.531334,1.5655334,-5.6332545
1356078601422,6.5384035,-7.2161317,-0.40905046
1356078601464,-5.9346647,-1.998013,4.7178707
1356078601502,-4.3509283,-2.9974513,4.1617064
1356078601540,4.8056755,-2.2761612,4.8269496
1356078601582,-1.90101,-1.6046038,3.166477
1356078601621,-2.1819272,-1.5896158,4.0830564
1356078601661,-2.378809,-1.4271641,3.2686322
1356078601701,-0.49140835,-0.13481998,2.7565918
1356078601743,0.20857906,1.3865676,2.2231991
1356078601782,-0.4125967,1.2190528,1.378003
1356078601823,-0.6216035,0.49225473,1.3373687
1356078601862,0.033783436,1.0364327,1.8427012
1356078601904,0.23029613,0.118104935,1.1023782
1356078601942,1.6732903,-0.6664586,1.2170032
1356078601980,2.991129,-1.1322136,-0.7430079
1356078602020,4.2008333,0.88595486,-0.8284328
1356078602061,2.9130163,-0.07339573,-1.482407
1356078602101,-1.3397388,-2.5025873,-0.7569085
1356078602141,-1.7764235,-4.447325,0.47847956
1356078602184,0.07391214,-3.4620008,-1.3382199
1356078602223,-1.1304984,-0.13097286,-2.204167
1356078602263,-0.94971085,1.4213042,-1.7894683
1356078602302,-2.5545182,2.9219472,-1.5086681
1356078602344,-3.5242977,3.565052,-1.1778026
1356078602382,-5.1232605,2.9991045,-0.467489
1356078602420,-3.8956351,3.4003499,-1.159301
1356078602460,-2.1070523,3.6127996,-2.8718889
1356078602500,3.1006188,3.0068305,-6.3269377
1356078602545,8.4391365,2.299018,-5.984417
1356078602577,3.0047517,2.1633387,-6.199029
1356078602615,0.5377078,2.559869,-4.1596284
1356078602657,3.780573,-10.132733,-0.58039093
1356078602703,-4.9211206,-1.9905243,4.9820547
1356078602742,-3.323223,-1.0964208,4.8436
1356078602784,4.788042,-2.3617578,4.903633
1356078602822,-1.691246,-0.805192,3.4673328
1356078602861,-1.9063025,-1.2550201,4.073706
1356078602901,-2.1077657,-1.4327965,4.306665
1356078602942,-0.63241386,-0.5623846,3.236809
1356078602981,0.89137506,1.1774445,2.3465977
1356078603022,0.14086199,1.3202066,1.4584306
1356078603065,-0.58872795,0.36001348,1.6561341
1356078603101,0.21196795,0.46951914,1.991888
1356078603143,0.88077736,0.32191658,1.0425634
1356078603182,2.5772238,-1.0468669,0.08931948
1356078603220,3.8614912,-0.61744356,-1.1932584
1356078603262,4.6227818,0.28193188,-1.3157159
1356078603301,2.2684479,-0.8845372,-1.2075477
1356078603341,-2.519445,-3.1666126,-0.09819866
1356078603381,-0.39799976,-4.742003,-0.12289547
1356078603421,-0.8130722,-1.2745624,-1.5204155
1356078603462,-1.6968837,0.79014874,-1.7796932
1356078603503,-2.6608367,2.358323,-1.3286963
1356078603542,-3.2769122,2.805758,-1.1458881
1356078603583,-3.93609,2.9197645,-0.6064869
1356078603622,-4.190079,2.6252122,-0.9520148
1356078603660,-2.366087,3.4771755,-2.0992427
1356078603701,0.03670025,3.2046661,-4.7970967
1356078603741,5.2039237,2.7261145,-6.2340593
1356078603782,5.1888905,2.2795157,-5.4115357
1356078603821,2.3551364,2.6339657,-5.241966
1356078603862,5.480447,-3.381894,-2.2062445
1356078603902,-1.9387178,-6.2395477,6.6455216
1356078603943,-8.070109,-1.9651136,2.023116
1356078603982,6.3422318,-2.400189,7.545392
1356078604024,-1.1168251,-1.5334435,1.8519254
1356078604062,-1.854229,-0.82924366,4.190328
1356078604100,-2.7756152,-1.6634727,4.1658382
1356078604142,-1.4046116,-0.5511384,3.0892808
1356078604181,0.53240967,0.6633339,2.5793765
1356078604220,0.27741337,1.2402864,1.6105769
1356078604262,-0.51721954,0.567976,0.87869066
1356078604303,-0.70414543,0.059274673,1.3665248
1356078604342,0.21396351,0.16089296,1.5406713
1356078604383,0.8256321,-0.54900455,0.72084343
1356078604422,2.6038136,-0.5085707,0.21064298
1356078604464,4.3325796,-0.10443354,-0.37327158
1356078604502,4.159481,-0.35742474,-1.1755207
1356078604541,-0.83729696,-1.1052651,-1.2326502
1356078604581,-2.6096659,-2.2504263,0.29637265
1356078604621,0.8451052,-4.2899437,-0.89533114
1356078604661,-0.6050582,-1.6175079,-2.5997617
1356078604702,-1.2897725,1.4761405,-1.4968251
1356078604742,-2.0875292,2.3153048,-1.413983
1356078604770,-2.8873668,3.056241,-1.5953428
1356078604812,-3.6198845,2.9250846,-1.1529548
1356078604853,-4.1413727,2.4128294,-0.916136
1356078604893,-2.3212872,2.9621143,-2.051946
1356078604932,-0.07189274,3.7531056,-4.4865265
1356078604974,4.5132694,3.5074716,-5.825123
1356078605056,4.4550853,1.4831495,-4.6849594
1356078605058,2.7584925,2.009757,-4.850173
1356078605075,2.9980645,-1.0057545,-5.7401266
1356078605119,5.058444,-8.233187,1.4119875
1356078605162,-8.247947,-0.47028923,4.227784
1356078605202,0.21998072,-2.3372812,5.836362
1356078605241,4.2949286,-2.0014014,3.5888195
1356078605281,-2.3256369,-0.34106636,2.9936228
1356078605322,-1.4244466,-0.83200693,4.1972547
1356078605362,-1.873169,-1.5144634,3.6225777
1356078605403,-0.2639022,0.057249546,2.4565618
1356078605442,0.3994131,1.5695205,2.184824
1356078605504,0.31267405,1.3946023,1.4656891
1356078605522,-0.6579709,0.43657684,1.1035419
1356078605559,-0.027489662,0.42886734,1.32301
1356078605597,-0.08427906,0.4390788,1.7476718
1356078605627,-0.18443823,-1.0242009,1.2253945
1356078605669,1.8488431,-1.02915,0.73814356
1356078605712,3.5242028,-0.20838308,-0.7571676
1356078605753,3.644051,0.4844637,-0.9592047
1356078605792,2.758635,0.22716045,-1.2724102
1356078605831,-1.260169,-2.5124068,-0.65496445
1356078605872,-1.706532,-4.458536,0.30995464
1356078605915,-0.42552185,-2.498116,-1.3048214
1356078605951,-0.91805506,1.0935736,-1.5365314
1356078605994,-1.4408536,2.4706025,-1.7034738
1356078606032,-1.9531245,2.737101,-1.6133807
1356078606070,-2.4727073,3.0691576,-1.5547001
1356078606112,-2.8330956,2.454883,-1.5390621
1356078606151,-2.2740426,2.483549,-1.855586
1356078606191,-2.109962,3.1878924,-2.3061435
1356078606232,-0.7214308,3.045166,-4.0736523
1356078606272,3.8959765,2.243558,-4.7079563
1356078606312,5.0549507,1.3216782,-4.1852074
1356078606353,1.982481,1.8522162,-4.730099
1356078606392,3.6016712,-3.2176824,-2.7431989
1356078606433,1.1827526,-6.8869843,6.6116047
1356078606472,-6.7961845,-1.8129349,1.9969258
1356078606510,2.9853487,-1.6139045,6.7156334
1356078606552,0.1791172,-1.3135948,2.5892944
1356078606591,-2.158793,-1.0660605,3.746912
1356078606631,-2.430872,-1.9371548,3.8428936
1356078606672,-1.0624065,-0.5252547,3.1381266
1356078606713,0.33865595,0.5556154,2.766296
1356078606752,-0.50159836,0.94411755,2.1812837
1356078606793,-1.2564425,0.2948184,1.5482388
1356078606832,-0.7660775,0.67774963,1.4053257
1356078606874,-0.360013,-0.4482007,1.5251957
1356078606912,-0.025409698,-1.2984605,1.858891
1356078606951,1.3945284,-1.1971889,0.9230243
1356078606991,3.3342428,-0.29840612,-1.1356851
1356078607031,4.3869267,0.86478376,-0.84145314
1356078607071,3.898347,0.008776188,-1.6523325
1356078607113,-1.0564575,-2.1827602,-0.6721195
1356078607153,-1.3369522,-3.3735762,-0.08669299
1356078607192,0.0016112328,-2.7175236,-2.0129876
1356078607233,-1.0958362,0.2104373,-1.8191438
1356078607272,-1.5457463,2.2628798,-1.6553037
1356078607314,-2.3865132,2.4272156,-2.2006102
1356078607352,-2.6915598,3.2880406,-1.7778462
1356078607391,-3.536292,2.9010801,-1.3307421
1356078607431,-3.0686736,3.1284528,-1.6711249
1356078607471,-1.8455191,3.672045,-2.3149745
1356078607511,0.3934431,3.5222707,-5.131664
1356078607552,5.210868,3.1663234,-5.4103136
1356078607594,3.9998064,1.4206114,-4.621949
1356078607632,2.3610134,1.2139082,-5.5791354
1356078607673,5.9639378,-8.555105,-2.6752791
1356078607712,-4.5868397,-2.9849434,5.491228
1356078607750,-4.7984524,-2.8039646,4.697768
1356078607792,4.0274944,-2.3413458,6.535286
1356078607831,-1.6459808,-1.0133643,2.730389
1356078607871,-1.2957659,-1.0046859,4.0253925
1356078607912,-1.5627933,-1.3264313,3.8364234
1356078607952,-0.53704166,0.053744793,2.744989
1356078607992,0.38106632,0.67233706,2.4400592
1356078608033,0.08330631,1.2979798,1.8639777
1356078608072,-0.4744277,0.5408015,1.0915164
1356078608113,-0.33353138,0.40383816,1.1003752
1356078608152,0.3413868,0.84262514,1.2876742
1356078608190,0.89429474,-0.17195415,0.6981648
1356078608232,2.4556937,-0.29417992,-0.096734956
1356078608271,3.7693477,-0.48402643,-1.0497731
1356078608312,4.1900935,0.057859898,-1.4100723
1356078608351,1.8476229,-0.68378544,-0.93803173
1356078608392,-2.6987367,-3.0423036,0.08074416
1356078608432,-0.7813506,-3.6239572,0.02389741
1356078608498,-0.7466512,-0.49480247,-1.905709
1356078608512,-1.0874667,1.7310786,-1.6797422
1356078608547,-1.9843884,2.1308708,-1.3352948
1356078608585,-2.4464884,2.1801062,-1.5262457
1356078608629,-2.8934054,2.1246724,-1.1121752
1356078608670,-3.616962,2.1177168,-0.95373666
1356078608700,-2.5251389,2.6520782,-1.6450629
1356078608742,-1.8361716,3.068709,-2.2772212
1356078608782,0.78590775,3.6260781,-4.731458
1356078608821,7.3143325,2.94475,-4.2199144
1356078608861,4.8115754,1.6672425,-4.5703964
1356078608902,1.6066413,1.7028439,-4.101742
1356078608942,4.1225786,-9.586679,2.7778752
1356078608983,-4.0109253,-4.5105906,3.7494574
1356078609022,-4.107344,-0.85996103,4.317211
1356078609064,3.8834639,-2.2535305,4.640589
