1356079289092,-5.597963,8.308413,0.3405087
1356079289247,-5.5571017,8.499097,0.50395286
1356079289288,-5.597963,8.158588,0.46309182
1356079289327,-5.6660647,8.308413,0.10896278
1356079289367,-5.7886477,8.308413,0.38136974
1356079289409,-5.8567495,8.240311,0.53119355
1356079289447,-5.706926,8.008764,0.8036005
1356079289487,-5.706926,8.049625,0.7218784
1356079289527,-5.597963,7.9679036,0.95342433
1356079289569,-5.597963,8.117727,0.95342433
1356079289607,-5.5571017,8.349273,0.95342433
1356079289647,-5.5162406,8.281172,0.92618364
1356079289689,-5.5162406,8.158588,1.2258313
1356079289727,-5.325556,8.19945,0.84446156
1356079289767,-5.366417,8.308413,1.1849703
1356079289807,-5.284695,8.349273,1.0760075
1356079289847,-5.47538,8.499097,0.42223078
1356079289887,-5.407278,8.539958,0.50395286
1356079289927,-5.053149,8.580819,-0.08172209
1356079289967,-4.5900574,8.812365,-0.3405087
1356079290007,-4.7535014,8.921328,-0.50395286
1356079290048,-5.09401,9.193735,0.10896278
1356079290087,-4.3312707,9.234595,0.313268
1356079290130,-4.4810944,9.275456,0.23154591
1356079290167,-4.0180025,9.112013,0.313268
1356079290207,-3.8273177,8.853226,0.08172209
1356079290247,-4.5628166,8.662541,0.38136974
1356079290287,-4.4810944,8.921328,0.53119355
1356079290327,-4.372132,8.689782,0.53119355
1356079290367,-4.440233,8.580819,0.46309182
1356079290407,-4.440233,8.771504,0.38136974
1356079290447,-4.671779,9.152874,0.27240697
1356079290487,-4.7535014,9.956474,0.46309182
1356079290527,-4.944186,10.501288,1.3075534
1356079290567,-4.4810944,10.378705,1.879608
1356079290607,-4.2495484,12.026767,1.4573772
1356079290647,-5.053149,11.372991,1.4982382
1356079290687,-6.0882955,8.430995,1.4165162
1356079290727,-5.706926,6.851035,0.7218784
1356079290767,-6.1291566,7.8180795,1.3756552
1356079290808,-6.5513873,10.841797,0.6946377
1356079290847,-5.8976107,9.00305,1.2258313
1356079290887,-4.0180025,9.275456,2.7649305
1356079290927,-4.2086873,8.62168,2.1792557
1356079290967,-5.09401,6.238119,1.7978859
1356079291007,-3.759216,6.1700177,2.4108016
1356079291048,-3.3642259,6.2789803,2.8738933
1356079291087,-3.9090397,5.175732,3.1463003
1356079291130,-3.445948,5.434519,3.445948
1356079291167,-2.2609777,6.701211,4.7535014
1356079291207,-1.1849703,10.61025,7.164303
1356079291247,-2.4108016,12.026767,8.008764
1356079291287,-4.0180025,8.689782,8.281172
1356079291327,-10.651112,11.536434,3.3778462
1356079291367,-6.4015636,8.812365,-1.6480621
1356079291407,-4.9850473,4.7126403,-1.334794
1356079291447,-2.9147544,7.3958488,0.50395286
1356079291487,-3.9499009,10.800936,0.7627395
1356079291527,-4.440233,9.343558,0.92618364
1356079291567,-5.09401,8.539958,1.7297841
1356079291607,-4.399372,8.580819,1.7297841
1356079291647,-3.5957718,8.771504,1.334794
1356079291687,-3.9499009,8.689782,0.88532263
1356079291727,-3.9499009,8.240311,0.88532263
1356079291767,-4.399372,8.076866,0.5720546
1356079291807,-4.099725,8.349273,-0.29964766
1356079291847,-4.671779,9.302697,0.3405087
1356079291887,-4.630918,10.269742,1.879608
1356079291928,-3.9090397,11.34575,1.5390993
1356079291967,-3.9090397,13.865514,1.4573772
1356079292007,-4.4810944,12.762266,2.2609777
1356079292048,-6.5513873,8.689782,1.9885708
1356079292087,-7.504812,6.5922484,0.95342433
1356079292127,-6.510526,10.119919,0.95342433
1356079292157,-5.134871,9.956474,1.5390993
1356079292197,-5.09401,8.049625,1.5390993
1356079292237,-3.2961242,8.049625,1.2258313
1356079292277,-3.718355,6.701211,1.920469
1356079292317,-3.9771416,6.1291566,1.920469
1356079292357,-3.6774938,5.7477865,1.879608
1356079292397,-3.8273177,5.8976107,2.7649305
1356079292437,-3.336985,5.597963,3.568531
1356079292477,-2.0294318,7.6273947,5.7477865
1356079292517,-0.08172209,13.824653,7.3141265
1356079292557,-1.2666923,11.182305,8.730643
1356079292597,-2.2201166,6.782933,5.8567495
1356079292637,-11.985906,14.560152,0.3405087
1356079292677,-8.580819,9.234595,-1.1441092
1356079292717,-1.6889231,3.636633,-1.6889231
1356079292757,-4.8216033,8.158588,-1.9885708
1356079292798,-5.5162406,9.466142,1.4982382
1356079292838,-4.5900574,8.430995,2.1792557
1356079292878,-4.372132,8.812365,1.2258313
1356079292918,-2.9556155,9.575105,0.42223078
1356079292958,-3.8273177,8.19945,0.61291564
1356079292998,-4.5219555,8.008764,0.23154591
1356079293038,-4.7943625,8.240311,0.50395286
1356079293078,-4.099725,9.234595,0.95342433
1356079293125,-4.0588636,10.18802,1.4982382
1356079293158,-3.7864566,11.182305,1.9885708
1356079293198,-3.6774938,13.797412,2.3018389
1356079293238,-4.372132,12.680544,3.445948
1356079293277,-7.5865335,8.049625,1.9885708
1356079293317,-8.730643,9.915613,-0.29964766
1356079293358,-6.0201936,11.264028,2.1792557
1356079293398,-3.6774938,8.853226,2.1111538
1356079293438,-3.486809,7.164303,1.3075534
1356079293478,-4.440233,5.47538,1.56634
1356079293518,-3.8681788,5.09401,1.8387469
1356079293558,-3.3642259,4.8216033,1.7570249
1356079293598,-2.6423476,6.0201936,3.214402
1356079293638,-2.1111538,6.3198414,4.4810944
1356079293678,-2.0294318,7.7772183,6.5922484
1356079293718,-2.982856,11.073342,8.730643
1356079293758,-2.4925237,11.34575,8.281172
1356079293798,-2.6832085,8.281172,7.6273947
1356079293838,-11.114203,14.859799,1.4573772
1356079293878,-6.973618,6.891896,-3.759216
1356079293918,-3.7864566,3.336985,-0.53119355
1356079293958,-3.445948,8.430995,-1.1849703
1356079293998,-5.325556,10.310603,1.1441092
1356079294038,-4.440233,8.499097,2.7649305
1356079294078,-4.671779,8.499097,1.0760075
1356079294127,-2.8738933,9.507003,-0.10896278
1356079294158,-3.0237172,8.62168,0.08172209
1356079294198,-4.5219555,8.349273,0.7627395
1356079294238,-4.630918,8.308413,0.92618364
1356079294277,-4.0588636,8.962189,0.46309182
1356079294317,-3.6774938,9.888372,0.50395286
1356079294358,-4.372132,10.56939,1.2258313
1356079294398,-4.862464,10.991621,2.3018389
1356079294438,-3.405087,13.565866,2.7921712
1356079294478,-2.8330324,12.762266,2.4516625
1356079294518,-7.205164,7.8180795,0.50395286
1356079294558,-9.343558,9.00305,0.19068487
1356079294598,-4.8216033,11.413852,1.3075534
1356079294638,-3.336985,9.466142,1.607201
1356079294678,-2.4516625,8.471856,1.0351465
1356079294718,-3.9499009,6.5513873,1.920469
1356079294758,-3.5957718,6.2108784,1.4982382
1356079294798,-4.3312707,4.8216033,1.4573772
1356079294838,-3.7864566,5.8567495,2.9556155
1356079294878,-2.982856,6.0882955,3.759216
1356079294918,-1.879608,6.932757,5.938472
1356079294958,-0.040861044,12.871228,7.668256
1356079294998,-1.4982382,12.571581,6.701211
1356079295038,-2.6423476,8.240311,6.851035
1356079295077,-7.3958488,10.760075,4.0588636
1356079295117,-9.997335,13.293459,-0.7627395
1356079295157,-5.47538,3.405087,-1.7978859
1356079295198,-1.9885708,6.701211,-0.8036005
1356079295238,-4.671779,10.760075,0.50395286
1356079295278,-4.0588636,9.043911,1.879608
1356079295318,-5.243834,7.5456724,2.152015
1356079295358,-4.0588636,8.580819,0.9942854
1356079295398,-3.0237172,8.962189,0.6946377
1356079295438,-3.1463003,8.689782,0.313268
1356079295478,-4.399372,8.240311,0.5720546
1356079295518,-4.399372,8.62168,0.42223078
1356079295558,-4.372132,9.656827,0.313268
1356079295598,-3.9090397,11.454713,0.9942854
1356079295638,-3.6774938,11.304889,2.2609777
1356079295678,-3.214402,12.217452,2.9556155
1356079295718,-3.5957718,11.836082,2.7649305
1356079295758,-7.082581,8.390134,0.88532263
1356079295797,-10.147159,10.228881,0.040861044
1356079295838,-6.2789803,11.032481,2.4516625
1356079295878,-2.0294318,9.234595,2.6832085
1356079295918,-2.8330324,8.281172,1.1168685
1356079295958,-3.718355,6.2108784,1.4165162
1356079295998,-4.0588636,4.1814466,2.070293
1356079296038,-3.445948,4.944186,1.7978859
1356079296078,-2.5333846,6.4424243,2.2201166
1356079296125,-2.7240696,5.7477865,4.140586
1356079296158,-1.8387469,7.1234417,6.3607025
1356079296197,-1.1168685,11.958665,8.580819
1356079296238,-1.607201,11.495573,8.812365
1356079296278,-6.0201936,10.923519,8.308413
1356079296318,-10.147159,13.906375,-0.42223078
1356079296358,-7.3549876,3.9090397,-2.6423476
1356079296398,-2.6014864,4.862464,-0.27240697
1356079296438,-3.568531,10.310603,-1.1441092
1356079296478,-3.759216,10.337844,1.4573772
1356079296518,-5.053149,8.158588,2.6832085
1356079296558,-4.1814466,9.043911,1.8387469
1356079296598,-2.7513103,9.343558,0.84446156
1356079296638,-3.759216,8.049625,-0.040861044
1356079296677,-3.9499009,8.117727,-0.53119355
1356079296718,-4.671779,8.281172,0.19068487
1356079296758,-3.7864566,9.466142,0.8036005
1356079296798,-3.636633,10.760075,1.607201
1356079296838,-2.7240696,11.985906,1.9477097
1356079296878,-3.7864566,12.408136,2.2609777
1356079296918,-2.6423476,13.375181,2.7649305
1356079296958,-5.202973,10.038197,2.152015
1356079296998,-8.662541,7.668256,0.14982383
1356079297038,-8.499097,11.114203,1.3075534
1356079297078,-5.09401,10.18802,2.152015
1356079297124,-2.5606253,8.921328,1.3756552
1356079297158,-3.0237172,6.973618,0.9942854
1356079297198,-3.759216,5.597963,1.4982382
1356079297238,-3.8681788,5.243834,1.920469
1356079297278,-3.636633,5.8567495,2.3426998
1356079297318,-2.6014864,6.782933,3.5957718
1356079297358,-2.1111538,6.5513873,4.944186
1356079297398,-1.3756552,8.812365,6.851035
1356079297438,-0.27240697,12.258313,6.742072
1356079297478,-1.4982382,10.732834,8.281172
1356079297518,-1.879608,7.246025,4.671779
1356079297558,-9.534244,13.6748295,2.070293
1356079297598,-8.390134,10.528529,-1.6889231
1356079297638,-5.7886477,3.0237172,-0.3405087
1356079297677,-2.9147544,7.4639506,0.84446156
1356079297718,-3.8273177,11.032481,0.313268
1356079297758,-3.445948,9.084772,1.7978859
1356079297798,-4.9850473,8.049625,1.334794
1356079297838,-3.5957718,8.921328,0.5720546
1356079297878,-3.1054392,9.112013,0.42223078
1356079297918,-3.9090397,8.62168,0.50395286
1356079297958,-4.372132,8.049625,0.50395286
1356079297998,-3.9771416,8.771504,0.313268
1356079298038,-3.5276701,9.765789,0.42223078
1356079298077,-4.099725,10.310603,1.4982382
1356079298117,-4.140586,10.923519,1.4573772
1356079298147,-4.399372,12.598822,1.879608
1356079298177,-2.9556155,13.756551,2.4925237
1356079298218,-4.399372,11.876944,2.5333846
1356079298258,-7.8589406,7.7363577,0.6946377
1356079298298,-8.349273,9.425281,0.08172209
1356079298337,-5.9793324,10.501288,2.070293
1356079298378,-3.7864566,9.00305,1.6480621
1356079298418,-2.9556155,7.7363577,1.3075534
1356079298458,-3.9771416,6.0474343,1.6889231
1356079298498,-4.2086873,4.7943625,1.7570249
1356079298538,-3.5276701,5.2165933,1.9477097
1356079298578,-2.9556155,6.2789803,3.214402
1356079298618,-1.920469,6.4424243,4.0588636
1356079298658,-1.1849703,8.008764,6.8237944
1356079298698,-1.0760075,12.408136,8.281172
1356079298738,-1.2666923,11.264028,8.240311
1356079298778,-2.5333846,7.273266,6.2789803
1356079298818,-11.223166,14.9006605,2.6423476
1356079298858,-7.5456724,7.8180795,-3.1463003
1356079298898,-4.099725,2.7649305,-0.53119355
1356079298938,-2.9147544,9.302697,-0.29964766
1356079298978,-4.2904096,10.841797,0.38136974
1356079299018,-3.9499009,8.689782,1.4573772
1356079299058,-6.0882955,7.8589406,1.2258313
1356079299123,-3.336985,9.575105,0.27240697
1356079299131,-3.405087,9.043911,0.42223078
1356079299166,-3.759216,8.471856,0.3405087
1356079299198,-4.2086873,8.19945,0.46309182
1356079299238,-4.399372,8.308413,0.38136974
1356079299278,-3.9771416,9.112013,0.3405087
1356079299318,-4.372132,10.079058,0.5720546
1356079299358,-4.1814466,10.419566,1.2666923
1356079299398,-4.372132,12.067628,1.2666923
1356079299438,-2.982856,14.09706,1.9885708
1356079299478,-4.671779,11.686258,2.9147544
1356079299518,-7.5456724,7.6273947,0.88532263
1356079299558,-7.8180795,9.084772,-0.08172209
1356079299598,-5.706926,10.419566,1.56634
1356079299638,-4.5219555,8.771504,1.4165162
1356079299678,-3.2961242,8.308413,1.4982382
1356079299718,-3.5276701,6.6331096,1.879608
1356079299758,-3.9090397,5.134871,1.7570249
1356079299798,-3.759216,4.944186,1.920469
1356079299838,-2.7240696,5.9793324,2.6014864
1356079299878,-1.8387469,6.2789803,4.6036777
1356079299918,-1.525479,7.7772183,6.8237944
1356079299958,-1.6480621,10.651112,8.580819
1356079299998,-2.1111538,11.604536,8.853226
1356079300038,-5.284695,9.384419,6.701211
1356079300078,-11.686258,14.015338,1.607201
1356079300123,-6.0474343,5.284695,-2.7921712
1356079300158,-2.8330324,4.7943625,-2.1111538
1356079300197,-3.405087,9.234595,-0.38136974
1356079300238,-4.2904096,10.310603,2.0294318
1356079300278,-3.9090397,9.084772,2.3018389
1356079300318,-4.903325,8.430995,1.7978859
1356079300358,-3.0237172,9.193735,1.1168685
1356079300398,-3.2961242,8.689782,1.0351465
1356079300438,-4.099725,8.076866,0.5720546
1356079300478,-4.5628166,7.8861814,0.19068487
1356079300518,-4.7535014,8.730643,0.7627395
1356079300558,-4.399372,9.956474,1.334794
1356079300598,-3.8273177,11.727119,1.9477097
1356079300638,-2.4925237,12.871228,2.3699405
1356079300678,-2.2609777,12.980191,3.9499009
1356079300717,-2.4108016,12.067628,1.4165162
1356079300758,-7.9679036,8.62168,0.313268
1356079300798,-9.915613,10.310603,0.38136974
1356079300838,-4.2904096,10.038197,1.6889231
1356079300877,-1.607201,9.534244,1.7297841
1356079300918,-2.2201166,7.9270425,0.95342433
1356079300958,-4.2086873,6.5513873,1.6889231
1356079300998,-4.2904096,5.6660647,2.1111538
1356079301037,-4.399372,5.597963,1.920469
1356079301078,-3.9499009,5.7477865,2.7240696
1356079301121,-2.5606253,5.47538,3.5957718
1356079301158,-0.08172209,8.076866,6.782933
1356079301197,1.1168685,15.241169,6.973618
1356079301238,-2.070293,11.413852,9.234595
1356079301278,-3.1054392,7.082581,4.944186
1356079301318,-11.454713,14.9006605,1.4165162
1356079301358,-7.8589406,9.043911,-1.3075534
1356079301398,-3.718355,2.4925237,-0.53119355
1356079301438,-3.7864566,9.193735,-0.95342433
1356079301478,-4.372132,10.269742,0.6537767
1356079301518,-3.9499009,8.62168,1.4982382
1356079301558,-5.5571017,8.158588,0.7627395
1356079301598,-3.636633,9.275456,0.23154591
1356079301638,-3.2961242,8.812365,0.08172209
1356079301678,-3.8681788,8.962189,0.46309182
1356079301718,-4.2086873,8.471856,0.84446156
1356079301758,-3.7864566,9.112013,0.38136974
1356079301798,-3.6774938,9.915613,0.3405087
1356079301838,-4.5219555,10.079058,1.1849703
1356079301878,-4.3312707,10.760075,1.1849703
1356079301918,-3.759216,13.443283,1.4165162
1356079301958,-2.070293,13.375181,3.3778462
1356079301998,-5.706926,9.507003,2.7240696
1356079302038,-7.9270425,7.9270425,0.10896278
1356079302078,-6.8237944,11.264028,0.61291564
1356079302119,-4.5628166,9.615966,1.7570249
1356079302158,-3.5957718,8.499097,1.607201
1356079302198,-3.3642259,6.932757,1.2258313
1356079302238,-4.0180025,5.434519,1.9885708
1356079302278,-3.5957718,4.944186,1.9477097
1356079302318,-3.568531,5.5571017,1.9885708
1356079302357,-3.2961242,5.829509,3.8681788
1356079302398,-2.8330324,6.5513873,5.6660647
1356079302438,-3.405087,10.378705,10.419566
1356079302478,-1.8387469,12.789507,9.466142
1356079302518,-3.0237172,7.6954966,6.0882955
1356079302557,-13.143636,14.628253,1.0351465
1356079302598,-5.8976107,4.8216033,-3.9090397
1356079302637,-0.6946377,4.3312707,-1.920469
1356079302678,-4.630918,9.888372,-0.0
1356079302718,-6.0882955,10.841797,2.7240696
1356079302758,-2.9147544,9.765789,2.4925237
1356079302798,-4.140586,8.499097,0.95342433
1356079302838,-3.568531,8.308413,0.42223078
1356079302878,-3.6774938,8.499097,0.95342433
1356079302917,-3.5957718,8.158588,1.2666923
1356079302958,-3.9090397,8.62168,0.38136974
1356079302998,-3.7864566,9.80665,0.14982383
1356079303038,-3.759216,10.337844,1.1441092
1356079303078,-4.7943625,10.501288,2.1792557
1356079303118,-4.5628166,11.604536,1.920469
1356079303158,-2.1792557,13.988097,1.334794
1356079303198,-3.3642259,11.985906,2.3426998
1356079303238,-6.782933,8.008764,1.0760075
1356079303277,-7.6546354,8.117727,0.19068487
1356079303318,-5.6660647,10.841797,1.4165162
1356079303358,-5.09401,8.921328,1.879608
1356079303398,-3.445948,8.117727,1.56634
1356079303438,-3.636633,7.1234417,1.9477097
1356079303478,-3.9771416,6.2108784,1.9477097
1356079303518,-4.0180025,5.134871,1.9885708
1356079303558,-3.636633,6.4015636,2.7649305
1356079303598,-3.173541,6.3198414,3.759216
1356079303638,-2.3426998,6.5513873,4.7943625
1356079303678,-1.334794,9.615966,7.7363577
1356079303718,-0.50395286,12.408136,7.5456724
1356079303758,-2.7240696,9.343558,7.9270425
1356079303798,-8.62168,9.997335,4.944186
1356079303838,-10.760075,11.985906,-0.9125633
1356079303878,-3.8681788,4.944186,-2.4925237
1356079303918,-2.1111538,6.5513873,-1.3756552
1356079303958,-4.2086873,10.841797,0.313268
1356079303998,-3.445948,10.079058,1.607201
1356079304037,-4.7126403,8.281172,1.7978859
1356079304078,-4.7943625,8.281172,1.4165162
1356079304120,-3.3642259,8.62168,1.0760075
1356079304158,-3.336985,8.812365,0.6946377
1356079304198,-3.5957718,8.580819,0.88532263
1356079304238,-3.9499009,8.662541,0.84446156
1356079304278,-3.6774938,9.384419,0.5720546
1356079304318,-3.7864566,10.419566,1.0351465
1356079304358,-4.0588636,11.536434,1.334794
1356079304398,-3.3642259,13.102775,2.0294318
1356079304438,-2.1383946,13.021052,2.7649305
1356079304478,-6.0474343,9.466142,2.4516625
1356079304518,-8.921328,8.076866,0.08172209
1356079304558,-8.812365,10.95076,1.4573772
1356079304598,-4.440233,9.152874,1.7978859
1356079304638,-2.7513103,8.049625,1.7297841
1356079304678,-2.4516625,7.8180795,1.1441092
1356079304717,-4.3312707,5.434519,1.9885708
1356079304758,-4.2086873,4.944186,2.5606253
1356079304798,-3.486809,5.8567495,2.7921712
1356079304838,-2.6832085,6.510526,3.5276701
1356079304878,-2.1792557,6.510526,4.671779
1356079304918,-1.4573772,9.656827,7.5865335
1356079304958,-1.525479,12.340035,7.7363577
1356079304998,-2.9147544,9.00305,7.7363577
1356079305038,-3.5276701,6.0882955,4.8216033
1356079305078,-9.193735,11.563675,2.982856
1356079305118,-7.9679036,13.143636,-0.23154591
1356079305158,-2.5333846,4.1814466,-1.3075534
1356079305198,-2.8738933,7.014479,-0.61291564
1356079305238,-4.944186,10.691973,0.5720546
1356079305278,-3.8681788,8.962189,1.1849703
1356079305317,-4.9850473,7.8589406,1.1441092
1356079305358,-4.0588636,8.853226,0.8036005
1356079305398,-2.8738933,9.275456,0.5720546
1356079305438,-3.1054392,8.894087,0.92618364
1356079305478,-3.8681788,8.62168,0.8036005
1356079305518,-3.9090397,9.043911,0.27240697
1356079305558,-3.718355,9.847511,0.8036005
1356079305598,-3.759216,11.304889,1.1441092
1356079305638,-3.759216,11.645397,2.152015
1356079305678,-2.4516625,13.293459,2.7921712
1356079305717,-2.1792557,12.176591,3.1054392
1356079305758,-6.3607025,9.193735,0.92618364
1356079305798,-9.847511,9.656827,0.10896278
1356079305838,-6.4015636,10.56939,2.152015
1356079305878,-3.5276701,9.193735,1.920469
1356079305918,-1.920469,8.730643,1.1168685
1356079305958,-3.405087,6.1700177,1.4165162
1356079305998,-4.2495484,4.440233,1.920469
1356079306038,-3.9090397,5.2165933,1.879608
1356079306078,-3.1463003,6.5922484,2.6014864
1356079306118,-2.3018389,5.938472,3.568531
1356079306158,-1.334794,7.205164,6.66035
1356079306198,-0.6946377,13.33432,7.8861814
1356079306238,-1.6889231,11.727119,7.668256
1356079306278,-2.3426998,7.082581,7.205164
1356079306318,-8.730643,12.217452,3.990762
1356079306358,-8.662541,13.715691,-1.2258313
1356079306398,-4.2904096,3.0645783,-0.9942854
1356079306438,-3.3642259,7.3958488,-0.9125633
1356079306478,-4.0180025,11.372991,0.5720546
1356079306518,-3.0645783,9.302697,1.6480621
1356079306558,-5.5162406,7.7363577,1.6480621
1356079306598,-3.8273177,8.812365,1.1849703
1356079306638,-2.6423476,9.425281,0.84446156
1356079306678,-3.445948,8.580819,0.8036005
1356079306718,-3.9090397,8.430995,0.50395286
1356079306758,-4.1814466,8.771504,0.313268
1356079306798,-3.718355,9.234595,0.50395286
1356079306838,-3.8273177,10.732834,1.2666923
1356079306878,-3.568531,11.686258,1.56634
1356079306918,-3.1463003,12.680544,2.6014864
1356079306957,-1.8387469,12.980191,2.9147544
1356079307007,-6.932757,9.00305,1.1168685
1356079307037,-10.147159,9.275456,-0.040861044
1356079307078,-9.466142,10.800936,1.56634
1356079307118,-4.0588636,9.193735,1.9477097
1356079307158,-1.607201,9.193735,1.9885708
1356079307197,-2.982856,6.973618,1.1441092
1356079307238,-4.2904096,5.2165933,2.0294318
1356079307278,-4.2904096,4.671779,2.0294318
1356079307318,-3.336985,5.597963,2.2201166
1356079307358,-2.5606253,6.2789803,3.9499009
1356079307398,-1.6889231,7.014479,5.2165933
1356079307438,-0.95342433,10.501288,8.390134
1356079307478,-1.9885708,12.14935,7.6954966
1356079307518,-2.1111538,8.539958,7.7772183
1356079307558,-3.718355,7.43671,4.140586
1356079307598,-10.841797,16.017529,0.5720546
1356079307638,-6.701211,7.1234417,-2.5333846
1356079307678,-3.255263,3.7864566,0.23154591
1356079307718,-3.1463003,10.419566,-0.61291564
1356079307758,-4.2904096,9.847511,0.84446156
1356079307798,-4.0588636,8.430995,2.0294318
1356079307838,-5.202973,8.076866,1.0351465
1356079307878,-2.6832085,9.425281,-0.3405087
1356079307917,-2.9147544,9.152874,0.46309182
1356079307958,-4.2086873,8.390134,0.95342433
1356079307998,-4.2086873,8.539958,0.5720546
1356079308038,-3.5276701,9.534244,0.61291564
1356079308078,-3.636633,10.460427,0.53119355
1356079308118,-4.0180025,10.923519,1.1168685
1356079308158,-4.372132,11.958665,1.7297841
1356079308198,-1.879608,13.756551,2.9147544
1356079308238,-4.2086873,10.923519,2.6832085
1356079308278,-7.504812,7.4639506,0.23154591
1356079308317,-8.349273,9.765789,0.46309182
1356079308358,-5.434519,10.732834,2.1792557
1356079308398,-3.9499009,9.302697,2.152015
1356079308438,-2.9556155,8.19945,1.8387469
1356079308478,-4.140586,6.0474343,1.879608
1356079308518,-3.718355,4.8216033,1.9885708
1356079308558,-3.255263,4.630918,2.1111538
1356079308597,-2.5333846,6.1700177,3.0645783
1356079308638,-2.0294318,6.469665,5.09401
1356079308678,-1.607201,8.62168,7.504812
1356079308718,-2.1792557,11.141444,9.234595
1356079308758,-3.445948,9.80665,8.349273
1356079308798,-6.3198414,7.8861814,5.6660647
1356079308838,-11.75436,14.560152,1.8387469
1356079308878,-3.636633,5.9793324,-3.1054392
1356079308918,-1.2666923,5.09401,-1.7570249
1356079308958,-4.5628166,9.915613,0.313268
1356079308998,-4.399372,10.460427,1.9477097
1356079309037,-3.3642259,8.730643,2.1792557
1356079309078,-4.671779,8.281172,1.3075534
1356079309118,-3.486809,9.234595,0.53119355
1356079309158,-3.5276701,8.689782,0.50395286
1356079309198,-4.0588636,8.076866,0.14982383
1356079309237,-4.140586,8.308413,0.38136974
1356079309278,-3.486809,8.62168,0.7627395
1356079309318,-3.5957718,9.575105,0.88532263
1356079309357,-4.4810944,11.34575,0.8036005
1356079309398,-4.5628166,11.75436,1.6889231
1356079309438,-2.3018389,14.519291,2.2609777
1356079309478,-2.4925237,12.598822,2.9556155
1356079309518,-6.5922484,7.9679036,0.95342433
1356079309558,-8.580819,8.281172,0.38136974
1356079309598,-5.243834,11.536434,1.6480621
1356079309638,-3.636633,9.575105,1.4573772
1356079309678,-2.070293,8.430995,1.2666923
1356079309718,-2.7921712,7.014479,1.3756552
1356079309758,-3.718355,5.7886477,1.607201
1356079309798,-4.0588636,5.5162406,2.0294318
1356079309838,-3.486809,6.469665,3.173541
1356079309878,-2.9556155,6.3607025,3.990762
1356079309918,-2.1792557,6.701211,5.706926
1356079309958,-1.879608,10.269742,7.082581
1356079309998,-1.0760075,12.680544,6.782933
1356079310037,-2.1111538,9.615966,8.730643
1356079310078,-9.00305,14.601013,4.099725
1356079310118,-6.0201936,7.7363577,-3.8273177
1356079310158,-5.407278,2.8330324,-0.61291564
1356079310198,-4.2086873,8.19945,0.10896278
1356079310237,-3.9771416,11.372991,0.9942854
1356079310278,-2.9147544,9.112013,1.7297841
1356079310318,-4.7535014,8.499097,1.5390993
1356079310358,-2.9556155,9.084772,0.88532263
1356079310397,-2.8330324,8.812365,0.84446156
1356079310438,-3.8681788,8.539958,0.6537767
1356079310478,-4.2904096,8.390134,0.84446156
1356079310518,-3.9771416,8.689782,0.92618364
1356079310558,-3.336985,9.507003,0.23154591
1356079310598,-4.140586,10.61025,0.53119355
1356079310638,-4.4810944,11.223166,1.2258313
1356079310678,-3.445948,12.830367,1.8387469
1356079310717,-1.7978859,13.375181,3.0645783
1356079310758,-4.440233,10.841797,2.3699405
1356079310797,-7.04172,8.076866,0.42223078
1356079310838,-7.8861814,9.888372,0.9942854
1356079310878,-5.202973,9.888372,1.7297841
1356079310918,-3.636633,8.390134,1.607201
1356079310958,-2.070293,7.8180795,1.607201
1356079310998,-3.636633,6.4424243,2.2201166
1356079311038,-3.9771416,5.7477865,2.3426998
1356079311078,-3.486809,5.6660647,2.5333846
1356079311118,-2.9556155,6.3198414,3.255263
1356079311158,-2.4108016,6.1700177,3.9090397
1356079311198,-1.879608,7.8589406,6.510526
1356079311238,-0.6537767,11.727119,7.9679036
1356079311278,-1.6889231,11.413852,7.8861814
1356079311318,-1.8387469,7.3549876,7.1234417
1356079311358,-9.00305,12.9529505,4.7943625
1356079311398,-7.246025,11.032481,-4.140586
1356079311438,-4.8216033,2.7921712,0.10896278
1356079311478,-2.4925237,7.5456724,-0.53119355
1356079311518,-4.5219555,11.141444,0.313268
1356079311558,-3.718355,9.193735,2.3699405
1356079311598,-5.202973,8.008764,0.92618364
1356079311638,-2.9556155,9.615966,0.040861044
1356079311678,-3.173541,8.812365,0.19068487
1356079311718,-3.636633,8.430995,-0.10896278
1356079311758,-4.671779,8.158588,0.7218784
1356079311798,-3.636633,9.384419,0.6537767
1356079311838,-3.636633,10.56939,0.61291564
1356079311878,-3.718355,10.841797,1.4573772
1356079311918,-4.5628166,11.223166,2.152015
1356079311958,-2.5606253,13.906375,2.5333846
1356079311997,-4.3312707,11.917805,2.4516625
1356079312038,-7.8861814,7.7363577,0.9942854
1356079312078,-7.5456724,9.724928,0.10896278
1356079312118,-5.243834,11.182305,1.9885708
1356079312158,-4.5219555,9.466142,1.7978859
1356079312197,-3.3642259,8.19945,1.5390993
1356079312238,-3.7864566,6.5513873,1.5390993
1356079312278,-3.6774938,5.053149,1.6480621
1356079312318,-3.405087,5.012288,1.6480621
1356079312357,-2.6014864,6.4015636,2.9556155
1356079312398,-1.6889231,6.4424243,4.0588636
1356079312438,-1.1441092,8.076866,6.3607025
1356079312478,-1.3756552,11.223166,7.9270425
1356079312518,-1.525479,11.182305,7.668256
1356079312558,-2.5606253,7.5456724,6.8237944
1356079312598,-9.956474,14.519291,5.09401
1356079312638,-6.0474343,10.528529,-2.8330324
1356079312678,-4.5219555,3.0645783,-1.920469
1356079312718,-3.255263,7.504812,-1.1441092
1356079312758,-3.9771416,11.454713,0.38136974
1356079312798,-4.2086873,9.343558,2.7649305
1356079312838,-6.0474343,7.3141265,2.2609777
1356079312878,-2.6014864,9.697687,0.3405087
1356079312918,-2.4925237,9.302697,0.46309182
1356079312958,-3.568531,8.499097,0.42223078
1356079312998,-3.9499009,8.19945,0.53119355
1356079313037,-3.9499009,8.894087,0.7218784
1356079313078,-3.636633,9.507003,0.50395286
1356079313118,-4.630918,10.460427,0.7627395
1356079313158,-4.3312707,10.760075,0.7218784
1356079313198,-3.3642259,12.871228,1.5390993
1356079313238,-1.6480621,14.015338,2.5333846
1356079313278,-5.706926,10.269742,2.982856
1356079313318,-6.973618,7.4639506,0.38136974
1356079313358,-6.782933,9.615966,0.84446156
1356079313398,-4.862464,10.378705,1.9477097
1356079313438,-3.486809,9.043911,1.9477097
1356079313478,-2.4516625,7.8589406,1.7570249
1356079313518,-3.405087,6.510526,2.070293
1356079313558,-3.8273177,5.5571017,2.1792557
1356079313598,-3.718355,5.938472,2.152015
1356079313638,-3.2961242,6.3607025,3.2961242
1356079313678,-2.3426998,6.238119,4.099725
1356079313718,-1.0760075,7.3549876,5.325556
1356079313757,0.313268,11.958665,6.973618
1356079313798,-0.9125633,12.489859,8.158588
1356079313838,-1.8387469,7.3549876,8.049625
1356079313878,-9.193735,13.756551,3.6774938
1356079313918,-8.921328,11.917805,-3.173541
1356079313958,-5.202973,2.8738933,-0.38136974
1356079313998,-2.0294318,6.891896,-0.23154591
1356079314038,-5.012288,10.882658,0.27240697
1356079314078,-2.7921712,9.534244,1.6889231
1356079314118,-4.8216033,8.308413,1.4982382
1356079314157,-4.099725,9.043911,1.0760075
1356079314198,-2.8330324,9.152874,1.1849703
1356079314238,-3.6774938,8.62168,0.88532263
1356079314278,-4.2495484,8.049625,0.19068487
1356079314318,-4.099725,8.390134,0.3405087
1356079314358,-3.255263,9.915613,-0.0
1356079314398,-4.2086873,10.528529,1.5390993
1356079314438,-4.2495484,10.651112,1.4982382
1356079314478,-3.9771416,12.367276,1.8387469
1356079314518,-2.1111538,13.293459,2.9147544
1356079314558,-5.597963,10.038197,2.6423476
1356079314598,-7.082581,7.8589406,0.19068487
1356079314638,-7.082581,10.991621,1.0760075
1356079314678,-4.862464,10.337844,1.9477097
1356079314718,-3.718355,8.853226,1.7297841
1356079314757,-2.8738933,7.43671,1.6889231
1356079314798,-3.3642259,6.0474343,1.8387469
1356079314838,-3.718355,5.175732,1.879608
1356079314878,-3.405087,6.2108784,2.4925237
1356079314918,-2.9556155,6.973618,3.5276701
1356079314958,-2.4108016,6.5513873,3.9090397
1356079314998,-1.2666923,7.43671,5.829509
1356079315037,-0.14982383,12.258313,7.3549876
1356079315078,-1.525479,12.026767,8.308413
1356079315118,-4.0588636,8.921328,8.499097
1356079315158,-10.269742,15.5135765,3.5276701
1356079315198,-6.0474343,6.2789803,-3.636633
1356079315237,-4.5219555,3.636633,0.61291564
1356079315278,-2.3018389,8.894087,-0.0
1356079315318,-2.8738933,11.114203,0.53119355
1356079315358,-3.173541,9.043911,0.23154591
1356079315398,-5.8158884,7.205164,0.84446156
1356079315438,-4.372132,8.19945,-0.42223078
1356079315478,-3.336985,9.724928,0.19068487
1356079315518,-4.2086873,8.894087,1.56634
1356079315558,-3.255263,9.615966,1.5390993
1356079315598,-3.1054392,9.507003,0.6537767
1356079315638,-3.8273177,9.847511,-0.08172209
1356079315678,-3.9771416,10.732834,0.14982383
1356079315717,-3.9771416,12.912089,0.61291564
1356079315748,-3.759216,13.824653,2.6014864
1356079315788,-3.5276701,11.454713,3.9090397
1356079315828,-5.325556,8.471856,1.6480621
1356079315868,-7.164303,7.6273947,-0.19068487
1356079315908,-7.04172,10.800936,1.7978859
1356079315948,-5.202973,9.302697,1.7297841
1356079315988,-2.1383946,8.662541,1.8387469
1356079316027,-2.3699405,7.8180795,1.6889231
1356079316068,-4.399372,6.2108784,2.3018389
1356079316119,-4.2086873,5.284695,2.6014864
1356079316158,-3.173541,6.6331096,3.336985
1356079316198,-2.9556155,6.4015636,3.6774938
1356079316238,-2.1792557,6.742072,5.325556
1356079316278,-0.38136974,9.084772,6.701211
1356079316318,-0.27240697,11.917805,6.238119
1356079316358,-1.6889231,9.997335,7.9679036
1356079316397,-1.607201,7.7772183,6.2108784
1356079316438,-7.8180795,12.026767,3.2961242
1356079316478,-7.9679036,13.0619135,-2.3018389
1356079316518,-6.0474343,3.486809,0.23154591
1356079316558,-2.3426998,6.8237944,0.92618364
1356079316598,-3.7864566,10.923519,0.19068487
1356079316638,-3.0645783,9.466142,1.7297841
1356079316678,-4.944186,7.9679036,1.2666923
1356079316718,-3.2961242,9.00305,0.50395286
1356079316758,-2.7921712,9.534244,0.7218784
1356079316798,-3.255263,8.580819,0.88532263
1356079316838,-4.2086873,8.390134,0.42223078
1356079316878,-3.9090397,8.689782,-0.0
1356079316918,-3.0645783,9.80665,-0.0
1356079316958,-3.636633,10.882658,0.88532263
1356079316998,-4.372132,10.651112,1.6480621
1356079317038,-4.5900574,12.4489975,1.607201
1356079317078,-2.1792557,14.137921,2.6423476
1356079317117,-5.407278,10.691973,3.173541
1356079317158,-7.1234417,7.246025,0.95342433
1356079317198,-6.66035,10.419566,0.92618364
1356079317238,-5.284695,10.760075,1.6480621
1356079317277,-4.5900574,8.662541,1.607201
1356079317318,-2.7240696,7.9679036,1.607201
1356079317358,-3.5276701,6.4015636,1.7978859
1356079317398,-3.486809,5.053149,1.879608
1356079317438,-3.336985,5.175732,2.1792557
1356079317478,-2.7240696,6.3607025,3.759216
1356079317518,-2.0294318,6.891896,5.284695
1356079317558,-1.56634,8.730643,7.9270425
1356079317598,-0.3405087,11.223166,7.6273947
1356079317638,-1.2666923,9.534244,7.504812
1356079317678,-2.6832085,6.973618,5.8976107
1356079317717,-10.841797,13.906375,3.9090397
1356079317758,-7.3141265,11.536434,-2.2609777
1356079317798,-4.140586,4.5628166,-2.1383946
1356079317838,-2.7513103,8.580819,-0.95342433
1356079317878,-4.7126403,9.724928,1.4573772
1356079317918,-4.2495484,8.471856,1.920469
1356079317958,-4.8216033,8.117727,1.56634
1356079317998,-2.7921712,9.615966,0.5720546
1356079318038,-2.6014864,9.302697,0.50395286
1356079318078,-3.8681788,8.308413,0.6537767
1356079318117,-4.2495484,8.117727,0.6946377
1356079318158,-4.2904096,8.812365,0.313268
1356079318197,-3.6774938,9.765789,-0.10896278
1356079318238,-4.372132,10.228881,0.5720546
1356079318277,-4.3312707,10.651112,1.7297841
1356079318318,-2.9556155,11.795221,2.3426998
1356079318358,-1.1168685,13.484144,2.7649305
1356079318398,-3.255263,11.686258,2.070293
1356079318437,-8.267551,8.308413,0.38136974
1356079318478,-9.084772,10.228881,0.50395286
1356079318518,-5.09401,10.147159,1.879608
1356079318558,-2.3426998,9.507003,2.1792557
1356079318598,-1.920469,8.281172,1.4982382
1356079318638,-3.636633,5.7477865,1.6480621
1356079318678,-4.140586,4.9850473,2.0294318
1356079318718,-3.636633,5.597963,2.2609777
1356079318758,-2.9556155,6.4015636,3.0645783
1356079318798,-2.2609777,6.2789803,4.3312707
1356079318838,-0.88532263,7.6954966,7.3549876
1356079318878,-0.14982383,12.680544,7.205164
1356079318918,-1.7570249,10.147159,7.5865335
1356079318957,-4.2086873,7.8589406,6.469665
1356079318998,-11.604536,16.08563,2.7649305
1356079319037,-6.3607025,7.3549876,-3.5276701
1356079319078,-3.3642259,3.0645783,-0.29964766
1356079319118,-2.8330324,9.697687,-0.27240697
1356079319158,-4.5219555,10.732834,0.46309182
1356079319198,-3.759216,8.689782,1.7297841
1356079319237,-5.202973,8.158588,1.0351465
1356079319278,-3.336985,9.302697,0.50395286
1356079319318,-2.6423476,9.043911,0.42223078
1356079319358,-3.9499009,8.430995,0.46309182
1356079319398,-4.140586,8.117727,0.23154591
1356079319438,-3.8273177,8.962189,0.42223078
1356079319478,-3.8273177,10.337844,0.92618364
1356079319518,-4.0588636,10.651112,1.1441092
1356079319558,-4.0180025,12.108489,1.4982382
1356079319598,-2.3699405,14.015338,2.1111538
1356079319638,-3.9771416,11.413852,2.982856
1356079319678,-6.5922484,7.5865335,1.1441092
1356079319718,-7.3549876,8.894087,0.313268
1356079319758,-6.1700177,11.223166,1.7570249
1356079319798,-4.8216033,9.275456,1.9885708
1356079319838,-3.173541,8.158588,1.56634
1356079319878,-3.214402,6.932757,2.070293
1356079319918,-3.336985,5.407278,2.4516625
1356079319958,-3.2961242,4.671779,1.7297841
1356079319998,-2.7921712,5.5571017,2.3426998
1356079320058,-1.8387469,5.706926,4.7126403
1356079320108,-0.7627395,9.193735,9.043911
1356079320138,-1.1168685,13.102775,9.697687
1356079320178,-4.0588636,10.991621,8.008764
1356079320218,-10.269742,12.639683,4.440233
1356079320258,-7.246025,9.765789,-1.9885708
1356079320298,-4.5900574,3.990762,-1.7978859
1356079320338,-3.173541,5.9793324,1.7297841
1356079320378,-2.3699405,12.489859,1.2258313
1356079320418,-2.7921712,10.228881,0.6537767
1356079320458,-4.5219555,8.117727,1.607201
1356079320498,-4.2086873,8.308413,0.7627395
1356079320538,-3.9771416,8.812365,1.1168685
1356079320578,-3.405087,8.730643,0.7627395
1356079320618,-3.6774938,8.771504,0.6946377
1356079320658,-3.445948,8.894087,0.61291564
1356079320698,-2.9147544,9.888372,0.3405087
1356079320737,-4.2495484,10.18802,1.6480621
1356079320778,-4.5900574,10.691973,1.7978859
1356079320818,-3.6774938,11.75436,2.1111538
1356079320858,-1.7570249,13.443283,2.2609777
1356079320898,-3.5957718,11.686258,2.1111538
1356079320938,-7.3958488,7.7363577,0.8036005
1356079320978,-7.7772183,9.575105,0.53119355
1356079321018,-4.5900574,10.691973,1.7297841
1356079321057,-3.486809,9.343558,2.070293
1356079321107,-2.2609777,8.240311,1.6480621
1356079321138,-3.7864566,6.6331096,1.7978859
1356079321178,-3.7864566,6.1700177,2.4108016
1356079321218,-3.7864566,5.7886477,2.1111538
1356079321258,-3.568531,6.1700177,2.7649305
1356079321297,-2.7921712,6.1700177,3.486809
1356079321338,-1.8387469,6.973618,5.5571017
1356079321378,0.040861044,11.985906,7.3549876
1356079321418,-0.19068487,13.211738,7.5456724
1356079321457,-1.7570249,7.8589406,8.308413
1356079321498,-7.43671,12.721405,3.718355
1356079321538,-7.5456724,12.871228,-5.706926
1356079321578,-7.8180795,2.152015,1.2258313
1356079321618,-3.0237172,6.66035,0.14982383
1356079321657,-4.7943625,11.413852,0.10896278
1356079321698,-2.8738933,9.425281,2.070293
1356079321738,-4.1814466,8.62168,1.1441092
1356079321778,-3.5276701,8.689782,0.9942854
1356079321818,-3.0645783,9.302697,0.6946377
1356079321858,-3.445948,8.471856,0.14982383
1356079321898,-4.3312707,8.076866,0.27240697
1356079321938,-3.759216,8.894087,0.42223078
1356079321978,-3.0237172,9.765789,0.14982383
1356079322018,-4.2086873,10.882658,1.6480621
1356079322057,-4.630918,11.141444,1.879608
1356079322097,-3.8681788,13.6748295,1.7978859
1356079322127,-2.9147544,12.830367,3.0237172
1356079322167,-6.1700177,9.534244,2.9147544
1356079322208,-7.3141265,8.308413,0.27240697
1356079322248,-6.2108784,11.645397,1.8387469
1356079322288,-3.5957718,10.310603,1.879608
1356079322328,-3.718355,8.471856,1.3756552
1356079322368,-3.255263,6.742072,1.6480621
1356079322408,-3.6774938,5.8976107,1.8387469
1356079322448,-3.336985,5.134871,1.7297841
1356079322487,-3.0237172,5.597963,2.3018389
1356079322527,-2.4516625,6.1700177,3.445948
1356079322568,-1.879608,6.0882955,4.8216033
1356079322608,-0.7218784,10.56939,9.084772
1356079322648,0.14982383,14.369467,8.471856
1356079322688,-1.7297841,7.8861814,7.7772183
1356079322728,-6.851035,10.228881,3.405087
1356079322768,-9.152874,13.906375,-2.6014864
1356079322808,-5.8158884,5.325556,-1.4982382
1356079322848,-2.6423476,6.4015636,0.3405087
1356079322888,-4.671779,10.228881,0.8036005
1356079322928,-3.9090397,8.962189,1.5390993
1356079322968,-4.2086873,8.430995,1.4165162
1356079323008,-3.636633,8.539958,0.5720546
1356079323048,-2.5606253,9.193735,-0.19068487
1356079323105,-3.636633,8.539958,0.42223078
1356079323138,-4.5219555,8.349273,0.8036005
1356079323178,-3.8273177,9.384419,0.7218784
1356079323218,-3.5957718,10.310603,0.95342433
1356079323258,-3.7864566,11.413852,1.2666923
1356079323298,-3.486809,12.639683,2.3426998
1356079323338,-1.7297841,13.484144,2.8738933
1356079323378,-4.944186,10.18802,2.0294318
1356079323418,-8.689782,8.580819,-0.38136974
1356079323458,-9.193735,10.841797,1.4165162
1356079323498,-3.9090397,10.269742,1.7978859
1356079323538,-1.0760075,9.343558,1.8387469
1356079323577,-2.982856,6.3607025,1.0760075
1356079323618,-3.9090397,5.134871,1.6889231
1356079323658,-4.2086873,4.862464,2.1111538
1356079323698,-3.2961242,6.1700177,2.4925237
1356079323738,-2.9556155,6.5922484,3.636633
1356079323778,-2.2201166,6.8237944,5.434519
1356079323818,-0.42223078,10.147159,7.1234417
1356079323858,0.040861044,13.102775,7.205164
1356079323898,-1.1441092,9.275456,8.008764
1356079323938,-6.238119,10.651112,5.175732
1356079323978,-8.689782,14.601013,-2.982856
1356079324018,-8.158588,3.173541,-0.0
1356079324058,-3.0237172,4.099725,0.92618364
1356079324098,-3.2961242,11.795221,-0.61291564
1356079324138,-2.3426998,10.337844,1.2258313
1356079324178,-4.440233,8.499097,1.607201
1356079324218,-4.3312707,8.662541,0.53119355
1356079324258,-3.568531,9.193735,0.27240697
1356079324298,-3.5957718,8.499097,0.08172209
1356079324338,-4.0588636,8.689782,0.040861044
1356079324378,-3.718355,8.662541,0.42223078
1356079324418,-3.0237172,9.656827,-0.14982383
1356079324458,-4.140586,9.656827,1.0351465
1356079324498,-4.140586,10.228881,1.3756552
1356079324538,-3.7864566,11.795221,1.5390993
1356079324578,-2.2201166,14.369467,1.8387469
1356079324618,-4.630918,11.304889,3.2961242
1356079324658,-7.3141265,7.7363577,1.1849703
1356079324699,-8.430995,9.847511,-0.040861044
1356079324748,-4.372132,11.495573,1.9885708
1356079324788,-3.1463003,9.043911,1.7297841
1356079324828,-2.5333846,7.3549876,1.4982382
1356079324868,-3.568531,5.8567495,1.7570249
1356079324908,-3.759216,5.09401,1.7570249
1356079324948,-3.568531,4.9850473,1.9885708
1356079324988,-2.6832085,6.1291566,3.173541
1356079325037,-1.7978859,7.082581,5.434519
