1356078910907,0.0,0.0,0.0
1356078910961,0.19027615,-0.067955494,0.7339222
1356078910996,0.066547394,-0.44870138,0.8381747
1356078911034,0.1857853,-0.5271244,1.3944091
1356078911075,-0.17455387,-0.55814934,0.86893517
1356078911115,-0.06043625,-0.41499853,1.0804111
1356078911157,0.039503098,-0.3520851,0.90542316
1356078911194,-0.15814686,-0.45577192,0.83331156
1356078911238,-0.07968426,-0.43924809,0.7405182
1356078911276,-0.20136166,-0.18715811,-0.05092202
1356078911316,-0.11326218,-0.19067144,0.0033033825
1356078911355,0.08772755,-0.29425144,-0.04550273
1356078911396,-0.0071353912,-0.34875917,-0.8157101
1356078911437,-0.3872862,0.0116119385,-0.67929226
1356078911473,-0.4821024,0.051118374,-0.23500097
1356078911515,-0.73838615,0.04243517,-1.3727664
1356078911554,-2.3216696,0.17503595,-1.4698195
1356078911594,-3.1207876,0.5290966,-0.07845139
1356078911634,-0.31508636,0.53120184,-1.6200497
1356078911674,1.1243806,0.7227392,-1.0719836
1356078911713,1.5048103,1.1020956,-0.6775214
1356078911755,1.1348872,2.5882134,-0.26058456
1356078911808,0.36533165,2.4280748,1.1846131
1356078911833,-0.35110188,1.0549169,-0.7644938
1356078911874,0.936883,0.6589756,-0.86258745
1356078911914,2.2426615,0.41736984,-0.8403207
1356078911954,3.4046764,-0.40715694,-1.448382
1356078911993,4.4885325,-0.33025646,-1.8243228
1356078912034,4.4804926,-0.6491375,-1.7172422
1356078912074,3.4435678,-1.7011805,-2.2703824
1356078912116,3.4068608,-1.8788605,-2.7986465
1356078912154,1.9792547,-1.0812597,-4.416852
1356078912196,-1.2813597,-0.16916609,-6.7524543
1356078912235,-3.169723,1.0109091,-6.6170707
1356078912277,-1.3826413,2.5952578,-4.9697886
1356078912315,-7.290907,4.7569427,0.70172215
1356078912354,2.556285,-1.6597981,6.562009
1356078912394,0.6284156,-1.8282228,9.115812
1356078912434,-4.2012515,-1.7594347,3.7540321
1356078912474,-1.0278192,0.25319862,2.7547936
1356078912514,-0.40379095,-0.23287773,2.817636
1356078912556,-0.84101725,-0.6562462,4.070001
1356078912594,-1.3100119,-1.1507211,3.2277942
1356078912636,-0.61356544,-1.0866475,2.1276765
1356078912675,0.160079,-1.2926888,2.665001
1356078912714,-0.098370075,-0.36794662,1.8828931
1356078912755,-0.07659769,0.30068636,-0.81761265
1356078912808,-1.1320133,0.3971982,-1.2515379
1356078912834,-2.9269156,-1.2004538,-1.3253745
1356078912874,-4.1450043,0.5643678,-0.75705254
1356078912913,-4.587658,0.6642852,-0.5325154
1356078912954,0.63116455,2.9120994,0.8934041
1356078912996,-0.06562328,4.2448845,-0.22026077
1356078913034,-1.182517,2.9459267,-0.21938163
1356078913075,0.044296265,-0.47510672,2.5714426
1356078913115,1.7744894,-2.5437865,0.6915758
1356078913153,5.1902366,-1.7056522,-0.33233947
1356078913195,5.7852616,-0.67250013,-1.6836576
1356078913253,5.647773,-1.3918362,-1.7552056
1356078913271,5.491509,-2.5453029,-2.0079262
1356078913311,4.5577273,-2.9601734,-3.777467
1356078913348,1.4200664,-1.3341169,-6.5431757
1356078913392,-5.4673686,0.7806325,-8.764662
1356078913435,-0.64508486,0.3899951,-6.882199
1356078913474,-5.689791,5.788545,-4.732622
1356078913517,-5.401172,3.778717,5.6981907
1356078913555,4.929676,-0.56077814,7.8556767
1356078913594,0.13540792,-2.9997103,5.649004
1356078913632,-4.928097,0.44443512,3.0581932
1356078913674,-0.39229536,-0.14700365,0.94512486
1356078913715,0.6886959,-0.49865675,3.2694004
1356078913754,-0.8992629,-1.0523062,3.4082162
1356078913813,0.04421425,-1.2113547,1.9609071
1356078913835,0.6961446,-1.077395,2.3332877
1356078913876,-0.030256271,-1.403059,1.9455936
1356078913915,-0.0028572083,-1.1882911,0.67269427
1356078913957,-1.9386005,-1.0557356,-1.4941432
1356078913992,-3.6774845,-0.6058216,-2.0995078
1356078914033,-4.4775276,1.4376783,-0.15086287
1356078914075,-3.1783361,1.2956691,-0.45534477
1356078914114,0.3203087,4.3889327,0.7965479
1356078914154,-0.21465969,5.83588,-0.6827102
1356078914194,-0.69369984,2.7655368,1.3072517
1356078914234,0.40829277,-1.1402669,2.3180115
1356078914275,3.0930505,-3.3532712,0.8754451
1356078914316,6.9077234,-0.85836744,-1.2330799
1356078914355,6.4543767,-1.2114787,-1.22471
1356078914397,6.2627892,-2.1949768,-1.3875415
1356078914435,5.723733,-2.6944997,-2.9622278
1356078914474,4.5002246,-2.5343218,-4.7795525
1356078914516,-2.0651512,-0.6308694,-8.146396
1356078914554,-7.196705,-0.0014481544,-8.818423
1356078914594,-0.22609901,3.0377789,-7.34748
1356078914633,-7.9378266,6.064937,1.3992761
1356078914675,2.4443414,1.4892416,8.664229
1356078914714,1.4417624,-4.0532074,5.118818
1356078914756,-3.737936,-1.7441714,3.053911
1356078914803,-2.7579384,0.23875332,1.4264812
1356078914835,1.2635803,-0.36511755,2.177235
1356078914874,0.6114192,0.27964973,6.792021
1356078914913,-0.8294759,-0.59235096,3.03327
1356078914953,0.23217726,-0.7338462,1.564902
1356078914993,-0.27424574,-1.3495727,1.4349742
1356078915034,-0.5753021,-1.0233874,0.49802768
1356078915074,-1.3773975,-0.9124265,-0.5433705
1356078915113,-3.224094,-0.6384549,-0.3641215
1356078915154,-6.417967,1.2070041,0.09720895
1356078915195,-2.5333729,1.9400783,-1.328321
1356078915234,1.571166,4.135684,1.3474052
1356078915275,-0.10875797,5.220338,-1.5928984
1356078915314,-1.1463346,3.4019103,0.5921142
1356078915354,0.59373283,-1.3030496,2.2013235
1356078915395,3.3744864,-3.1596584,0.088562936
1356078915434,7.0654716,-1.2582932,-1.6113467
1356078915474,6.8142505,-0.69327736,-2.3000731
1356078915514,6.457776,-2.299461,-2.2776859
1356078915555,5.4973545,-2.8348625,-3.1922243
1356078915594,4.0832033,-2.561039,-4.9979057
1356078915635,0.91482496,-0.77696276,-7.302699
1356078915683,-5.525229,1.2075076,-9.057638
1356078915722,-2.6668363,5.930764,-6.9371047
1356078915763,-7.557422,7.333935,1.6257162
1356078915804,3.7218351,-0.1650486,8.36503
1356078915844,2.5831015,-3.9221275,9.655796
1356078915885,-7.058275,-2.1794326,2.7474504
1356078915926,-3.1325574,0.27039576,1.3341565
1356078915962,1.1745882,0.34785318,3.1223516
1356078916005,-1.0506358,-0.4649539,4.506235
1356078916044,-1.0974898,-1.9415946,2.3031502
1356078916083,-0.05913925,-2.3313494,2.6289077
1356078916123,-0.34119463,-1.9517355,2.5856771
1356078916162,0.29315472,-1.3323965,0.80881935
1356078916203,-0.6936431,-0.91350174,-0.069147706
1356078916243,-1.2855711,0.005970955,-0.45667505
1356078916282,-1.7214146,0.9794574,-2.115841
1356078916322,-3.6075602,0.21612692,-0.23751503
1356078916359,-5.796603,-0.8633194,-0.4309644
1356078916400,-1.1687098,2.6361375,0.64990604
1356078916442,0.7632041,4.9381547,-0.32561833
1356078916493,-1.6599607,2.8129797,0.15928298
1356078916535,-0.26522923,-0.7722821,2.4838753
1356078916574,2.9446187,-2.7947993,0.93309045
1356078916614,6.434282,-1.7522879,-0.9895278
1356078916655,7.0476065,-1.2414498,-1.2003202
1356078916695,6.116497,-1.5032225,-1.6639968
1356078916736,5.4038,-1.8601446,-3.14872
1356078916812,4.246819,-1.5150366,-4.0095677
1356078916814,1.0415745,0.056305885,-5.4176016
1356078916852,-6.6397347,0.79138756,-9.390866
1356078916894,1.001986,-0.72870445,-7.092987
1356078916933,-3.5277433,5.4777102,-5.3429327
1356078916973,-7.2260513,6.4005594,5.38486
1356078917014,4.361199,-1.0732989,9.45226
1356078917054,-0.30430984,-4.4067245,5.6074014
1356078917096,-5.687236,0.12513256,1.7985766
1356078917134,-1.0786757,1.0494571,-1.2318358
1356078917174,1.2514744,-0.06603241,4.499537
1356078917214,-1.3752618,-1.728972,5.2568674
1356078917253,-0.25871468,-1.7699742,2.3290045
1356078917293,-0.015004158,-2.3074598,2.2076159
1356078917334,0.3516817,-1.6701522,1.7820563
1356078917374,0.7273469,-1.2706833,0.7676934
1356078917413,-1.2735472,-0.93684673,0.13343757
1356078917453,-1.5092735,0.86427164,-0.29746932
1356078917493,-1.0994911,2.2766762,-2.1920633
1356078917535,-4.004402,0.15721512,-0.8730019
1356078917574,-5.4727106,-0.76819897,-1.2137582
1356078917615,0.6813841,3.7482686,1.1723458
1356078917654,-0.4270563,4.273432,-1.0878527
1356078917692,-2.348649,1.9553909,0.42414156
1356078917733,-0.18743992,-1.1205664,2.432201
1356078917813,3.5637026,-2.7559059,1.175776
1356078917816,6.7883515,-1.7130909,-1.0534225
1356078917850,6.036719,-1.9541736,-1.1490363
1356078917895,6.2604313,-1.9569926,-1.5577537
1356078917935,5.2192607,-2.004508,-2.846967
1356078917975,4.5027866,-1.5273552,-4.1278396
1356078918015,-0.5620241,0.37960625,-6.449673
1356078918057,-7.7089796,0.24458408,-9.565842
1356078918094,-0.9623046,0.97494316,-7.1953845
1356078918133,-5.548727,7.0821795,-1.3747503
1356078918175,-3.4616876,2.5132284,7.1028543
1356078918213,4.836087,-2.3862572,4.8184686
1356078918253,-0.10658789,-2.4513066,5.130084
1356078918294,-6.160348,-0.39460325,4.6949434
1356078918333,2.7990723,1.8228607,3.0892031
1356078918374,2.0504684,1.7326694,2.2868986
1356078918414,-1.1942306,-1.1774707,2.8454614
1356078918454,0.32138395,-1.5736852,2.775887
1356078918496,-0.17371082,-2.308201,2.726153
1356078918534,0.10286236,-0.6339283,1.2781953
1356078918574,-1.3716459,0.08179808,0.41419858
1356078918613,-2.5754108,0.1698556,0.1405048
1356078918653,-3.9775724,1.2137074,-1.3590271
1356078918693,-4.9278746,-0.38425303,-1.6437292
1356078918734,-1.1861973,0.7604685,-1.2059139
1356078918774,0.80123377,3.0150433,0.722469
1356078918814,-1.7776785,4.341345,-1.8348014
1356078918851,-0.5293331,1.6018806,0.368907
1356078918894,1.7482615,-0.83237743,1.5894109
1356078918933,3.847507,-1.724472,0.32903558
1356078918976,6.028512,-1.559483,-0.80813384
1356078919013,6.221176,-1.6223402,-1.8022921
1356078919055,5.990859,-1.891705,-1.8614962
1356078919094,4.849027,-2.431872,-3.3081403
1356078919132,3.592986,-1.7145901,-4.292447
1356078919174,-1.0748291,0.85392666,-7.308458
1356078919215,-6.949084,0.69213295,-9.5238
1356078919255,1.570147,-0.09193325,-6.674691
1356078919301,-4.707095,7.2753277,-0.59983444
1356078919338,3.4606185,1.0081377,4.9985037
1356078919368,1.6252341,-0.17559052,7.340946
1356078919411,-6.499585,-1.9051831,7.8771033
1356078919452,-2.0632868,-1.4765139,4.5621076
1356078919493,0.37463856,-0.4650283,2.516674
1356078919533,0.26495028,0.14848852,2.2020187
1356078919574,-1.0094347,-1.320898,3.5893648
1356078919614,-1.2318401,-2.4394493,2.9696317
1356078919654,-0.86011934,-1.7703619,2.649111
1356078919694,-0.03462124,-1.2816486,1.9520967
1356078919733,-0.36138487,-0.9722414,0.657189
1356078919774,-1.4325109,-0.39335918,0.830725
1356078919816,-1.9396071,1.4492936,-1.432465
1356078919852,-1.8700867,1.4579697,-2.0615754
1356078919893,-4.578394,-0.32252502,-0.9704032
1356078919934,-4.6205187,-0.8276944,-1.3498687
1356078919974,0.12084484,2.620123,1.1679504
1356078920013,0.5689964,4.0937796,-0.11847392
1356078920055,-1.381093,1.7722578,0.60193974
1356078920096,0.7097883,-1.0336213,1.8889122
1356078920136,3.7099967,-1.8086867,0.51222897
1356078920175,6.7590103,-1.1827836,-1.1245146
1356078920223,6.0951123,-1.3142371,-1.7111219
1356078920264,5.7804813,-1.4788151,-2.0460098
1356078920304,5.1770105,-1.4150109,-2.348438
1356078920344,4.322303,-1.4931583,-3.6498895
1356078920386,-1.5315785,-0.19817972,-6.539295
1356078920424,-7.238283,-0.24111938,-8.148441
1356078920465,2.332552,-1.2819757,-6.9878054
1356078920504,-7.1131597,8.185095,-0.8471985
1356078920543,-5.295533,4.588582,7.325004
1356078920582,4.275333,-1.0493412,8.457482
1356078920623,-0.80398226,-1.4524558,5.0674176
1356078920663,-4.4115605,1.1653829,1.8389475
1356078920712,-0.03178978,0.17679405,0.36499238
1356078920755,-0.6883888,-0.9550514,4.467679
1356078920821,-0.35522223,-1.7346387,2.704525
1356078920836,0.5682092,-1.4133115,1.3231387
1356078920874,0.47256374,-1.5518694,1.5366205
1356078920913,0.6660013,-1.197391,0.87103724
1356078920953,-0.19940186,-0.3067274,-0.12519866
1356078920993,-1.6418324,-0.10981703,-0.91590047
1356078921033,-1.9452772,0.16309547,-1.5276374
1356078921074,-3.8111486,0.11225414,-0.62773633
1356078921114,-4.666642,-0.17407751,-1.1654031
1356078921154,-1.7518148,1.7474394,0.16748269
1356078921193,0.50807,4.2250814,0.32234114
1356078921234,-0.8989048,3.3824959,-0.47478986
1356078921276,-0.24784851,0.30982542,1.9869258
1356078921314,2.0307174,-1.8906941,1.2673237
1356078921353,5.7622538,-2.0602574,0.18136764
1356078921394,7.261442,-1.0746617,-1.2197924
1356078921433,6.2839785,-1.5161757,-0.9456909
1356078921473,5.6802206,-1.6893487,-1.9057273
1356078921514,4.119581,-1.6824317,-3.51792
1356078921555,1.6491127,-0.7318573,-5.6335664
1356078921594,-5.685957,-0.59592295,-8.046697
1356078921636,-3.3506355,-0.66753435,-7.4615726
1356078921674,1.955574,1.67028,-5.5333004
1356078921713,-6.076046,8.0239315,-1.2399616
1356078921752,-1.9655995,4.777114,6.9380636
1356078921824,4.1173625,-3.9409676,6.755144
1356078921833,-2.8508968,-3.004886,5.921382
1356078921870,-4.058978,-0.29857588,2.5421362
1356078921913,0.77728844,-0.55700684,2.4388707
1356078921954,1.3229303,0.45261574,3.3743267
1356078921995,-0.46089363,-0.08134365,2.894219
1356078922034,0.42497396,-1.0260015,2.4693885
1356078922075,-0.043093204,-2.248575,2.880149
1356078922114,-0.2803173,-1.5724678,2.1352654
1356078922157,-1.3796487,-1.1684728,-0.0741905
1356078922193,-2.2939606,0.18661547,-0.40845913
1356078922232,-2.451764,0.61680937,-1.6865382
1356078922274,-2.599935,0.3303814,-1.8044554
1356078922313,-5.54905,-0.9685917,-2.2705305
1356078922351,-2.0892096,1.352313,0.47972962
1356078922388,0.1950512,4.8374166,-0.098584384
1356078922431,-2.267272,4.7716484,-0.8784635
1356078922473,-0.27384472,0.37389088,1.944299
1356078922516,2.357771,-2.9528358,2.166847
1356078922554,6.3294373,-2.7115297,-0.18881887
1356078922594,7.4627094,-1.0196776,-1.0848315
1356078922635,6.637075,-1.2787151,-0.9015434
1356078922673,6.3469853,-2.3348103,-1.8211229
1356078922714,5.010776,-2.7635925,-4.222863
1356078922754,-0.19643688,-1.111484,-7.896681
1356078922827,-6.5482163,2.2009778,-10.141602
1356078922833,0.2385025,1.7550335,-7.086672
1356078922872,-6.517407,7.6191435,-3.9035044
1356078922914,2.8897984,1.1707206,6.5061665
1356078922955,3.7598667,0.13140535,6.1927404
1356078922994,-9.402404,-2.0532494,6.182351
1356078923033,0.268003,-0.30830383,3.6254315
1356078923073,0.5679898,-0.8652291,1.6772528
1356078923114,-0.490242,-0.30211306,2.9569974
1356078923154,-0.51311207,-1.2084756,2.0302505
1356078923193,-0.30891752,-2.0264034,2.249916
1356078923234,0.69760656,-1.509449,2.0601022
1356078923274,-0.3640628,-1.1055403,1.4530843
1356078923315,-1.4264016,-0.38445044,0.12730253
1356078923354,-2.1100054,0.71042395,-0.3568797
1356078923396,-2.8612814,0.07193279,-2.1587498
1356078923434,-4.464507,-0.7142768,-0.92560625
1356078923473,-4.276868,-0.9929819,0.3623668
1356078923513,-0.19347095,3.0256457,1.3964005
1356078923552,-0.7552614,5.9219155,0.1100682
1356078923594,-0.7397175,3.5069256,-0.025589585
1356078923634,0.44633675,-0.11884022,2.9170885
1356078923672,2.6732001,-2.958833,1.9434328
1356078923714,6.468208,-2.8453865,0.16998237
1356078923755,7.602848,-1.3057308,-1.7424906
1356078923825,6.5766726,-1.4285145,-1.2954776
1356078923844,6.0625544,-2.169004,-2.0834002
1356078923883,4.3131895,-1.7835665,-4.0530086
1356078923923,-6.1199865,1.948679,-10.940534
1356078923964,-4.953911,-0.070213795,-7.7637568
1356078924004,5.905016,-0.4209094,-7.8333645
1356078924046,-6.0456443,7.7090726,-0.59538317
1356078924081,-1.4067211,1.6452928,3.234708
1356078924125,5.356171,-0.04500389,6.916678
1356078924165,-7.132887,-1.8931856,6.6446304
1356078924207,-2.9019766,-1.0842557,3.4836116
1356078924243,1.2962747,0.8420973,1.964556
1356078924284,-0.25621557,0.0055732727,2.4068887
1356078924324,-1.5889292,-1.5007086,3.1816218
1356078924363,-1.1226339,-2.3023877,2.1405106
1356078924403,0.33066702,-1.8852324,2.1871018
1356078924444,-0.41280174,-1.4243245,1.502317
1356078924485,-1.6844096,-1.375565,0.26539755
1356078924524,-2.027645,-0.2835698,0.13463533
1356078924565,-2.8635478,1.2392287,-2.6033504
1356078924604,-4.794549,0.64463854,-1.3615575
1356078924645,-4.7990284,-0.4180274,-0.004013002
1356078924683,0.42744732,3.6704216,1.2590053
1356078924722,-0.69981575,5.6352367,-0.8999078
1356078924763,-1.4668837,4.0293145,-0.39625168
1356078924825,-0.7489948,0.19027233,2.085412
1356078924844,2.8795633,-2.382553,1.9729326
1356078924884,6.847706,-2.216311,0.77250314
1356078924926,7.639724,-2.0243416,-0.959331
1356078924964,7.4666824,-2.4459429,-0.815499
1356078925006,6.247613,-2.6605859,-1.4203167
1356078925044,3.5417738,-2.083156,-4.0868416
1356078925083,-7.79319,2.107521,-11.914415
1356078925125,-3.4916205,-0.42806292,-8.47621
1356078925163,3.9432702,0.29646063,-6.9370694
1356078925203,-6.4047675,6.782682,-2.1929607
1356078925243,1.7559061,0.686316,4.2028875
1356078925284,4.230168,0.83579445,6.9766626
1356078925321,-8.092915,-2.555866,6.6516123
1356078925364,-0.73326874,-0.6292548,2.9594655
1356078925398,1.506362,0.5581145,2.696462
1356078925441,0.0020928383,-0.50896215,2.770843
1356078925482,-0.96351576,-1.571126,3.4772484
1356078925523,-1.1101074,-2.2944708,3.382844
1356078925563,-0.19259071,-1.5106835,2.753927
1356078925603,-0.5394263,-1.4733996,0.926332
1356078925644,-1.5204868,-0.8717842,0.6948243
1356078925685,-2.0012536,0.06291485,0.417462
1356078925722,-1.9359722,2.0098057,-2.5339923
1356078925764,-2.8303328,0.7410407,-1.5329013
1356078925826,-5.212158,-1.1601214,-0.63604987
1356078925844,-1.8102608,1.6887732,0.3053062
1356078925886,0.814754,5.159133,0.33004853
1356078925924,-1.6453428,4.590915,-1.2206721
1356078925966,-0.3864088,0.16245604,0.9638704
1356078926006,1.6172624,-2.3067951,1.9931709
1356078926043,6.426025,-2.6330528,0.376066
1356078926084,7.169342,-1.655683,-1.0935683
1356078926124,6.7087393,-2.0298662,-0.90994483
1356078926165,6.085081,-2.4982934,-0.9295565
1356078926204,5.605549,-2.3733501,-3.1170163
1356078926246,-0.6777649,2.1297293,-7.363983
1356078926284,-9.256808,2.5150642,-10.15144
1356078926327,3.978831,-2.3444457,-7.1947517
1356078926364,0.9131775,3.6832266,-4.848775
1356078926403,-5.085781,5.9063826,3.1194582
1356078926442,2.5443854,0.5682764,4.750291
1356078926483,-1.3365183,-1.143724,8.112661
1356078926523,-6.484295,-2.8452635,4.587709
1356078926564,0.3509364,0.36446667,2.6289377
1356078926604,1.0984273,1.0009651,2.6149664
1356078926645,-1.0431919,-1.2901978,3.1762302
1356078926685,-1.5059767,-2.233626,2.5786116
1356078926724,-0.6836486,-2.78783,2.081173
1356078926766,-0.2504096,-2.0693173,1.6621156
1356078926824,-0.51037025,-1.0182233,-0.0054209232
1356078926844,-0.73152494,-1.5663958,0.06961161
1356078926883,-1.3798385,0.9267068,0.22681296
1356078926923,-1.8970051,1.7164068,-2.8846421
1356078926963,-3.1515837,0.74824,-1.796409
1356078927004,-5.4883995,-1.7506394,-0.6027889
1356078927044,-0.8703413,3.022149,1.1035333
1356078927084,0.56661606,6.1392837,-0.03765309
1356078927126,-2.0142155,4.316782,-0.033630252
1356078927164,-1.2016296,-1.8948848,2.1054287
1356078927207,3.6687956,-4.42307,2.0206957
1356078927244,7.504735,-1.5902176,-0.2922759
1356078927284,7.3920116,-1.0415168,-0.5426793
1356078927325,6.940559,-1.40734,-0.39497298
1356078927364,6.680392,-1.829135,-2.0429654
1356078927405,3.9892445,-0.39763498,-4.206791
1356078927444,-8.465454,4.0915956,-12.233099
1356078927485,-2.6394997,-0.0983901,-7.8717885
1356078927532,-1.8661556,6.6205173,-7.275512
1356078927573,0.6158662,-1.6778376,5.7870035
1356078927614,6.304254,0.9839134,4.57071
1356078927654,-9.134548,-1.2767863,7.6461253
1356078927694,-2.5205545,-2.3476853,3.0246382
1356078927733,1.2895112,-0.5075216,2.9736838
1356078927773,-0.38955355,-0.07545519,2.1576242
1356078927823,0.48108816,-0.63389015,2.8813796
1356078927854,-0.9597492,-2.205308,2.448739
1356078927891,0.14337301,-1.8728476,2.9573789
1356078927935,0.737298,-0.87210274,1.6941799
1356078927976,-0.16922379,-1.273521,0.11999011
1356078928013,-1.4337482,-0.29352808,1.1691664
1356078928053,-2.406382,0.33201647,-0.17113566
1356078928093,-2.4149704,1.9571242,-1.8706439
1356078928134,-5.0595827,-0.80768156,-1.3996053
1356078928174,-4.519886,-1.8459761,-0.3038125
1356078928214,0.99759436,2.7000065,1.6967497
1356078928255,-0.021725655,5.7935963,-0.7108878
1356078928295,-1.7973251,4.1628914,0.07229608
1356078928341,-0.6980448,-1.3214312,1.6206114
1356078928382,5.8012533,-3.9902983,0.52937734
1356078928419,7.735963,-1.6994104,-0.53870636
1356078928458,6.9881153,-0.7164922,-1.3763812
1356078928502,6.388238,-0.62596035,-1.8541731
1356078928554,5.4763894,-1.8166051,-2.2304864
1356078928596,0.49588966,-0.44323254,-6.001378
1356078928635,-8.946251,-1.5835128,-9.444512
1356078928673,-0.17005634,-1.7872987,-6.1237965
1356078928715,4.1051607,-2.216908,-5.1917105
1356078928753,-4.77704,4.995221,-3.1920125
1356078928825,-8.274609,8.938093,0.7240324
1356078928833,6.975586,-0.20340204,6.9106245
1356078928872,-0.79023695,-0.6041217,7.552673
1356078928914,-7.0345864,-2.908262,4.8949466
1356078928955,2.521617,1.0952983,2.6491888
1356078928994,0.8913441,0.6694946,2.09906
1356078929035,-0.51158047,-0.8953395,3.5133922
1356078929074,-0.2940879,-2.40804,2.958904
1356078929113,-0.15168,-2.115162,3.0631301
1356078929153,0.31124306,-1.2564168,1.6839075
1356078929192,-0.5333667,-1.5264802,0.077426076
1356078929233,-1.397408,-1.5281153,0.45029342
1356078929274,-2.1495628,0.3075242,0.2824623
1356078929313,-2.397143,1.3616157,-1.6508353
1356078929353,-4.8259206,1.2169886,-0.35966253
1356078929395,-4.0236626,-0.2416501,-0.8235213
1356078929434,1.3002009,3.7803812,1.6121694
1356078929475,1.2043414,5.3202686,-0.38345557
1356078929514,-1.9406948,3.896265,-0.22075021
1356078929553,-1.0934172,-1.1576633,1.5208695
1356078929593,3.342544,-3.621157,0.45477962
1356078929633,7.230483,-2.0652366,-0.9603407
1356078929674,6.896492,-1.6180387,-1.683535
1356078929713,6.609179,-2.1995564,-1.6790977
1356078929755,5.608224,-2.3615093,-2.1552203
1356078929824,2.8946714,-2.1449432,-3.835846
1356078929835,-3.8288608,0.79756355,-9.500684
1356078929871,-3.7614331,-0.31471252,-7.668086
1356078929917,2.847089,-1.220727,-6.743574
1356078929954,-2.9541254,7.2033024,-2.8235269
1356078929993,-4.149665,4.9629745,3.685875
1356078930033,3.9429092,-1.0695119,5.736738
1356078930074,-3.1593804,-1.3118119,8.842167
1356078930113,-5.824374,-2.5910885,4.5347342
1356078930154,1.2680526,1.1232581,2.7496443
1356078930194,1.1184878,1.1093345,2.5724273
1356078930234,-0.78772974,-1.2621312,3.2695482
1356078930275,-1.2285624,-1.9829502,2.6861935
1356078930314,-0.79351187,-2.1996922,2.1709604
1356078930356,-0.40403032,-1.5893507,1.3054605
1356078930395,-0.40593004,-0.8033552,0.016617656
1356078930433,-0.68802786,-0.42860985,0.22707593
1356078930472,-1.7809191,0.92357826,-0.6308106
1356078930514,-2.7162895,0.8646045,-2.153817
1356078930553,-5.666699,-0.4064479,-0.9634727
1356078930594,-3.8720837,-0.4974389,-0.4917074
1356078930634,1.1238594,3.5709262,0.6869863
1356078930674,-0.17550564,5.8847723,-0.6777775
1356078930720,-1.8811779,3.2955055,0.8809593
1356078930754,-0.920743,-2.240089,1.8419743
1356078930827,3.943397,-4.3987045,0.91588384
1356078930833,8.259541,-2.279005,-0.34136772
1356078930870,6.5450635,-0.9607439,-1.3411453
1356078930913,6.121311,-1.2440195,-1.1893871
1356078930953,5.5074663,-1.7002816,-2.6815205
1356078930994,3.1962752,-0.7774992,-4.442343
1356078931034,-6.0914326,1.7141924,-9.589565
1356078931075,-2.831603,-0.9452529,-6.7017474
1356078931115,3.9662092,-1.526866,-6.262329
1356078931156,0.390172,2.5069509,-3.362188
1356078931194,-6.420293,8.668922,0.7974907
1356078931236,1.4769258,-0.14725065,4.723117
1356078931276,2.8604703,0.31523085,7.4787683
1356078931314,-9.17281,-3.5526795,7.2986546
1356078931351,-1.626821,-1.2781057,3.518363
1356078931391,2.7358112,2.3052545,2.6723878
1356078931429,0.18647051,-0.022918701,3.0939333
1356078931471,-1.3474512,-1.7181096,2.360921
1356078931514,-1.3264127,-2.4486797,2.353518
1356078931554,0.43207645,-1.7601385,1.1545762
1356078931595,0.33978176,-1.1015348,0.43883812
1356078931634,-0.3223734,-1.5544019,-0.41896772
1356078931675,-0.8797817,-0.47628212,1.6976604
1356078931714,-2.349957,0.9610758,-1.2813427
1356078931754,-2.6014318,1.0947247,-2.1500266
1356078931827,-3.9221182,-0.47412968,-1.4497867
1356078931833,-4.3040953,-1.8293805,-0.8926644
1356078931872,0.045108795,1.9777484,1.7517648
1356078931914,0.67264366,5.7708445,-0.53290063
1356078931954,-1.9214649,4.493767,0.2207591
1356078931997,-1.1409655,-0.5331292,1.5549765
1356078932036,2.6758761,-3.8957899,1.4214435
1356078932074,7.684638,-2.0906923,0.3227412
1356078932113,6.7055864,-0.65720654,-1.146769
1356078932155,6.5871477,-0.11651182,-1.5910497
1356078932194,6.7918053,-1.7639198,-0.9068068
1356078932234,5.1593466,-1.744916,-3.156312
1356078932273,-5.8372707,2.0694485,-10.836657
1356078932313,-5.930868,-0.4784298,-7.3251452
1356078932354,5.584736,-2.590293,-9.503697
1356078932396,-3.8812852,8.274934,-2.6576054
1356078932434,-1.165308,0.35390568,3.3919406
1356078932474,6.622094,0.61732435,4.542646
1356078932514,-4.994403,-0.28599072,9.49844
1356078932557,-4.8409686,-2.4259276,2.7624302
1356078932594,0.7727504,0.022449493,3.2491267
1356078932633,0.3446555,0.667511,2.2508152
1356078932673,-0.8805065,-0.81770515,2.87906
1356078932713,-1.0566587,-1.8835564,2.8295221
1356078932753,-1.0129275,-1.8797021,2.834215
1356078932824,0.06611204,-0.9264579,1.6806359
1356078932832,-0.63286924,-0.7138705,0.15803993
1356078932870,-1.1577139,-0.66029215,0.92325586
1356078932915,-2.8751006,0.39076185,0.49644947
1356078932954,-3.6323771,0.7480507,-1.1579083
1356078932997,-5.8674517,0.5023813,0.013052344
1356078933034,-2.6968784,0.12818527,-0.8170853
1356078933074,1.9230003,3.154317,1.4403169
1356078933114,1.5609317,4.4575067,0.05758077
1356078933153,-1.5288534,2.8274531,-0.17029417
1356078933194,-0.8563013,-0.17497253,1.852099
1356078933234,2.2487316,-3.1033723,0.90875125
1356078933276,6.731871,-2.9486544,-0.26372576
1356078933314,6.678974,-0.9932642,-1.7497315
1356078933357,6.2495985,-1.0028529,-2.4621508
1356078933395,5.553672,-2.0786076,-2.1311195
1356078933433,3.3977332,-1.9985218,-4.5330915
1356078933475,-2.970026,1.3178573,-9.141542
1356078933513,-4.287578,0.50552416,-8.84152
1356078933553,1.8203316,0.28461695,-6.2127647
1356078933593,-2.9310913,4.6400886,-4.379489
1356078933634,-2.2893586,2.8286223,3.8680115
1356078933674,4.185917,0.27056837,6.351664
1356078933714,-5.5796576,-1.2921262,7.9664645
1356078933753,-4.8685083,-2.464088,3.8632782
1356078933824,1.0583324,0.85995436,2.9518676
1356078933833,0.8461509,0.99150515,2.4902525
1356078933873,-0.2719493,-0.95219755,2.7235055
1356078933912,-1.3147182,-2.3030958,2.2204175
1356078933954,-0.63721895,-2.0112128,2.3110511
1356078933994,0.29191208,-0.831151,1.6011773
1356078934033,0.45151234,-0.7307868,-0.07707393
1356078934073,-0.81395483,-1.2987828,1.0005049
1356078934114,-2.170658,0.23716593,0.34249353
1356078934154,-2.7258759,1.4154935,-2.3743346
1356078934194,-3.8663359,0.07194376,-1.6750727
1356078934235,-5.3361053,-1.4295967,-0.92779124
1356078934274,-1.1119556,1.377224,0.96655583
1356078934312,1.6356392,4.5724564,0.42579994
1356078934351,-1.84476,5.182476,-1.1169251
1356078934391,-1.4371004,0.16098166,2.3253872
1356078934428,1.9938192,-3.4897878,1.8351338
1356078934471,7.4460897,-3.027288,-0.058835983
1356078934514,7.6871195,-1.2827411,-0.740481
1356078934554,6.4138002,-0.8624635,-2.0173438
1356078934596,6.2542677,-1.514193,-2.1763895
1356078934635,5.7464323,-1.7742677,-1.5799485
1356078934675,-0.851017,2.5203524,-6.271732
1356078934723,-8.736595,2.7713537,-8.72022
1356078934765,6.8291926,-3.62015,-8.674847
1356078934825,-0.39410877,4.1593103,-4.437646
1356078934837,-6.359364,5.8131175,2.0590446
1356078934868,0.96121407,-0.41776657,2.8799505
1356078934900,2.8133144,0.9214468,6.6481533
1356078934942,-6.242378,-1.0969081,7.8061013
1356078934984,-4.069704,-2.3562472,2.3463645
1356078935024,0.33872938,-0.0787344,3.372336
1356078935064,0.051668644,-0.1628685,3.0274749
1356078935104,-0.04887247,-0.6923828,2.8100843
1356078935144,-1.0639467,-2.0483584,2.2195153
1356078935185,-0.84808636,-1.9157324,2.5654771
1356078935224,0.14876842,-1.4359016,1.7878869
1356078935263,-0.48687172,-1.3655,0.45277917
1356078935305,-0.8059387,-0.62747097,1.1801014
1356078935343,-1.5268936,1.1528196,0.73116183
1356078935383,-1.8405557,2.0853434,-1.6385415
1356078935423,-3.2645655,0.6677022,-0.8330859
1356078935464,-5.0790653,-1.5174572,-1.1354334
1356078935504,-1.1077375,0.9665308,0.5503184
1356078935545,2.052351,3.4050674,1.2586993
1356078935584,-1.0101938,4.280928,-1.5793259
1356078935626,-1.4631758,1.4936581,1.1804631
1356078935665,0.7894163,-2.0768378,1.700906
1356078935709,4.4733,-3.3680146,0.032939196
1356078935753,5.8584957,-1.4213758,-0.98528683
1356078935794,5.9404373,-1.1604447,-1.3899236
1356078935833,5.680746,-1.6251574,-1.6754026
1356078935872,4.9846916,-1.5108685,-2.3826308
1356078935916,-0.16725063,1.4948835,-5.981456
1356078935954,-7.3665123,0.20704126,-9.624653
1356078935997,1.3229666,-1.206881,-5.749473
1356078936034,1.5795021,-0.15143347,-6.0141315
1356078936073,-9.896185,5.6473513,-0.39789557
1356078936115,1.1924973,1.1263552,6.167005
1356078936153,6.6717587,3.0260224,6.3505077
1356078936193,-7.96293,-1.9060094,6.4731426
1356078936234,-1.0726309,0.01678276,3.235496
1356078936273,2.658327,1.8029766,2.0184934
1356078936313,0.07169247,-0.56106234,2.3073437
1356078936355,-0.46561146,-1.5049629,2.5769005
1356078936394,-0.77623224,-2.2387767,2.1280541
1356078936434,0.45263004,-1.5193157,1.5774252
1356078936474,-0.27935076,-1.0221357,0.48312628
1356078936514,-0.67906713,-0.83970165,0.20333445
1356078936553,-1.8021116,0.09126186,-0.43542576
1356078936593,-3.1918602,-0.16456175,-1.938299
1356078936633,-4.523704,0.27912617,-1.2088553
1356078936674,-3.9003925,-1.0941353,-0.7486262
1356078936714,0.33384848,1.9553266,1.1664201
1356078936754,0.5547614,5.117485,0.29411346
1356078936827,-0.6148443,5.100211,-0.5673406
1356078936832,-0.51320934,0.54953766,1.9506269
1356078936874,1.3280935,-3.413717,1.3285525
1356078936915,5.9311237,-2.7048564,0.14067858
1356078936953,6.915923,-0.7939515,-0.670489
1356078936994,6.5753937,-1.5410652,-1.030612
1356078937033,5.6073637,-2.1113658,-1.7656646
1356078937073,4.1415515,-1.9141316,-3.7917128
1356078937113,-2.540022,1.3056955,-8.6075735
1356078937156,-5.6946907,0.6942215,-9.119231
1356078937194,2.1692176,-1.0616598,-6.6422524
1356078937236,-3.7483315,5.56057,-4.867019
1356078937274,-2.3550253,1.6999507,4.956155
1356078937316,7.6263623,0.1591835,6.653857
1356078937351,-6.2259245,-1.1948323,7.090494
1356078937391,-4.9256144,-2.2163088,3.4836085
1356078937428,1.5099673,0.5338955,3.3648996
1356078937470,0.44487476,0.12177515,2.3556008
1356078937513,-0.121293545,-0.65936565,2.7628298
1356078937554,-1.6777005,-2.4795535,2.425964
1356078937595,-0.80416584,-2.2441807,1.9735594
1356078937634,-0.14979935,-1.1098666,1.666308
1356078937675,-0.72182083,-1.1161942,-0.0105621815
1356078937714,-1.2675986,-0.41989374,-0.21052706
1356078937753,-1.9649086,0.74471426,-0.384915
1356078937795,-2.3495502,1.02595,-2.1310236
1356078937836,-3.4649444,-0.5450654,-1.247741
1356078937874,-3.7284718,-1.0841908,-0.57031107
1356078937913,0.741601,3.0876951,1.6648071
1356078937953,0.87424374,5.720474,-0.22512501
1356078937994,-1.3249655,4.424426,0.33063817
1356078938036,-1.0088663,-0.6829829,2.1179876
1356078938074,2.3165784,-3.8948503,1.6606472
1356078938116,6.7526093,-1.7992845,0.17847723
1356078938154,6.761194,-0.6140523,-0.9625549
1356078938193,5.351061,-0.9736562,-1.437
1356078938235,5.060315,-1.1251259,-1.9407231
1356078938274,4.5132403,-1.4494543,-4.090417
1356078938313,-0.749526,0.81048584,-7.0282726
1356078938353,-7.402311,-1.0271573,-9.086559
1356078938395,0.92258453,-2.1636918,-6.7420697
1356078938434,-2.6888452,3.216732,-4.6497984
1356078938476,-4.97768,4.089595,5.6411266
1356078938513,7.426137,1.2051883,6.024766
1356078938555,-6.590521,-1.3169641,6.956185
1356078938594,-5.092114,-1.9575245,4.126952
1356078938637,2.787325,2.080338,2.565896
1356078938674,0.3186574,-0.14593887,2.8040495
1356078938714,-1.256362,-1.3687305,2.827707
1356078938754,-0.54349947,-1.794116,2.6687846
1356078938794,0.39980507,-1.6856813,2.3785381
1356078938835,0.17257452,-0.93737364,0.96816844
1356078938873,0.30206823,-0.91420174,0.30880833
1356078938915,-2.391364,-0.6746187,0.1308344
1356078938955,-3.1954556,-0.27925634,-1.4484845
1356078938993,-3.7231646,0.5947571,-1.0910642
1356078939034,-3.9489174,-0.05258274,-2.011269
1356078939077,0.86752415,2.4321556,0.39928707
1356078939114,1.2211995,4.0334387,0.99927264
1356078939154,-1.0797577,5.728324,-0.97323847
1356078939194,-0.78454876,2.6162958,1.0874463
1356078939234,0.0071058273,-1.3082442,2.192727
1356078939274,4.775037,-3.7672012,0.834797
1356078939314,7.506609,-2.1672935,-0.39601284
1356078939356,7.0737457,-2.0307941,-1.0787331
1356078939394,6.1693892,-2.3014383,-1.0643219
1356078939436,4.3843064,-1.4889388,-3.9040375
1356078939474,-1.5732632,2.5365944,-8.123357
1356078939513,-6.79836,-0.5096426,-10.350282
1356078939555,1.0313344,-2.6475196,-5.570756
1356078939594,-0.7184901,1.7594671,-5.81811
1356078939634,-6.228234,5.7370787,3.977449
1356078939673,6.4731445,1.0738969,5.8082705
1356078939714,-1.5479856,-1.026041,5.580106
1356078939755,-5.7429695,-1.9933379,4.3714533
1356078939795,1.3296175,1.115068,2.6594186
1356078939836,1.758121,0.80850506,2.4409914
1356078939875,-0.94561577,-1.3681726,3.0288048
1356078939914,-1.6312675,-2.3765447,2.4006877
1356078939953,0.07751751,-1.9863281,2.5461695
1356078939993,-0.4755249,-1.3331051,1.6836698
1356078940036,-0.43837166,-0.7264595,0.33911562
1356078940085,-0.977973,-0.11579609,0.7843369
1356078940124,-2.5058017,0.7122245,-0.97801626
1356078940165,-3.0954132,-0.44293547,-1.3513998
1356078940204,-5.5510006,-0.98938465,-1.6176608
1356078940247,-1.5301123,0.7956104,-0.28611848
1356078940284,1.7463746,3.806859,1.3818549
1356078940324,-0.57058144,5.608083,-1.1871402
1356078940361,-1.6067362,3.1642337,1.2010663
1356078940402,0.30529022,-1.1606827,1.6907755
1356078940439,3.606391,-3.4606915,0.88424057
1356078940479,6.31173,-2.1216295,-0.14476657
1356078940524,6.442519,-0.9015622,-1.4652313
1356078940572,6.1365814,-1.7150264,-1.4772037
1356078940613,5.013934,-2.3288622,-2.4339366
1356078940653,2.5855675,-0.93506193,-5.276106
1356078940699,-5.6637225,1.730401,-10.092962
1356078940733,-2.0258121,0.8268652,-7.5737453
1356078940773,-1.4490356,7.1184545,-5.6984024
1356078940829,-5.317973,3.6877089,1.9321952
1356078940854,5.9527926,-2.4133472,4.565612
1356078940894,-1.550693,1.2356324,7.7341714
1356078940934,-8.215657,-2.9405472,4.334721
1356078940976,0.99166393,-1.0158715,3.016119
1356078941014,-0.593946,-0.5982542,1.3623552
1356078941053,0.24532175,-0.45823288,2.5145617
1356078941093,-0.14982367,-1.8279619,1.8612665
1356078941133,-0.99276066,-2.516697,1.7248034
1356078941176,0.5490742,-1.5558834,1.7896951
1356078941214,0.27322626,-0.5112691,0.67686373
1356078941254,-0.24798012,-0.76600075,0.09078133
1356078941294,-0.99925375,0.15489769,0.7566153
1356078941335,-1.9751673,0.83654976,-0.92967474
1356078941374,-2.4397707,1.2379527,-1.229603
1356078941416,-5.040352,-0.30801773,-0.8421138
1356078941454,-2.9348783,0.49300575,0.16929209
1356078941493,1.389823,4.1861277,1.3066845
1356078941533,0.29210663,4.9467754,-0.91460264
1356078941573,-0.50074196,1.987495,0.97119033
1356078941614,-0.18562698,-0.6606407,1.5523165
1356078941654,3.4150696,-3.177396,0.45009232
1356078941696,6.3728294,-1.4576454,-0.57412106
1356078941734,6.18843,-1.1257687,-1.2044033
1356078941775,5.3959804,-1.9644723,-1.0041723
1356078941832,4.4442244,-2.1947894,-2.6230752
1356078941857,2.7043824,-0.98004246,-5.343064
1356078941894,-4.464564,0.86777544,-9.178529
1356078941934,-3.2766886,-0.76225424,-7.2085004
1356078941974,1.2598615,-1.2372665,-6.2108264
1356078942014,-6.236561,4.678536,-2.4462242
1356078942053,-2.132915,1.7144299,4.9449697
1356078942093,5.9007173,0.8776684,6.9342003
1356078942133,-6.8914146,-0.8277564,5.8249264
1356078942175,-2.228351,-1.3454804,4.057171
1356078942213,1.5435429,1.2490149,2.761619
1356078942254,-0.28454447,-0.1325469,3.1014242
1356078942297,-0.28477383,-1.3236871,3.1991327
1356078942334,-0.2303791,-1.8952069,3.0591233
1356078942374,0.08948803,-1.167099,2.6615295
1356078942413,-0.14425707,-1.1551027,0.8851471
1356078942452,-0.35606766,-0.05308056,0.5909217
1356078942494,-1.6290884,0.09379673,0.14178413
1356078942533,-2.1678348,1.0940351,-1.3752476
1356078942575,-3.3729544,1.6120152,-0.25063077
1356078942614,-4.567072,-0.24685621,-1.9201344
1356078942655,0.074754715,1.7638683,-2.0058453E-4
1356078942694,1.916039,3.251646,1.4014688
1356078942736,-1.042654,4.406659,-1.6573758
1356078942774,-1.3359442,1.6359544,0.67752683
1356078942831,1.0340366,-1.9060483,1.3054628
1356078942854,5.256562,-3.1220732,0.07504994
1356078942893,6.6770687,-2.1692543,-1.1008793
1356078942933,6.5365767,-2.0839143,-1.411484
1356078942974,5.64855,-2.8198183,-1.7466376
1356078943016,3.9331975,-2.7604144,-3.7752905
1356078943054,-1.153388,-0.060424805,-8.081786
1356078943096,-4.238478,1.0587969,-9.445618
1356078943134,0.56557274,-0.3470049,-5.1480103
1356078943173,-0.2513013,2.1632824,-6.899396
1356078943215,-4.4252396,6.659244,2.3830771
1356078943254,2.970633,-0.002236843,5.1286135
1356078943294,-3.3572283,-1.0250831,7.6233196
1356078943333,-6.833039,-1.9099936,4.812583
1356078943382,2.1090941,1.2138329,2.9397814
1356078943419,-0.25711966,0.3585353,3.2561796
1356078943459,-0.74567175,-1.417306,3.0799823
1356078943503,-0.9312601,-1.7859349,2.0821686
1356078943543,0.46853685,-1.665112,1.6514059
1356078943583,0.39341307,-1.3093596,1.8276322
1356078943623,-0.038654327,-0.5949993,0.90406597
1356078943664,-0.13798714,0.048685074,0.289137
1356078943704,-1.8488588,0.852942,-0.214028
1356078943743,-3.168704,0.8738947,-1.0486469
1356078943783,-5.3119717,0.22094202,-0.9755372
1356078943831,-1.8977833,0.6354637,-0.580143
1356078943864,1.4597692,2.7320676,1.1892468
1356078943906,0.14729881,4.3942194,-1.0680546
1356078943944,-0.7496872,2.349351,0.44049418
1356078943984,0.74525166,-0.83616114,0.60398257
1356078944023,2.9145722,-2.7402375,0.157615
1356078944064,5.741742,-1.2771688,-0.38778454
1356078944104,5.8180056,-1.2584567,-1.1507164
1356078944144,6.0371656,-1.7936616,-1.3946822
1356078944186,4.79387,-2.2461991,-2.3900313
1356078944224,1.886972,-1.1462812,-5.6937017
1356078944266,-2.7340212,0.55454063,-9.321172
1356078944304,-1.7272153,0.32344866,-6.9610634
1356078944347,0.4461403,1.1352448,-5.8301992
1356078944384,-5.4038916,6.1158104,-3.569265
1356078944423,0.8586259,0.14583683,3.7125292
1356078944462,3.0293045,0.34648418,5.260235
1356078944503,-7.2123337,-0.9007349,6.9051275
1356078944543,-1.0140977,-1.0427141,3.5999708
1356078944584,0.77250624,0.08999443,3.321805
1356078944624,-0.5971732,-0.082006454,2.7227666
1356078944664,0.124399185,-0.77153206,2.7777405
1356078944703,-1.1890326,-1.8250318,2.068287
1356078944744,0.10940695,-1.6024251,1.9573145
1356078944783,0.59164,-0.7933459,2.0070434
1356078944829,-0.26462698,-0.5780988,0.64081144
1356078944864,-0.7469306,-0.45502615,0.983957
1356078944903,-2.119604,0.43587065,0.5186895
1356078944943,-3.7191577,0.33060312,-1.2007442
1356078944984,-5.782868,-0.053801537,-0.99932957
1356078945025,-2.402947,0.10407591,-0.33127075
1356078945065,1.8278818,2.544117,1.5467556
1356078945105,0.33063698,4.055767,-0.33778834
1356078945145,-1.4559422,3.1344228,-0.70746905
1356078945184,-0.14712429,0.57889986,1.7496096
1356078945223,2.5905771,-2.776945,0.6338752
1356078945264,5.7672424,-2.002635,-0.01860559
1356078945304,6.26173,-0.7938285,-1.0822208
1356078945343,5.990173,-1.667244,-1.5090003
1356078945383,5.098386,-2.3602195,-2.1607194
1356078945424,2.8475919,-1.6299047,-5.0347095
1356078945464,-3.1797547,1.0704055,-9.55021
1356078945506,-3.0153813,0.33589077,-7.494247
1356078945544,1.0003471,1.1769686,-6.0896454
1356078945585,-4.5057526,6.0035734,-2.2194839
1356078945624,2.3175895,0.2271347,4.165579
1356078945663,3.1007733,-0.06406307,6.8201284
1356078945712,-8.238424,-1.6536717,6.5813503
1356078945743,-0.36972427,-0.7481966,2.8488765
1356078945783,0.97375727,0.28592634,2.915183
1356078945823,-0.27489948,0.07503939,2.5985737
1356078945864,-0.57095957,-1.200418,2.6501586
1356078945904,-1.6789765,-2.2091327,1.9349548
1356078945945,0.007753372,-1.738297,2.3494656
1356078945984,-0.2820468,-0.7538171,1.8373797
1356078946026,-0.50824404,-0.25743628,0.52995896
1356078946065,-1.6452236,0.2297144,0.20458692
1356078946104,-2.6060195,0.59553623,-0.50515723
1356078946144,-3.7944283,0.51350737,-0.8034284
1356078946184,-6.0115438,0.0037322044,-0.79429185
1356078946223,-1.2885675,0.9383621,-1.077344
1356078946263,2.449294,2.460568,1.642417
1356078946304,0.24477196,2.9772801,-0.7068784
1356078946343,-1.3258562,2.0247073,0.07149589
1356078946382,1.0357552,-0.5166092,0.56616527
1356078946422,3.264236,-2.2723975,0.273861
1356078946459,5.3457317,-1.6440277,-0.35946774
1356078946501,5.1638026,-1.0768576,-1.3572998
1356078946543,5.1140738,-1.2781539,-2.1476924
1356078946597,4.2390814,-1.9869633,-2.665434
1356078946633,2.6070256,-0.83472395,-4.44529
1356078946675,-1.8019476,-0.38438797,-6.751741
1356078946714,-3.8381348,-1.2074952,-7.565974
