1356095602257,4.0180025,-8.499097,-1.0351465
1356095602298,4.0180025,-8.349273,-0.46309182
1356095602338,3.990762,-8.390134,-0.61291564
1356095602377,3.990762,-8.308413,-0.7218784
1356095602418,3.9090397,-8.117727,-0.7627395
1356095602458,4.140586,-8.471856,-1.1168685
1356095602498,4.099725,-8.008764,-1.0760075
1356095602538,4.399372,-8.349273,-1.1441092
1356095602577,4.671779,-8.390134,-1.334794
1356095602617,4.5219555,-7.9679036,-0.7218784
1356095602658,4.372132,-8.349273,-0.9942854
1356095602697,4.372132,-8.349273,-1.2258313
1356095602738,4.372132,-8.158588,-1.2258313
1356095602777,3.990762,-7.6273947,-1.1441092
1356095602819,3.9090397,-7.504812,-1.607201
1356095602857,4.5219555,-8.430995,-2.1383946
1356095602897,4.9850473,-9.534244,-2.9147544
1356095602937,5.175732,-9.575105,-4.372132
1356095602978,4.7126403,-8.049625,-4.7126403
1356095603017,4.4810944,-7.205164,-5.053149
1356095603057,3.445948,-6.4015636,-4.4810944
1356095603097,2.9147544,-5.6252036,-4.372132
1356095603137,2.4925237,-4.903325,-3.9090397
1356095603193,2.5606253,-5.012288,-4.7126403
1356095603228,3.405087,-5.202973,-5.8158884
1356095603267,3.9090397,-5.434519,-6.0201936
1356095603297,3.990762,-6.0201936,-6.66035
1356095603327,4.140586,-5.6660647,-7.3141265
1356095603357,4.099725,-5.243834,-7.9679036
1356095603397,3.718355,-6.2789803,-7.43671
1356095603427,4.6036777,-10.651112,-7.3141265
1356095603467,1.5390993,-6.2108784,-4.8216033
1356095603497,3.6774938,-8.962189,-2.6423476
1356095603537,4.372132,-8.689782,-1.7297841
1356095603567,4.099725,-8.049625,-1.7297841
1356095603607,4.671779,-8.771504,-1.607201
1356095603637,5.134871,-7.273266,-1.3075534
1356095603677,5.6660647,-6.4015636,-0.6537767
1356095603717,3.718355,-6.1700177,-0.46309182
1356095603757,3.486809,-7.246025,-0.040861044
1356095603797,3.6774938,-7.273266,-0.040861044
1356095603838,4.3312707,-8.049625,-0.53119355
1356095603877,6.782933,-9.343558,-1.9885708
1356095603917,7.5865335,-9.888372,-1.920469
1356095603957,7.504812,-11.114203,1.0351465
1356095603997,1.6889231,-12.108489,1.607201
1356095604037,4.2495484,-13.525005,0.50395286
1356095604077,5.47538,-13.6748295,-2.8330324
1356095604117,5.597963,-9.534244,-2.7921712
1356095604192,3.0645783,-5.434519,-0.6946377
1356095604200,1.3756552,-2.7513103,-0.38136974
1356095604226,-0.19068487,-2.5333846,0.19068487
1356095604257,-0.84446156,-2.3018389,-0.23154591
1356095604297,1.56634,-2.982856,-2.8738933
1356095604338,5.053149,-6.66035,-7.273266
1356095604366,6.3198414,-8.430995,-8.853226
1356095604407,5.2165933,-4.372132,-8.049625
1356095604447,3.7864566,-16.235455,-2.6014864
1356095604487,2.4108016,-3.486809,-1.6889231
1356095604527,5.47538,-11.604536,0.95342433
1356095604567,3.5276701,-9.915613,-1.525479
1356095604607,2.6014864,-7.273266,0.3405087
1356095604647,4.2495484,-6.3198414,0.92618364
1356095604687,3.6774938,-6.3198414,0.23154591
1356095604727,3.990762,-6.2789803,-0.19068487
1356095604767,4.671779,-7.4639506,-0.7218784
1356095604808,4.944186,-7.7363577,-1.9477097
1356095604847,6.701211,-9.00305,-1.8387469
1356095604887,7.8589406,-9.847511,-0.9942854
1356095604928,6.973618,-10.310603,1.4573772
1356095604967,1.4165162,-14.628253,2.5333846
1356095605007,4.2495484,-15.322891,-2.2201166
1356095605047,6.469665,-11.264028,-3.486809
1356095605087,6.4015636,-8.049625,-1.8387469
1356095605127,2.6014864,-4.944186,-0.46309182
1356095605189,-0.5720546,-1.7978859,0.42223078
1356095605208,-0.6537767,-2.1111538,0.50395286
1356095605248,1.2666923,-1.7978859,-2.1792557
1356095605287,4.7943625,-7.205164,-6.851035
1356095605328,6.1291566,-10.079058,-8.19945
1356095605367,6.0474343,-12.53072,-6.3607025
1356095605407,3.214402,-9.575105,-2.6423476
1356095605447,1.8387469,-7.1234417,0.46309182
1356095605487,6.4015636,-11.304889,0.27240697
1356095605527,1.0760075,-7.4639506,-0.040861044
1356095605567,4.372132,-7.7772183,0.38136974
1356095605607,3.7864566,-5.938472,0.46309182
1356095605647,3.9090397,-6.510526,0.040861044
1356095605687,3.5957718,-6.742072,0.040861044
1356095605727,4.2495484,-8.267551,-0.61291564
1356095605767,5.6252036,-7.3958488,-1.9477097
1356095605807,7.0553403,-9.112013,-1.3756552
1356095605847,7.6954966,-9.656827,-0.27240697
1356095605887,5.09401,-10.95076,1.7570249
1356095605927,0.7627395,-16.317177,1.5390993
1356095605968,5.6660647,-15.009624,-2.9556155
1356095606008,7.6954966,-10.841797,-3.255263
1356095606048,3.990762,-6.4015636,-0.53119355
1356095606088,-0.08172209,-2.6423476,-0.040861044
1356095606128,-0.42223078,-1.920469,0.10896278
1356095606188,-0.23154591,-0.8036005,-0.3405087
1356095606199,3.255263,-3.214402,-3.405087
1356095606238,6.4424243,-9.888372,-7.8589406
1356095606278,5.053149,-7.6954966,-7.6954966
1356095606318,5.325556,-13.715691,-5.284695
1356095606358,2.7649305,-7.4639506,-2.8330324
1356095606398,1.879608,-8.62168,0.7627395
1356095606438,7.5456724,-11.9450445,0.6946377
1356095606478,0.61291564,-7.3958488,0.14982383
1356095606518,4.9850473,-8.008764,0.6946377
1356095606558,3.6774938,-6.0474343,0.8036005
1356095606598,3.8681788,-6.6331096,0.08172209
1356095606638,3.990762,-6.66035,-0.29964766
1356095606678,4.6036777,-8.076866,-0.7627395
1356095606718,5.2165933,-7.1234417,-1.879608
1356095606757,6.4424243,-8.880466,-1.6889231
1356095606798,7.3958488,-10.079058,0.08172209
1356095606838,5.706926,-11.073342,1.2666923
1356095606879,1.56634,-15.554437,1.607201
1356095606918,4.671779,-14.206022,-3.173541
1356095606958,8.158588,-12.14935,-3.1463003
1356095606998,3.990762,-7.8180795,-0.50395286
1356095607038,1.4165162,-4.9850473,0.23154591
1356095607078,-0.29964766,-1.879608,0.19068487
1356095607118,-1.1441092,-1.0760075,0.040861044
1356095607189,1.7978859,-2.1111538,-3.1463003
1356095607223,6.3198414,-9.234595,-8.349273
1356095607258,4.2904096,-6.891896,-8.076866
1356095607297,4.7535014,-17.66559,-4.1814466
1356095607338,-0.7627395,-2.3018389,-1.4165162
1356095607378,6.973618,-12.026767,0.6946377
1356095607418,2.8330324,-8.62168,-0.6946377
1356095607458,2.4925237,-8.008764,0.3405087
1356095607498,5.284695,-6.973618,0.42223078
1356095607537,4.2904096,-5.938472,0.19068487
1356095607578,3.568531,-6.5513873,-0.50395286
1356095607617,3.7864566,-7.205164,-0.23154591
1356095607658,4.372132,-7.4639506,-0.9125633
1356095607698,5.8567495,-7.8180795,-1.879608
1356095607738,6.4015636,-9.80665,-1.1849703
1356095607778,8.771504,-11.182305,0.23154591
1356095607818,5.012288,-12.176591,2.070293
1356095607858,1.920469,-14.601013,0.92618364
1356095607898,4.6036777,-13.525005,-2.6014864
1356095607938,6.3607025,-9.847511,-2.6423476
1356095607978,4.671779,-7.43671,-1.1168685
1356095608018,0.50395286,-3.9771416,-0.08172209
1356095608058,0.84446156,-3.0237172,-0.040861044
1356095608098,-0.9125633,-1.6889231,-0.14982383
1356095608138,1.56634,-2.4925237,-3.9499009
1356095608188,6.0882955,-8.62168,-8.267551
1356095608218,5.175732,-8.962189,-7.6273947
1356095608258,6.6331096,-13.865514,-7.1234417
1356095608297,-0.23154591,-6.0882955,-2.3426998
1356095608338,3.990762,-9.112013,0.38136974
1356095608378,4.2086873,-10.269742,-0.040861044
1356095608418,1.9477097,-8.19945,-0.14982383
1356095608458,5.407278,-8.499097,-0.46309182
1356095608498,4.2086873,-5.5162406,0.23154591
1356095608538,4.4810944,-6.66035,-0.7218784
1356095608578,4.099725,-7.246025,-0.29964766
1356095608618,4.140586,-7.6273947,-0.5720546
1356095608658,5.284695,-6.742072,-1.9885708
1356095608698,6.4424243,-8.308413,-1.56634
1356095608738,6.8237944,-8.812365,-0.6946377
1356095608779,6.1700177,-10.460427,0.53119355
1356095608818,1.3075534,-17.270601,1.3756552
1356095608858,5.284695,-14.859799,-3.9090397
1356095608898,6.510526,-11.073342,-3.486809
1356095608938,6.3198414,-8.267551,-1.56634
1356095608978,0.7218784,-3.5276701,0.27240697
1356095609018,-0.19068487,-2.2201166,0.50395286
1356095609058,-1.1849703,-1.3756552,0.19068487
1356095609098,1.1441092,-2.0294318,-3.1463003
1356095609138,6.5513873,-8.812365,-7.7363577
1356095609186,5.8567495,-9.997335,-8.240311
1356095609218,3.7864566,-8.076866,-8.308413
1356095609258,4.7535014,-16.126492,-2.9556155
1356095609298,-0.23154591,-3.636633,-0.84446156
1356095609338,7.3141265,-11.454713,1.0760075
1356095609378,2.9556155,-8.158588,-0.6946377
1356095609417,3.336985,-8.349273,-0.38136974
1356095609458,4.862464,-6.5513873,0.5720546
1356095609498,3.8273177,-6.2789803,-0.08172209
1356095609538,3.9090397,-6.4015636,-0.0
1356095609577,4.440233,-7.3549876,-0.08172209
1356095609618,4.630918,-8.008764,-1.3075534
1356095609658,6.4015636,-7.5865335,-1.525479
1356095609698,6.3198414,-9.615966,-1.1168685
1356095609737,7.7363577,-9.765789,-0.23154591
1356095609777,5.407278,-10.61025,1.56634
1356095609817,1.3075534,-16.04477,1.1849703
1356095609857,5.6252036,-14.2877445,-3.1463003
1356095609898,6.782933,-9.697687,-2.8738933
1356095609938,5.134871,-7.4639506,-1.3756552
1356095609978,0.6537767,-3.405087,-0.19068487
1356095610018,0.3405087,-2.6014864,0.08172209
1356095610058,-0.8036005,-1.3075534,-0.0
1356095610098,1.879608,-2.3426998,-2.8330324
1356095610137,5.434519,-9.80665,-7.6954966
1356095610177,6.851035,-8.390134,-7.5456724
1356095610217,6.4015636,-8.499097,-7.7363577
1356095610258,3.9499009,-13.6748295,-2.1383946
1356095610298,0.3405087,-5.9793324,0.50395286
1356095610338,7.273266,-10.95076,-0.29964766
1356095610378,3.0645783,-7.5456724,-0.7627395
1356095610418,4.7943625,-7.9679036,-0.38136974
1356095610458,3.5957718,-5.8158884,0.040861044
1356095610498,4.671779,-5.8158884,-0.6946377
1356095610538,4.5628166,-6.3198414,-0.19068487
1356095610578,3.6774938,-7.9270425,-0.61291564
1356095610618,4.7535014,-7.3958488,-0.95342433
1356095610658,6.851035,-7.6954966,-0.6946377
1356095610698,6.973618,-8.921328,-0.42223078
1356095610737,6.2789803,-11.182305,0.8036005
1356095610777,1.3075534,-16.630445,1.7978859
1356095610818,5.6252036,-15.241169,-4.140586
1356095610858,6.6331096,-11.141444,-3.9090397
1356095610897,6.4015636,-7.6546354,-1.56634
1356095610938,0.50395286,-3.445948,0.27240697
1356095610978,-0.42223078,-2.1792557,0.6537767
1356095611018,-1.0760075,-1.4573772,0.313268
1356095611058,1.6889231,-2.4108016,-3.0645783
1356095611098,6.782933,-9.847511,-8.267551
1356095611138,6.4424243,-9.384419,-8.539958
1356095611185,5.407278,-8.267551,-7.3549876
1356095611218,4.440233,-16.08563,-2.6423476
1356095611258,-0.3405087,-3.0237172,-0.040861044
1356095611298,8.471856,-11.836082,0.27240697
1356095611338,2.3018389,-7.6546354,-0.42223078
1356095611378,4.5628166,-8.117727,-0.27240697
1356095611418,4.2495484,-6.0474343,0.84446156
1356095611458,4.140586,-6.469665,-0.0
1356095611498,4.0180025,-6.428804,-0.0
1356095611538,4.7943625,-7.6273947,-0.9942854
1356095611579,5.012288,-6.701211,-1.3075534
1356095611628,6.510526,-8.962189,-1.1441092
1356095611668,7.7772183,-9.847511,0.040861044
1356095611708,5.8567495,-10.61025,0.7627395
1356095611747,1.0351465,-13.715691,1.1168685
1356095611787,5.407278,-14.982383,-1.879608
1356095611828,6.66035,-11.917805,-4.0588636
1356095611868,6.4424243,-8.499097,-1.4165162
1356095611908,1.4982382,-5.8567495,0.23154591
1356095611948,0.6537767,-2.2201166,0.08172209
1356095611988,0.040861044,-2.070293,-0.040861044
1356095612028,0.19068487,-1.607201,-2.0294318
1356095612068,5.5162406,-6.66035,-6.3607025
1356095612108,6.4015636,-9.724928,-9.043911
1356095612148,2.5333846,-4.2086873,-7.8861814
1356095612188,3.7864566,-16.126492,-2.9147544
1356095612228,2.1792557,-9.615966,-3.1054392
1356095612268,5.366417,-8.19945,0.84446156
1356095612307,6.3198414,-9.275456,-1.334794
1356095612348,2.7649305,-8.076866,-0.84446156
1356095612388,4.7943625,-7.504812,0.14982383
1356095612428,3.9499009,-5.8976107,0.3405087
1356095612468,4.4810944,-6.4015636,-0.50395286
1356095612508,4.7126403,-6.238119,-0.27240697
1356095612548,4.6036777,-7.5865335,-0.9942854
1356095612588,4.0588636,-7.8180795,-0.9125633
1356095612628,6.973618,-9.084772,-1.1441092
1356095612668,8.281172,-9.00305,-1.3756552
1356095612708,9.302697,-9.956474,0.9942854
1356095612747,3.214402,-11.75436,0.95342433
1356095612787,2.3426998,-13.0619135,0.040861044
1356095612827,6.510526,-13.947236,-2.5606253
1356095612868,6.782933,-9.575105,-1.9885708
1356095612908,5.09401,-8.349273,-0.8036005
1356095612948,0.5720546,-3.9771416,-0.14982383
1356095612987,1.6889231,-3.173541,-0.08172209
1356095613028,-0.38136974,-1.8387469,-0.14982383
1356095613067,2.3426998,-2.9556155,-4.2086873
1356095613108,4.5628166,-6.742072,-7.5456724
1356095613148,6.238119,-9.152874,-7.3958488
1356095613189,4.3312707,-7.5865335,-8.008764
1356095613227,5.325556,-17.924377,-2.5333846
1356095613267,-0.19068487,-3.214402,-0.5720546
1356095613308,8.430995,-10.651112,0.38136974
1356095613348,3.7864566,-8.853226,-1.0760075
1356095613388,3.486809,-8.349273,-0.27240697
1356095613428,5.09401,-6.66035,0.27240697
1356095613468,3.445948,-5.6660647,-0.27240697
1356095613508,4.8216033,-6.6331096,-0.27240697
1356095613548,4.0180025,-7.6273947,-1.0760075
1356095613588,4.7535014,-7.6954966,-1.4165162
1356095613628,7.014479,-8.539958,-1.7978859
1356095613668,8.240311,-9.80665,-0.84446156
1356095613708,8.812365,-10.228881,1.4165162
1356095613748,2.1792557,-13.33432,1.1168685
1356095613788,3.8273177,-14.437569,0.040861044
1356095613828,5.829509,-12.721405,-3.0237172
1356095613868,7.246025,-9.384419,-1.9477097
1356095613908,3.336985,-6.742072,-0.3405087
1356095613948,1.4573772,-3.7864566,-0.5720546
1356095613988,0.040861044,-2.070293,0.10896278
1356095614028,-0.19068487,-1.4982382,-0.38136974
1356095614068,2.6014864,-3.255263,-4.399372
1356095614108,5.7477865,-8.240311,-7.5865335
1356095614148,6.0882955,-9.275456,-9.575105
1356095614189,6.851035,-14.1787815,-6.3607025
1356095614227,0.38136974,-6.851035,-1.607201
1356095614267,3.2961242,-8.662541,-0.9125633
1356095614308,6.2789803,-10.18802,-0.7218784
1356095614348,2.4108016,-7.7772183,-0.14982383
1356095614388,4.9850473,-8.430995,-0.61291564
1356095614428,4.862464,-5.5162406,0.040861044
1356095614468,4.099725,-6.1291566,-0.84446156
1356095614508,4.630918,-6.0201936,-0.46309182
1356095614548,4.440233,-7.273266,-0.84446156
1356095614588,5.284695,-7.273266,-1.607201
1356095614627,6.782933,-8.19945,-1.334794
1356095614668,7.273266,-9.847511,-0.61291564
1356095614708,8.921328,-11.114203,0.6946377
1356095614748,3.2961242,-11.645397,1.879608
1356095614788,2.3699405,-13.947236,0.6537767
1356095614827,5.8567495,-13.402422,-2.7240696
1356095614868,6.851035,-9.275456,-2.5333846
1356095614908,4.2904096,-7.5865335,-1.1168685
1356095614948,0.5720546,-3.9499009,-0.14982383
1356095614988,1.1441092,-2.5333846,0.19068487
1356095615028,-0.53119355,-1.4165162,-0.19068487
1356095615068,2.4925237,-2.7240696,-4.4810944
1356095615107,6.701211,-9.084772,-8.499097
1356095615147,5.938472,-8.853226,-8.008764
1356095615189,6.6331096,-12.489859,-5.7886477
1356095615228,2.4925237,-10.310603,-2.4108016
1356095615268,1.6889231,-6.1700177,-0.0
1356095615307,7.8589406,-11.372991,0.46309182
1356095615348,1.56634,-7.205164,-0.10896278
1356095615388,5.407278,-8.471856,-0.50395286
1356095615428,5.284695,-5.407278,0.27240697
1356095615468,4.1814466,-6.5922484,-0.5720546
1356095615508,4.6036777,-6.8237944,-0.19068487
1356095615548,4.5628166,-7.4639506,-0.6537767
1356095615588,5.175732,-7.9270425,-1.4573772
1356095615627,6.238119,-7.7363577,-1.879608
1356095615668,7.504812,-9.956474,-0.38136974
1356095615708,8.962189,-11.536434,0.95342433
1356095615748,3.5957718,-11.073342,1.0351465
1356095615795,3.6774938,-12.762266,0.9942854
1356095615826,5.434519,-13.756551,-2.6014864
1356095615866,6.66035,-9.765789,-2.3018389
1356095615908,3.445948,-7.1234417,-0.84446156
1356095615947,1.1441092,-3.336985,-0.27240697
1356095615988,1.4982382,-2.6832085,-0.46309182
1356095616028,-0.84446156,-1.4573772,-0.95342433
1356095616067,3.1054392,-3.568531,-5.407278
1356095616108,4.8216033,-9.697687,-7.8589406
1356095616148,4.4810944,-7.7772183,-9.112013
1356095616188,4.8216033,-10.337844,-6.0201936
1356095616228,4.944186,-14.628253,-2.6423476
1356095616267,-0.0,-3.7864566,0.08172209
1356095616298,8.853226,-10.991621,0.6537767
1356095616338,4.440233,-8.662541,-0.7218784
1356095616378,2.4516625,-7.9270425,-0.27240697
1356095616417,4.6036777,-6.701211,0.19068487
1356095616458,4.7535014,-5.5571017,-0.42223078
1356095616498,4.9850473,-5.938472,-0.6537767
1356095616538,4.630918,-6.973618,-0.46309182
1356095616582,4.630918,-8.267551,-1.1849703
1356095616618,6.0201936,-7.8589406,-1.2666923
1356095616658,7.014479,-9.343558,-1.1849703
1356095616698,8.730643,-10.228881,-0.040861044
1356095616738,6.1700177,-10.841797,1.607201
1356095616778,1.4573772,-12.489859,1.4573772
1356095616818,4.2495484,-15.009624,-0.5720546
1356095616858,6.782933,-12.026767,-3.568531
1356095616898,6.742072,-8.471856,-1.7297841
1356095616938,0.6537767,-5.09401,-0.14982383
1356095616978,1.1849703,-2.1383946,0.23154591
1356095617018,-0.27240697,-1.879608,0.19068487
1356095617058,-0.08172209,-1.879608,-1.2258313
1356095617098,5.2165933,-6.6331096,-6.3607025
1356095617138,6.4424243,-10.95076,-8.689782
1356095617188,5.284695,-5.7477865,-9.888372
1356095617218,4.9850473,-10.7192135,-6.1700177
1356095617258,1.4982382,-10.691973,-2.8330324
1356095617298,3.1463003,-7.6546354,0.38136974
1356095617338,7.8589406,-10.106298,0.3405087
1356095617378,3.0645783,-7.273266,-0.50395286
1356095617418,3.8273177,-7.6954966,-0.3405087
1356095617458,3.759216,-5.5571017,0.8036005
1356095617498,4.7535014,-6.6331096,-0.50395286
1356095617538,5.243834,-6.66035,-0.23154591
1356095617577,4.6036777,-7.5865335,-0.9942854
1356095617618,5.09401,-7.6273947,-1.607201
1356095617657,7.1234417,-9.084772,-1.7978859
1356095617698,8.049625,-10.269742,-0.95342433
1356095617737,8.539958,-9.697687,1.2258313
1356095617777,2.6832085,-11.454713,1.8387469
1356095617817,3.3778462,-13.715691,0.10896278
1356095617858,6.5513873,-13.988097,-2.8738933
1356095617898,6.5513873,-8.771504,-2.1383946
1356095617938,3.255263,-5.434519,-0.46309182
1356095617978,0.88532263,-2.1792557,0.23154591
1356095618018,-0.27240697,-1.879608,0.95342433
1356095618058,-0.08172209,-1.6889231,-0.8036005
1356095618097,4.2904096,-6.3607025,-5.7886477
1356095618138,6.742072,-10.61025,-8.240311
1356095618187,6.782933,-5.597963,-9.466142
1356095618218,5.243834,-10.106298,-4.140586
1356095618258,1.4165162,-11.917805,-2.3699405
1356095618298,2.2201166,-6.4015636,1.3075534
1356095618338,9.765789,-10.61025,-0.88532263
1356095618378,2.0294318,-7.5456724,-0.6946377
1356095618418,4.944186,-7.6954966,-0.040861044
1356095618458,3.1054392,-5.47538,0.27240697
1356095618498,4.399372,-6.2789803,0.10896278
1356095618538,4.099725,-7.014479,-0.27240697
1356095618578,4.5628166,-7.9270425,-1.0351465
1356095618618,6.3198414,-7.7772183,-1.9885708
1356095618657,8.580819,-9.343558,-1.920469
1356095618698,9.425281,-9.00305,-0.46309182
1356095618738,4.099725,-11.645397,2.2201166
1356095618777,1.7570249,-16.930092,1.0760075
1356095618817,5.829509,-14.437569,-3.5276701
1356095618858,6.701211,-10.310603,-2.6832085
1356095618898,4.2495484,-6.1700177,-0.040861044
1356095618938,1.8387469,-3.173541,0.313268
1356095618978,-1.1441092,-0.50395286,1.1441092
1356095619018,-1.2258313,-0.6946377,0.10896278
1356095619058,3.718355,-4.3312707,-5.5571017
1356095619098,7.4639506,-11.563675,-8.962189
1356095619138,4.372132,-7.082581,-8.812365
1356095619186,5.175732,-13.443283,-3.7864566
1356095619218,1.1441092,-8.390134,-2.1111538
1356095619258,2.4516625,-6.5922484,1.5390993
1356095619298,9.425281,-10.923519,-1.4982382
1356095619338,2.070293,-7.205164,-0.88532263
1356095619378,4.7535014,-7.3958488,0.6537767
1356095619418,3.9090397,-6.238119,0.38136974
1356095619458,3.636633,-6.3607025,0.040861044
1356095619498,4.1814466,-6.428804,-0.3405087
1356095619538,4.372132,-7.5865335,-0.6537767
1356095619578,5.325556,-7.6954966,-1.607201
1356095619618,8.240311,-8.689782,-1.7570249
1356095619658,10.269742,-9.656827,-0.0
1356095619698,4.2904096,-12.762266,1.0760075
1356095619738,3.405087,-14.941522,0.5720546
1356095619778,5.7477865,-14.9006605,-2.9556155
1356095619818,5.938472,-10.991621,-2.7513103
1356095619858,5.6660647,-7.7363577,-0.38136974
1356095619897,0.5720546,-2.7921712,0.88532263
1356095619938,0.38136974,-1.56634,0.50395286
1356095619978,-0.9942854,-0.88532263,-0.0
1356095620018,2.4516625,-2.2201166,-4.5900574
1356095620058,6.2108784,-10.147159,-8.880466
1356095620098,3.568531,-8.880466,-9.084772
1356095620138,6.0882955,-13.756551,-5.9793324
1356095620186,0.23154591,-8.049625,-1.6889231
1356095620218,3.759216,-7.205164,0.7218784
1356095620258,8.049625,-10.378705,-0.9942854
1356095620298,2.6832085,-7.8180795,-0.84446156
1356095620338,4.7535014,-7.3958488,-0.3405087
1356095620378,3.7864566,-4.862464,0.19068487
1356095620418,4.7126403,-6.3198414,-0.53119355
1356095620458,4.0180025,-6.2789803,-0.50395286
1356095620498,4.671779,-7.6546354,-0.95342433
1356095620538,4.9850473,-7.4639506,-1.7570249
1356095620578,7.3958488,-8.853226,-1.8387469
1356095620618,9.043911,-9.80665,-0.5720546
1356095620658,8.349273,-10.310603,1.5390993
1356095620698,0.95342433,-15.050485,1.9477097
1356095620738,4.372132,-14.47843,-1.2666923
1356095620777,6.5922484,-12.871228,-3.486809
1356095620818,6.6331096,-8.240311,-2.0294318
1356095620858,2.2609777,-4.7943625,0.040861044
1356095620898,0.27240697,-1.3756552,0.53119355
1356095620937,-0.95342433,-1.3756552,0.92618364
1356095620978,-0.040861044,-1.2666923,-1.9477097
1356095621018,6.3607025,-7.8589406,-7.5865335
1356095621058,5.938472,-11.114203,-8.880466
1356095621097,2.8330324,-5.8158884,-9.302697
1356095621138,6.8237944,-17.583868,-3.718355
1356095621183,-1.9477097,-2.3426998,-1.4573772
1356095621218,7.6273947,-9.234595,0.7218784
1356095621258,6.3607025,-9.343558,-1.6480621
1356095621298,2.6832085,-7.8180795,-0.9125633
1356095621338,4.7535014,-7.504812,0.42223078
1356095621378,3.336985,-5.8567495,0.53119355
1356095621418,4.903325,-6.428804,-0.19068487
1356095621458,4.372132,-6.469665,-0.040861044
1356095621497,4.440233,-8.076866,-0.50395286
1356095621538,4.9850473,-7.6546354,-2.1111538
1356095621579,8.240311,-8.539958,-1.9885708
1356095621628,9.724928,-9.956474,0.27240697
1356095621668,3.9090397,-11.75436,1.2666923
1356095621708,3.173541,-13.633968,0.46309182
1356095621747,5.284695,-13.593107,-2.7240696
1356095621788,6.0201936,-10.923519,-3.214402
1356095621828,5.7886477,-7.8861814,-1.7297841
1356095621868,1.7570249,-3.8681788,0.27240697
1356095621908,0.5720546,-2.3699405,0.38136974
1356095621947,-0.19068487,-2.0294318,0.50395286
1356095621988,1.56634,-2.4925237,-2.7240696
1356095622028,5.5162406,-8.117727,-7.5456724
1356095622068,6.1291566,-9.997335,-7.8861814
1356095622107,4.140586,-5.6252036,-9.302697
1356095622148,6.66035,-17.856276,-2.3426998
1356095622188,-2.982856,-2.1111538,-0.6537767
1356095622228,8.430995,-9.915613,0.84446156
1356095622268,3.568531,-8.049625,-1.3075534
1356095622308,2.9147544,-7.7363577,-0.50395286
1356095622348,5.5162406,-6.5922484,0.23154591
1356095622388,4.2495484,-5.706926,-0.040861044
1356095622428,4.903325,-6.3198414,-0.6946377
1356095622468,4.4810944,-7.04172,-0.27240697
1356095622508,4.4810944,-8.158588,-1.0351465
1356095622548,5.8567495,-7.6273947,-1.7570249
1356095622588,7.43671,-9.084772,-1.4573772
1356095622628,9.765789,-9.80665,-0.040861044
1356095622668,4.099725,-12.5579605,1.1441092
1356095622707,3.1054392,-13.593107,0.6946377
1356095622748,4.7535014,-13.824653,-3.214402
1356095622788,7.246025,-10.800936,-2.8738933
1356095622828,5.243834,-7.6546354,-1.3756552
1356095622868,1.1441092,-3.9499009,0.10896278
1356095622907,0.3405087,-2.1383946,0.50395286
1356095622948,-0.88532263,-1.607201,-0.0
1356095622988,1.5390993,-2.7513103,-3.9499009
1356095623028,5.938472,-8.19945,-8.471856
1356095623068,5.5571017,-8.499097,-8.730643
1356095623107,4.2904096,-8.580819,-7.246025
1356095623148,5.2165933,-16.630445,-2.4925237
1356095623188,-0.88532263,-0.5720546,0.50395286
1356095623228,9.956474,-11.563675,-0.29964766
1356095623268,3.0645783,-8.430995,-1.1441092
1356095623308,2.9556155,-7.8180795,-0.23154591
1356095623348,5.6660647,-6.0201936,-0.08172209
1356095623387,3.636633,-5.5162406,-0.27240697
1356095623428,5.012288,-6.4015636,-0.53119355
1356095623468,4.440233,-6.973618,-0.46309182
1356095623508,4.7943625,-7.3958488,-1.4165162
1356095623548,6.66035,-8.19945,-1.2666923
1356095623588,7.3958488,-9.697687,-1.1849703
1356095623628,9.275456,-10.419566,0.040861044
1356095623668,4.630918,-10.337844,1.1441092
1356095623708,2.7240696,-13.293459,0.6946377
1356095623748,5.284695,-13.865514,-2.5606253
1356095623788,7.014479,-10.56939,-3.0645783
1356095623828,6.1291566,-7.8589406,-1.4982382
1356095623868,0.92618364,-4.140586,-0.08172209
1356095623908,0.9942854,-2.4925237,0.38136974
1356095623948,-0.46309182,-1.7978859,0.38136974
1356095623988,0.9942854,-2.0294318,-2.3426998
1356095624028,6.5922484,-9.043911,-7.6273947
1356095624068,6.510526,-9.656827,-8.349273
1356095624108,6.0474343,-9.343558,-9.534244
1356095624148,4.2086873,-12.721405,-2.1383946
1356095624188,-0.7627395,-5.202973,-0.3405087
1356095624228,10.651112,-11.141444,0.46309182
1356095624268,3.0645783,-7.164303,-1.1441092
1356095624308,4.2495484,-8.539958,-0.7218784
1356095624347,5.2165933,-6.0882955,0.23154591
1356095624388,3.7864566,-5.6660647,0.10896278
1356095624428,4.862464,-6.3607025,-0.46309182
1356095624468,4.440233,-6.932757,-0.29964766
1356095624508,4.7943625,-7.8861814,-1.334794
1356095624548,7.082581,-7.7363577,-1.4982382
1356095624588,8.008764,-9.152874,-1.3075534
1356095624628,9.152874,-10.228881,0.42223078
1356095624668,2.6423476,-11.372991,1.1849703
1356095624708,2.6014864,-14.1787815,0.84446156
1356095624748,5.706926,-14.669114,-3.0237172
1356095624788,7.668256,-10.923519,-3.9499009
1356095624828,4.671779,-7.6546354,-1.4982382
1356095624868,0.88532263,-3.9771416,-0.10896278
1356095624908,1.7978859,-2.2201166,0.19068487
1356095624947,-1.1849703,-1.1849703,0.61291564
1356095624988,1.4982382,-2.5606253,-2.6832085
1356095625028,6.891896,-9.615966,-7.7363577
1356095625068,5.829509,-9.275456,-9.00305
1356095625107,5.407278,-10.228881,-7.7363577
1356095625148,3.718355,-12.639683,-2.6014864
1356095625188,0.7627395,-5.8567495,-0.7627395
1356095625228,10.228881,-10.56939,0.8036005
1356095625268,3.3778462,-7.6546354,-0.38136974
1356095625308,3.5957718,-7.8861814,-0.42223078
1356095625348,5.47538,-6.851035,0.42223078
1356095625388,4.0180025,-5.6660647,-0.14982383
1356095625428,4.5628166,-6.0201936,-0.3405087
1356095625468,4.7126403,-7.3141265,-0.38136974
1356095625508,4.8216033,-7.3549876,-2.1111538
1356095625548,7.5456724,-8.19945,-1.6889231
1356095625588,8.117727,-9.575105,-1.0760075
1356095625628,9.084772,-10.800936,0.7218784
1356095625668,1.9885708,-12.026767,1.4982382
1356095625708,2.8330324,-13.565866,0.38136974
1356095625748,6.1700177,-14.206022,-3.214402
1356095625788,6.469665,-9.152874,-3.173541
1356095625828,4.944186,-6.3198414,-1.2666923
1356095625868,1.2666923,-3.9499009,-0.08172209
1356095625908,0.46309182,-1.56634,0.14982383
1356095625948,-0.8036005,-1.6480621,0.10896278
1356095625988,2.4925237,-3.1463003,-3.759216
1356095626028,6.0882955,-10.079058,-8.499097
1356095626068,6.469665,-7.8589406,-8.853226
1356095626108,6.4424243,-9.724928,-7.273266
1356095626148,3.336985,-12.258313,-1.9477097
1356095626188,1.3075534,-5.7886477,0.61291564
1356095626228,9.997335,-10.882658,-0.19068487
1356095626268,1.6889231,-7.3141265,-0.7218784
1356095626308,4.8216033,-8.62168,-0.46309182
1356095626348,4.9850473,-5.407278,0.27240697
1356095626388,4.3312707,-6.3198414,-0.27240697
1356095626428,4.4810944,-6.469665,-0.50395286
1356095626468,4.5628166,-7.3958488,-0.7627395
1356095626508,4.440233,-7.1234417,-1.7297841
1356095626548,7.164303,-8.19945,-1.4165162
1356095626588,8.349273,-9.765789,-0.27240697
1356095626628,8.308413,-11.536434,0.53119355
1356095626668,2.070293,-12.408136,1.4573772
1356095626708,3.5957718,-14.09706,-0.88532263
1356095626747,6.1291566,-13.021052,-3.718355
1356095626788,6.742072,-9.043911,-2.6832085
1356095626827,3.336985,-6.3607025,-0.29964766
1356095626867,0.6946377,-2.3018389,-0.0
1356095626908,0.27240697,-2.1792557,0.38136974
1356095626947,-0.53119355,-1.7297841,-0.46309182
1356095626988,3.7864566,-4.372132,-5.5571017
1356095627028,6.0474343,-9.575105,-9.112013
1356095627068,4.944186,-5.7477865,-8.689782
1356095627108,5.7886477,-13.6748295,-3.214402
1356095627148,1.2258313,-5.938472,-3.0645783
1356095627187,5.597963,-8.771504,1.7570249
1356095627216,8.62168,-10.528529,-1.607201
1356095627257,1.2666923,-7.3141265,-0.6537767
1356095627298,4.6036777,-7.6546354,0.14982383
1356095627338,4.7535014,-5.6252036,0.46309182
1356095627378,4.4810944,-6.2108784,-0.38136974
1356095627418,4.440233,-6.238119,-0.14982383
1356095627457,4.5219555,-7.6546354,-1.0760075
1356095627498,5.243834,-7.246025,-1.7978859
1356095627538,7.205164,-8.580819,-1.6889231
1356095627578,8.240311,-9.765789,-0.38136974
1356095627618,8.049625,-10.691973,0.84446156
1356095627658,0.88532263,-14.1787815,1.4982382
1356095627698,5.597963,-14.1787815,-1.3756552
1356095627737,6.8237944,-12.9529505,-3.7864566
1356095627778,6.3198414,-8.349273,-2.070293
1356095627818,2.3426998,-5.706926,-0.42223078
1356095627857,1.4982382,-2.982856,0.46309182
1356095627898,-0.84446156,-1.4165162,0.61291564
1356095627938,0.19068487,-1.1441092,-1.7978859
1356095627977,4.671779,-6.0882955,-6.8237944
1356095628018,6.742072,-10.106298,-7.9679036
1356095628057,3.486809,-2.7921712,-9.234595
1356095628098,3.636633,-14.519291,-0.6946377
1356095628138,3.9090397,-8.730643,-3.3642259
1356095628183,4.1814466,-7.1234417,1.7978859
1356095628218,8.240311,-10.991621,-1.1168685
1356095628258,2.6423476,-8.430995,-0.10896278
1356095628298,4.7535014,-7.5456724,0.6537767
1356095628338,4.440233,-6.4015636,0.10896278
1356095628378,3.9499009,-5.407278,-0.3405087
1356095628418,4.2495484,-5.8567495,-0.53119355
1356095628457,4.2904096,-7.3549876,-0.95342433
1356095628498,4.7535014,-6.973618,-1.607201
1356095628538,6.891896,-8.308413,-1.9885708
1356095628578,7.5456724,-8.349273,-1.920469
1356095628618,7.8180795,-6.469665,1.0351465
1356095628658,3.445948,-16.698545,1.2666923
1356095628698,4.440233,-15.132206,-2.3699405
1356095628738,8.662541,-11.073342,-4.2495484
1356095628778,6.3198414,-10.228881,-2.2201166
1356095628818,5.2165933,-6.469665,-0.53119355
1356095628858,0.46309182,-1.6889231,0.8036005
1356095628898,-0.88532263,-1.7570249,1.607201
1356095628938,-0.42223078,-0.7627395,0.040861044
1356095628978,3.3778462,-4.7535014,-5.8567495
1356095629018,7.43671,-11.495573,-7.6546354
1356095629058,4.1814466,-4.903325,-9.765789
1356095629098,6.891896,-16.88923,-4.099725
1356095629138,-1.3756552,-3.8681788,-2.1792557
1356095629178,7.205164,-10.760075,1.1441092
1356095629218,6.2108784,-10.378705,-1.2666923
1356095629258,2.2609777,-7.8589406,-0.53119355
1356095629298,6.0474343,-7.4639506,0.23154591
1356095629337,4.399372,-4.903325,0.10896278
1356095629378,4.7535014,-6.6331096,-0.6946377
1356095629418,4.399372,-6.5513873,-0.42223078
1356095629457,4.5219555,-7.7772183,-1.3756552
1356095629498,5.597963,-7.3549876,-1.8387469
1356095629538,7.1234417,-9.466142,-1.920469
1356095629578,8.662541,-9.724928,-0.7218784
1356095629618,8.471856,-10.106298,1.4165162
1356095629658,2.8330324,-13.484144,1.0351465
1356095629698,4.399372,-13.988097,0.10896278
1356095629738,5.9793324,-13.484144,-3.568531
1356095629778,7.8589406,-8.499097,-2.8738933
1356095629818,4.440233,-5.938472,-1.3756552
1356095629857,2.070293,-2.070293,-0.08172209
1356095629898,-0.6537767,-1.2666923,0.7627395
1356095629938,-0.9125633,-2.1111538,-0.14982383
1356095629978,3.255263,-4.2904096,-6.1291566
1356095630017,4.8216033,-7.246025,-9.425281
1356095630058,4.9850473,-6.510526,-8.539958
1356095630098,6.782933,-14.669114,-5.7477865
1356095630138,-0.5720546,-6.973618,-2.2609777
1356095630178,6.0474343,-9.343558,-0.10896278
1356095630218,6.2789803,-8.880466,-1.4982382
1356095630258,3.255263,-7.04172,-0.7218784
1356095630297,6.4424243,-7.1234417,-0.10896278
1356095630338,3.6774938,-4.630918,0.53119355
1356095630378,4.2495484,-7.014479,-0.14982383
1356095630418,4.399372,-6.6331096,-0.6537767
1356095630457,5.012288,-7.504812,-1.3075534
1356095630498,5.7477865,-7.43671,-1.9885708
1356095630538,7.5456724,-9.724928,-1.4982382
1356095630578,9.615966,-10.337844,0.6537767
1356095630618,4.944186,-10.7192135,1.4573772
1356095630657,3.636633,-15.363752,1.4165162
1356095630698,4.4810944,-14.859799,-1.7570249
1356095630738,6.4015636,-10.95076,-3.2961242
1356095630778,5.829509,-7.8589406,-1.4165162
1356095630818,1.1441092,-3.5276701,0.46309182
1356095630858,0.84446156,-0.9125633,0.7218784
1356095630898,-1.1849703,-1.4573772,0.6946377
1356095630938,1.5390993,-2.4925237,-3.5276701
1356095630978,6.782933,-8.539958,-9.084772
1356095631018,4.862464,-8.689782,-8.662541
1356095631057,6.782933,-15.785983,-6.3198414
1356095631098,-1.7297841,-3.173541,-1.9477097
1356095631138,6.851035,-9.80665,-0.7218784
1356095631180,5.706926,-9.765789,-0.84446156
1356095631218,2.6832085,-7.504812,-0.8036005
1356095631258,5.7886477,-7.5456724,-0.8036005
1356095631298,4.0588636,-4.2904096,0.10896278
1356095631338,3.8681788,-6.238119,-0.5720546
1356095631378,4.5628166,-6.8237944,-0.19068487
1356095631418,4.5219555,-7.8180795,-1.2258313
1356095631457,5.407278,-7.273266,-1.8387469
1356095631498,7.164303,-9.466142,-1.607201
1356095631538,8.049625,-10.310603,-0.61291564
1356095631579,8.049625,-9.575105,0.8036005
1356095631628,1.9885708,-13.33432,1.2258313
1356095631668,4.2904096,-14.519291,-1.334794
1356095631708,6.66035,-12.4489975,-3.718355
1356095631748,5.706926,-8.499097,-2.2609777
1356095631788,2.7649305,-5.202973,-0.53119355
1356095631828,1.0351465,-1.6480621,0.10896278
1356095631868,-1.1168685,-1.2666923,0.84446156
1356095631908,0.08172209,-1.7297841,-2.0294318
1356095631948,5.434519,-6.782933,-7.6546354
1356095631988,6.510526,-9.80665,-9.575105
1356095632028,3.6774938,-7.5865335,-8.430995
1356095632068,5.012288,-14.328606,-4.4810944
1356095632108,-1.1441092,-4.2904096,-1.1168685
1356095632148,8.812365,-10.501288,-0.46309182
1356095632187,3.445948,-7.7772183,-1.1168685
1356095632228,3.9499009,-7.7363577,-0.6946377
1356095632268,6.0882955,-7.164303,-0.38136974
1356095632308,3.445948,-4.944186,-0.0
1356095632348,3.636633,-6.428804,-0.5720546
1356095632387,4.2086873,-6.782933,-0.14982383
1356095632427,4.7943625,-7.9679036,-1.0351465
1356095632468,5.6660647,-7.3549876,-1.9477097
1356095632508,7.5456724,-9.575105,-1.334794
1356095632548,9.084772,-10.460427,-0.14982383
1356095632588,5.7886477,-9.888372,1.1168685
1356095632628,2.3426998,-14.137921,1.2666923
1356095632668,4.5219555,-15.091345,-1.7297841
1356095632708,6.66035,-11.264028,-3.7864566
1356095632747,6.5922484,-7.8861814,-2.4108016
1356095632787,2.3018389,-5.134871,-0.27240697
1356095632828,0.8036005,-2.2201166,0.46309182
1356095632867,-0.8036005,-1.1168685,0.92618364
1356095632908,-0.27240697,-1.879608,-1.7570249
1356095632948,5.597963,-7.7363577,-8.812365
1356095632988,5.6660647,-9.043911,-9.80665
1356095633027,4.671779,-9.425281,-7.7363577
1356095633068,4.140586,-11.645397,-3.2961242
1356095633107,1.1441092,-5.134871,0.19068487
1356095633148,9.697687,-11.495573,0.42223078
1356095633187,1.7978859,-7.082581,-0.27240697
1356095633228,3.759216,-7.9270425,-0.5720546
1356095633268,5.597963,-6.238119,0.50395286
1356095633307,2.8738933,-5.47538,-0.14982383
1356095633348,3.8273177,-6.2789803,-0.040861044
1356095633388,4.3312707,-7.4639506,-0.7627395
1356095633428,5.407278,-7.3958488,-1.6480621
1356095633468,7.3958488,-8.349273,-1.6480621
1356095633508,8.158588,-9.724928,-0.6946377
1356095633548,9.00305,-11.141444,0.7218784
1356095633588,1.607201,-12.489859,1.9885708
1356095633628,2.7921712,-14.628253,0.23154591
1356095633668,5.47538,-14.015338,-3.636633
1356095633708,7.668256,-9.575105,-2.7921712
1356095633748,2.6423476,-5.706926,-0.50395286
1356095633788,1.1168685,-2.6423476,-0.0
1356095633828,0.38136974,-1.7570249,0.53119355
1356095633868,-0.9942854,-1.4982382,-0.040861044
1356095633908,3.0645783,-3.5276701,-4.671779
1356095633948,7.43671,-10.419566,-9.765789
1356095633988,5.47538,-7.04172,-9.234595
1356095634028,6.238119,-14.7916975,-4.4810944
1356095634070,-0.84446156,-4.3312707,-2.2609777
1356095634108,7.0553403,-9.575105,0.50395286
1356095634148,6.2789803,-9.888372,-1.0760075
1356095634190,2.6423476,-7.205164,0.040861044
1356095634228,5.9793324,-7.9679036,-0.23154591
1356095634268,4.2086873,-5.243834,0.19068487
1356095634308,3.990762,-6.428804,-0.53119355
1356095634348,4.3312707,-6.5513873,-0.23154591
1356095634388,4.630918,-7.5865335,-0.9942854
1356095634428,5.7477865,-7.7772183,-1.7570249
1356095634468,7.164303,-9.302697,-1.920469
1356095634508,8.281172,-9.915613,-0.7627395
1356095634548,6.891896,-8.853226,1.1849703
1356095634588,2.0294318,-15.854085,1.6480621
1356095634628,5.597963,-15.213928,-2.3018389
1356095634668,7.0553403,-10.7192135,-4.0180025
1356095634708,5.6660647,-7.3549876,-1.6889231
1356095634748,2.6832085,-4.099725,0.19068487
1356095634787,0.08172209,-1.607201,0.38136974
1356095634827,-1.1441092,-1.7570249,0.6946377
1356095634867,0.61291564,-1.920469,-2.1383946
1356095634908,7.0553403,-9.80665,-8.62168
1356095634948,5.434519,-8.730643,-9.697687
1356095634988,4.7535014,-9.847511,-7.164303
1356095635027,3.636633,-11.9450445,-3.2961242
1356095635067,0.6946377,-5.5162406,-0.6537767
1356095635108,9.765789,-10.378705,-0.29964766
1356095635148,2.982856,-7.5456724,-1.0760075
1356095635187,3.8273177,-8.308413,-1.1168685
1356095635228,6.6331096,-7.3549876,-0.040861044
1356095635268,4.0588636,-5.5571017,-0.08172209
1356095635308,4.5219555,-6.8237944,-0.50395286
1356095635348,4.0180025,-6.510526,0.08172209
1356095635388,4.3312707,-7.504812,-1.4982382
1356095635428,5.9793324,-7.3141265,-1.6480621
1356095635467,6.66035,-9.084772,-1.525479
1356095635507,8.921328,-9.888372,-0.50395286
1356095635548,6.4015636,-10.800936,0.7627395
1356095635588,2.2201166,-14.818938,1.1441092
1356095635628,4.5219555,-14.206022,-1.9477097
1356095635668,6.469665,-11.372991,-3.568531
1356095635707,6.891896,-8.771504,-1.9477097
1356095635748,0.88532263,-5.012288,-0.9942854
1356095635788,0.95342433,-1.7297841,0.313268
1356095635828,-1.3756552,-0.95342433,0.5720546
1356095635867,0.7218784,-2.1111538,-2.1383946
1356095635908,5.7886477,-8.349273,-8.049625
1356095635948,5.829509,-10.106298,-8.812365
1356095635988,4.3312707,-6.2108784,-9.152874
1356095636028,4.862464,-15.554437,-4.099725
1356095636068,-2.5333846,-2.1792557,-0.53119355
1356095636107,8.580819,-12.258313,0.6946377
1356095636147,5.6660647,-8.62168,-2.4108016
1356095636188,3.5276701,-7.205164,-0.88532263
1356095636228,7.3958488,-8.308413,-0.84446156
1356095636268,4.7535014,-4.9850473,-0.9942854
1356095636308,3.1054392,-6.742072,-0.7218784
1356095636348,3.990762,-6.742072,-0.42223078
1356095636388,4.671779,-7.014479,-1.6480621
1356095636428,6.0474343,-7.1234417,-1.7297841
1356095636467,6.932757,-9.724928,-1.2666923
1356095636508,7.9679036,-9.112013,-1.1441092
1356095636548,7.5456724,-9.997335,0.84446156
1356095636588,1.0351465,-15.241169,1.5390993
1356095636628,4.8216033,-15.363752,-1.334794
1356095636668,6.66035,-12.067628,-3.8273177
1356095636708,7.504812,-9.384419,-1.7978859
1356095636748,1.4982382,-4.903325,-0.27240697
1356095636788,-0.14982383,-0.7218784,0.08172209
1356095636828,-1.7297841,-0.61291564,0.61291564
1356095636868,0.9942854,-1.9477097,-2.6014864
1356095636908,4.944186,-7.3958488,-8.771504
1356095636948,5.5162406,-8.689782,-8.730643
1356095636988,2.8330324,-3.9090397,-8.308413
1356095637028,1.1441092,-8.662541,-0.3405087
1356095637067,7.8180795,-13.402422,-4.862464
1356095637108,-0.9942854,-0.19068487,2.6832085
1356095637148,12.489859,-13.947236,-0.95342433
1356095637188,1.920469,-7.205164,-0.8036005
1356095637228,2.5606253,-7.4639506,-0.0
1356095637268,6.3607025,-7.082581,-0.10896278
1356095637308,4.2495484,-5.7886477,-1.0760075
1356095637348,4.7943625,-6.5513873,-0.29964766
1356095637388,4.1814466,-7.205164,-1.0760075
1356095637428,5.47538,-8.008764,-1.7978859
1356095637467,6.66035,-8.499097,-2.3018389
1356095637508,6.891896,-9.80665,-1.7978859
1356095637548,9.466142,-8.539958,0.46309182
1356095637587,3.3778462,-10.991621,0.9942854
1356095637628,3.255263,-15.363752,1.2666923
1356095637668,5.284695,-14.1787815,-1.9885708
1356095637708,8.076866,-10.337844,-3.1463003
1356095637748,4.8216033,-7.7363577,-2.1111538
1356095637788,1.6480621,-3.568531,-0.42223078
1356095637828,0.10896278,-1.1441092,-0.10896278
1356095637867,-0.8036005,-1.9885708,-0.10896278
1356095637908,2.4108016,-4.140586,-4.099725
1356095637948,2.8738933,-5.597963,-7.8589406
1356095637988,6.3198414,-7.273266,-7.8589406
1356095638028,4.3312707,-4.2904096,-8.117727
1356095638068,4.9850473,-16.84837,-3.1054392
1356095638108,0.19068487,-4.7943625,-2.7921712
