1356523636598,0.0,0.0,0.0
1356523636622,0.040828526,0.027218819,0.3402379
1356523636666,0.06783539,-0.20430183,0.066247985
1356523636713,0.03967303,0.068701744,-0.31969494
1356523636760,0.037141383,0.15240765,0.6387754
1356523636801,0.060429335,-0.117640495,-0.33840132
1356523636851,0.17705724,-0.115857124,-0.118253574
1356523636888,0.020040333,0.00813961,0.06276861
1356523636927,0.03860295,-0.030779839,0.097519
1356523636970,-0.1618712,0.081100464,0.32645893
1356523637010,-0.27997023,0.04362011,0.7057707
1356523637047,-0.17665964,0.087231636,0.08627695
1356523637091,0.055474192,0.23784542,0.22036251
1356523637128,-0.04588014,0.12628937,0.3847842
1356523637170,-0.1826824,0.037389755,0.471965
1356523637207,-0.099168,0.10777187,0.2400932
1356523637251,0.03983128,0.052096367,0.0033214092
1356523637288,0.082751274,0.035933495,-0.12520258
1356523637330,0.2592219,0.21064758,-0.16777717
1356523637368,0.10378587,0.23664284,-0.15961783
1356523637410,-0.34448802,-0.009403229,-0.13774958
1356523637447,-0.5798416,-0.21457195,-0.3059761
1356523637488,-0.58321846,-0.14647865,-0.2967432
1356523637527,-0.30605024,0.0750103,-0.11324164
1356523637568,-0.51791763,0.07046509,-0.46547788
1356523637647,-0.45579278,0.17950058,0.14061686
1356523637648,-0.28387624,0.2904873,0.1357606
1356523637685,-0.30638945,0.18155861,0.12796745
1356523637731,-0.30941248,0.1348486,0.27543986
1356523637768,-0.09770721,0.24559402,0.057468295
1356523637811,0.1500724,0.1444521,-0.065281615
1356523637848,0.15626395,0.12074661,0.0067785084
1356523637890,-0.1910901,-0.20591927,0.14040452
1356523637927,-0.061650157,-0.5036192,1.239238
1356523637969,-0.3116336,-0.5218344,2.0603971
1356523638007,-3.030644,-2.976945,1.2870392
1356523638051,-2.8887491,-4.172468,-0.3084498
1356523638088,2.3250256,-0.7297373,1.2704659
1356523638132,0.05915177,-3.629753,1.1434977
1356523638168,1.4726563,-3.895918,-3.0054002
1356523638212,-0.51375043,-2.356721,0.20724624
1356523638248,1.8616266,1.9678946,0.5399134
1356523638292,3.3183804,4.5712385,-1.0771352
1356523638328,2.9339423,5.8602576,-1.5650067
1356523638371,2.4984958,5.9520493,-1.0267289
1356523638408,2.107673,5.3257456,1.540645
1356523638451,1.2051406,3.115417,4.552951
1356523638488,1.1457188,0.20154953,8.723207
1356523638531,-0.040062755,-1.9924126,7.8822417
1356523638568,-1.3828926,0.99645424,4.352955
1356523638646,0.66835594,-1.6093674,1.7484193
1356523638648,3.2583768,-2.6434336,-2.3291535
1356523638685,-4.552828,-1.8405218,-5.653322
1356523638729,-1.3046746,-0.17237282,-3.3190415
1356523638772,-1.1688824,-1.481554,-3.0283275
1356523638808,-1.8826109,-0.8848076,-2.9178734
1356523638852,-1.5148265,0.106687546,-2.6555665
1356523638889,-1.3028255,1.2008758,-2.8625152
1356523638932,-0.96324205,1.1475897,-2.4891331
1356523638969,-0.06279966,0.31513023,1.7079921
1356523639011,-1.0674472,-0.5142946,1.924077
1356523639049,-2.2907593,-1.2265453,2.0652137
1356523639091,-3.1115782,-2.3237839,1.7882434
1356523639138,-2.6300516,-5.0537043,-1.4155715
1356523639178,1.1746215,-5.7100887,-1.5674441
1356523639220,2.731834,-7.511902,0.24570262
1356523639257,0.4525149,-4.1355066,-0.7247144
1356523639299,0.88889444,0.91112995,-1.4116806
1356523639338,3.423119,6.101148,-3.2193336
1356523639379,4.361148,8.849562,-3.502765
1356523639418,3.978249,9.705779,-1.3523438
1356523639459,2.894009,8.484199,2.233561
1356523639497,0.13812661,2.0987692,11.407227
1356523639539,-4.4529724,-4.4057913,9.468108
1356523639578,-2.7021103,-5.561821,4.963685
1356523639645,7.9772964,1.6594443,-4.60449
1356523639657,-1.2540267,0.26388836,-3.3899517
1356523639695,-3.765193,-3.3272638,-3.358557
1356523639738,-0.6608182,-1.9206142,-1.5234113
1356523639780,-0.19954576,-0.6165981,-1.3103725
1356523639818,-1.284589,0.42850113,-2.6341634
1356523639858,-1.7162774,1.1578498,-2.5661633
1356523639898,-1.0141118,2.2981658,-2.4876728
1356523639938,-0.41474342,1.2902327,-0.3261708
1356523639978,-0.28188896,0.42485714,1.8437055
1356523640020,-3.1577826,-1.8181753,2.449706
1356523640057,-3.5754347,-3.5624943,0.5377228
1356523640100,-2.8379836,-5.3909674,0.19628942
1356523640138,1.6899137,-5.7521667,-3.0390832
1356523640178,3.687217,-6.9685307,1.3326387
1356523640219,1.9019239,-4.918168,0.34581244
1356523640258,0.9476106,-0.050312996,-1.4356087
1356523640299,2.936202,5.2287354,-2.558706
1356523640343,3.417263,9.4028015,-3.639163
1356523640377,2.8262181,10.6569395,-1.7408303
1356523640421,2.1342647,8.785608,2.7877004
1356523640457,1.4088368,2.818304,11.52217
1356523640517,-2.3068595,-2.7675066,8.194424
1356523640545,0.5530325,-4.5059834,7.1566634
1356523640582,7.2868953,2.3926673,-4.65445
1356523640635,-4.8746424,-1.0075083,-3.1820326
1356523640662,-3.242155,-2.2781706,-1.6931303
1356523640701,-1.413217,-2.0320492,-2.0817313
1356523640748,-0.9543044,-1.7019482,-1.8275036
1356523640796,-1.3595448,0.19560623,-2.7783997
1356523640838,-1.4267353,1.8632922,-3.355681
1356523640879,-1.4016383,2.443987,-3.467171
1356523640917,0.030289173,2.097094,-0.18893433
1356523640959,-1.7835246,-0.18069077,0.9343927
1356523640997,-3.5364623,-1.9904594,1.4009466
1356523641039,-5.009098,-5.7516527,1.0610236
1356523641077,-1.3167846,-4.8437796,-1.4941711
1356523641119,1.8965077,-6.7169266,-3.0707295
1356523641160,2.2201416,-6.5030518,0.25136507
1356523641199,0.33273917,-3.3685026,-0.60135627
1356523641246,1.6432207,1.765317,-1.7864226
1356523641275,3.6788242,5.929225,-3.2100027
1356523641314,4.0742564,9.691504,-3.508039
1356523641358,3.3917317,10.3044,-1.2584587
1356523641397,2.2826679,7.14534,4.5147204
1356523641438,2.027136,1.092207,13.186162
1356523641478,-1.8009677,-4.2751217,6.0719256
1356523641520,-0.8552755,-5.203953,7.7660813
1356523641557,6.8297,4.1009235,-6.3038306
1356523641598,-2.3036976,1.3154902,-2.4097512
1356523641639,-5.5299096,-3.7564821,-3.9126563
1356523641677,-2.3093305,-2.772047,-2.0838642
1356523641718,-0.4894938,-0.73194504,-1.3091662
1356523641759,-1.3060443,-0.01777649,-2.203756
1356523641808,-2.11524,0.74788857,-1.6706098
1356523641850,-1.4807999,1.8386922,-3.0046656
1356523641888,0.68601644,1.7371111,0.2609985
1356523641930,-0.5403113,-0.0039634705,1.1555997
1356523641969,-3.1064117,-2.1419582,2.154117
1356523642011,-4.718572,-4.760577,1.4050484
1356523642060,-1.6939247,-3.5813437,-1.9860185
1356523642098,0.5869763,-6.4118032,-0.44781
1356523642139,2.676444,-6.7119474,0.96506
1356523642177,0.0200814,-4.795375,-0.74074876
1356523642219,1.0798757,0.48697853,-1.5541457
1356523642257,3.0516157,5.9253225,-3.1106365
1356523642299,4.3059683,9.545635,-3.5997236
1356523642337,4.449523,10.707211,-1.0380158
1356523642377,3.3082128,8.821499,2.7419596
1356523642418,1.2173133,1.0171547,13.296762
1356523642459,-3.8468733,-6.5190125,9.630302
1356523642497,0.08953987,-6.155197,1.4014874
1356523642538,8.481747,7.3872614,-6.0593276
1356523642578,-5.1435537,-0.81755066,-3.2697563
1356523642652,-4.0855055,-3.0528898,-1.5036794
1356523642657,-1.905145,-3.2782269,-1.5392199
1356523642695,-0.58027965,-0.4398136,0.39685726
1356523642739,-0.9285219,1.0079513,-2.1456494
1356523642780,-1.664222,0.50328636,-1.7940983
1356523642817,-0.92343664,1.7991605,-1.7997707
1356523642858,-0.5619042,1.9222136,0.28348422
1356523642898,0.14109744,1.5387201,0.9612808
1356523642939,-2.4574687,-1.0415134,1.41337
1356523642977,-4.53431,-5.303294,0.797428
1356523643018,-1.8588908,-4.624614,0.65696967
1356523643057,0.69475365,-6.5032244,-2.4742455
1356523643098,2.8397005,-7.4226894,-0.24757421
1356523643138,0.73663324,-4.889244,-0.62756276
1356523643178,1.7359852,0.08121872,-1.9531044
1356523643217,4.261582,5.378093,-2.9184465
1356523643259,4.4112463,8.766916,-3.3618875
1356523643308,3.387018,10.582768,-1.383337
1356523643350,1.8995855,8.266304,3.241856
1356523643388,-0.725543,0.31154823,14.807224
1356523643430,-2.500164,-3.3485126,4.4467373
1356523643468,-0.31634435,-6.2913513,4.6762323
1356523643510,8.131089,2.931046,-5.593684
1356523643548,-5.4939146,-2.2509909,-4.694148
1356523643591,-3.4055326,-2.0802355,-0.8205595
1356523643651,-1.5456059,-2.5149736,-1.914289
1356523643666,-1.2049206,-1.0220938,-0.8587426
1356523643703,-2.1642337,0.3245859,-2.3608003
1356523643752,-2.0227466,1.0987401,-2.220634
1356523643788,-1.4804629,1.6661196,-2.3119311
1356523643827,-0.36358523,1.1989737,0.4759841
1356523643868,-0.618739,0.60030746,1.7150568
1356523643907,-3.548392,-2.026699,1.9482049
1356523643948,-2.896134,-2.5185156,2.7835317
1356523643987,-3.7398791,-5.0652647,-0.0645231
1356523644028,-0.71651137,-3.6815863,-3.583299
1356523644068,3.2198756,-6.8402224,0.9677484
1356523644108,3.3991258,-5.731062,0.21104884
1356523644149,0.123253345,-1.0051527,-1.4466906
1356523644188,2.0318227,3.5478382,-2.508815
1356523644230,4.7859883,8.339737,-4.1848583
1356523644268,5.1816316,10.9810295,-3.4597824
1356523644307,3.7817512,9.763095,1.7449375
1356523644349,3.0216718,4.11062,10.30798
1356523644387,-3.339615,-4.5942774,8.408631
1356523644429,-1.2366683,-3.160798,6.39129
1356523644467,4.9774446,-1.6179228,-2.52319
1356523644509,1.6882659,1.7263684,-3.0778308
1356523644549,-5.8042593,-3.0785694,-3.7742507
1356523644589,-3.505115,-1.9079847,-0.031271696
1356523644649,-1.101034,-0.70355797,-2.328518
1356523644666,-1.5560551,-0.43159962,-1.2345345
1356523644707,-1.6841698,0.65208817,-1.9059954
1356523644749,-1.4905677,1.7506099,-3.1425567
1356523644787,-1.1914682,1.844924,-0.9779999
1356523644829,-0.35797486,1.3376932,1.0775595
1356523644867,-3.6059074,-1.8863935,2.3425143
1356523644909,-3.4648535,-3.5987864,1.8192848
1356523644947,-3.991807,-6.1084557,1.4885322
1356523644988,0.5751871,-2.2509336,-2.5657172
1356523645028,2.810854,-6.472125,0.17689979
1356523645068,2.5770879,-6.5586004,0.35683894
1356523645107,0.1082077,-1.4470396,-0.9961908
1356523645147,3.2860215,4.2236576,-2.0072227
1356523645187,4.625098,9.183151,-3.8901668
1356523645228,3.875731,10.355786,-3.8562274
1356523645268,3.2735958,8.724856,1.3271236
1356523645308,3.2753067,4.315972,6.952878
1356523645347,-1.5888674,-3.314248,11.389299
1356523645390,-0.72157675,-0.4914608,4.614439
1356523645427,2.1373372,-3.6445093,3.3993726
1356523645469,4.4956546,-0.0613575,-3.944729
1356523645508,-5.8702316,-3.3411303,-5.16287
1356523645550,-3.1695228,-1.77178,-0.80753124
1356523645588,-1.1780049,-1.6273823,-3.6290803
1356523645649,-1.6466407,-1.5547857,-1.7940884
1356523645679,-1.4189532,0.084563255,-1.4904226
1356523645702,-1.1243498,1.6925817,-2.7295868
1356523645745,-2.122809,1.6936693,-2.0530608
1356523645788,-0.40953514,2.0441542,1.3384209
1356523645838,-2.4590268,-0.5156851,1.7359122
1356523645880,-2.847666,-1.3226099,2.1207757
1356523645929,-1.5548286,-2.7718391,3.3718448
1356523645967,-2.8080115,-6.5736885,-3.8800836
1356523646009,2.5370617,-6.8637238,1.81686
1356523646047,3.284563,-5.134041,0.7394711
1356523646089,0.23220062,-1.8651047,-1.6103717
1356523646147,0.7344382,3.189293,-2.1730576
1356523646165,3.202516,7.0278835,-3.0508013
1356523646211,4.9540224,9.072522,-2.2357109
1356523646252,3.3909993,8.313934,0.94254375
1356523646291,1.7128158,3.7362132,7.142949
1356523646336,-3.5036674,-1.6503382,11.149283
1356523646376,-1.598297,1.9388876,1.7384928
1356523646418,2.1110137,-1.4709482,-2.2578502
1356523646458,2.0111182,-4.27089,2.137196
1356523646498,-3.0730155,-4.509802,-5.991927
1356523646548,-0.72415555,-0.43517923,-1.4232286
1356523646589,-0.62839514,-2.2532625,-3.4501548
1356523646650,-1.5069798,-3.0993643,-1.5432817
1356523646669,-0.53938806,-0.4946146,0.0021903515
1356523646708,-0.90516984,2.280572,-3.074866
1356523646752,-1.400919,2.1514897,0.56062317
1356523646788,-0.32357442,1.6047974,1.9697986
1356523646830,0.09818116,0.71779823,1.8792925
1356523646879,-2.4137623,-1.5602341,2.705889
1356523646917,-2.3562596,-3.8173923,-1.7668014
1356523646959,-1.0496472,-5.8936224,1.5367811
1356523646997,3.2637258,-5.808015,1.3770889
1356523647039,2.0893617,-2.3263254,-1.5116308
1356523647077,0.5843806,2.2978296,-1.826817
1356523647119,0.9225843,5.0901775,-3.1324315
1356523647157,3.9880574,7.8661456,-3.520652
1356523647199,4.0595484,8.316826,-0.98795104
1356523647237,1.2182548,3.9094486,6.668849
1356523647279,-1.8869417,-0.820487,13.233557
1356523647317,-2.3472104,-0.8174572,1.7626882
1356523647359,0.53876984,1.0049963,-4.270857
1356523647397,2.6695976,-3.901267,-0.20246458
1356523647439,-1.8643059,-2.7827215,-6.4180098
1356523647477,0.72876793,-1.152648,-2.7943912
1356523647518,-0.18400724,-1.9502707,-4.5599604
1356523647558,-0.9629891,-1.8282452,-0.2948444
1356523647598,-0.6934565,0.043165207,-0.5937085
1356523647653,-1.2194836,1.9911437,-2.556572
1356523647678,-1.9378169,1.888269,-1.3813711
1356523647717,-1.0839007,1.3964043,1.0634664
1356523647758,-0.950743,-0.087488174,1.2812643
1356523647797,-4.562529,-2.6832886,2.5917969
1356523647840,-4.6602197,-3.8796196,3.244738
1356523647877,-3.550655,-6.034151,0.30508995
1356523647918,0.6948468,-7.7487526,-2.353642
1356523647968,3.7833567,-8.094831,-1.0084965
1356523648010,1.3249167,-1.0673819,-1.0735987
1356523648058,2.8871255,4.420525,-1.7265836
1356523648099,4.858925,10.267997,-5.419382
1356523648138,3.843959,11.915494,-3.6407466
1356523648177,3.4294953,11.025489,1.9913949
1356523648239,1.2278038,5.9755945,8.222158
1356523648271,-0.69435984,-1.2630224,6.4003286
1356523648313,4.05038,-1.0687551,9.520432
1356523648359,3.6199036,-4.8072224,1.8713574
1356523648410,-2.2385561,0.44665527,-1.5413824
1356523648459,-2.884511,-1.6156769,-4.2262325
1356523648497,-2.2137065,-3.7824597,-2.2554033
1356523648539,-2.435845,-3.0543876,-1.848705
1356523648577,-1.863589,-0.14814377,-3.7309685
1356523648653,-2.411141,1.023973,-4.0041595
1356523648657,-2.9705973,1.2578492,-4.3077626
1356523648695,-2.8472726,1.2354441,-2.9428716
1356523648737,-0.8477088,0.66154575,0.23171782
1356523648779,-1.5565999,-0.82493496,1.6218204
1356523648819,-2.5331774,-2.207632,2.2111568
1356523648858,-1.5212951,-2.3677998,2.5931053
1356523648898,-1.4954417,-5.130171,-1.2551734
1356523648939,-0.5328964,-5.7104445,-3.1368961
1356523648977,3.609994,-7.4686813,1.8523604
1356523649018,2.6488035,-5.438922,0.75819325
1356523649057,-0.31342757,-0.5604191,-1.2044455
1356523649098,1.4870697,4.1982303,-1.9122955
1356523649138,4.185543,9.019998,-3.483732
1356523649178,4.9639597,10.584105,-2.4651182
1356523649217,3.2278156,8.92249,1.9324291
1356523649260,0.779391,3.3133974,8.700965
1356523649297,-3.979008,-2.6828985,11.000959
1356523649338,-0.5296167,-3.6648054,6.0189743
1356523649377,5.147566,-0.5060091,-4.559089
1356523649418,0.8952896,1.1792912,-0.7533805
1356523649468,-3.5030966,-2.3673172,-3.049691
1356523649510,-0.5352019,-1.5921555,-2.2255297
1356523649558,-2.177867,-1.6936464,-1.4194349
1356523649599,-1.3490157,0.62340117,-1.6177896
1356523649655,-1.5292381,1.5958824,-2.6696677
1356523649679,-1.6072302,2.1249747,-2.043799
1356523649719,-0.8352485,1.9411664,0.20806241
1356523649757,-1.0346867,0.5100403,0.8699486
1356523649799,-2.2220972,-1.3516855,1.6834365
1356523649839,-1.6205871,-1.2008867,3.6162057
1356523649878,-2.0906122,-4.3240633,1.060678
1356523649917,-4.686291,-8.988468,-2.465871
1356523649956,2.4004655,-7.784834,-0.0693512
1356523649998,2.7434034,-6.2641153,1.8669652
1356523650039,-0.67432046,-1.8381596,-0.037562847
1356523650077,1.558332,3.5627737,-2.2117875
1356523650119,3.856697,7.9728737,-3.4112878
1356523650157,3.9588299,9.968843,-3.6260839
1356523650199,3.5987697,10.230753,-0.9950054
1356523650237,1.9655089,7.0033164,4.5412507
1356523650277,0.7931503,0.39274597,12.64559
1356523650318,-0.49097598,-3.3739243,7.447303
1356523650359,-3.760394,-8.449005,5.908123
1356523650397,11.68848,9.7649975,-8.882804
1356523650438,-5.3098826,-3.6391363,-6.2353044
1356523650477,-2.9869444,-4.7306337,0.69517684
1356523650518,-1.3278254,-3.0924544,-3.9575047
1356523650557,-0.8834717,-0.39016247,-1.1458969
1356523650599,-1.7631018,0.6121378,-4.217215
1356523650651,-1.4597836,1.6112847,-2.6372983
1356523650679,-1.1713097,1.7516518,-2.7942169
1356523650720,0.11997229,0.8295717,1.7035732
1356523650759,-2.4872408,-1.8638754,1.0222577
1356523650797,-5.79722,-4.669511,-0.1310482
1356523650838,-5.424937,-8.145487,-0.55177826
1356523650877,1.847301,-4.159939,-2.4448948
1356523650918,3.3432674,-7.7188244,-0.95084494
1356523650957,3.4688888,-5.9088125,1.2976327
1356523650999,0.15428984,-2.2635155,-1.3299425
1356523651037,3.1337123,4.307721,-2.1942163
1356523651078,3.98105,9.644797,-3.524582
1356523651117,2.9541526,12.154897,-3.1671808
1356523651161,2.3418171,11.211463,0.62860775
1356523651197,0.13444388,6.1958103,9.753995
1356523651245,0.9890726,-0.12707424,12.714678
1356523651278,2.1891036,-2.484911,7.0935273
1356523651322,1.0241268,-6.4677734,5.1277094
1356523651355,4.061453,4.4029984,-2.9946952
1356523651398,-6.345624,-3.153265,-4.996756
1356523651438,-2.1629107,-1.9956932,-0.65259874
1356523651480,-1.7359738,-2.9399,-2.186554
1356523651518,-1.3592007,-0.6165085,-1.32318
1356523651561,-1.5349888,1.0930519,-3.216915
1356523651597,-2.2641218,0.9475074,-2.610095
1356523651655,-2.3423386,1.0509357,-3.060234
1356523651678,-1.0181673,1.036974,-1.4118546
1356523651720,-0.4393838,0.18824482,0.37635398
1356523651758,-2.4560275,-1.8677769,0.6574588
1356523651800,-3.3074703,-2.7848597,-0.11493659
1356523651848,-4.41765,-6.5075884,-0.69361585
1356523651881,2.4801536,-1.4208565,-1.9508075
1356523651922,3.436841,-6.1535196,0.15463161
1356523651962,2.656209,-7.196409,1.1766269
1356523652004,0.12012434,-3.615077,-1.2679387
1356523652046,3.3474927,3.7040296,-1.3069657
1356523652098,4.564991,8.977436,-3.3570695
1356523652137,3.6807544,11.287819,-3.8306112
1356523652178,2.503081,10.488261,0.8438964
1356523652217,1.6720576,5.45612,8.276785
1356523652259,-1.5095241,-2.4198427,12.840797
1356523652297,0.4281976,-1.7457085,7.7776785
1356523652339,1.9116368,-4.9903507,3.312264
1356523652377,4.683476,2.9581213,-1.7598643
1356523652418,-6.81904,-4.1522465,-5.291197
1356523652457,-2.481834,-2.9939265,-1.0457243
1356523652498,-1.0858885,-3.2295232,-2.8531318
1356523652538,-1.4320333,-1.7479582,-1.991313
1356523652581,-1.2198757,0.2920122,-2.7359843
1356523652654,-1.7374773,1.4534249,-3.1260002
1356523652657,-1.378037,2.0659218,-3.9989653
1356523652695,-0.46485972,1.624639,0.944036
1356523652741,-2.387342,-0.31754303,1.3885381
1356523652778,-3.6132395,-1.8891659,1.2168018
1356523652819,-2.9242098,-2.2732563,3.0833187
1356523652866,-2.362066,-5.041381,-2.7102137
1356523652907,0.8317123,-6.74164,-1.4194981
1356523652948,3.5376651,-6.305051,-0.089228034
1356523652988,0.93616444,-3.3342543,-1.0685618
1356523653029,0.83351934,1.5152187,-1.418511
1356523653068,3.2897277,5.6643105,-3.2438745
1356523653109,4.6299973,8.846674,-3.0496068
1356523653147,3.9441092,9.8697605,-0.4713031
1356523653189,2.5499492,7.5967073,3.2210813
1356523653227,0.038698554,0.5850229,12.60372
1356523653269,-3.645229,-2.5150824,6.2220078
1356523653310,-2.7627578,-4.0800934,5.1082697
1356523653349,7.0811577,0.8284178,-5.7588844
1356523653387,-2.0050824,-0.49058628,-2.3573272
1356523653429,-3.779469,-3.6149054,-4.0671597
1356523653467,-1.8248587,-2.2763557,-2.7047355
1356523653509,-1.106977,-1.4172878,-2.05231
1356523653547,-0.7155391,1.0169997,-2.5037413
1356523653587,-0.72424316,2.2736964,-3.1214445
1356523653651,-1.8515689,2.091126,-3.1684408
1356523653670,-0.49367794,1.6709175,-0.51872027
1356523653707,-0.33718747,0.25121975,2.1733685
1356523653748,-3.7138948,-2.7625532,1.9951338
1356523653789,-2.9364462,-3.7012653,2.136158
1356523653828,-2.003053,-5.1669064,0.90282655
1356523653869,0.30634445,-4.034828,-2.1766012
1356523653910,3.6661448,-6.7682896,1.5900403
1356523653948,1.9725404,-5.7672796,0.39738595
1356523653988,-0.09479499,7.8487396E-4,-0.80949944
1356523654027,2.2521791,4.9126296,-0.9576693
1356523654068,4.4363666,8.971256,-3.358585
1356523654109,3.7056055,10.7578,-3.006349
1356523654148,3.3061101,10.516551,0.70822096
1356523654188,2.8254266,4.507625,9.236184
1356523654229,-1.4556904,-3.7484283,11.608554
1356523654267,-2.4514468,-6.5921154,6.472831
1356523654308,1.832695,-4.947873,1.0931444
1356523654348,2.639455,4.734396,-3.7586255
1356523654389,-8.008524,-3.3488913,-5.655902
1356523654427,-0.6548613,-1.1524124,-1.6737428
1356523654468,-1.9236729,-3.47853,-3.3357203
1356523654518,-1.0729626,0.2543459,-1.6168921
1356523654560,-2.1808345,1.1889472,-2.5981941
1356523654598,-0.75395864,2.3942728,-3.9074578
1356523654653,0.37996316,1.8214679,-1.1192507
1356523654677,0.53253955,0.047509193,1.6711497
1356523654720,-2.6979167,-3.4638786,2.6703067
1356523654758,-5.178246,-4.8409204,0.14492548
1356523654800,-4.6982727,-5.153764,-0.36044043
1356523654849,1.6227934,-5.118884,-3.1977959
1356523654889,2.32605,-6.688699,-1.8341434
1356523654928,1.330353,-3.7921925,0.92915344
1356523654967,1.8080647,2.3639603,-0.5294256
1356523655009,4.2986097,6.690049,-2.0968347
1356523655047,3.9530153,10.931955,-3.4735932
1356523655089,3.6096678,11.475628,-2.463175
1356523655127,3.7311215,8.487478,2.1521173
1356523655169,2.6208072,3.2291079,9.441259
1356523655207,0.53860044,-1.9476967,11.063316
1356523655248,0.22430818,0.9220381,5.8279166
1356523655287,0.65938854,-2.7157927,5.892157
1356523655328,6.27464,-2.1511164,-3.1461773
1356523655370,-4.8064795,-3.5874624,-1.6475475
1356523655407,-2.7882905,-0.45657015,-4.824488
1356523655448,-1.5679866,-0.9744568,-2.6335652
1356523655488,-1.8449526,-2.5128303,-2.799826
1356523655527,-2.0497768,-0.5561981,-3.2118564
1356523655568,-2.3027709,0.5258522,-2.796615
1356523655607,-2.3166838,1.5367866,-3.9626994
1356523655647,-1.2994869,1.8798738,-3.2814815
1356523655686,-0.17920747,1.0851326,0.25001693
1356523655728,-2.1694906,-2.5992918,1.9523374
1356523655769,-2.7581878,-3.50132,-0.06785381
1356523655810,-4.2714477,-6.722164,-0.60239977
1356523655847,-0.35061878,-1.8496714,0.8781517
1356523655890,0.7486063,-2.9311056,-0.4156195
1356523655927,2.387774,-5.2265387,-2.44822
1356523655968,0.7695857,-5.4512215,1.9796907
1356523656018,1.4011831,0.2610445,-0.089364946
1356523656060,3.4665298,5.1634536,-1.0914073
1356523656098,3.95363,9.296146,-2.6840348
1356523656140,3.6037774,10.581636,-2.6302648
1356523656178,3.0321102,9.132223,1.322465
1356523656220,2.0714903,5.538044,7.076146
1356523656258,0.11071628,-1.8712225,11.389459
1356523656300,-0.11195989,-2.5364237,6.4342155
1356523656338,0.3286565,-1.6844263,5.4787655
1356523656381,2.3281975,-3.5867548,-1.4060318
1356523656429,-4.1832438,-2.6590385,-4.9355326
1356523656467,-1.4891353,-1.834558,-2.3794584
1356523656507,-1.4485061,-2.3569794,-2.1898687
1356523656548,-1.5429833,-0.58950233,-3.392822
1356523656589,-1.4422927,1.3036695,-4.2609606
1356523656653,-2.6173217,1.9030237,-3.4448993
1356523656665,-2.8293414,1.7084861,-3.2561386
1356523656705,-0.849278,1.0648718,-0.4628755
1356523656748,-0.9508101,0.3789873,0.7422596
1356523656788,-2.998924,-2.4083395,0.8119471
1356523656828,-2.1548424,-2.581747,1.9527539
1356523656867,-4.0028024,-5.3448744,1.1501343
1356523656908,0.06365538,-3.4129448,-3.0242922
1356523656984,2.4084883,-5.3039446,0.29897648
1356523656985,3.771504,-7.087034,1.5869884
1356523657025,-0.3238659,-3.0767527,-1.0768638
1356523657068,2.0680072,2.7146335,-0.7869558
1356523657107,3.5398812,7.198991,-1.8824916
1356523657148,3.8902779,10.357065,-3.6501002
1356523657189,3.8874443,10.462415,-1.7580826
1356523657228,2.9827702,7.789739,3.617219
1356523657267,1.5094137,-0.6977234,13.402335
1356523657308,-0.082873285,-5.4159393,9.757972
1356523657348,-1.0659655,-4.3909836,4.3255196
1356523657391,3.9493446,-1.4787941,-3.3557138
1356523657427,-3.60263,0.09191513,-3.2337503
1356523657475,-3.958333,-2.5011082,-3.3842387
1356523657506,-1.5179038,-1.5382662,-2.608973
1356523657541,-2.1453757,-1.6646929,-2.0756662
1356523657571,-1.7086668,0.4264536,-1.5585378
1356523657612,-0.78943205,2.2016063,-2.5745142
1356523657655,-1.8732847,2.1573567,-3.366396
1356523657695,-1.1478312,1.5158606,-1.9226993
1356523657738,0.6140721,1.5814428,2.0646098
1356523657778,-2.3340635,-1.8576307,0.1231308
1356523657817,-4.1451397,-3.1777525,2.106071
1356523657860,-3.917068,-5.4545574,1.3365061
1356523657898,-0.51058674,-2.9613857,-2.68984
1356523657940,2.057976,-5.6183863,-0.4468444
1356523657977,3.103239,-5.347293,1.0814767
1356523658020,-0.24863935,-3.5523958,-0.93370146
1356523658057,1.9622893,2.3633175,-1.2406954
1356523658098,4.3373947,6.208482,-2.230297
1356523658137,4.1821356,9.720114,-3.5225828
1356523658178,3.555244,10.124376,-1.5917509
1356523658228,3.0665479,7.7573476,4.162374
1356523658270,0.64594054,-0.68265915,13.146141
1356523658318,-2.6058073,-3.1370602,6.4581223
1356523658357,0.22643894,-4.2966833,1.6165164
1356523658399,6.42262,1.1918316,-3.1105704
1356523658437,-4.4962416,-3.2432203,-5.4895916
1356523658479,-3.1584764,-2.8900576,-1.301821
1356523658517,-1.8056984,-2.3845453,-2.6617723
1356523658559,-1.6115291,-1.3292236,-2.6409793
1356523658597,-1.3414952,0.37223244,-2.0571117
1356523658655,-1.3766856,1.7409058,-2.8172288
1356523658678,-2.5082743,2.0778713,-3.0398161
1356523658718,-1.0561676,1.8182673,-0.08172965
1356523658757,-1.3167814,0.61009884,1.0720699
1356523658799,-3.3971772,-2.852682,0.9851121
1356523658837,-2.9128876,-3.6620398,1.4689679
1356523658879,-3.040733,-5.290866,1.6869001
1356523658917,1.2050343,-3.9319353,-2.3842704
1356523658957,3.0917141,-6.297448,-1.9040718
1356523658998,2.6230562,-6.756012,0.91031265
1356523659039,-0.22493124,-2.0596466,-0.91395825
1356523659077,2.9431942,4.0093946,-1.7721086
1356523659120,4.873893,8.374388,-3.1055098
1356523659157,3.585593,11.183716,-3.799814
1356523659198,2.9219942,10.512826,-0.17853457
1356523659239,2.2499013,6.421178,8.044623
1356523659278,1.0110264,-0.9894438,11.711315
1356523659317,2.0405235,-3.1754122,7.7194495
1356523659358,-0.08441902,-6.62589,3.226683
1356523659397,1.8785014,1.2823792,-2.5895855
1356523659438,-4.936038,-1.3143024,-5.544848
1356523659477,-2.1207395,-1.5860672,-0.75303674
1356523659518,-2.0846481,-2.666462,-2.9733057
1356523659558,-1.1331464,-9.1552734E-5,-1.9473883
1356523659598,-1.4309864,1.1837506,-2.5994973
1356523659658,-2.4836555,1.8382807,-3.6866097
1356523659680,-1.5484598,1.7551394,-2.1310225
1356523659717,-0.82549405,0.98689365,-0.17397952
1356523659758,-1.6325226,-0.3860531,1.2834538
1356523659797,-3.5405705,-2.985592,0.5906187
1356523659839,-3.4094553,-4.4080725,0.8389764
1356523659888,-2.0541782,-4.479808,0.68278325
1356523659930,2.3405564,-3.8630095,-2.515892
1356523659979,4.1793957,-6.7039795,0.30690467
1356523660017,0.7452103,-3.7314987,-0.18611687
1356523660059,1.7522925,2.0419006,-0.93494964
1356523660097,3.6192703,5.9147725,-2.207182
1356523660139,4.0863166,9.279289,-3.825943
1356523660177,3.3194559,10.162054,-1.7861942
1356523660219,2.6634178,8.911778,2.9772599
1356523660257,1.5836575,3.2908106,12.139316
1356523660300,0.46348196,-3.6836824,9.138487
1356523660338,-2.1127589,-5.5607624,7.6944795
1356523660379,3.790008,-1.9209661,-1.5351009
1356523660419,-1.6318367,1.2945943,-2.120198
1356523660458,-4.847094,-2.5166788,-6.281149
1356523660498,-2.1028109,-2.5597591,-0.6407492
1356523660538,-1.2753476,-2.4396486,-2.3547268
1356523660577,-1.1783721,0.6479783,-2.4674428
1356523660618,-1.183899,1.7320213,-3.611829
1356523660657,-2.0117798,1.98036,-3.5068104
1356523660696,-0.850268,1.6696086,-1.4913706
1356523660737,0.076611996,0.9028597,0.5935025
1356523660780,-3.1677692,-2.2637472,0.08251953
1356523660818,-2.2640944,-3.7504406,1.6907803
1356523660859,-2.918967,-5.0201435,2.0819774
1356523660898,-0.4664396,-4.2415,-2.581776
1356523660938,1.6620076,-5.2093496,-1.5460408
1356523660978,3.015952,-5.3940926,0.98662657
1356523661018,0.3565079,-3.0266943,-0.7323083
1356523661058,1.4895624,3.342998,-1.2536967
1356523661098,3.5565944,6.3562794,-3.15526
1356523661137,3.6902466,9.138475,-3.6555638
1356523661178,3.5177069,9.940461,-1.3273425
1356523661217,2.7014449,8.268078,5.3225474
1356523661258,1.6410115,2.0260859,13.858681
1356523661297,-2.4469514,-4.9192295,5.862483
1356523661339,-1.9265527,-6.5089025,7.005795
1356523661377,7.502432,3.3408852,-4.864364
1356523661420,-4.1544447,-0.23250103,-3.963222
1356523661457,-2.2448168,-2.6043072,-1.6449707
1356523661501,-2.2149782,-2.940508,-2.3799648
1356523661537,-0.94944113,-1.179923,-1.6170982
1356523661581,-0.96058476,1.0087752,-2.6398225
1356523661618,-2.219888,1.7020206,-3.4320428
1356523661659,-2.211434,1.9621525,-3.4168348
1356523661693,-0.51868105,1.2677231,-0.49082148
1356523661739,-0.9063827,-0.17922878,1.3863883
1356523661778,-3.006905,-3.2195978,1.0598291
1356523661820,-2.3500838,-4.432377,1.716896
1356523661857,-2.359703,-4.857439,-0.31038445
1356523661900,1.5104215,-2.7352114,-3.4786654
1356523661938,2.349137,-6.9712934,1.379976
1356523661979,2.3991842,-6.5636787,0.17705184
1356523662026,0.3643024,-0.4405489,-1.0101285
1356523662068,2.57196,5.2155194,-1.6982102
1356523662108,3.392805,8.303453,-3.7370992
1356523662147,3.5573227,9.602409,-3.156633
1356523662208,3.280194,9.431085,1.7501016
1356523662234,2.3589957,3.6764889,10.824337
1356523662281,-3.1833713,-3.5255003,8.372832
1356523662321,-1.5218856,-4.8929234,7.241331
1356523662363,7.368712,1.8754735,-3.917241
1356523662409,-4.2824526,-0.66740704,-4.226901
1356523662461,-2.1942859,-2.354578,-1.3725215
1356523662498,-1.7551328,-2.7309628,-1.8682103
1356523662540,-1.2744974,-0.9570894,-1.3193641
1356523662578,-1.2176079,1.1667409,-2.2698243
1356523662617,-1.5997856,2.1658769,-2.6266723
1356523662657,-2.3056388,1.8242474,-2.6729116
1356523662696,-0.6091674,1.2945476,-0.2897842
1356523662738,0.04856676,1.0641136,1.2144077
1356523662780,-2.4471526,-1.7710819,1.2590331
1356523662818,-2.047861,-1.9409742,2.503038
1356523662857,-2.6181238,-4.545826,1.7100189
1356523662898,-2.0467086,-6.022331,-4.5431576
1356523662938,2.595347,-7.7266903,2.3771129
1356523662978,3.2625873,-7.1626663,1.1020153
1356523663018,1.0210025,-2.6110182,-1.7579801
1356523663058,0.75723374,1.7231321,-1.1770144
1356523663099,2.2055955,5.732967,-3.547779
1356523663138,3.680202,8.431609,-2.9344118
1356523663177,3.7513838,10.010983,2.0948658
1356523663221,2.452264,8.104379,6.0806513
1356523663258,-2.968815,-0.7121992,14.524964
1356523663298,-3.1281238,-0.88489056,3.64845
1356523663337,1.6294315,-1.7041521,-0.67293817
1356523663378,7.3765783,-0.8372116,-0.022136211
1356523663417,-2.5230823,-4.458827,-4.7852716
1356523663459,-1.8791633,-1.6867132,-3.986333
1356523663501,-0.9174418,-1.6953936,-3.0233035
1356523663539,-2.189436,-2.3152704,-3.3339307
1356523663577,-1.4659543,-0.65516376,-1.4555149
1356523663619,-1.0634341,1.1049032,-2.5188413
1356523663659,-1.3602278,2.7028704,-3.077661
1356523663695,-1.1948211,3.0248604,-0.4100108
1356523663740,0.19632167,2.366212,1.7647691
1356523663801,-2.7264662,-1.3358355,3.1200974
1356523663822,-3.8910842,-2.6074238,3.2235239
1356523663861,-4.1100373,-7.097495,-3.0206387
1356523663904,1.7823813,-7.059057,-1.6229208
1356523663947,4.7134967,-7.1327972,2.7435625
1356523663989,0.8578984,-3.981719,-1.9711826
1356523664038,0.36673963,1.5403099,-1.3795996
1356523664077,3.370185,6.5831623,-3.702804
1356523664119,4.285483,9.59865,-3.8999245
1356523664157,3.5878582,10.704986,0.4259827
1356523664199,1.40465,7.55479,4.693175
1356523664237,-0.76923686,1.5567331,11.745059
1356523664279,-1.093654,-2.5067625,6.5832047
1356523664319,-0.24184008,-6.4828634,2.7172935
1356523664358,8.1540985,6.2443094,-2.8222322
1356523664398,-8.520428,-6.088641,-6.507387
1356523664438,-2.905779,-1.6108141,-1.3551779
1356523664477,-1.5369538,-2.4843884,-2.7996113
1356523664519,-0.67335695,-1.3319683,-1.4601139
1356523664557,-1.0832839,1.1916451,-1.4007559
1356523664597,-1.1623715,1.7736263,-3.158407
1356523664656,-1.1980014,2.5779543,-2.9848633
1356523664679,0.0985899,1.9835234,0.77854896
1356523664717,-2.624077,-1.1999035,0.8883046
1356523664757,-2.9969869,-1.6490755,0.66995716
1356523664797,-2.7770236,-5.46996,-0.386284
1356523664838,-0.14119047,-6.092827,-2.1363516
1356523664877,2.4713078,-6.77108,-1.866172
1356523664918,4.0072427,-7.1509953,-0.44653332
1356523664958,1.1779771,-4.139905,0.06818235
1356523664997,1.0454712,1.9130602,-0.92380506
1356523665038,3.715804,6.7872753,-2.232655
1356523665078,3.386997,9.788073,-2.859741
1356523665118,2.4093285,10.990695,-1.4377325
1356523665158,1.6584282,9.874578,1.8344197
1356523665197,-0.895929,3.2895756,12.518932
1356523665238,-0.97215676,-3.0293121,11.669706
1356523665277,0.8549456,-0.669302,5.4071307
1356523665318,0.069651484,-7.411928,5.0842757
1356523665357,2.726127,2.119326,-5.4651217
1356523665398,-5.4383345,-3.2948217,-6.3608212
1356523665437,-2.2423663,-1.6848578,0.2972083
1356523665479,-0.6578534,-2.0396986,-3.7274678
1356523665517,-1.0809948,-1.0172863,-2.69101
1356523665559,-1.5607016,0.99061775,-4.352623
1356523665597,-2.2389119,1.5433779,-4.1059084
1356523665655,-1.3551055,1.84023,-2.520408
1356523665678,-0.1669192,0.982522,-0.3702135
1356523665721,-1.0068592,0.8302002,1.6390402
1356523665757,-3.655215,-1.5973425,0.7022965
1356523665801,-3.3867068,-2.8794575,1.2624465
1356523665837,-1.6499026,-7.2019615,-0.535572
1356523665881,3.400082,-4.813011,-2.866743
1356523665917,4.157765,-7.655218,1.1791188
1356523665961,2.9274857,-5.4707785,1.4639983
1356523665997,0.796025,-0.66332054,-1.4429208
1356523666041,2.8440685,4.2133183,-1.4368668
1356523666077,4.04595,8.839007,-3.5674531
1356523666120,2.986026,10.811374,-2.9693446
1356523666168,2.2426221,10.620891,2.5940695
1356523666207,0.8404424,4.0877967,12.76334
1356523666259,-0.9143164,-2.818942,10.024352
1356523666288,-1.267268,-1.0300198,9.505276
1356523666339,2.2569485,-4.0889025,-3.2496421
1356523666377,0.12911868,0.7414055,-1.0462515
1356523666418,-5.0719852,-5.3372645,-5.123001
1356523666457,-2.0253136,-3.0047998,-2.1769257
1356523666498,-0.6176509,-2.5475469,-2.9413457
1356523666537,-1.3079609,-1.3298388,-3.1983056
1356523666578,-1.2426486,0.5491905,-3.0897238
1356523666617,-1.1469104,1.6489038,-2.9882483
1356523666657,-1.0159968,2.4901047,-2.7300224
1356523666696,-0.62060356,2.6140294,-0.33553958
1356523666740,-2.415388,-0.056776047,-0.47914445
1356523666778,-3.7610426,-3.5356808,2.171441
1356523666818,-4.305225,-6.641633,2.3858957
1356523666857,1.6009401,-3.7278976,-4.060983
1356523666898,3.7846818,-5.6937914,-0.21159375
1356523666938,5.4366074,-6.011899,2.0872078
1356523666978,0.82020116,-4.421319,-0.45442703
1356523667018,1.0448365,2.6870308,-1.2804815
1356523667059,3.064,7.6483307,-2.6842966
1356523667097,3.147881,11.183123,-4.501989
1356523667139,2.212933,11.610554,-0.69022757
1356523667177,0.079018146,8.635979,7.596889
1356523667221,0.4260463,1.687295,13.896405
1356523667257,0.37633705,-3.7011585,5.8220453
1356523667298,1.0134069,-7.9123154,7.097664
1356523667362,4.5804396,3.7166042,-4.212081
1356523667386,-5.4742737,-3.0794687,-6.407917
1356523667430,-1.9492304,-2.6860414,-0.77189887
1356523667468,-1.2225806,-3.7944102,-2.9783995
1356523667509,-1.0279319,-1.6447453,-1.5090479
1356523667548,-1.6125709,0.69264317,-3.350869
1356523667591,-2.1548119,1.856874,-3.4587274
1356523667656,-1.8063693,2.703648,-1.9683523
1356523667680,-0.8397211,2.034196,0.4206767
1356523667718,-2.7646546,-1.3551455,0.8068894
1356523667757,-3.1613052,-3.6509552,2.2969422
1356523667799,-3.1718001,-5.5833397,2.2711933
1356523667837,-1.0839593,-4.484083,-2.2628279
1356523667879,2.4916453,-5.997629,-2.5336368
1356523667917,5.1998158,-6.977085,1.4581826
1356523667955,1.3193907,-5.1868677,0.51267105
1356523667996,0.6388544,2.361866,-1.4901195
1356523668042,3.310401,7.090264,-2.7536755
1356523668083,3.8744693,10.702871,-4.4259434
1356523668129,2.927845,11.467529,-0.335971
1356523668178,0.11729452,7.3152113,7.797349
1356523668220,0.49813998,-1.4776907,13.178211
1356523668270,0.95618606,-2.6148052,6.7153187
1356523668308,1.6877759,-4.9362354,1.6303765
1356523668349,4.750086,3.6237478,-3.8240213
1356523668390,-5.78659,-4.669509,-6.4157543
1356523668428,-3.2550879,-3.4213428,-0.9271188
1356523668467,-1.9667065,-3.7492156,-2.2930307
1356523668509,-1.8355474,-2.1980052,-2.415875
1356523668548,-1.6479906,0.15771103,-2.2746906
1356523668589,-1.8596712,1.6290951,-3.7945468
1356523668627,-1.7354153,3.2432113,-3.2971969
1356523668666,-1.2364833,2.7070384,1.8071721
1356523668705,-3.8011465,-0.82665634,-0.38778818
1356523668749,-1.9331765,-1.3108625,1.8078264
1356523668788,-2.7854712,-4.65452,1.075163
1356523668828,-1.3495438,-4.3454065,-1.4973476
1356523668867,0.14291722,-6.4666185,-1.665561
1356523668909,2.9861326,-6.327533,0.95279074
1356523668947,1.4673835,-4.466337,-0.39975482
1356523668988,0.31572723,0.8141651,-0.5384689
1356523669028,2.670557,5.5861487,-2.452234
1356523669068,4.371537,8.686861,-3.2494059
1356523669107,3.7947488,10.138424,-2.028428
1356523669150,2.6670268,8.683916,2.1241274
1356523669188,0.8289533,3.3228006,8.856667
1356523669228,-2.5962431,-2.9326696,11.571216
1356523669268,-1.6099902,-4.094348,7.522411
1356523669308,3.3122194,-3.6452503,-2.9922514
1356523669348,0.070301235,0.77635384,-3.1369562
1356523669390,-4.443856,-3.7676048,-5.3985324
1356523669428,-1.182462,-1.6151838,-1.2575138
1356523669469,-0.6841193,-1.9325991,-3.1210525
1356523669508,-1.2196177,0.6575527,-3.0676734
1356523669551,-1.5323378,1.858221,-3.1764271
1356523669588,-1.9890144,1.8197136,-3.804618
1356523669629,-0.55067456,1.8653836,-1.8557551
1356523669663,0.69415486,1.8838577,1.2586498
1356523669709,-2.4409056,-1.505928,0.6043947
1356523669748,-2.6913595,-2.4238358,1.6965896
1356523669791,-3.487352,-4.941452,1.5341775
1356523669827,0.009106815,-4.7642145,-3.0222917
1356523669871,3.5215135,-5.1667004,-2.0156448
1356523669907,5.162675,-7.2403355,2.305969
1356523669951,1.0842173,-5.596946,-0.025856793
1356523669987,0.92451227,1.7906437,-1.390299
1356523670031,3.344034,6.36146,-1.462188
1356523670068,3.7077832,11.100251,-3.788856
1356523670109,2.3200123,11.859609,-2.3494315
1356523670148,1.393386,9.2135515,5.5886335
1356523670189,0.3788733,2.6771765,13.026207
1356523670236,-1.1143105,-3.3825397,5.6356735
1356523670277,1.6060047,-5.3591986,6.7597404
1356523670318,3.27491,-0.2654419,-3.7035954
1356523670357,-4.056909,-0.91475296,-4.483627
1356523670399,-2.890702,-1.7981653,-2.4934235
1356523670437,-1.6963304,-2.84766,-2.5939972
1356523670478,-1.3056463,-2.3078575,-1.9589791
1356523670517,-1.677273,0.3501153,-2.6158166
1356523670560,-1.6664903,1.0827627,-2.9486187
1356523670597,-2.0785236,1.4340563,-3.9301248
1356523670662,-1.0322566,0.9968672,-1.0024881
1356523670678,-0.5090461,0.68566513,1.9291348
1356523670718,-3.7425864,-2.2618217,0.90694726
1356523670757,-3.0815644,-2.60884,1.2849503
1356523670799,-2.573,-5.493104,0.9865867
1356523670837,1.1646497,-5.1024723,-4.80639
1356523670879,3.8369884,-6.7713833,0.4754628
1356523670918,3.7979143,-4.9903803,0.97046083
1356523670959,0.11792767,-2.3571491,-1.6110091
1356523670997,2.1677616,4.3158193,-1.5233691
1356523671038,3.8985734,8.280453,-2.3769443
1356523671078,2.9583426,10.646119,-3.1514134
1356523671117,2.651617,10.748637,-0.036996007
1356523671157,0.86613226,6.8878474,7.052261
1356523671199,0.1544023,-0.80616665,13.810467
1356523671237,0.084395915,-5.063224,8.355418
1356523671277,-0.20476425,-6.214348,2.8199756
1356523671317,3.3298588,5.1899548,-2.9791455
1356523671358,-5.693716,-2.6737003,-4.8242784
1356523671397,-2.7471042,-2.6455526,-0.84790075
1356523671435,-1.2647765,-3.1311245,-2.5996852
1356523671477,-1.0861133,-0.8122282,-1.4052839
1356523671519,-1.6359895,0.3870058,-2.8482206
1356523671557,-1.7330568,1.3251867,-3.611671
1356523671598,-0.95877826,1.9786396,-3.4647706
1356523671638,-0.0752623,1.3834095,1.7664294
1356523671678,-2.2094805,-1.4897823,1.0743427
1356523671718,-3.40763,-1.935564,1.4103283
1356523671758,-2.7464664,-5.151429,0.2285589
1356523671797,0.816157,-5.173564,-3.6052723
1356523671838,3.8999004,-7.2556715,-0.96510977
1356523671877,4.321847,-5.509596,2.0212328
1356523671918,0.5036546,-3.5856419,-0.7196598
1356523671968,1.3424691,3.2480092,-1.5365229
1356523672007,3.5418272,8.418901,-2.6762004
1356523672048,2.7713308,10.17538,-2.9111924
1356523672090,2.27112,10.468369,0.170506
1356523672128,0.70645875,6.4674473,5.870683
1356523672171,-0.19692859,-0.34161568,13.464198
1356523672219,-0.86628187,-4.7619505,6.123214
1356523672260,1.3633686,-3.668869,0.1617465
1356523672299,5.0337014,5.0979657,-2.5990906
1356523672337,-6.506233,-4.1652346,-6.208749
1356523672379,-2.208633,-2.528513,-1.2589658
1356523672418,-0.8088834,-1.5694923,-1.8575325
1356523672459,-1.2565919,-0.3080225,-2.0426583
1356523672497,-1.8077226,0.5176449,-3.5071654
1356523672538,-2.0416524,0.99406433,-3.2542205
