1356513223711,3.5276701,9.656827,-0.42223078
1356513223730,3.3778462,9.697687,-0.19068487
1356513223757,3.3778462,9.466142,-0.3405087
1356513223790,3.3778462,9.425281,-0.50395286
1356513223828,3.445948,9.466142,-0.61291564
1356513223868,3.336985,9.615966,-0.9942854
1356513223908,3.405087,9.534244,-0.88532263
1356513223948,3.445948,9.507003,-0.27240697
1356513223988,3.3778462,9.615966,-0.23154591
1356513224030,3.445948,9.507003,-0.08172209
1356513224068,3.405087,9.765789,-0.3405087
1356513224108,3.214402,9.615966,-0.88532263
1356513224148,3.3778462,9.302697,-0.38136974
1356513224188,4.0180025,9.507003,-0.5720546
1356513224228,3.486809,9.466142,-1.3756552
1356513224268,3.718355,9.466142,-0.23154591
1356513224308,4.1814466,9.615966,-0.19068487
1356513224348,4.2086873,9.152874,-0.23154591
1356513224388,4.3312707,9.152874,-0.10896278
1356513224428,5.47538,8.158588,-1.2258313
1356513224468,5.8976107,7.43671,-0.08172209
1356513224508,5.8976107,7.8180795,1.7297841
1356513224548,8.390134,10.528529,0.5720546
1356513224588,6.0201936,11.182305,0.95342433
1356513224628,5.175732,10.337844,0.50395286
1356513224668,5.8567495,6.851035,0.040861044
1356513224708,6.6331096,6.891896,0.7627395
1356513224751,6.3607025,7.5865335,1.1168685
1356513224788,4.944186,7.164303,1.3075534
1356513224828,5.829509,6.510526,1.0351465
1356513224868,6.5922484,6.0201936,1.0760075
1356513224908,6.4015636,6.2108784,1.2666923
1356513224948,7.1234417,6.851035,1.3075534
1356513224988,9.302697,7.205164,1.6480621
1356513225028,7.0553403,6.1291566,1.3075534
1356513225068,4.903325,12.408136,-0.7627395
1356513225108,5.9793324,13.143636,1.8387469
1356513225148,3.8273177,3.8273177,-2.8330324
1356513225188,-1.0351465,11.604536,0.08172209
1356513225228,4.630918,9.425281,-4.2495484
1356513225268,5.597963,7.5456724,-0.08172209
1356513225308,1.6480621,9.302697,1.879608
1356513225348,5.134871,8.730643,-1.607201
1356513225388,5.6252036,7.6954966,-0.29964766
1356513225428,4.1814466,9.302697,-0.9942854
1356513225468,2.3018389,11.141444,-1.1441092
1356513225508,4.6036777,11.495573,0.08172209
1356513225548,10.378705,8.471856,-0.46309182
1356513225588,10.038197,7.5865335,0.9942854
1356513225628,9.043911,8.539958,2.152015
1356513225668,6.3607025,9.384419,1.3756552
1356513225708,1.56634,17.2025,-3.336985
1356513225751,2.2609777,14.437569,-3.2961242
1356513225788,9.193735,8.430995,2.1111538
1356513225828,5.7477865,8.962189,-1.0760075
1356513225868,1.0760075,7.6954966,-0.46309182
1356513225908,0.46309182,6.4424243,-0.3405087
1356513225948,-0.19068487,5.7477865,1.1849703
1356513225988,0.88532263,6.0474343,1.7570249
1356513226028,4.7126403,6.932757,4.671779
1356513226068,17.815414,9.193735,4.7943625
1356513226108,9.724928,9.575105,1.8387469
1356513226148,0.95342433,12.830367,-5.6252036
1356513226188,5.6660647,13.0619135,3.214402
1356513226228,1.7978859,3.990762,-1.0760075
1356513226268,-1.2666923,10.651112,-1.4165162
1356513226308,4.903325,9.847511,-4.1814466
1356513226348,6.0474343,6.891896,1.334794
1356513226388,4.5628166,8.281172,0.92618364
1356513226428,3.3778462,8.580819,-1.9885708
1356513226468,3.718355,9.507003,-0.7218784
1356513226508,4.2904096,10.119919,-0.88532263
1356513226548,7.5865335,10.079058,-0.10896278
1356513226588,10.841797,8.281172,0.61291564
1356513226628,11.372991,7.4639506,2.5333846
1356513226668,9.084772,9.656827,2.982856
1356513226708,3.6774938,16.930092,-4.099725
1356513226750,0.38136974,17.2025,-5.6660647
1356513226788,9.384419,8.390134,2.982856
1356513226828,6.469665,8.19945,-0.7627395
1356513226868,1.0760075,7.9270425,-1.3756552
1356513226908,-0.19068487,6.4015636,-0.50395286
1356513226948,-0.9942854,5.175732,0.88532263
1356513226988,-0.23154591,6.5513873,2.4516625
1356513227028,7.5456724,7.014479,4.862464
1356513227068,18.578154,9.234595,4.671779
1356513227108,6.973618,12.9529505,1.5390993
1356513227148,4.862464,18.305748,0.27240697
1356513227188,2.3699405,5.407278,-3.636633
1356513227227,0.040861044,4.5628166,-2.982856
1356513227268,3.336985,12.067628,-1.4573772
1356513227308,5.325556,8.539958,-0.7627395
1356513227348,1.6480621,7.3141265,2.6423476
1356513227388,5.407278,8.62168,-2.070293
1356513227428,3.5276701,8.730643,-0.50395286
1356513227468,3.7864566,9.80665,-1.2666923
1356513227508,4.140586,10.310603,-0.27240697
1356513227548,8.894087,10.228881,-0.9942854
1356513227588,11.264028,7.9270425,1.1168685
1356513227628,10.56939,7.205164,4.140586
1356513227668,7.668256,8.430995,2.8330324
1356513227708,6.701211,13.824653,-5.8567495
1356513227749,1.2666923,19.082108,-3.9771416
1356513227788,5.5571017,11.75436,0.27240697
1356513227828,8.076866,7.3958488,0.313268
1356513227868,2.1792557,8.008764,0.9942854
1356513227908,-0.9125633,5.325556,-0.53119355
1356513227948,-2.7240696,4.7943625,0.84446156
1356513227988,-0.14982383,6.4424243,1.920469
1356513228028,7.8589406,8.349273,3.9499009
1356513228068,18.891422,8.662541,4.399372
1356513228108,8.390134,7.6273947,0.3405087
1356513228148,2.6832085,14.410328,-3.2961242
1356513228188,6.701211,14.560152,5.5162406
1356513228228,-0.19068487,2.3426998,-3.8273177
1356513228268,0.10896278,10.228881,-2.6014864
1356513228308,4.944186,10.800936,-2.9147544
1356513228348,5.7477865,6.742072,1.56634
1356513228388,3.336985,7.8861814,2.1792557
1356513228428,5.47538,8.240311,-2.7921712
1356513228468,3.5957718,9.234595,-0.27240697
1356513228508,3.0237172,10.691973,-1.2258313
1356513228548,3.9499009,11.454713,0.313268
1356513228588,10.501288,8.894087,-0.6537767
1356513228628,12.026767,6.4015636,2.4516625
1356513228668,10.079058,6.6331096,4.2904096
1356513228708,7.3141265,12.067628,-2.2201166
1356513228750,3.5276701,18.659876,-6.469665
1356513228788,1.8387469,16.317177,0.6946377
1356513228828,10.501288,6.66035,0.42223078
1356513228868,1.6889231,7.205164,0.42223078
1356513228908,0.27240697,5.829509,-0.19068487
1356513228948,-2.1792557,5.7477865,-0.19068487
1356513228988,-1.9885708,6.5922484,0.7627395
1356513229028,2.8738933,6.851035,2.5333846
1356513229068,15.595298,7.6954966,4.2086873
1356513229108,15.431854,9.615966,1.7297841
1356513229148,3.636633,9.00305,-2.7513103
1356513229188,8.076866,18.196785,6.238119
1356513229228,0.7627395,3.8681788,-4.140586
1356513229268,-1.9477097,5.5571017,-1.4982382
1356513229308,3.0645783,11.75436,-3.9090397
1356513229348,6.0201936,8.812365,-2.982856
1356513229388,3.336985,6.8237944,5.012288
1356513229428,4.1814466,9.343558,-2.1383946
1356513229468,3.8273177,8.471856,-1.4165162
1356513229508,3.636633,9.466142,-1.2666923
1356513229548,3.636633,10.56939,-0.23154591
1356513229588,8.962189,10.147159,-1.3075534
1356513229628,11.34575,7.8180795,0.9942854
1356513229668,12.026767,6.66035,2.9556155
1356513229708,9.152874,9.152874,3.0237172
1356513229750,5.706926,16.589584,-5.938472
1356513229788,-0.7218784,19.082108,-3.568531
1356513229828,8.894087,8.689782,1.3075534
1356513229868,5.243834,8.19945,-0.23154591
1356513229908,0.9942854,7.0553403,-0.19068487
1356513229948,-0.88532263,5.8976107,-0.6946377
1356513229988,-2.3426998,6.2789803,0.5720546
1356513230028,0.19068487,6.66035,1.3075534
1356513230068,7.1234417,6.5922484,4.440233
1356513230108,18.578154,8.499097,3.759216
1356513230148,9.112013,10.147159,1.5390993
1356513230188,2.070293,14.47843,-3.486809
1356513230228,5.6660647,11.795221,2.5606253
1356513230268,1.3075534,3.1463003,-2.7921712
1356513230308,0.5720546,10.119919,-2.1383946
1356513230348,5.09401,10.038197,-3.718355
1356513230388,3.718355,6.8237944,1.879608
1356513230428,2.7649305,8.390134,1.7297841
1356513230468,4.7535014,9.112013,-3.255263
1356513230508,3.7864566,9.302697,0.38136974
1356513230548,3.3778462,10.337844,-1.9477097
1356513230588,6.851035,10.800936,0.313268
1356513230628,11.836082,7.7772183,-0.040861044
1356513230668,11.495573,6.4015636,3.759216
1356513230708,9.534244,8.689782,4.2086873
1356513230750,6.0882955,15.132206,-6.4015636
1356513230788,0.53119355,19.463476,-4.440233
1356513230828,8.281172,10.800936,0.7627395
1356513230868,5.9793324,7.6273947,0.38136974
1356513230908,0.5720546,6.4015636,0.313268
1356513230948,-0.19068487,6.66035,-0.38136974
1356513230988,-1.3075534,6.0201936,-0.19068487
1356513231028,-1.1168685,6.742072,0.6946377
1356513231068,3.1463003,7.0553403,3.990762
1356513231108,17.270601,8.730643,5.053149
1356513231148,13.6748295,11.727119,2.070293
1356513231198,2.9147544,17.24336,0.14982383
1356513231237,-1.525479,4.1814466,-3.5957718
1356513231278,-0.7627395,5.5162406,-3.0645783
1356513231318,5.175732,13.375181,-2.5333846
1356513231358,5.5162406,7.246025,-0.7218784
1356513231398,3.5276701,6.469665,2.6832085
1356513231438,5.9793324,9.152874,-2.4925237
1356513231478,2.070293,9.425281,0.88532263
1356513231518,2.1792557,10.800936,-2.6423476
1356513231558,4.671779,10.732834,0.3405087
1356513231598,10.419566,8.580819,-1.8387469
1356513231638,11.141444,7.3141265,1.7978859
1356513231678,10.18802,7.0553403,2.6423476
1356513231750,8.471856,9.724928,0.7218784
1356513231760,4.862464,17.774553,-5.47538
1356513231798,-3.1463003,18.619015,-1.6480621
1356513231838,10.528529,6.932757,1.4573772
1356513231878,4.6036777,7.8180795,0.6946377
1356513231918,1.5390993,6.973618,-1.1849703
1356513231958,-1.2258313,6.6331096,-0.3405087
1356513231998,-1.7297841,5.829509,0.95342433
1356513232038,1.1441092,6.469665,1.6889231
1356513232078,8.662541,7.164303,4.2086873
1356513232118,17.692831,8.771504,3.2961242
1356513232158,6.510526,7.8861814,1.7570249
1356513232198,2.4516625,13.824653,-2.9147544
1356513232238,7.668256,12.571581,3.1054392
1356513232278,0.53119355,2.070293,-3.173541
1356513232318,0.38136974,9.765789,-2.6423476
1356513232358,4.9850473,10.460427,-3.718355
1356513232398,4.5628166,7.273266,0.46309182
1356513232438,2.1111538,8.771504,2.7649305
1356513232478,4.903325,8.921328,-3.1463003
1356513232518,3.405087,8.921328,0.46309182
1356513232558,3.5957718,10.378705,-2.1383946
1356513232598,5.829509,9.847511,0.84446156
1356513232638,10.991621,8.471856,-1.1168685
1356513232678,11.495573,7.1234417,2.4516625
1356513232750,11.304889,7.7363577,5.2165933
1356513232760,7.6273947,11.958665,-4.399372
1356513232798,1.920469,19.15021,-4.7943625
1356513232838,3.214402,14.859799,-0.29964766
1356513232878,9.575105,7.205164,0.27240697
1356513232918,1.9477097,8.308413,0.53119355
1356513232958,0.10896278,6.851035,-0.27240697
1356513232998,-1.6480621,5.7886477,-0.10896278
1356513233038,-1.4982382,6.2789803,0.3405087
1356513233078,2.070293,6.3607025,3.0645783
1356513233118,13.824653,7.43671,4.399372
1356513233158,15.636159,10.61025,2.7649305
1356513233198,4.2904096,10.269742,-1.607201
1356513233238,7.246025,17.352324,5.325556
1356513233278,-0.6537767,3.2961242,-3.0237172
1356513233318,0.14982383,6.891896,-2.1792557
1356513233358,4.8216033,12.367276,-4.0588636
1356513233398,6.469665,7.7363577,-1.920469
1356513233438,1.8387469,6.742072,4.903325
1356513233478,3.214402,9.384419,-3.5276701
1356513233518,3.255263,9.575105,-0.23154591
1356513233558,4.372132,9.956474,-0.9125633
1356513233598,5.6252036,10.419566,0.19068487
1356513233638,8.921328,9.275456,-0.95342433
1356513233678,11.727119,6.4424243,1.7570249
1356513233750,11.073342,6.6331096,2.9556155
1356513233760,7.5456724,10.269742,1.0351465
1356513233798,4.7943625,18.087822,-6.3198414
1356513233838,-1.920469,18.727978,-1.2666923
1356513233878,10.501288,7.1234417,1.0760075
1356513233918,4.6036777,7.7772183,0.38136974
1356513233958,1.3756552,6.973618,0.46309182
1356513233998,-0.0,6.4015636,-0.84446156
1356513234038,-2.1383946,6.3607025,0.38136974
1356513234078,0.42223078,5.829509,1.3075534
1356513234118,7.3958488,6.782933,4.440233
1356513234158,18.891422,9.888372,3.1463003
1356513234198,7.5456724,8.158588,1.7570249
1356513234238,0.50395286,12.258313,-3.173541
1356513234278,8.117727,14.560152,4.630918
1356513234318,2.3699405,0.84446156,-4.5900574
1356513234358,0.46309182,9.915613,-1.9477097
1356513234398,4.862464,10.760075,-3.9090397
1356513234438,4.6036777,7.205164,0.10896278
1356513234478,2.070293,8.008764,2.1792557
1356513234518,4.099725,9.847511,-2.6832085
1356513234558,2.6832085,9.193735,0.7218784
1356513234598,5.053149,9.302697,-2.6014864
1356513234638,6.1291566,10.923519,0.6946377
1356513234678,9.234595,9.193735,-0.8036005
1356513234751,10.991621,6.2789803,1.4573772
1356513234768,10.882658,7.9270425,3.1463003
1356513234808,6.932757,14.982383,-3.7864566
1356513234848,-1.6480621,19.531578,-5.407278
1356513234888,0.46309182,13.715691,0.7627395
1356513234928,11.223166,7.082581,1.0760075
1356513234968,3.718355,8.662541,0.19068487
1356513235008,0.50395286,6.932757,-0.95342433
1356513235048,-1.2258313,5.284695,0.61291564
1356513235088,-0.88532263,5.2165933,1.0760075
1356513235128,1.7570249,5.7477865,2.8330324
1356513235168,11.304889,6.851035,5.407278
1356513235208,17.393185,12.026767,4.2904096
1356513235247,2.9147544,9.193735,-1.4165162
1356513235288,3.3778462,17.815414,5.012288
1356513235328,2.5333846,3.486809,-5.8567495
1356513235368,2.2201166,5.9793324,-3.336985
1356513235408,3.5957718,11.372991,-2.7240696
1356513235448,5.325556,8.19945,-0.6946377
1356513235488,0.7218784,8.308413,4.2904096
1356513235528,3.6774938,9.234595,-2.9147544
1356513235568,3.990762,8.471856,-0.53119355
1356513235608,5.012288,9.80665,-1.607201
1356513235648,4.7126403,10.732834,0.88532263
1356513235688,9.765789,9.084772,-1.3756552
1356513235750,12.258313,6.4015636,1.6889231
1356513235768,11.563675,7.4639506,3.568531
1356513235808,8.812365,10.419566,0.14982383
1356513235848,3.1463003,18.34661,-6.0882955
1356513235888,-0.53119355,17.434046,-2.6014864
1356513235928,10.691973,6.851035,0.92618364
1356513235968,3.759216,8.921328,-0.29964766
1356513236008,0.50395286,7.6954966,-0.23154591
1356513236048,-0.38136974,6.2789803,-0.5720546
1356513236088,-1.7978859,6.238119,1.0760075
1356513236128,0.3405087,6.2789803,2.0294318
1356513236168,8.19945,7.246025,3.990762
1356513236208,18.8097,10.18802,2.4108016
1356513236248,7.6273947,9.043911,-0.6946377
1356513236288,6.1291566,18.34661,3.5276701
1356513236328,0.42223078,6.1291566,-1.334794
1356513236368,-0.27240697,4.140586,-2.2201166
1356513236408,3.255263,12.340035,-3.336985
1356513236448,5.9793324,8.894087,-2.6832085
1356513236488,3.486809,6.5513873,3.3778462
1356513236528,4.099725,9.084772,-1.4573772
1356513236568,3.1054392,9.343558,-2.1792557
1356513236608,1.8387469,9.847511,-0.46309182
1356513236648,4.440233,10.419566,-1.0760075
1356513236688,8.008764,9.915613,-0.84446156
1356513236751,10.528529,7.9270425,0.08172209
1356513236768,11.495573,6.8237944,2.070293
1356513236808,9.888372,8.771504,3.990762
1356513236848,5.7886477,15.28203,-5.012288
1356513236888,-1.1168685,19.313654,-4.7535014
1356513236928,6.782933,10.732834,1.1168685
1356513236968,9.275456,7.8861814,0.38136974
1356513237008,2.5333846,7.8861814,0.10896278
1356513237048,-0.0,6.238119,-0.9125633
1356513237088,-1.6480621,5.5162406,0.61291564
1356513237128,-0.53119355,6.0474343,0.53119355
1356513237168,2.9147544,6.6331096,3.405087
1356513237208,13.947236,7.8180795,4.944186
1356513237248,16.04477,11.182305,3.214402
1356513237288,1.8387469,7.273266,-1.1168685
1356513237328,5.7886477,18.04696,4.4810944
1356513237368,2.6423476,5.134871,-4.2495484
1356513237408,1.3756552,5.7886477,-1.9477097
1356513237448,3.255263,11.454713,-3.718355
1356513237488,5.7477865,8.281172,-2.4108016
1356513237528,2.2609777,7.3958488,5.053149
1356513237568,3.5957718,9.234595,-1.4982382
1356513237608,3.486809,8.853226,-1.607201
1356513237648,4.862464,9.275456,-1.1441092
1356513237688,4.903325,10.651112,-0.29964766
1356513237749,7.7772183,10.56939,-0.5720546
1356513237768,10.882658,7.205164,1.0760075
1356513237808,11.032481,7.1234417,2.6014864
1356513237848,8.853226,8.962189,3.568531
1356513237888,6.1291566,14.859799,-5.366417
1356513237928,-1.1168685,19.109348,-4.3312707
1356513237968,7.9270425,10.61025,1.1168685
1356513238008,7.504812,8.308413,0.14982383
1356513238048,1.5390993,7.164303,0.42223078
1356513238088,0.3405087,5.829509,-0.6946377
1356513238128,-1.7570249,5.366417,0.313268
1356513238168,-0.61291564,6.3607025,1.3075534
1356513238208,5.175732,7.082581,3.9090397
1356513238248,17.965239,9.302697,4.3312707
1356513238288,10.228881,7.9679036,0.88532263
1356513238328,0.95342433,10.501288,-4.7943625
1356513238368,7.246025,15.5135765,5.5162406
1356513238408,1.4573772,1.920469,-2.4925237
1356513238448,-0.42223078,9.275456,-1.879608
1356513238488,4.6036777,10.501288,-4.399372
1356513238528,5.5162406,7.6273947,-0.84446156
1356513238568,1.7297841,7.7772183,4.5628166
1356513238608,3.9090397,9.724928,-3.2961242
1356513238648,3.3778462,9.234595,-0.3405087
1356513238688,4.2904096,10.269742,-1.525479
1356513238751,6.2789803,10.378705,0.3405087
1356513238768,9.534244,8.662541,-0.8036005
1356513238808,11.141444,6.891896,1.56634
1356513238848,10.61025,7.6273947,3.486809
1356513238888,5.938472,12.830367,-0.08172209
1356513238928,2.152015,19.000385,-6.932757
1356513238968,1.7297841,15.213928,0.61291564
1356513239008,10.56939,6.742072,1.2258313
1356513239048,3.486809,7.43671,0.23154591
1356513239088,0.92618364,6.8237944,-0.6537767
1356513239128,-0.5720546,6.2789803,-0.19068487
1356513239168,-0.9125633,6.0474343,0.84446156
1356513239208,2.070293,6.973618,2.2609777
1356513239247,11.032481,6.66035,4.3312707
1356513239288,17.120777,9.302697,3.214402
1356513239328,4.6036777,10.56939,-1.0760075
1356513239368,6.742072,17.502148,4.3312707
1356513239408,1.56634,5.7477865,-1.6889231
1356513239448,0.27240697,6.238119,-2.6423476
1356513239488,3.5276701,11.454713,-3.2961242
1356513239528,6.0201936,8.049625,-2.6832085
1356513239568,3.1054392,7.5456724,3.990762
1356513239608,3.2961242,9.275456,-1.56634
1356513239648,3.3778462,8.812365,-0.84446156
1356513239688,4.8216033,9.084772,-1.607201
1356513239749,5.47538,9.80665,0.19068487
1356513239768,7.9679036,10.337844,-1.0760075
1356513239808,10.378705,7.273266,1.4165162
1356513239848,10.923519,6.891896,3.486809
1356513239888,8.962189,9.534244,2.152015
1356513239928,7.3141265,15.554437,-6.782933
1356513239968,-1.7297841,19.313654,-3.1054392
1356513240014,8.430995,9.425281,1.2666923
1356513240058,4.4810944,8.499097,0.42223078
1356513240098,1.334794,7.668256,-0.6537767
1356513240138,-0.9942854,6.701211,0.14982383
1356513240178,-2.1792557,6.2108784,0.5720546
1356513240218,-0.19068487,5.7477865,1.7297841
1356513240258,9.997335,6.851035,4.372132
1356513240298,17.66559,9.915613,2.3426998
1356513240338,6.3198414,8.812365,-0.23154591
1356513240378,4.399372,17.052675,0.9942854
1356513240418,4.1814466,9.152874,2.2609777
1356513240458,0.38136974,4.5628166,-2.1111538
1356513240498,2.0294318,11.727119,-3.445948
1356513240538,5.284695,8.62168,-3.5276701
1356513240578,4.862464,6.782933,2.3018389
1356513240618,3.7864566,8.894087,0.7218784
1356513240658,3.9499009,9.00305,-1.607201
1356513240698,3.6774938,8.812365,-0.50395286
1356513240747,4.1814466,9.112013,-1.7570249
1356513240778,5.6252036,10.528529,0.5720546
1356513240818,9.956474,9.152874,-0.29964766
1356513240858,11.795221,6.5922484,2.070293
1356513240898,11.223166,8.539958,3.8273177
1356513240938,6.0201936,15.322891,-0.9125633
1356513240978,-0.88532263,19.504337,-8.19945
1356513241018,4.0588636,12.571581,1.1168685
1356513241058,9.384419,7.504812,0.27240697
1356513241098,2.4108016,7.3549876,-0.23154591
1356513241138,0.3405087,7.014479,-0.84446156
1356513241178,-1.1849703,5.6252036,0.53119355
1356513241218,-0.95342433,5.706926,0.92618364
1356513241258,1.1168685,6.3607025,3.1463003
1356513241298,14.750836,8.240311,5.47538
1356513241338,15.431854,10.841797,2.9556155
1356513241378,3.718355,12.4489975,-3.759216
1356513241418,4.3312707,14.9006605,5.325556
1356513241458,-1.2666923,2.8330324,-2.7513103
1356513241498,1.3075534,8.894087,-3.173541
1356513241538,5.175732,11.454713,-3.6774938
1356513241578,5.243834,6.932757,-0.46309182
1356513241618,2.6832085,8.076866,4.140586
1356513241658,4.4810944,8.962189,-3.2961242
1356513241698,3.1054392,9.112013,-0.23154591
1356513241749,3.718355,10.310603,-1.6889231
1356513241779,5.407278,10.651112,0.84446156
1356513241818,9.80665,8.730643,-1.1849703
1356513241858,11.34575,6.3607025,1.3756552
1356513241898,10.691973,7.164303,2.3018389
1356513241938,5.8567495,11.917805,1.2666923
1356513241978,1.334794,19.463476,-6.4015636
1356513242018,1.3075534,15.826844,-0.19068487
1356513242058,10.841797,7.082581,1.6480621
1356513242098,3.7864566,7.4639506,-0.08172209
1356513242138,0.46309182,6.238119,-0.6946377
1356513242178,-0.9125633,5.8567495,0.10896278
1356513242218,-1.1441092,5.938472,0.88532263
1356513242258,1.7570249,6.5513873,1.7570249
1356513242298,10.378705,7.504812,4.9850473
1356513242338,18.34661,9.384419,4.7535014
1356513242378,5.829509,9.615966,0.88532263
1356513242418,2.2609777,17.2025,-0.040861044
1356513242458,4.3312707,8.921328,0.7627395
1356513242498,2.8330324,4.099725,-2.8330324
1356513242538,2.3699405,10.460427,-3.3642259
1356513242578,5.938472,9.343558,-2.4925237
1356513242618,3.173541,6.932757,3.1463003
1356513242658,1.879608,9.193735,0.27240697
1356513242698,2.4925237,9.043911,-3.336985
1356513242748,3.9090397,9.343558,-0.040861044
1356513242778,5.407278,10.038197,-0.61291564
1356513242818,7.246025,10.651112,-0.3405087
1356513242858,10.501288,7.8589406,-0.29964766
1356513242898,10.269742,7.205164,2.5606253
1356513242938,8.730643,8.117727,3.486809
1356513242978,6.8237944,15.132206,-3.336985
1356513243018,0.42223078,19.504337,-5.6252036
1356513243058,4.862464,12.408136,0.61291564
1356513243098,9.384419,6.469665,0.19068487
1356513243138,2.1111538,8.049625,0.10896278
1356513243178,0.6537767,7.164303,-0.42223078
1356513243218,-0.53119355,6.3607025,-0.14982383
1356513243257,-0.9942854,6.510526,0.7627395
1356513243298,1.607201,6.4015636,2.9147544
1356513243338,14.09706,8.076866,4.903325
1356513243378,16.126492,8.62168,1.1441092
1356513243418,3.1463003,7.4639506,-3.8273177
1356513243458,6.4015636,17.815414,6.4424243
1356513243498,1.3075534,3.636633,-3.3642259
1356513243538,-0.29964766,8.049625,-1.607201
1356513243578,2.3426998,11.645397,-3.9499009
1356513243618,5.47538,8.117727,-3.5276701
1356513243658,5.012288,6.66035,2.4925237
1356513243698,4.630918,8.499097,0.23154591
1356513243749,3.759216,9.00305,-1.3075534
1356513243778,3.405087,9.275456,-1.2666923
1356513243818,3.8273177,10.18802,-0.50395286
1356513243858,7.8861814,9.956474,-1.0351465
1356513243898,9.80665,8.19945,0.14982383
1356513243938,9.656827,8.117727,1.9477097
1356513243978,9.234595,8.390134,3.1463003
1356513244018,4.7943625,14.137921,-0.53119355
1356513244058,1.2258313,18.768839,-7.504812
1356513244098,4.0180025,13.293459,0.7218784
1356513244138,10.501288,7.205164,-0.3405087
1356513244178,2.6832085,7.164303,-0.23154591
1356513244218,0.38136974,6.66035,-0.50395286
1356513244258,-0.50395286,6.0882955,0.19068487
1356513244298,-0.7627395,6.0882955,0.46309182
1356513244338,2.152015,5.7886477,2.9147544
1356513244378,13.593107,7.6273947,5.053149
1356513244418,16.317177,9.724928,2.4516625
1356513244458,3.405087,11.495573,-2.1111538
1356513244498,6.0201936,17.011814,5.134871
1356513244538,0.88532263,3.336985,-3.636633
1356513244578,0.38136974,6.4015636,-2.3426998
1356513244618,4.5219555,12.14935,-3.0645783
1356513244658,5.407278,7.43671,-0.7627395
1356513244698,2.9556155,7.5865335,3.445948
1356513244750,5.434519,8.853226,-3.0237172
1356513244778,2.7921712,8.894087,0.38136974
1356513244818,3.1463003,9.80665,-2.0294318
1356513244858,3.9499009,10.61025,-0.7627395
1356513244898,8.117727,9.888372,-0.6946377
1356513244938,10.528529,7.5456724,0.88532263
1356513244978,10.337844,7.43671,2.7649305
1356513245026,8.662541,8.471856,2.7240696
1356513245059,5.134871,17.856276,-6.1700177
1356513245098,-0.08172209,18.496431,-2.6423476
1356513245138,9.00305,8.580819,1.2666923
1356513245178,6.0882955,7.6954966,-0.0
1356513245218,1.1849703,7.6954966,-0.0
1356513245258,-0.84446156,6.4424243,-0.42223078
1356513245298,-2.5333846,5.5571017,0.53119355
1356513245338,-0.08172209,5.8976107,1.4573772
1356513245378,6.701211,6.851035,4.3312707
1356513245418,19.000385,8.499097,3.5276701
1356513245458,8.853226,8.430995,0.313268
1356513245498,1.7297841,13.375181,-3.5276701
1356513245538,6.742072,14.9006605,6.238119
1356513245578,1.3075534,3.636633,-4.399372
1356513245618,-0.08172209,8.962189,-2.1792557
1356513245658,4.3312707,9.575105,-4.0588636
1356513245698,5.243834,7.5456724,-0.9125633
1356513245750,2.6832085,7.8861814,4.2086873
1356513245778,3.336985,9.575105,-1.9477097
1356513245818,4.140586,9.193735,-0.5720546
1356513245858,4.7126403,9.888372,-1.1849703
1356513245898,5.829509,10.732834,-0.38136974
1356513245938,10.760075,7.3141265,-0.50395286
1356513245978,11.223166,7.014479,1.5390993
1356513246018,10.038197,7.273266,2.8330324
1356513246058,6.238119,11.795221,0.10896278
1356513246098,2.4516625,19.463476,-6.932757
1356513246138,1.7570249,15.595298,1.1849703
1356513246178,10.147159,7.0553403,0.6537767
1356513246218,2.7921712,7.668256,0.313268
1356513246258,0.14982383,6.851035,0.46309182
1356513246298,-0.95342433,5.706926,0.50395286
1356513246338,-1.56634,6.4424243,0.46309182
1356513246378,1.5390993,6.4424243,2.2201166
1356513246418,11.182305,7.4639506,5.47538
1356513246458,18.115063,9.534244,3.1463003
1356513246498,3.9499009,8.730643,-0.23154591
1356513246538,3.0237172,17.393185,2.3426998
1356513246578,3.8273177,9.697687,0.92618364
1356513246618,2.3018389,3.759216,-3.486809
1356513246658,1.7978859,11.032481,-3.173541
1356513246698,5.6660647,9.534244,-3.1463003
1356513246749,3.5957718,6.701211,3.445948
1356513246778,3.568531,8.894087,-0.46309182
1356513246818,5.47538,8.539958,-1.525479
1356513246858,4.7943625,9.084772,-1.1168685
1356513246898,3.5957718,10.419566,-0.46309182
1356513246938,7.8589406,9.847511,-1.2258313
1356513246978,10.038197,7.3549876,-0.08172209
1356513247018,10.691973,7.3549876,2.7240696
1356513247058,7.8861814,8.689782,3.9499009
1356513247098,6.0474343,14.437569,-4.3312707
1356513247138,1.3756552,18.537292,-5.434519
1356513247185,5.7477865,12.9529505,2.070293
1356513247227,7.7363577,7.43671,0.08172209
1356513247257,1.9885708,7.43671,0.42223078
1356513247298,0.38136974,7.3141265,0.19068487
1356513247338,-1.0760075,6.1700177,-0.3405087
1356513247378,-1.879608,6.1291566,0.7218784
1356513247418,1.879608,6.238119,3.636633
1356513247458,15.241169,8.390134,5.134871
1356513247498,14.750836,11.495573,2.6423476
1356513247538,1.56634,9.425281,-4.5219555
1356513247578,5.284695,16.589584,5.7886477
1356513247618,0.92618364,3.1054392,-3.445948
1356513247658,0.5720546,8.853226,-1.7978859
1356513247698,4.440233,10.882658,-4.1814466
1356513247749,5.829509,7.8180795,-1.2666923
1356513247778,3.0237172,7.1234417,4.1814466
1356513247818,3.990762,8.921328,-2.1111538
1356513247858,3.718355,8.962189,-0.50395286
1356513247898,4.5219555,9.697687,-1.334794
1356513247938,4.0180025,10.651112,0.23154591
1356513247978,8.62168,9.697687,-1.6889231
1356513248018,10.378705,6.932757,0.6537767
1356513248058,10.038197,7.5865335,2.5606253
1356513248098,7.8861814,7.8589406,2.9556155
1356513248138,4.440233,14.410328,-1.7570249
1356513248178,1.5390993,18.850561,-6.2789803
1356513248218,6.701211,12.571581,2.4925237
1356513248258,8.19945,7.7772183,0.38136974
1356513248298,2.8330324,7.164303,0.040861044
1356513248338,0.27240697,6.701211,0.040861044
1356513248378,-1.1168685,5.8567495,0.27240697
1356513248418,-0.84446156,6.238119,0.27240697
1356513248458,2.7649305,6.3198414,2.8738933
1356513248498,14.859799,7.5865335,6.0201936
1356513248538,15.132206,10.760075,3.1463003
1356513248578,2.2201166,11.536434,-1.3756552
1356513248618,4.372132,16.630445,3.9090397
1356513248658,1.7570249,3.7864566,-4.2904096
1356513248698,2.4925237,8.008764,-2.1792557
1356513248749,3.5276701,10.61025,-3.1463003
1356513248778,5.407278,7.9679036,-1.8387469
1356513248818,2.3699405,7.9679036,4.5628166
1356513248858,3.7864566,9.275456,-3.1054392
1356513248898,3.405087,9.043911,-0.5720546
1356513248938,4.140586,9.656827,-1.9477097
1356513248978,5.134871,10.18802,0.8036005
1356513249018,9.00305,9.697687,-1.9477097
1356513249058,10.56939,7.164303,1.5390993
1356513249098,11.372991,7.014479,1.7978859
1356513249138,8.539958,9.043911,1.6889231
1356513249178,3.405087,18.537292,-4.2086873
1356513249218,-0.9125633,18.115063,-4.671779
1356513249258,9.765789,7.8861814,2.6832085
1356513249298,7.0553403,8.308413,-0.50395286
1356513249338,1.7570249,7.43671,-0.50395286
1356513249378,-0.19068487,6.5513873,-0.8036005
1356513249418,-1.6889231,5.7477865,0.6537767
1356513249458,-0.08172209,5.5571017,1.3075534
1356513249498,4.4810944,6.8237944,3.8273177
1356513249538,17.883516,9.997335,4.6036777
1356513249578,12.067628,8.62168,1.1849703
1356513249618,0.08172209,7.5456724,-5.5162406
1356513249658,5.5571017,16.930092,5.938472
1356513249698,2.070293,1.879608,-2.7513103
1356513249747,-0.14982383,7.8861814,-0.7627395
1356513249778,4.4810944,11.563675,-5.6252036
1356513249818,5.706926,7.3958488,-1.2258313
1356513249858,2.982856,7.3549876,4.0180025
1356513249898,4.2495484,9.575105,-2.6423476
1356513249938,2.9147544,9.302697,-0.0
1356513249978,4.2904096,9.275456,-2.3018389
1356513250018,5.706926,9.466142,0.50395286
1356513250058,9.575105,9.656827,-1.56634
1356513250098,10.460427,7.164303,2.0294318
1356513250138,10.147159,7.43671,4.1814466
1356513250178,7.668256,10.079058,0.7218784
1356513250218,4.4810944,18.700737,-6.782933
1356513250258,0.313268,17.311462,-1.3075534
1356513250298,11.454713,7.5456724,1.3756552
1356513250338,4.5219555,7.6273947,0.27240697
1356513250378,0.92618364,7.504812,-0.08172209
1356513250418,-0.7627395,6.2789803,-0.040861044
1356513250458,-2.2201166,5.7886477,0.7218784
1356513250498,0.92618364,6.0201936,1.4573772
1356513250538,7.8589406,6.851035,4.2495484
1356513250578,18.891422,9.275456,4.2086873
1356513250618,8.281172,8.308413,0.7218784
1356513250658,0.27240697,14.709975,-2.3018389
1356513250698,4.5219555,12.639683,5.012288
1356513250743,3.636633,1.6480621,-4.7535014
1356513250778,2.5606253,9.615966,-3.3642259
1356513250818,4.671779,10.460427,-2.9556155
1356513250858,2.6832085,7.164303,2.5606253
1356513250898,2.5333846,9.152874,0.46309182
1356513250938,4.1814466,9.152874,-2.5606253
1356513250978,4.5219555,8.430995,-0.50395286
1356513251018,5.012288,9.656827,-2.1111538
1356513251058,5.7886477,10.419566,0.6946377
1356513251098,9.507003,9.00305,-0.53119355
1356513251138,11.032481,5.9793324,2.7240696
1356513251178,10.147159,7.7772183,4.399372
1356513251218,6.891896,12.408136,-3.445948
1356513251258,2.1792557,18.959524,-6.469665
1356513251297,4.2086873,14.982383,1.1441092
1356513251338,9.847511,8.240311,1.1168685
1356513251378,3.2961242,7.205164,0.7627395
1356513251418,0.61291564,6.469665,-0.38136974
1356513251458,-2.070293,5.243834,0.27240697
1356513251498,-1.334794,6.0201936,0.61291564
1356513251538,2.6014864,6.4015636,3.1054392
1356513251578,13.756551,7.0553403,3.718355
1356513251618,16.167353,10.923519,1.6889231
1356513251658,5.9793324,15.6634,-0.84446156
1356513251698,5.407278,12.639683,5.09401
1356513251740,-2.3699405,3.759216,-2.8330324
1356513251778,0.50395286,9.043911,-3.759216
1356513251818,5.7477865,11.304889,-3.173541
1356513251858,5.243834,6.782933,0.6946377
1356513251898,2.6423476,8.539958,3.1463003
1356513251938,4.7535014,8.894087,-2.7921712
1356513251978,3.718355,8.62168,-0.10896278
1356513252018,3.3778462,9.80665,-1.607201
1356513252058,4.0588636,10.841797,-0.19068487
1356513252098,8.049625,9.847511,-0.84446156
1356513252138,10.732834,7.014479,0.50395286
1356513252178,11.223166,7.164303,1.1849703
1356513252218,9.043911,8.390134,1.7978859
1356513252258,3.718355,15.935807,-1.334794
1356513252298,-0.7627395,18.959524,-7.246025
1356513252338,7.205164,10.800936,1.7978859
1356513252378,8.662541,8.812365,0.040861044
1356513252418,3.486809,7.6273947,-0.84446156
1356513252458,0.53119355,6.5922484,-1.1849703
1356513252498,-1.3756552,5.7477865,1.4573772
1356513252538,-0.10896278,5.8567495,1.2258313
1356513252578,2.4516625,6.1291566,3.173541
1356513252618,14.09706,7.9679036,4.7943625
1356513252658,15.785983,11.75436,2.7649305
1356513252698,3.8681788,13.593107,-1.879608
1356513252738,4.140586,14.519291,4.140586
1356513252778,-0.14982383,3.8681788,-3.5276701
1356513252818,1.3756552,9.112013,-2.6014864
1356513252858,5.6252036,10.269742,-3.486809
1356513252898,5.5571017,6.851035,-0.27240697
1356513252938,2.5333846,8.240311,3.759216
1356513252978,3.8681788,9.152874,-2.8738933
1356513253018,2.982856,9.697687,-0.10896278
1356513253058,4.2904096,9.915613,-1.7570249
1356513253098,5.134871,10.038197,0.7218784
1356513253138,9.697687,8.689782,-1.525479
1356513253178,11.223166,7.273266,0.88532263
1356513253218,9.888372,8.049625,2.9147544
1356513253258,6.891896,9.888372,0.95342433
1356513253298,2.982856,18.428331,-4.2495484
1356513253338,1.4982382,17.311462,-4.0588636
1356513253378,9.80665,8.499097,2.7921712
1356513253418,4.5628166,8.771504,-0.42223078
1356513253458,0.6537767,7.9270425,0.50395286
1356513253498,0.53119355,6.0474343,-0.6946377
1356513253538,-1.1168685,5.5162406,0.46309182
1356513253578,0.313268,5.8567495,1.7297841
1356513253618,3.9499009,6.6331096,3.990762
1356513253658,16.589584,9.275456,4.944186
1356513253698,11.182305,10.079058,2.5333846
1356513253738,2.6832085,14.47843,-3.9771416
1356513253778,2.3018389,11.372991,2.9556155
1356513253818,2.2609777,4.3312707,-2.2609777
1356513253858,0.6946377,11.032481,-1.7297841
1356513253898,4.7943625,9.425281,-3.486809
1356513253938,4.0588636,7.014479,1.2666923
1356513253978,3.7864566,8.689782,1.6480621
1356513254018,4.0588636,9.084772,-1.7297841
1356513254058,3.3778462,9.193735,-0.27240697
1356513254098,4.372132,10.310603,-1.7570249
1356513254138,4.7943625,10.147159,0.42223078
1356513254178,10.460427,7.8589406,-1.3075534
1356513254218,11.372991,6.510526,1.6889231
1356513254258,10.269742,8.117727,2.7921712
1356513254298,6.4015636,12.067628,0.38136974
1356513254338,3.5276701,18.237646,-6.0201936
1356513254378,0.14982383,16.780268,-0.10896278
1356513254418,10.95076,6.701211,1.3075534
1356513254458,4.0180025,8.19945,0.46309182
1356513254498,1.334794,7.7772183,0.38136974
1356513254538,-0.23154591,6.4015636,-1.3075534
1356513254578,-1.879608,6.891896,0.7218784
1356513254618,0.6946377,6.469665,1.7978859
1356513254658,6.0882955,7.4639506,4.2086873
1356513254698,18.34661,7.8589406,4.2904096
1356513254739,11.34575,12.108489,0.50395286
1356513254778,5.243834,17.270601,0.7218784
1356513254818,2.070293,5.9793324,-0.14982383
1356513254858,-1.3075534,6.3607025,-1.7978859
1356513254898,2.8330324,11.604536,-3.568531
1356513254938,5.938472,8.62168,-2.4516625
1356513254978,4.3312707,7.5865335,2.1792557
1356513255018,4.399372,8.689782,0.08172209
1356513255058,4.4810944,8.240311,-2.1792557
1356513255098,3.990762,9.234595,-0.19068487
1356513255138,3.336985,10.038197,-2.1383946
1356513255178,3.8681788,10.800936,0.42223078
1356513255218,9.275456,8.812365,-1.6480621
1356513255258,10.310603,7.014479,0.7218784
1356513255298,9.888372,8.240311,1.3075534
1356513255337,8.499097,8.730643,2.5606253
1356513255378,3.636633,16.249075,-2.5333846
1356513255418,-0.9125633,17.502148,-4.903325
1356513255458,10.038197,8.19945,1.6480621
1356513255498,7.164303,9.043911,-0.29964766
1356513255538,1.7570249,8.430995,-0.10896278
1356513255578,0.08172209,7.0553403,-0.5720546
1356513255618,-0.88532263,6.0201936,0.92618364
1356513255658,-0.0,6.2789803,0.95342433
1356513255698,3.3778462,6.5513873,3.255263
1356513255740,12.598822,7.5865335,4.440233
1356513255778,16.358038,10.310603,2.2201166
1356513255818,4.862464,9.466142,-1.879608
1356513255858,7.5865335,16.589584,3.445948
1356513255898,0.6946377,4.7126403,-2.8738933
1356513255938,1.1849703,7.9679036,-0.84446156
1356513255978,2.2201166,9.915613,-3.405087
1356513256018,4.903325,8.19945,-2.5606253
1356513256058,3.0237172,8.812365,3.8273177
1356513256098,2.982856,9.302697,-1.4165162
1356513256138,3.636633,9.084772,-0.9942854
1356513256178,4.9850473,9.343558,-1.4573772
1356513256218,3.759216,10.419566,-0.040861044
1356513256258,7.246025,9.343558,-0.8036005
1356513256298,9.724928,7.1234417,-0.3405087
1356513256338,9.888372,7.668256,0.61291564
1356513256378,10.228881,8.158588,2.8738933
1356513256418,5.8567495,12.4489975,0.5720546
1356513256458,1.7297841,18.659876,-6.891896
1356513256498,1.879608,14.206022,0.10896278
1356513256538,11.686258,7.164303,-0.08172209
1356513256578,3.8681788,8.812365,0.313268
1356513256618,-0.0,7.8861814,0.61291564
1356513256658,-0.19068487,5.829509,0.6946377
1356513256698,-0.27240697,5.8976107,1.1168685
1356513256738,1.7297841,5.938472,1.1168685
1356513256778,6.742072,7.3549876,3.9090397
1356513256818,18.46919,8.308413,3.255263
1356513256858,8.430995,11.563675,0.46309182
1356513256898,3.9499009,16.970953,2.982856
1356513256938,0.7627395,6.2108784,-0.9942854
1356513256978,0.040861044,5.09401,-2.9147544
1356513257018,4.5628166,11.876944,-2.8330324
1356513257058,5.5571017,7.6954966,-1.7570249
1356513257098,2.7649305,7.7772183,2.8330324
1356513257138,4.630918,9.302697,-1.7570249
1356513257178,2.9147544,8.689782,-0.040861044
1356513257218,3.6774938,9.656827,-1.7978859
1356513257258,4.5628166,10.378705,-1.1168685
1356513257298,5.829509,10.147159,0.38136974
1356513257338,9.343558,7.8180795,-0.84446156
1356513257378,10.460427,6.3198414,1.1441092
1356513257418,9.466142,8.076866,2.7649305
1356513257458,6.469665,11.686258,0.61291564
1356513257498,3.759216,18.428331,-5.5571017
1356513257538,-1.2666923,17.052675,-0.9125633
1356513257578,10.923519,6.782933,1.0351465
1356513257618,5.284695,8.281172,0.6946377
1356513257658,1.879608,7.7363577,0.61291564
1356513257698,-0.10896278,6.4015636,-0.6537767
1356513257738,-1.4573772,6.2108784,0.6946377
1356513257778,0.6537767,6.1700177,1.1849703
1356513257818,5.2165933,7.3141265,3.8681788
1356513257858,17.583868,7.8180795,2.982856
1356513257898,10.95076,7.8861814,0.53119355
1356513257938,3.486809,10.337844,-3.636633
1356513257978,5.5162406,15.322891,6.6331096
1356513258018,1.5390993,5.243834,-3.486809
1356513258058,-0.38136974,9.724928,-1.6480621
1356513258098,3.759216,9.656827,-4.0588636
1356513258138,5.284695,7.7363577,-1.607201
1356513258178,3.1054392,7.9679036,3.405087
1356513258218,3.2961242,9.697687,-1.9477097
1356513258258,3.445948,9.343558,-0.6537767
1356513258298,4.7943625,9.234595,-1.7978859
1356513258338,4.7943625,10.269742,0.53119355
1356513258378,7.8180795,9.888372,-2.070293
1356513258418,10.61025,6.742072,1.0760075
1356513258458,10.147159,8.158588,2.5333846
1356513258498,8.240311,9.343558,3.2961242
1356513258538,5.284695,14.7916975,-4.2495484
1356513258578,-0.5720546,18.918663,-4.5628166
1356513258618,7.1234417,9.575105,1.7570249
1356513258658,9.112013,6.851035,-0.29964766
1356513258698,1.6480621,8.812365,0.61291564
1356513258738,0.61291564,7.7772183,-0.42223078
1356513258778,-0.29964766,6.0882955,0.313268
1356513258818,-0.08172209,6.4015636,1.1441092
1356513258858,2.7649305,6.238119,3.173541
1356513258898,13.756551,8.076866,4.372132
1356513258938,16.358038,10.56939,1.6889231
1356513258978,4.440233,13.593107,-2.4108016
1356513259018,2.9556155,14.669114,5.366417
1356513259058,-0.8036005,3.1054392,-4.0180025
1356513259098,1.7570249,9.343558,-3.445948
1356513259138,6.2108784,10.95076,-2.3018389
1356513259178,4.8216033,6.8237944,0.95342433
1356513259218,2.7921712,8.19945,1.1849703
1356513259258,4.903325,8.771504,-2.3426998
1356513259298,3.8273177,8.812365,0.27240697
1356513259338,3.405087,9.997335,-1.6480621
1356513259377,2.8738933,10.691973,-0.08172209
1356513259418,8.281172,9.765789,-1.8387469
1356513259458,10.691973,7.082581,-0.040861044
1356513259498,9.384419,8.771504,1.1441092
1356513259538,8.117727,8.076866,3.0645783
1356513259578,5.012288,10.841797,0.23154591
1356513259618,2.3018389,17.434046,-6.6331096
1356513259658,1.9477097,16.167353,-0.08172209
