1356513028792,0.0,0.0,0.0
1356513028820,0.19063115,0.19063187,-0.10893214
1356513028848,-0.04123473,0.14939785,-0.06786287
1356513028889,-0.31470704,0.038479805,0.16460079
1356513028931,-0.4242344,-0.08850098,-0.22869486
1356513028972,-0.23032117,0.09558582,-0.7977805
1356513029012,0.012123823,0.21027851,-0.5177304
1356513029050,-0.092381954,0.03855419,0.029831946
1356513029091,-0.21828961,0.19277859,-0.17310071
1356513029132,-8.0537796E-4,0.018458366,0.029316008
1356513029171,-0.01602602,0.27867222,-0.09314412
1356513029214,0.19712877,0.60479546,-0.2728867
1356513029253,-0.12635398,0.62649727,0.33108062
1356513029292,-0.45606613,-0.39356232,0.5450867
1356513029332,-0.42221737,0.26708984,0.62478983
1356513029373,-0.5232887,0.71870375,0.59308565
1356513029412,0.023193121,-0.084303856,0.4460287
1356513029451,-0.020349264,-0.12376118,0.2532767
1356513029494,-0.21956134,0.15268803,0.11336124
1356513029532,-0.33373785,0.23045158,-0.10214746
1356513029572,-0.5301504,0.24691772,-0.4368267
1356513029612,-0.64497185,0.37724733,-0.93543375
1356513029652,-0.6886966,-0.062989235,-0.74356127
1356513029692,-1.4466329,-0.35405636,-0.15383631
1356513029732,0.17834687,0.24050522,0.3029195
1356513029772,-0.824054,0.38835287,-0.5671744
1356513029831,-2.9567883,1.6275725,-0.54298675
1356513029852,-1.43764,1.4985056,0.25644797
1356513029892,-0.31759,0.3831401,0.5040723
1356513029932,-1.1873727,0.50601673,-0.37774426
1356513029972,0.31570482,-0.20048046,-0.7306009
1356513030012,0.9870353,-1.7221837,-0.5645133
1356513030053,-2.897677,-1.0801749,0.75577617
1356513030092,-3.5819836,-0.5238471,0.9606354
1356513030132,-3.049662,-1.494247,3.6115973
1356513030172,-1.3753066,-0.6383152,3.0619128
1356513030212,0.6743703,-0.79748154,1.6390125
1356513030252,3.0903084,-4.694084,-0.5791713
1356513030292,-0.71972513,-0.7693958,0.36814487
1356513030332,-2.1114736,-0.29884815,0.7016963
1356513030372,1.7968667,1.7194667,-0.4368103
1356513030412,4.593233,3.3083692,-0.5542316
1356513030452,3.578197,4.923212,1.0867288
1356513030492,3.935668,5.6237354,1.1625757
1356513030532,2.7317286,5.321575,1.6988257
1356513030572,0.1606884,4.5675364,4.230709
1356513030612,-6.153879,-0.18303204,6.429451
1356513030652,-5.2246466,0.12809849,4.9918947
1356513030692,-1.9906359,-3.194471,1.2806497
1356513030736,5.334861,-7.348629,-1.3025589
1356513030762,2.2018666,6.9477577,-4.4160833
1356513030833,4.4374895,-2.0872645,-6.682044
1356513030844,-3.6744308,-4.0977225,-4.7193775
1356513030882,0.093250275,0.47561693,-2.115456
1356513030922,2.0980623,0.13019991,-2.138705
1356513030962,-0.42270708,-1.1719646,-3.67727
1356513031002,0.9162266,-0.43039703,-1.2463478
1356513031041,1.0011537,-0.5544629,-2.349248
1356513031080,0.50339365,-2.1071634,-1.4578612
1356513031121,-2.907556,-2.6526675,-0.1698463
1356513031161,-5.4494505,0.05045128,0.45784724
1356513031200,-5.4753895,-0.13366413,2.1268446
1356513031241,-1.8599668,-1.4178476,1.3806896
1356513031280,2.042723,-7.0612965,0.8046012
1356513031321,3.0277996,-7.799129,0.21896785
1356513031361,0.50925016,-0.9317188,1.0267375
1356513031401,-2.7259507,2.186655,0.06223589
1356513031438,3.0834577,3.757688,-0.80063397
1356513031481,5.957945,4.8273277,-0.9481296
1356513031520,6.1685724,6.430271,0.67757523
1356513031560,5.1773286,6.202054,1.6874237
1356513031601,0.6263685,5.115839,4.0135045
1356513031640,-10.448067,-1.2434893,9.124321
1356513031680,-5.7578306,-0.385849,6.4502087
1356513031721,-0.79135156,-5.7530103,-1.7870371
1356513031760,4.3648334,-3.1481447,1.8306003
1356513031842,1.5087016,6.6794252,-6.7650647
1356513031844,2.029643,-4.399908,-4.443942
1356513031868,-5.0644627,-1.6867785,-2.3265676
1356513031899,0.07025385,1.1731148,-1.5643635
1356513031940,3.0741286,1.4071226,-1.5315161
1356513031981,-0.3778906,-0.81065226,-3.1093364
1356513032020,0.8334627,0.23865652,-1.5182419
1356513032060,2.382071,-0.656692,-2.772093
1356513032100,0.067062855,-1.2384534,-2.245545
1356513032140,-4.805386,-1.3229203,-0.9066315
1356513032180,-5.8003654,-0.32092714,1.050144
1356513032220,-2.9265165,-1.0247374,2.2297463
1356513032261,0.8745949,0.053333282,1.9113642
1356513032300,-1.8676834,-5.8947167,-1.9695789
1356513032340,1.0793643,-10.149328,2.3683662
1356513032381,-1.4208927,-1.2003736,0.26649582
1356513032420,-2.1499786,4.560963,-0.5887436
1356513032461,6.1467614,4.1774554,-1.1740166
1356513032500,7.6826186,5.0504184,-0.8710253
1356513032542,7.977397,6.579087,-0.26525235
1356513032582,4.821342,5.525613,2.315064
1356513032622,-1.936141,4.314,5.368801
1356513032662,-12.498523,-3.774088,9.008011
1356513032702,-3.3554332,3.8116226,5.513507
1356513032742,0.7076962,-7.289268,-2.484822
1356513032782,3.1588895,-0.8181658,2.2778842
1356513032830,3.4832158,5.606264,-6.7697425
1356513032862,1.1413221,-4.397689,-3.6997342
1356513032902,-4.656872,-0.86656475,-2.6964421
1356513032942,3.4248405,2.1814203,-0.33318186
1356513032982,2.924117,-0.5370345,-2.6920478
1356513033022,0.12065792,-0.8029609,-2.7789721
1356513033062,0.9434519,-0.514606,-2.5132864
1356513033102,-0.58231044,-1.3133664,-1.9806421
1356513033142,-4.053382,-2.1793199,-0.51684713
1356513033182,-6.6922064,-0.7068491,1.3371639
1356513033222,-5.012149,-1.015213,0.75550616
1356513033262,0.6096792,-3.5141134,2.8971298
1356513033302,-1.4882104,-8.354849,-1.5730224
1356513033342,3.421276,-9.009258,2.1125326
1356513033382,-2.454382,1.5164881,0.19380093
1356513033422,-0.25069094,4.288166,-0.59340703
1356513033462,5.91185,3.6241078,-1.696728
1356513033502,7.2733574,5.175377,-1.2938671
1356513033542,6.752582,7.348875,-0.2241993
1356513033582,4.556788,6.997178,3.1860983
1356513033622,-3.45504,4.1987557,5.4005375
1356513033662,-13.001822,-2.883235,8.143371
1356513033702,-3.4683053,1.6364503,3.6927803
1356513033742,3.6887076,-11.079527,0.09309304
1356513033782,1.2078922,6.6519823,-2.7903361
1356513033830,6.0762672,0.9624505,-5.793061
1356513033862,-1.8741701,-5.38558,-3.192394
1356513033902,-2.7989323,1.241159,-2.4463718
1356513033942,2.8489785,2.3135028,-0.6893084
1356513033982,1.0526416,-1.7147503,-2.4009442
1356513034022,0.78873086,-0.3052783,-1.8095431
1356513034062,1.0376616,-0.50553274,-1.9569356
1356513034102,-1.6945064,-2.1416483,-0.9294034
1356513034142,-4.9790525,-1.8870907,-0.03845775
1356513034182,-6.74957,0.7061682,2.3583984
1356513034222,-3.3726761,-0.17302275,1.8613062
1356513034262,-0.017325401,-3.5685744,1.036022
1356513034302,0.75122786,-10.508738,-0.32764417
1356513034342,3.8387866,-6.231432,1.3034083
1356513034382,-4.1553493,2.4963121,0.9242146
1356513034422,1.7139337,3.8346891,-1.4692291
1356513034462,6.2404156,4.5478616,-2.246838
1356513034502,7.403876,6.9202747,-0.2571733
1356513034542,6.276862,7.015881,1.2961223
1356513034581,2.706899,5.8151083,3.1858704
1356513034621,-8.303638,-0.55610657,8.653135
1356513034658,-7.5560174,-1.7443752,8.0199375
1356513034701,-1.6792438,-3.759183,-3.4289703
1356513034740,4.478548,-2.9236417,1.60391
1356513034780,-0.52890587,7.7312202,-5.996126
1356513034833,3.701133,-4.336661,-3.374184
1356513034862,-2.4108198,-2.665707,-2.9259777
1356513034902,1.4626045,0.99154425,-2.2286553
1356513034943,1.5586522,0.13766003,-1.5331525
1356513034982,0.47893214,-0.21915674,-3.3683977
1356513035022,1.0072103,-0.24367142,-1.503411
1356513035062,-1.6176567,0.4592409,-1.217929
1356513035102,-5.738302,-0.9533949,0.945896
1356513035142,-5.0997066,-0.7180157,3.1659813
1356513035182,-3.378922,-1.8419647,3.8671768
1356513035222,-1.2363088,-2.7068443,-1.7033257
1356513035262,-3.1944065,-7.2033033,-2.2594972
1356513035302,1.124784,-7.7278957,1.1915929
1356513035342,0.5805254,-1.0043707,-0.50442874
1356513035382,2.726322,3.1790648,-0.878693
1356513035422,4.26455,3.137188,-2.3502905
1356513035462,6.9780755,4.95722,-0.8416175
1356513035502,7.3510222,5.55115,0.9565203
1356513035542,3.820356,7.1584034,2.360897
1356513035582,-1.4887838,5.0360265,4.0792837
1356513035622,-11.955408,-3.6091652,5.943434
1356513035662,-5.7013025,-0.84139156,2.920595
1356513035702,6.0051126,-8.829602,1.3468742
1356513035742,2.1212416,8.969355,-3.7111106
1356513035782,5.0685744,1.7801633,-5.702986
1356513035832,-3.2904277,-5.5677123,-1.1835259
1356513035862,-0.88372326,2.5427089,-1.767266
1356513035902,3.3845592,1.0953636,-0.36987782
1356513035942,1.7166524,-1.6558204,-2.2531176
1356513035982,0.36750078,-0.079120636,-1.6127412
1356513036022,-1.4013221,-1.2171206,-1.2968326
1356513036062,-3.2042139,-2.231915,0.13257432
1356513036102,-6.9480834,-1.0779729,1.9291615
1356513036142,-5.0311475,0.4096074,3.6885548
1356513036182,0.16885877,-0.14767885,1.4111362
1356513036222,-2.773394,-7.2227,-1.1384321
1356513036262,3.2068715,-10.791933,2.546407
1356513036302,1.4650648,-1.4894333,0.07981479
1356513036342,-1.4841061,4.589387,-0.5957395
1356513036382,5.230331,4.776029,-1.1843619
1356513036422,6.454595,6.302512,-1.1594033
1356513036462,7.3254304,7.3287416,-0.031277895
1356513036502,4.2384243,6.0450997,3.00882
1356513036542,-5.6329613,-0.22071457,6.9663405
1356513036582,-10.822393,-4.8990316,8.084232
1356513036622,-3.2211843,-4.1287766,-1.9055111
1356513036662,6.73214,-3.281351,-0.42372108
1356513036702,0.99195576,7.014398,-5.686476
1356513036742,1.6228272,-2.908154,-3.686842
1356513036782,-1.8167822,-0.62676,-3.2175038
1356513036837,0.39043975,2.641377,-1.773325
1356513036862,0.5083277,0.80515146,-1.272089
1356513036902,1.3221192,-0.45831728,-2.3236241
1356513036942,1.6923523,-0.5010896,-2.1304631
1356513036982,-1.8991523,-0.304204,-1.3288138
1356513037022,-5.969948,-1.6431146,-0.19932663
1356513037062,-5.5797997,-0.9866524,2.1882353
1356513037102,-3.8448718,-0.19963789,1.1299481
1356513037142,-1.2694881,-2.588036,1.6804397
1356513037182,-1.484478,-9.990646,0.27465475
1356513037222,5.9887815,-8.794458,2.1401503
1356513037262,-0.59608173,2.5092964,0.08437085
1356513037302,2.0101817,5.013859,-1.2824198
1356513037342,5.120774,4.3090906,-1.7022952
1356513037382,7.35816,6.8741517,-1.1588619
1356513037422,7.3692827,7.01795,0.7483393
1356513037462,1.4703312,6.9834833,3.4246917
1356513037502,-6.6701827,3.3418598,7.407671
1356513037542,-10.734961,-5.2328415,9.013704
1356513037582,-1.1445224,2.0300035,1.3425311
1356513037622,7.669404,-10.147736,-1.6846064
1356513037662,-3.06542,6.7594786,-5.702049
1356513037702,3.3245978,-1.7481585,-4.535622
1356513037742,-1.418926,-2.6266055,-3.7920346
1356513037782,-0.20900202,1.1462793,-2.9167094
1356513037867,2.700016,1.1074991,-1.3029206
1356513037868,-0.07420778,-1.5731225,-2.90664
1356513037890,1.9620228,-0.35254574,-1.6375039
1356513037918,0.7601321,-1.097467,-1.9274957
1356513037961,-3.3766484,-0.94108295,-0.59685755
1356513038000,-5.3969674,-2.7513022,-0.44986928
1356513038040,-3.3823953,-0.9839182,3.5285664
1356513038080,-2.4150321,0.27345848,2.3881023
1356513038120,-3.3188019,-1.6521482,-0.49636793
1356513038160,-2.342013,-10.708597,0.9597099
1356513038200,3.2674785,-7.285117,2.1124458
1356513038240,-0.63898706,3.3953485,0.19792473
1356513038280,1.9210987,4.537069,-0.09995532
1356513038320,5.0683894,3.3558326,-1.7959391
1356513038360,8.183945,6.04897,-1.4767284
1356513038400,6.759015,7.055815,0.84534454
1356513038440,1.284097,6.427719,2.9975963
1356513038480,-6.064063,2.4168415,6.9654903
1356513038520,-8.725136,-3.515976,7.600396
1356513038560,-3.3042192,-4.2422295,2.3938475
1356513038600,5.7019434,-5.310125,-0.09968853
1356513038641,1.2297455,7.750965,-7.3263884
1356513038682,1.7628659,-1.2490768,-4.9877987
1356513038722,-2.9204354,-4.451973,-2.2790852
1356513038762,0.92882967,1.5857754,-1.3965154
1356513038802,2.9047246,1.3318529,-0.8568239
1356513038843,0.15571833,-0.6979327,-3.4481852
1356513038879,1.5960355,-0.39100838,-1.7395709
1356513038920,-0.37355137,-1.6620259,-1.7825539
1356513038960,-2.9623396,-1.6836405,0.21429038
1356513039000,-6.4235406,-0.8387399,0.84696555
1356513039040,-6.9163294,0.8576784,2.1382434
1356513039080,-2.1755726,-1.1870928,1.8405058
1356513039120,-0.59258366,-7.9922533,-0.877835
1356513039160,3.7166557,-10.545132,0.14990449
1356513039200,-0.95271635,-0.31724834,0.9670707
1356513039240,-2.4029565,3.201353,-0.35940766
1356513039280,5.632337,4.566332,-1.8058721
1356513039320,6.774473,6.103286,-1.6810174
1356513039360,8.126837,7.239682,-0.8858687
1356513039401,6.2168984,5.838201,1.4629233
1356513039442,0.42901134,4.1657147,3.9882002
1356513039482,-11.353975,-2.8321228,10.153063
1356513039522,-6.2894354,0.56669235,5.4771056
1356513039562,-0.8084707,-2.3441257,-3.6085346
1356513039602,5.355112,-3.51712,3.3641372
1356513039642,0.54227304,7.3497057,-5.93021
1356513039682,3.589544,-4.0265102,-3.8670602
1356513039722,-3.8993855,-1.8008084,-3.2848012
1356513039762,0.7731943,1.793694,-0.6417062
1356513039802,1.7242727,0.49994516,-0.9986005
1356513039841,0.56130385,-1.1327658,-2.6236389
1356513039880,1.2446775,-0.28466082,-1.2510613
1356513039920,-0.64377475,-1.7870636,-1.4887595
1356513039960,-4.9688215,-2.1148915,0.033450127
1356513040000,-5.9913445,-0.5233245,1.4145969
1356513040040,-5.0762033,-0.6007972,3.0066457
1356513040080,-0.73431754,-1.2767425,2.3036366
1356513040120,-0.9056995,-7.8481684,-1.9637345
1356513040160,3.5309942,-9.780201,0.25485694
1356513040200,-2.7363892,0.69658995,1.3321667
1356513040240,-0.7073326,3.0442462,-0.71461976
1356513040280,5.77073,3.6759052,-2.0501366
1356513040320,6.4969196,5.439432,-1.7067957
1356513040360,8.450315,6.470859,-0.3566414
1356513040400,4.902552,5.3999853,1.3256807
1356513040440,-1.7622843,4.0547595,4.9663415
1356513040480,-12.424226,-3.4896412,8.996626
1356513040520,-2.5554388,3.6424265,3.4723861
1356513040560,0.12482524,-6.103977,-2.7537942
1356513040600,3.8332818,-1.3215885,3.2395723
1356513040640,2.2229292,6.659369,-6.334037
1356513040682,1.5034671,-5.461977,-3.9138236
1356513040722,-3.5659404,-1.167654,-3.0126896
1356513040762,1.9534882,2.209052,0.16241646
1356513040802,1.2646561,-0.10247326,-1.6503974
1356513040844,0.29551196,-1.008831,-2.5037832
1356513040882,1.4386137,0.18248272,-2.1277463
1356513040922,0.139184,-1.8249631,-1.4857215
1356513040962,-3.3899453,-2.5005555,0.29379392
1356513041002,-6.674939,0.085297585,1.6131196
1356513041042,-6.0339546,0.8327966,3.093487
1356513041081,-1.0629079,-1.6019664,1.63857
1356513041122,-0.18917131,-10.542427,-1.3547202
1356513041158,3.9004383,-8.213969,0.6658139
1356513041201,-3.7469969,1.9330349,1.2930976
1356513041240,0.3944025,3.2763767,-0.90946394
1356513041280,5.119786,3.7492867,-2.7606034
1356513041320,7.157509,5.9853573,-1.692976
1356513041360,8.335121,7.1093044,-0.0064070225
1356513041400,3.939178,5.111342,2.0614908
1356513041440,-4.7983303,3.716528,6.279873
1356513041480,-10.081182,-3.5637388,8.126783
1356513041520,-1.9739532,0.2764473,1.589243
1356513041560,2.6204886,-10.278696,1.2739055
1356513041600,1.7724543,5.312212,-3.4357996
1356513041640,1.623994,2.5940042,-6.8626165
1356513041680,-1.1018889,-3.7768087,-3.2284749
1356513041720,0.47232485,0.45607328,-1.146575
1356513041760,2.6917086,1.1904225,-0.45357084
1356513041802,0.85309863,-0.7409897,-2.846417
1356513041842,1.0689926,0.44329643,-1.9483422
1356513041868,0.27129865,-0.17215347,-1.7363828
1356513041911,-0.6724076,-0.81811285,-0.77685654
1356513041950,-4.2462096,-1.6541467,0.5769068
1356513041990,-6.769352,0.44973516,3.064016
1356513042030,-4.887994,0.6400404,3.132598
1356513042070,-0.36825705,-2.367898,1.9615741
1356513042110,-2.0236683,-10.457881,-2.8317313
1356513042151,4.017119,-8.430889,2.071681
1356513042190,-4.6418295,2.3066626,0.6388941
1356513042230,1.814682,3.5701685,-0.71909046
1356513042270,6.1181498,4.0536547,-2.129991
1356513042310,7.1797094,5.89007,-1.9851011
1356513042351,7.5118003,6.0899353,-0.46596968
1356513042392,4.2526875,5.3555145,2.1734385
1356513042432,-3.453936,3.2240582,5.1425233
1356513042472,-12.216542,-4.1984015,7.6141286
1356513042512,-1.0757976,2.3827739,2.7074244
1356513042552,3.197119,-10.534757,1.3228667
1356513042592,0.64977765,5.804233,-3.0945082
1356513042632,3.4133852,3.5295517,-6.757461
1356513042672,-1.1929088,-5.931863,-2.9675457
1356513042712,-1.3130026,-0.23799181,-1.5089674
1356513042752,4.042766,1.9921765,-0.38731003
1356513042792,1.5707514,-1.2041607,-2.735409
1356513042845,-0.10353804,0.25221205,-2.3595946
1356513042872,-1.0403655,0.08073282,-1.478252
1356513042912,-0.58147955,-1.5646586,-0.5525155
1356513042952,-4.725624,-1.9654975,0.2806152
1356513042992,-6.9327717,0.8606839,2.1984406
1356513043032,-4.839425,-0.17605352,1.6573597
1356513043072,0.2511077,-2.11308,2.7214785
1356513043112,0.26051354,-9.709375,-0.81477636
1356513043152,5.1858683,-8.041922,0.041386724
1356513043192,-4.334441,2.3083787,1.514853
1356513043232,0.13562441,3.2769165,-0.7493874
1356513043272,5.255027,3.4668088,-2.0433483
1356513043312,5.923574,5.647706,-1.4380763
1356513043352,7.0834074,6.6088276,-0.43515193
1356513043392,4.3507795,5.639789,1.8436241
1356513043432,-2.766158,3.826415,5.2515464
1356513043472,-13.483834,-3.6071892,8.040518
1356513043512,-3.9875348,-5.0639,2.4201407
1356513043552,5.5776563,-6.8718295,0.027439594
1356513043592,4.425922,6.9482484,-4.5020447
1356513043632,1.0450563,-1.5990353,-5.819175
1356513043672,-2.1486325,-3.5435438,-2.0578163
1356513043712,0.24739075,2.2798376,-1.24298
1356513043752,1.5746498,1.3608418,-1.3290029
1356513043792,0.7972934,-0.4046197,-2.0577908
1356513043847,1.9005524,-0.35804844,-1.81008
1356513043872,0.8511863,-0.8756666,-2.216249
1356513043912,-1.5459156,-0.5298376,0.31156301
1356513043952,-5.072601,-0.6558361,0.27531147
1356513043992,-6.1367493,1.5515885,2.7779489
1356513044032,-3.4599652,1.1336741,1.5934259
1356513044072,0.5540726,-0.87784576,2.8973165
1356513044112,-1.7526739,-9.005135,-1.3652675
1356513044152,4.2598825,-9.129425,1.3689046
1356513044192,-3.2309527,1.3804193,1.319546
1356513044232,-0.8700404,3.1202984,-0.57293975
1356513044272,5.5327635,3.4742036,-1.510242
1356513044330,6.264218,5.628909,-1.7086043
1356513044351,6.9212666,6.4495134,-0.8703501
1356513044391,4.2251673,5.348413,1.4924793
1356513044428,-1.9378896,3.4298892,4.2723684
1356513044471,-13.844477,-2.3008413,6.942443
1356513044510,-3.042811,1.6974878,2.848744
1356513044550,3.1430151,-9.596919,0.54861116
1356513044590,4.233716,2.2616224,-0.3250909
1356513044630,3.0231528,2.375475,-6.4232755
1356513044670,-0.43932366,-4.7317357,-4.2737446
1356513044710,-1.9763656,-0.1729455,-2.1721165
1356513044750,3.0456815,1.5938916,-0.44214797
1356513044790,2.4331622,-0.8951402,-2.7427125
1356513044844,0.3132398,-0.5293255,-2.3374503
1356513044882,-0.38860774,0.6304364,-1.237611
1356513044922,-0.7137153,-0.59856606,-1.1253409
1356513044962,-3.4699523,-1.4548521,0.32423687
1356513045002,-5.870757,0.20905256,1.1248394
1356513045042,-5.3691015,-0.021514893,2.95788
1356513045082,-2.0513992,-1.0523605,2.8870804
1356513045122,-0.9570284,-4.6016808,0.60285866
1356513045162,2.0232458,-9.827235,-1.1283085
1356513045202,2.447156,-3.046444,1.2148719
1356513045242,-4.5598497,3.513598,0.34101617
1356513045282,3.672613,2.1154351,-1.1591477
1356513045322,5.1820536,3.88335,-1.5937767
1356513045362,6.441286,6.26474,-0.99583864
1356513045402,5.4409294,5.755399,0.63124585
1356513045442,2.4514213,5.6847816,2.3920307
1356513045482,-7.12053,3.6699877,7.094598
1356513045522,-11.127453,-4.2633314,4.2266216
1356513045562,-4.236558,-2.798009,-0.51842487
1356513045602,7.8795977,-7.397308,3.7122715
1356513045642,3.1707983,7.8436666,-5.3388
1356513045682,2.195267,-3.7047076,-5.397664
1356513045722,-3.7755442,-1.6318617,-2.6683528
1356513045762,1.15295,1.681149,-0.27475595
1356513045802,2.8454223,0.36318922,-0.648757
1356513045844,0.929703,-0.6506839,-2.7040567
1356513045882,0.65106106,0.97579384,-1.6805508
1356513045922,0.1226089,-0.6895356,-1.8281589
1356513045962,-0.6667628,-1.3677015,0.04104495
1356513046002,-4.675675,-1.4461861,0.4367516
1356513046042,-5.5100346,0.65842295,2.1922693
1356513046082,-3.9467368,-0.6414652,2.013445
1356513046122,0.9924724,-2.6391869,2.8625753
1356513046162,0.51526976,-9.341637,-1.81967
1356513046202,5.2351007,-6.2626953,0.4334551
1356513046242,-3.996643,2.4916291,1.0962782
1356513046282,-0.63797617,3.1869512,-0.67210054
1356513046322,4.7476397,3.546691,-1.9781207
1356513046362,5.395917,6.1526833,-1.4345851
1356513046402,6.432395,6.535067,-0.28936303
1356513046442,3.8293872,5.544582,1.8135622
1356513046482,-3.0876484,1.8499866,5.1071863
1356513046522,-12.700367,-2.027604,7.517568
1356513046562,-3.7692568,1.5051665,2.783516
1356513046602,0.15697384,-9.580236,-1.0357797
1356513046642,3.2815332,4.339367,-0.886932
1356513046682,4.3187046,2.980721,-4.9942904
1356513046722,0.3911035,-5.7894735,-3.9637036
1356513046762,-1.399157,0.74488354,-2.2019696
1356513046801,2.6334352,1.9725547,0.063123226
1356513046844,0.6717372,-1.0222125,-2.4133468
1356513046882,1.1338868,-0.3890028,-2.2203188
1356513046922,1.5564873,-0.877903,-1.9956762
1356513046962,0.17514968,-1.753231,-0.9715705
1356513047002,-3.0167065,-1.3206658,0.16084039
1356513047042,-5.2672105,0.48532915,1.4258435
1356513047082,-4.0975165,0.16595602,2.889677
1356513047122,-0.99668074,0.08941507,2.1417365
1356513047162,-0.7016368,-5.118806,0.47203982
1356513047202,2.813909,-10.0943165,-0.7645823
1356513047242,1.6986439,-2.8438177,1.6254814
1356513047282,-4.9317513,3.0926518,0.7818539
1356513047322,2.2988825,2.5217996,-1.1474175
1356513047362,5.378345,3.809668,-1.6975803
1356513047402,5.5145445,6.028672,-1.199269
1356513047442,5.461109,5.7029443,0.2147336
1356513047482,2.7659416,5.2093472,2.0389013
1356513047522,-6.1597,2.0589213,5.863486
1356513047562,-11.517745,-2.5987377,5.717408
1356513047621,-1.4130881,1.9868994,1.0664203
1356513047641,2.9329019,-9.51675,1.0744367
1356513047681,-0.058834553,4.777233,-2.364971
1356513047718,2.8727088,-0.9246206,-5.4484463
1356513047761,0.07902789,-2.5832233,-4.006294
1356513047800,0.43110108,0.19660568,-1.5390087
1356513047845,3.4729688,0.65539503,0.015657187
1356513047882,2.943265,-0.5440984,-2.36902
1356513047922,0.47338748,-0.04512024,-2.4010859
1356513047962,-0.8657594,0.33810806,-1.3421086
1356513048002,0.10190797,-1.1059065,-0.9429405
1356513048042,-2.1889672,-1.7397165,0.2189275
1356513048082,-5.419192,0.03881073,1.149907
1356513048122,-5.325797,0.059023857,2.6716185
1356513048162,-1.8628824,-1.4335489,2.0941765
1356513048202,1.7397152,-5.2486906,1.1892724
1356513048242,3.421823,-8.491386,-1.5899829
1356513048282,0.5437257,-1.380374,0.46233475
1356513048322,-4.618106,2.1293416,0.46141338
1356513048362,1.7172711,2.3288803,-1.3185343
1356513048402,4.6549416,4.6942916,-1.5942857
1356513048442,5.43044,6.7634544,-0.93408144
1356513048482,5.6491504,5.9359093,0.26004052
1356513048522,2.3164887,4.822133,2.5889983
1356513048562,-6.7441616,0.73421574,6.0968914
1356513048603,-10.336317,-1.6241751,5.9534564
1356513048642,-0.9583528,4.0512176,1.7070057
1356513048682,3.7933862,-10.083643,-0.15660214
1356513048722,-1.1855159,4.341363,-1.5780076
1356513048762,3.4854217,0.15158463,-4.8089013
1356513048802,0.9312644,-2.8093052,-4.31131
1356513048846,-1.0973215,-0.7601414,-2.2100258
1356513048882,2.944417,1.0403676,0.08734226
1356513048922,2.732501,-1.2840266,-2.2639668
1356513048962,0.6576433,-0.24543858,-2.2659402
1356513049002,-0.4417932,-0.39413023,-1.5784879
1356513049042,-0.20255542,-1.7938137,-0.58203447
1356513049082,-2.758156,-1.8629236,0.42662525
1356513049122,-5.276968,-0.28288603,1.2533226
1356513049162,-4.7771683,0.30821705,2.8126714
1356513049202,-0.7525611,-1.1334171,3.5578637
1356513049242,-0.44116545,-5.59002,-1.6587981
1356513049282,2.993021,-8.864086,-0.09171617
1356513049322,0.4241829,-0.697237,1.2451191
1356513049362,-3.3123817,3.2831807,0.4669751
1356513049402,3.654745,2.3319845,-1.2182713
1356513049442,5.2283525,3.353119,-1.3631709
1356513049482,6.219357,5.662584,-0.645535
1356513049522,4.1931653,5.6963325,0.13900399
1356513049562,0.40272093,5.1949697,3.4047112
1356513049602,-9.369026,0.5606384,6.3634634
1356513049642,-6.1418524,-0.80044556,4.1583204
1356513049682,-0.15390468,-2.6609144,1.0831742
1356513049722,3.0968585,-6.8457665,1.7675178
1356513049762,-0.66910005,7.3484745,-4.6982384
1356513049802,2.1005921,-1.8723154,-5.326662
1356513049848,-3.186253,-1.8895426,-3.2136955
1356513049882,2.4123397,0.23194408,0.014569044
1356513049922,3.7144146,-0.27385187,-1.6428307
1356513049962,2.0882819,-0.5337992,-3.640419
1356513050002,-0.3690157,1.1380286,-1.239107
1356513050042,-0.2009263,-0.35829067,-1.5092424
1356513050082,1.1595721,-1.0943522,-0.46551168
1356513050122,-2.8849497,-2.3563714,-0.33933318
1356513050162,-5.1354303,0.032563686,1.9050108
1356513050202,-3.4702313,-0.44041538,2.770949
1356513050242,-2.0130978,-0.49458504,1.8843193
1356513050282,1.3999075,-3.861579,1.331264
1356513050322,2.304817,-8.9939165,-1.3036774
1356513050362,1.2780695,-2.2660847,-0.073886156
1356513050402,-4.156536,2.0291061,0.9846971
1356513050442,1.8826215,2.056768,-1.161967
1356513050482,4.358814,3.741212,-1.5563403
1356513050522,5.087427,5.596597,-0.8236722
1356513050562,5.263792,5.9008236,0.16948771
1356513050602,2.12676,6.1337757,2.4875584
1356513050642,-4.075211,3.921393,5.6725035
1356513050682,-10.150713,-3.1030931,6.245636
1356513050722,-2.3878102,2.3073964,2.4624662
1356513050762,0.03674555,-8.641153,0.25969052
1356513050802,2.3484879,2.337232,-0.28110623
1356513050846,3.3414533,1.5317116,-4.759231
1356513050901,2.0703745,-3.4767375,-3.690219
1356513050921,-1.6994147,-0.7325406,-3.6099293
1356513050961,2.1125312,1.2334785,-0.61268806
1356513050998,1.7699192,-0.9616113,-1.6005
1356513051041,1.0356088,-0.48911333,-2.7315214
1356513051081,0.36382055,-0.4207554,-2.0051358
1356513051120,0.6856563,-1.8968215,-1.2193233
1356513051160,-2.2800376,-1.3123493,0.01817298
1356513051200,-6.0682116,0.37176228,0.7465246
1356513051240,-4.6625957,0.10681105,2.8566003
1356513051280,-1.3627295,-0.61964893,1.5285608
1356513051320,1.3704283,-2.1518068,1.6632701
1356513051360,-0.80307627,-7.6694746,-1.6933465
1356513051400,2.7067413,-5.8610687,0.7642405
1356513051440,-2.9019876,1.6607108,0.20300424
1356513051480,0.6400871,3.0899687,-0.7724092
1356513051520,4.7643485,3.3351617,-1.0563111
1356513051562,5.271238,5.4592624,-1.1755047
1356513051602,5.847578,5.8083277,-0.31838286
1356513051642,3.4042044,5.8230925,1.4960976
1356513051682,-4.3991566,3.871077,5.01808
1356513051722,-12.013302,-2.6657581,6.1790104
1356513051762,-3.260985,0.33849144,3.0599155
1356513051802,2.2790475,-10.228128,1.2475996
1356513051842,1.5215036,4.191233,-2.3934512
1356513051868,3.7907124,0.5823536,-4.5994473
1356513051910,3.1586862,-3.3160882,-3.0746305
1356513051951,-1.2651458,-1.0360346,-4.0674214
1356513051991,1.6866593,1.9938021,-0.30536985
1356513052030,1.6557498,0.00836134,-1.6122798
1356513052070,1.7045527,-1.0366135,-2.7495735
1356513052110,2.024078,0.14071226,-1.8662891
1356513052150,-0.70143414,-1.519722,-0.95342994
1356513052190,-3.217583,-1.3833551,-0.30134666
1356513052230,-5.4297304,-0.047593117,0.5295392
1356513052270,-5.0243826,1.083025,2.639247
1356513052311,-1.8478329,-0.44757175,1.8618683
1356513052352,0.46875644,-3.3206806,1.96605
1356513052392,1.2343595,-9.501106,-1.8435835
1356513052432,5.374406,-5.638584,0.4299531
1356513052472,-5.611045,3.4065094,1.137169
1356513052512,-0.5130081,3.0831428,-0.45490348
1356513052552,4.823731,3.3732257,-1.7849361
1356513052592,5.4593353,6.1103463,-0.88676417
1356513052632,5.59754,6.6796813,0.072645426
1356513052672,2.721768,6.0167856,2.466311
1356513052712,-2.4501069,3.6770015,5.2032094
1356513052752,-12.442916,-4.0656157,6.8381906
1356513052792,-2.0621195,-1.5130024,0.99684846
1356513052846,4.8513083,-9.044159,1.4324193
1356513052872,-0.30217385,4.921186,-3.759234
1356513052912,2.9745548,-0.31745386,-5.5980086
1356513052952,-0.9363668,-1.5814819,-3.049841
1356513052992,-0.20459533,0.41327238,-1.4519517
1356513053032,1.0389292,0.8311701,0.0977273
1356513053072,0.70287657,-0.08484125,-1.9255869
1356513053112,0.93660283,0.28562832,-1.9194131
1356513053152,1.8925068,0.12208128,-2.03258
1356513053192,-0.25485253,-0.79197216,-0.64876926
1356513053232,-4.300698,-1.9187737,-0.13949382
1356513053272,-5.032543,-0.14859486,1.3956475
1356513053312,-3.5792572,-2.1362305E-4,2.2762904
1356513053352,-0.70795083,-0.95358276,2.7012005
1356513053392,-0.3700943,-6.6801386,-0.8982198
1356513053432,4.1902514,-9.260489,-0.62839204
1356513053472,-1.0771384,-0.43699646,1.5138963
1356513053512,-3.8924952,2.7555766,0.16303515
1356513053552,4.182252,2.2317195,-1.3258302
1356513053592,5.316114,3.8500996,-1.3374045
1356513053632,5.4642744,6.058343,-0.48051047
1356513053672,5.03314,6.5078907,0.7357609
1356513053712,3.3314247,6.6293006,2.9951787
1356513053752,-7.6356797,0.7736702,7.1044354
1356513053792,-9.831416,-3.3881493,5.768198
1356513053848,-1.9598508,-0.9032526,-0.8767328
1356513053872,4.450472,-6.50001,2.3847566
1356513053912,-0.010123968,6.814625,-5.685541
1356513053952,4.0456467,-3.1471343,-3.9718974
1356513053992,-2.3800423,-2.333756,-3.2218597
1356513054032,1.1423237,0.87479734,-1.3335264
1356513054071,2.3490229,0.6329527,-0.68923306
1356513054111,1.2574975,-0.8932724,-2.7620573
1356513054148,0.11196923,0.3218789,-1.8970046
1356513054191,0.13199687,-0.5401325,-1.7871853
1356513054230,-0.27793598,-1.8335295,0.09177971
1356513054271,-4.7820086,-1.0919971,0.47872758
1356513054310,-6.4660263,0.9728799,2.407683
1356513054350,-3.9513962,-0.7839184,1.8335135
1356513054390,1.4166366,-2.502615,3.4753022
1356513054430,0.87170506,-8.477665,-2.0438359
1356513054470,4.5049305,-6.5515833,-0.116731524
1356513054510,-3.2960548,1.6103358,0.98086107
1356513054551,-0.6638322,2.7714896,-0.51130664
1356513054591,5.0780354,3.849831,-1.0974064
1356513054630,4.4544106,5.650257,-1.164887
1356513054670,5.7413616,5.774574,-0.5938901
1356513054710,3.5304563,5.929451,1.2265239
1356513054750,-1.960015,3.797453,4.615077
1356513054792,-12.286606,-2.539012,7.62905
1356513054845,-4.177647,-1.8897314,4.2030907
1356513054872,0.6879592,-9.221892,-0.9039937
1356513054912,3.7293031,1.9921412,-0.07232165
1356513054952,2.6161196,3.1334658,-6.223553
1356513054992,0.46831965,-4.0581,-3.886043
1356513055032,-1.5651469,-0.10735655,-2.1970596
1356513055072,3.6137927,1.4469509,-0.37949634
1356513055112,2.8168545,0.059069157,-2.382194
1356513055152,0.50093985,0.23681879,-2.9825516
1356513055192,0.21081519,0.5310035,-1.6170503
1356513055232,0.5514171,-1.2026701,-1.2127448
1356513055272,-2.2974713,-1.3919001,0.14830017
1356513055312,-5.233108,0.30904388,1.2169969
1356513055352,-4.9992614,0.9615998,3.0099654
1356513055392,-1.844317,0.2253952,1.2634249
1356513055432,1.2548114,-2.1598654,2.7980835
1356513055472,-0.18944502,-8.72245,-1.7800931
1356513055512,3.1989534,-6.0517197,0.77074957
1356513055552,-4.585387,2.4741664,1.2913224
1356513055592,0.48679066,2.6670446,-0.7590507
1356513055632,4.9348087,3.7195067,-1.2503631
1356513055672,4.536785,5.553094,-1.3332428
1356513055712,5.3763437,5.2432566,-1.0474006
1356513055752,3.776439,5.1951847,1.2310393
1356513055792,-2.674797,3.6732702,4.2560654
1356513055841,-12.514291,-2.809782,5.9378147
1356513055872,-3.9359553,2.2729015,4.1094947
1356513055912,2.51223,-8.804054,-0.18597782
1356513055952,1.7087064,3.5466566,-0.5060375
1356513055992,2.0377874,2.7881494,-4.9064894
1356513056032,1.4925699,-4.8662276,-3.569984
1356513056072,-0.22860527,-0.42100096,-2.3083005
1356513056112,5.2203007,1.1877251,-0.6473458
1356513056152,2.94622,-0.92742157,-2.227789
1356513056192,-0.23425364,-0.29885197,-2.6335483
1356513056232,-1.1248052,0.2771139,-1.1151501
1356513056272,0.8069589,-1.6375804,-1.1686205
1356513056312,-1.9836695,-2.0897164,-0.3441856
1356513056352,-5.9354906,-0.46174574,0.73812604
1356513056392,-5.2879977,0.10814953,2.5960038
1356513056432,-2.052814,-1.2275286,1.9102664
1356513056472,1.4676241,-5.038684,2.5452375
1356513056512,3.0765617,-8.899538,-2.0797327
1356513056552,1.9440303,-2.5270433,0.3724699
1356513056592,-5.6243744,3.110928,0.49594593
1356513056632,1.3107264,2.7536683,-1.1849715
1356513056672,4.9394274,4.041573,-1.5987674
1356513056712,5.1245522,5.6691985,-0.601086
1356513056752,5.2995467,6.1163473,0.15478015
1356513056796,2.3447328,6.308563,2.2891645
1356513056836,-6.4574375,3.0193067,5.9748254
1356513056872,-11.028177,-3.3896484,5.363062
1356513056912,-3.143565,-0.29994297,1.7375654
1356513056952,3.3040247,-9.946152,2.2368655
1356513056992,1.7128972,7.223815,-3.2212336
1356513057032,3.0172749,0.54426193,-5.7169323
1356513057072,-1.3365779,-4.0593057,-3.145528
1356513057112,0.23298264,0.71029425,-1.4261339
1356513057152,3.79259,0.39076805,-0.24949455
1356513057192,1.6750729,-0.5746894,-2.7631989
1356513057232,0.9129677,-0.04756546,-2.3612688
1356513057272,1.1584435,-1.1829157,-1.3913746
1356513057312,1.4922295,-2.0199327,-0.32351553
1356513057369,-2.7175379,-1.4514122,0.13607633
1356513057391,-6.67121,0.5608802,1.276075
1356513057431,-5.1709948,-0.77555275,2.647171
1356513057468,0.12953901,-1.8648853,2.9483151
1356513057511,1.6427034,-7.499051,0.5574969
1356513057550,4.966352,-6.8821106,-1.395704
1356513057590,-2.211291,0.56259346,1.2203248
1356513057630,-3.8269892,3.1279497,0.20189261
1356513057671,2.7826982,3.0311193,-1.6426814
1356513057710,4.389095,4.8220224,-1.3685684
1356513057751,4.6603584,5.946866,-0.41237724
1356513057790,3.9891064,6.3600664,0.19610429
1356513057837,1.849937,5.7629595,2.894825
1356513057872,-7.476816,1.3222656,6.2259617
1356513057912,-11.171799,-3.1720695,4.9912114
1356513057952,-2.429852,-2.7017403,0.35065103
1356513057992,5.61392,-7.028131,1.6311228
1356513058032,1.1519353,6.7001114,-4.1748466
1356513058072,4.1507826,-3.0410876,-4.895033
1356513058112,-3.6509805,-3.1233802,-3.1645017
1356513058152,1.9398714,0.5829921,-0.35300207
1356513058192,5.0235233,0.6035242,-1.0315425
1356513058232,1.9346819,-0.4654498,-3.1712768
1356513058272,-0.088689566,0.40457964,-1.637779
1356513058312,0.17689562,-0.99628925,-1.5111744
1356513058352,0.31424093,-1.5107613,-0.87291586
1356513058392,-4.182646,-1.1196642,0.5427507
1356513058432,-6.1055994,-0.0796566,2.0809622
1356513058472,-4.346267,-0.85902214,2.1349754
1356513058512,0.30917573,-2.0560484,2.9694052
1356513058553,1.7957919,-6.5751343,-2.1412184
1356513058592,3.6018708,-5.974188,-1.0029505
1356513058632,-0.28704047,0.872066,2.738737
1356513058672,-2.0867043,1.7432647,0.114305735
1356513058712,3.3832698,3.2696872,-0.6510111
1356513058752,3.2582152,4.805565,-0.34980786
1356513058792,4.25198,5.195356,-0.09160817
1356513058838,3.8746526,5.4574566,0.37109852
1356513058872,1.8170159,5.7513247,2.0513809
1356513058912,-7.1282816,1.9315791,6.450533
1356513058952,-8.535566,-1.9424028,7.065824
1356513058992,-0.22362566,0.51416016,2.4048867
1356513059032,3.3794737,-9.975201,1.4701273
1356513059072,-1.5083408,5.6406293,-4.0736923
1356513059112,3.7526999,-0.26182365,-5.6779094
1356513059152,-1.3272846,-3.5772429,-3.5788546
1356513059192,-2.0732813,0.5366864,-2.2999282
1356513059232,3.1312492,0.1667738,-0.85051537
1356513059272,1.7290734,-0.64193344,-3.1980166
1356513059312,-0.061881304,0.7893443,-2.4164875
1356513059352,0.08477378,-0.13088655,-2.130789
1356513059392,0.8832047,-1.1108503,-1.9878726
1356513059432,-1.3288212,-1.7875333,0.027261019
1356513059472,-5.0222898,-0.16143656,1.2816826
1356513059512,-4.967866,-0.1826992,1.9649336
1356513059552,-2.4120677,-2.5153732,1.6292056
1356513059592,3.081182,-5.63536,2.0433767
1356513059632,4.19691,-7.420598,-2.9704697
1356513059672,-0.33003712,-0.88530636,1.193269
1356513059712,-3.774631,1.202487,1.1815249
1356513059752,2.2165422,2.926281,-0.81292164
1356513059792,3.5302532,4.294586,-0.7078644
1356513059838,4.0325036,4.9221497,0.078697324
1356513059872,4.3843865,5.4747276,-0.02880621
1356513059912,2.609882,6.7910376,1.9587578
1356513059952,-4.0544567,4.53132,4.887858
1356513059992,-9.962234,-2.8628635,7.134861
1356513060037,-4.167555,0.3805313,5.2885613
1356513060070,4.3680778,-9.110483,1.5650411
1356513060110,0.05436039,6.2301536,-4.3043275
1356513060150,3.229223,0.13694334,-4.9769206
1356513060190,-0.5637069,-3.6440792,-3.883866
1356513060230,-1.2606905,0.1997385,-2.5370502
1356513060272,3.609455,-0.12789154,-0.066521645
1356513060312,3.1943207,-1.0235152,-3.057939
1356513060352,1.1453397,-0.4566326,-3.5468638
1356513060392,0.14097166,-0.59091806,-2.1036873
1356513060432,-0.048545837,-1.6130004,-1.071685
1356513060472,-1.8416655,-2.2242293,0.36223054
1356513060512,-4.516363,-0.706079,1.6247603
1356513060552,-4.951373,0.016270638,2.1588078
1356513060592,-0.9729049,-1.8488312,3.076151
1356513060632,0.17738008,-6.3546486,-0.7203478
1356513060690,4.906559,-8.661047,-1.6727037
1356513060711,0.8063195,-0.67463017,1.9110241
1356513060751,-3.7557817,3.0488582,-0.07434523
1356513060788,2.9936957,3.1820917,-1.3474286
1356513060832,4.229951,4.213509,-1.4740719
1356513060872,4.795119,6.0760565,-0.7088306
1356513060912,4.2989883,6.6702957,1.0231836
1356513060952,1.9551426,5.4734216,2.9177952
1356513060992,-7.9917097,0.31110287,7.5475216
1356513061033,-9.734777,-1.5105543,5.8684726
1356513061072,-1.4840157,2.258267,-0.9493772
1356513061112,4.734585,-8.78597,1.761646
1356513061152,-2.0606413,6.715833,-5.284029
1356513061192,3.0685587,-0.26140928,-4.423417
1356513061232,-0.93604565,-2.6595993,-3.4038677
1356513061272,2.018516,0.051482677,-2.0007243
1356513061312,3.5994437,-0.18719387,-1.313314
1356513061375,1.2834065,-1.3258543,-2.4113674
1356513061398,0.16901684,-0.28552055,-2.0004234
1356513061429,0.18928075,-0.7023072,-1.233318
1356513061471,-0.7436309,-1.4007511,-0.12962317
1356513061510,-4.658026,-1.8835878,0.5921625
1356513061550,-4.972835,-0.33888435,2.892027
1356513061590,-2.4104035,-1.9697137,2.684247
1356513061630,0.35766244,-1.2657537,2.54815
1356513061670,-1.9793651,-6.9914103,-1.8534586
1356513061710,3.9908266,-9.0179405,-0.10367465
1356513061751,-2.8261623,1.1953931,1.5560421
1356513061798,-2.296503,4.0480337,-0.58267915
1356513061839,4.6227493,3.2701683,-1.5644779
1356513061873,4.8611298,4.246945,-1.8330576
1356513061912,5.1953716,6.151183,-0.73379326
1356513061952,4.123392,6.1451044,1.1364796
1356513061992,0.24103808,5.4233904,3.566658
1356513062032,-10.067864,-0.92711735,7.065198
1356513062072,-6.5706625,-0.9307928,4.572249
1356513062112,-2.144924,-2.3158178,-2.356394
1356513062152,4.2662973,-6.341026,2.759297
1356513062192,-0.0050578117,6.586304,-5.639045
1356513062232,3.6213725,-1.3224454,-4.1990304
1356513062272,-1.3489602,-2.9224696,-3.8914342
1356513062312,2.9162354,0.9145117,-0.5644467
1356513062352,3.7444272,-0.6423149,-1.263854
1356513062392,0.9187021,-1.2207813,-3.0015635
1356513062432,-0.27776885,0.29411793,-1.4411566
1356513062472,-0.14635849,-0.4969554,-1.7357302
1356513062512,-1.269506,-1.5395598,1.025403
1356513062552,-3.7752783,-2.157668,1.0691884
1356513062592,-3.9717093,0.25486422,3.2096517
1356513062632,-2.3877077,-0.8227558,2.1999009
1356513062672,0.12109494,-2.6053753,2.6387382
1356513062712,-1.7393146,-6.312932,-2.8381772
1356513062752,4.62934,-8.092983,0.44602156
1356513062792,-2.5569377,1.8197732,1.3278964
1356513062837,-1.3482285,3.5152087,-0.30397487
1356513062872,4.2660885,3.5870366,-0.8525355
1356513062912,4.406912,5.6257834,-1.0419974
1356513062952,5.2598433,6.148061,-0.051845074
1356513062992,2.7990122,6.12868,1.2263985
1356513063032,-2.1217692,5.3480167,3.6012554
1356513063072,-11.375393,-0.023722649,5.559307
1356513063112,-4.4483385,-1.4945259,3.8433456
1356513063152,-1.4185996,-8.745993,0.95192575
1356513063192,5.033144,-1.1722798,0.91865015
1356513063232,2.6805005,6.018714,-6.6380363
1356513063272,-0.05561018,-4.802513,-4.3483047
1356513063312,-2.3814962,-0.22954321,-1.4519279
1356513063352,5.199379,0.9683466,0.14933419
1356513063392,3.7365186,-1.1980443,-2.3847203
1356513063431,0.41606998,-0.47690248,-2.9819403
1356513063471,0.10933852,0.63390493,-1.3861833
1356513063508,0.7314856,-0.08307171,-2.060477
1356513063538,-0.18120313,-1.334239,-0.38138652
1356513063578,-2.7667255,-2.6056986,0.50921607
1356513063618,-4.31783,-0.21710491,1.8610545
1356513063658,-4.0758276,-0.41614056,2.676127
1356513063698,-0.27133727,-0.9662018,3.5375004
1356513063738,-0.086009264,-3.9380445,-1.6161737
1356513063768,3.2918417,-9.185477,-1.4269794
1356513063798,3.1636946,-4.951236,1.611068
1356513063828,-6.0612593,1.3622785,1.9090035
1356513063858,-3.8681457,2.5991101,0.1276313
1356513063888,2.5070095,3.4146833,-1.035589
1356513063918,4.3952394,4.739458,-1.351432
1356513063961,4.9457726,6.5324244,-1.0132271
1356513064000,5.139903,6.712558,-0.09104657
1356513064040,2.791521,5.6090627,1.7372761
1356513064080,-3.7333438,3.1418438,4.153593
1356513064120,-12.32678,-2.7095127,5.518058
1356513064160,-2.011843,-0.47276306,2.6499233
1356513064200,1.6868691,-10.590446,1.4262023
1356513064240,2.9669397,3.7950668,-2.013699
1356513064280,3.0655446,4.7775536,-7.3321247
1356513064320,-1.2907577,-5.778823,-3.7686882
1356513064360,-2.2885222,-0.087165356,-1.9368962
1356513064400,3.8972092,0.7337427,0.07551074
1356513064440,3.2612243,-1.0675049,-2.1007519
1356513064480,0.91249156,-0.2467556,-2.9138508
1356513064520,0.31364322,0.14862251,-1.3402337
1356513064560,0.7234769,-1.3172698,-1.0950847
1356513064600,-0.58612394,-1.6939545,0.45587218
1356513064640,-4.320804,-0.83863926,1.3093244
1356513064681,-4.370997,0.12735844,2.8701813
1356513064722,-2.2669582,-1.4522877,2.3783665
1356513064762,0.34613228,-1.8151169,2.6515124
