1356513624057,0.0,0.0,0.0
1356513624077,-0.027222633,0.040832996,1.4901161E-8
1356513624088,-0.027145386,-1.3446808E-4,-0.12254762
1356513624118,3.1375885E-4,0.19024086,0.3406628
1356513624160,0.04177046,-0.06976032,-0.1497471
1356513624201,0.04249525,0.22724247,0.5298297
1356513624242,0.083660126,-0.15863228,0.2253712
1356513624282,-0.026125908,0.21644449,-0.2889996
1356513624321,0.039821625,-0.090369225,0.49911812
1356513624362,-0.072502136,0.28330517,-0.28297484
1356513624402,0.032629967,0.08424616,0.00964877
1356513624441,0.15180683,0.034080505,-0.04940203
1356513624480,0.44813156,0.1729579,-0.0626463
1356513624522,0.67396116,0.732039,0.22980863
1356513624562,-0.18300581,0.14306068,0.18671769
1356513624602,-1.0478516,0.542151,0.1860795
1356513624644,-1.0976558,0.55109024,0.2649592
1356513624682,-0.38676023,-0.18493462,0.7874563
1356513624721,-0.075226784,0.121985435,0.5520402
1356513624762,-0.25471354,0.41369915,0.16773334
1356513624804,-0.23782206,0.21835661,-0.29737812
1356513624842,-0.9064965,0.09634113,-0.7963754
1356513624884,-0.52337027,0.7959666,-0.4595241
1356513624922,-1.0269904,0.36788893,-0.14556116
1356513624962,-1.6908607,1.149612,-1.0312189
1356513625003,-0.8739672,1.0237417,-1.4528415
1356513625042,0.5980773,-0.06971598,-1.6684198
1356513625096,0.8150492,-0.9869981,-1.3885479
1356513625122,0.23734331,-0.5323038,-1.3062917
1356513625161,-2.3649063,-0.7849765,-0.39036307
1356513625201,-3.573883,-0.040447235,1.1290221
1356513625241,-3.201735,0.26301813,1.7852314
1356513625280,-3.0756826,0.63568735,2.1047165
1356513625321,-0.29175568,1.3326149,2.055903
1356513625360,1.514308,-1.847291,2.4081607
1356513625400,2.8646865,-5.654404,0.06659554
1356513625441,-1.2988849,1.3732929,-0.12926082
1356513625480,-3.3827343,0.7954378,0.8224469
1356513625520,1.7008944,-0.3281479,0.29250187
1356513625560,4.302861,2.050651,1.4292042
1356513625601,4.1441183,3.3345122,1.8850476
1356513625640,4.2965755,3.4451363,1.3780069
1356513625680,3.8443244,4.4026356,2.6792927
1356513625721,-0.31570482,4.261538,4.538237
1356513625760,-10.83587,0.7139535,4.9376526
1356513625800,-5.19019,-0.67219543,0.8674481
1356513625840,1.137145,-8.498012,-0.407614
1356513625880,4.842295,3.4676557,-3.0379992
1356513625920,3.3170066,1.2808444,-4.7226863
1356513625960,-1.124824,-3.679964,-4.0174785
1356513626000,-0.19959784,-0.6024494,-1.3735436
1356513626041,2.22681,-0.067103386,-0.8149053
1356513626096,-0.6061044,0.27305937,-3.4198031
1356513626122,0.5841832,-0.23527384,-1.5137532
1356513626162,1.387052,-1.2975092,-2.1004863
1356513626202,0.4273858,-1.9329038,-1.1639032
1356513626242,-3.607411,-1.0714159,-0.8727871
1356513626282,-4.8736067,1.4678435,0.8369158
1356513626322,-3.68263,2.2457352,1.7429552
1356513626362,-0.7957444,1.003438,1.5575745
1356513626402,-1.3229356,-4.82512,-0.2069007
1356513626442,-2.3924818,-8.391892,-0.68441975
1356513626483,-1.4614019,-1.7273512,0.5857289
1356513626522,-0.9442229,2.946642,0.13925838
1356513626562,6.1767635,0.99668694,0.061989635
1356513626602,6.627142,2.2297244,0.5612524
1356513626642,5.9783163,3.8661227,1.3010168
1356513626682,4.7394195,3.5867739,2.2869177
1356513626722,2.6041164,4.531596,3.7981954
1356513626762,-7.945435,2.8550744,7.3000603
1356513626801,-8.744408,-3.017345,3.4474277
1356513626841,-0.1975174,-7.8429685,-0.7770996
1356513626882,5.9507008,3.3739314,-2.2433891
1356513626922,2.9593909,3.9926238,-5.582177
1356513626962,-2.3887186,-4.138569,-2.9813051
1356513627002,0.40304565,0.7124462,-1.6089027
1356513627042,2.912707,0.08911562,-0.26788425
1356513627095,-0.08198595,0.2914753,-3.1456661
1356513627122,0.6709943,-0.18311405,-1.4225618
1356513627162,0.82222605,-1.6281748,-2.0783412
1356513627202,-1.6738029,-1.6091352,-0.21734583
1356513627242,-5.866762,1.5467367,-0.35805494
1356513627282,-5.8040295,3.1614482,1.3939258
1356513627322,-4.170773,2.2404974,0.83537155
1356513627362,-0.6878123,-4.1015854,1.5072451
1356513627402,-0.454247,-11.909896,-1.7123792
1356513627442,2.777864,-4.80062,0.7007517
1356513627482,-3.5554662,3.50947,1.2318351
1356513627522,0.96861124,3.0023205,0.48087454
1356513627563,5.4131002,3.0286489,-1.3050616
1356513627601,7.749111,4.0939784,0.067578435
1356513627638,8.023633,4.429778,2.1162958
1356513627668,5.4640665,3.6647415,3.7880332
1356513627709,-5.4415774,3.27462,6.807695
1356513627751,-9.804607,-1.1857414,5.9452367
1356513627791,-1.4472971,-5.202602,-3.15138
1356513627831,6.318229,-5.089788,2.1607213
1356513627871,3.3212466,6.2867317,-5.7786584
1356513627912,-1.3796325,-2.3673677,-3.4027085
1356513627951,-2.3310657,0.39982653,-3.090961
1356513627991,3.015345,0.56847477,1.0500667
1356513628030,1.8795857,-0.9404826,-1.6135207
1356513628091,0.75096273,-0.15252542,-2.9012814
1356513628112,-0.20616198,-0.34602404,-1.705118
1356513628152,-0.7266679,-0.85799074,-1.0680068
1356513628192,-3.9950123,-0.68684626,-1.2681695
1356513628232,-5.2092676,2.3304002,0.5988822
1356513628272,-5.290621,2.5430462,1.3810735
1356513628312,-1.1091247,1.243938,1.8360038
1356513628352,-1.6806493,-7.6137104,-0.1769793
1356513628392,0.1673274,-9.973623,0.3378358
1356513628432,-2.496314,1.4069057,0.84999293
1356513628472,-1.9852762,3.1973534,0.70480543
1356513628512,4.9670825,2.469449,-0.83502537
1356513628552,7.4002056,4.230173,-1.3356225
1356513628592,8.445351,3.0061798,0.60114264
1356513628632,6.7547774,2.056035,2.65895
1356513628672,-1.2363796,2.999474,4.3491135
1356513628712,-11.524091,1.6039748,5.317717
1356513628752,-1.1094432,3.881729,-0.8880453
1356513628792,0.5376272,-8.5644455,1.7208984
1356513628832,1.254642,2.368933,-2.3512719
1356513628872,4.651394,3.3298965,-4.9053116
1356513628912,-0.6867199,-3.5123982,-4.4071436
1356513628953,-1.243341,0.0104289055,-1.2987893
1356513628992,3.236944,-1.0142312,1.1069126
1356513629032,1.1717558,-1.6639662,-2.863115
1356513629093,0.57113266,-0.21434927,-1.2252884
1356513629112,-1.2555413,0.19623327,-0.8513212
1356513629152,-2.5374308,-1.3085513,-0.5715173
1356513629192,-5.4587116,0.30828524,0.25246423
1356513629232,-5.3664856,2.1068718,2.1184423
1356513629272,-3.372841,1.3370767,2.136852
1356513629312,0.07503462,-1.6604242,1.4245331
1356513629352,-2.8069587,-10.296881,-1.4919586
1356513629392,-0.8672366,-5.422354,0.69351053
1356513629432,-3.8425217,2.3259604,0.8409078
1356513629472,2.8886971,1.9437022,0.30614603
1356513629512,6.892743,2.4192529,-0.9302152
1356513629552,7.556919,3.399536,-0.5812394
1356513629592,7.098439,2.91015,1.2379439
1356513629632,5.665365,4.319758,2.2488203
1356513629672,-5.486133,5.5872364,4.729482
1356513629712,-10.402651,0.81920576,4.9184036
1356513629752,0.2807722,3.4911962,-3.1004786
1356513629792,1.2975583,-11.343157,5.3538933
1356513629832,0.42256784,7.975275,-6.4454947
1356513629872,5.4485097,-2.16467,-2.86438
1356513629912,-4.496979,-1.6965618,-4.1609545
1356513629952,3.4181259,-0.029542923,1.9908185
1356513629992,3.0041015,-3.371768,-2.680229
1356513630032,1.4424176,-1.1244221,-2.7571409
1356513630093,-0.52163076,-0.7198291,-1.5679263
1356513630112,-1.4431767,-0.84825706,0.20517337
1356513630152,-5.646282,0.6285491,-1.3554306
1356513630193,-5.7149496,2.0325308,1.8885212
1356513630232,-4.4141254,1.5346894,2.2660403
1356513630272,-0.40732908,-2.8228636,1.8344529
1356513630312,-3.1181564,-9.479346,-2.6086745
1356513630352,1.4860973,-8.4696245,1.1248192
1356513630392,-3.928012,3.8981836,1.2075684
1356513630432,1.6663561,1.8252597,1.0802001
1356513630472,5.4676294,2.5275087,-1.0351299
1356513630512,7.0581636,3.7771494,-0.41358894
1356513630552,8.503347,2.813737,1.4038038
1356513630592,5.6496077,2.756721,3.2209156
1356513630632,-2.3613262,4.416174,5.194929
1356513630672,-11.42952,3.492194,5.79778
1356513630712,-2.7908344,4.1622486,-0.12675667
1356513630752,-1.3614197,-9.581198,4.0677247
1356513630792,1.036818,1.8723099,-3.935483
1356513630832,5.746393,1.32618,-5.293377
1356513630872,-0.72555065,-4.133247,-5.4831886
1356513630912,-1.0479712,0.46815825,-0.14673972
1356513630952,3.8265252,-0.55782175,-0.54088616
1356513630992,1.7048087,-1.6398535,-4.112421
1356513631032,0.84116507,-0.98368883,-1.8236401
1356513631093,-0.00760746,-0.5174928,-1.5265453
1356513631112,-3.1187186,-1.0409832,-1.0663478
1356513631152,-5.312337,1.245287,0.23861706
1356513631192,-4.9181147,3.222474,2.3681931
1356513631232,-2.0699482,0.7306986,1.7379601
1356513631272,-1.4891877,-5.766803,-0.8562258
1356513631312,-1.9698391,-11.312565,-0.8774507
1356513631352,-1.8516188,-1.6039286,0.7915838
1356513631392,-2.7774363,3.1665857,1.3051348
1356513631432,4.653971,2.333362,-0.57260954
1356513631472,7.3559895,3.9929125,-1.2825311
1356513631512,8.268122,3.959693,0.1834948
1356513631552,7.6094055,2.777,3.1662164
1356513631592,0.6301336,3.0912027,3.9486692
1356513631632,-10.9658165,3.908832,7.5025926
1356513631672,-4.0936723,2.2021632,2.0299988
1356513631712,-2.884107,-7.184091,-0.21139741
1356513631752,2.4865994,-0.7617183,1.6277059
1356513631798,4.366972,4.0390863,-5.9946136
1356513631830,-0.6896348,-4.1971474,-3.959826
1356513631870,-0.27789164,0.3584695,-1.4071649
1356513631910,4.1699257,-0.7814393,0.54827833
1356513631951,0.5686474,-0.69600725,-4.6049447
1356513631991,1.1887522,-0.33800316,-1.6387389
1356513632030,0.056782246,-1.1191711,-2.3073797
1356513632093,-0.9608593,-1.0429621,-0.64278173
1356513632104,-5.0032578,0.7362366,-1.0638822
1356513632138,-5.1585674,3.061894,0.804206
1356513632181,-4.104245,2.2820542,1.8908527
1356513632220,-0.5339484,-1.3506579,2.0135407
1356513632260,-3.503231,-8.300238,-3.3976457
1356513632300,-0.49038744,-9.863724,1.8579893
1356513632340,-3.5387306,2.8405232,0.4311368
1356513632380,0.9282546,1.7940211,0.7308887
1356513632420,5.9276915,1.8487501,-0.845144
1356513632460,7.3535357,3.3864532,-0.48145217
1356513632500,8.52043,2.4883194,1.0999048
1356513632540,6.4150343,3.2729304,2.7859251
1356513632580,-3.8215418,5.0788603,5.3085527
1356513632620,-10.438149,1.9675255,5.92966
1356513632688,-2.2240539,1.5679188,-0.2082609
1356513632694,-2.641152,-8.853523,1.9641497
1356513632728,2.3214276,-1.6867657,2.2696905
1356513632771,5.59641,4.5629745,-4.9864383
1356513632811,-0.65926933,-6.0890074,-4.1498017
1356513632851,-0.9582982,1.0693636,-2.0668488
1356513632890,3.9864886,1.2874451,0.5373018
1356513632930,-0.940032,-0.45858908,-3.6526551
1356513632971,1.4332371,-0.102089405,-1.2699343
1356513633010,0.28299236,-0.6716838,-3.043093
1356513633050,-0.06823254,-0.783844,-1.348733
1356513633094,-3.223547,-1.1309528,-2.329254
1356513633131,-4.544199,2.6352985,0.020775557
1356513633171,-3.9417868,2.6618154,1.6303469
1356513633208,-0.88852215,1.4713349,1.2075105
1356513633238,0.16845989,-2.1314626,0.7830154
1356513633280,-3.6747026,-8.264533,-1.6594536
1356513633321,-1.8612242,-7.1530647,1.2242415
1356513633360,-3.7824125,2.2583148,1.3704891
1356513633401,1.538486,3.048491,0.6415256
1356513633441,5.902462,1.8137074,-0.9077236
1356513633481,8.0468,2.6936283,-0.5807818
1356513633521,8.383207,3.0715053,0.90348077
1356513633561,5.255088,2.925035,3.1456106
1356513633601,-6.5103307,5.4166713,5.6278505
1356513633641,-9.961403,2.174769,3.6657453
1356513633681,-1.4652071,1.1813583,-2.0487032
1356513633720,-0.8856573,-9.693639,4.571876
1356513633760,3.2167222,3.9399424,-4.1639347
1356513633801,4.8061957,-1.1756363,-4.394515
1356513633841,-1.2332611,-2.3726249,-5.5653276
1356513633880,0.39483643,0.9939573,-0.6816561
1356513633921,2.5179777,-0.59379387,1.3441596
1356513633962,1.5133882,-1.5859203,-3.24397
1356513634002,1.059866,-0.555882,-1.3949155
1356513634042,-0.66178465,-0.67753553,-1.4246209
1356513634092,-1.775662,-1.3231378,-0.05144584
1356513634122,-4.421746,1.330801,-0.1772964
1356513634162,-5.052253,4.2688656,2.1279228
1356513634202,-3.3645945,2.0781114,1.6315653
1356513634242,-0.79704285,-3.3454127,2.161334
1356513634282,-2.8354497,-9.473519,-1.9655837
1356513634322,0.48221445,-7.790934,1.7987183
1356513634362,-2.839037,3.0459394,1.0379003
1356513634402,1.485012,2.3367028,0.032304168
1356513634442,5.8891973,1.7411056,-0.80206555
1356513634482,7.1912413,2.7491431,-0.9710047
1356513634522,8.544067,3.1320608,0.9710674
1356513634562,5.3562016,3.4465473,3.528501
1356513634602,-7.638132,3.936044,7.1390967
1356513634642,-8.387217,2.7808018,4.3647804
1356513634682,-0.6294236,1.8388057,-5.109954
1356513634722,0.034377098,-9.330551,4.2433844
1356513634762,1.4040337,6.124405,-4.2759266
1356513634802,3.882959,-2.1871552,-3.588336
1356513634842,-0.87164164,-2.5163107,-4.8422756
1356513634882,0.9518161,0.8585944,-0.7701268
1356513634922,2.006318,-0.5436902,0.25996804
1356513634962,0.97927904,-1.2296634,-2.7893274
1356513635002,0.7414446,-0.8170085,-1.316603
1356513635042,-0.29656124,-0.9549308,-1.6849427
1356513635095,-2.3446941,-0.6100397,-0.81404805
1356513635122,-4.916643,1.2441444,0.18179286
1356513635163,-4.9423614,3.3165367,2.0758314
1356513635202,-3.3310528,1.5413203,1.6369305
1356513635242,-1.9574251,-3.6381745,0.68798876
1356513635282,-1.8133526,-10.66812,-0.6243105
1356513635322,-0.15539885,-4.0316505,1.0544708
1356513635362,-3.748663,4.2680626,0.59248847
1356513635402,3.0117378,1.0786939,0.2255106
1356513635442,5.9812236,1.7237458,-1.1967096
1356513635482,8.140895,2.5250225,-0.3878699
1356513635522,7.8281727,2.3104463,1.5070064
1356513635562,3.6398687,3.7551606,3.8449085
1356513635602,-8.003315,4.743716,6.5412736
1356513635642,-6.7065196,1.6316977,3.739197
1356513635682,-0.7383957,0.38498592,-4.2558694
1356513635722,-0.1385374,-8.66193,4.89094
1356513635762,1.2197456,4.819473,-5.479764
1356513635802,3.830591,-1.6779847,-3.644837
1356513635842,-0.3473606,-1.6702051,-4.7948914
1356513635882,0.9985771,0.11611557,-0.14801717
1356513635922,2.863358,-0.7511344,0.80806804
1356513635962,0.40462828,-0.6468468,-2.9577553
1356513636002,-0.0464077,0.06395435,-0.76703596
1356513636042,-0.27580357,-0.9766755,-1.5331628
1356513636095,-2.1739798,-0.84255123,-0.2676022
1356513636122,-4.8284783,2.2590065,0.50087905
1356513636162,-4.219159,4.0860157,2.419234
1356513636202,-2.6528654,1.840478,0.32564598
1356513636242,-2.7357492,-6.184797,0.028474689
1356513636282,-2.7515516,-10.0769615,-0.1254648
1356513636322,-1.5702238,-0.8438716,1.2504296
1356513636362,-1.6389012,2.318486,0.763638
1356513636402,3.5270677,0.99650955,0.08033538
1356513636442,6.4735365,2.008902,-1.781893
1356513636482,9.360786,2.1442099,-0.6408444
1356513636522,8.579419,2.0724988,2.4825892
1356513636562,1.7414284,2.7145634,3.8398523
1356513636602,-10.511161,2.4512358,7.9587593
1356513636642,-8.6804905,-5.9017096,2.057396
1356513636682,2.6741161,-2.9430227,-2.3227668
1356513636722,6.9215055,3.8813028,-2.437938
1356513636762,2.0648694,-0.8933983,-4.767584
1356513636803,-2.865193,-1.2540684,-3.517455
1356513636842,0.49004126,2.3638344,-0.49812984
1356513636882,0.3850441,1.1293111,0.40103602
1356513636922,-0.17728043,0.84641886,-2.1865165
1356513636962,1.1429906,-0.09707022,-1.1332501
1356513637002,0.65888405,-0.99078226,-2.1915343
1356513637042,-1.3771567,-1.6312165,-0.25172448
1356513637092,-3.9688988,1.4549251,-1.0416335
1356513637122,-4.617549,4.051457,1.0252419
1356513637162,-3.2760363,2.4041665,1.3501921
1356513637202,0.43357706,-0.8064151,2.265186
1356513637242,-2.422511,-7.337534,-1.4832156
1356513637282,-0.8732004,-8.474743,1.8072066
1356513637322,-2.8648486,1.8435619,1.2983122
1356513637362,-0.7510247,1.8591399,0.6870818
1356513637402,4.844106,0.5054879,-0.44682032
1356513637442,6.9253936,1.5723176,-1.0097864
1356513637482,8.606052,1.9913664,0.16342008
1356513637522,7.3753514,2.7080352,2.1488476
1356513637562,-1.4696131,3.429314,4.4378257
1356513637602,-10.8936405,2.947038,5.6481514
1356513637642,-0.13999367,1.4497595,0.552979
1356513637682,-2.2236104,-8.718729,1.878066
1356513637722,0.6144757,1.7206697,-1.3501943
1356513637762,4.2095094,3.6798472,-5.856659
1356513637802,1.1382308,-3.480545,-4.0308228
1356513637842,-1.9794192,-0.5264411,-3.6171515
1356513637882,2.1259322,1.1840925,1.3511381
1356513637922,0.5684285,-0.9508395,-3.2002852
1356513637962,0.9242382,-0.72331333,-2.1801035
1356513638002,-0.35522795,-0.4024315,-1.9424273
1356513638042,-1.2588677,-0.92364264,-0.059897542
1356513638091,-4.9648457,0.80382586,-1.1459178
1356513638122,-4.271455,2.7478871,1.8251503
1356513638162,-2.8290691,2.5252051,2.061432
1356513638202,-0.7942295,0.69890547,1.5055282
1356513638255,-3.8105125,-5.3837585,-0.9138881
1356513638272,-2.275906,-10.119038,1.4293911
1356513638312,-1.737968,-2.1381588,0.3633349
1356513638352,-0.9249654,3.2662737,0.6276909
1356513638392,4.5979023,0.25335073,0.45840424
1356513638432,6.5752935,1.5913277,-1.1140093
1356513638472,9.0204315,1.9802475,-0.47527677
1356513638512,7.5247297,2.1781063,2.2089076
1356513638552,1.1276889,4.2892485,3.2691746
1356513638592,-10.52318,0.7062435,5.3437076
1356513638632,-2.7666593,6.033267,-0.44077122
1356513638672,-3.0355525,-2.5480013,0.252573
1356513638729,1.9346633,-2.4105558,0.6060374
1356513638751,3.751888,3.2428524,-4.053639
1356513638791,2.8255877,-2.9312944,-3.6859593
1356513638828,-0.69688034,-1.1482797,-3.5547018
1356513638858,2.5848436,0.07661533,0.50948834
1356513638899,1.4209437,-1.73002,-1.1195601
1356513638941,1.4175205,-2.4517736,-1.8251476
1356513638981,-0.7066865,-0.63338137,-1.6050223
1356513639020,-1.8547649,-1.3200579,0.46131694
1356513639094,-4.985091,-0.17437983,-1.3059412
1356513639101,-5.253503,3.7907124,1.8902786
1356513639128,-4.1472745,3.5362911,2.3683028
1356513639171,-2.0617824,1.9068987,0.7461393
1356513639210,-3.4087954,-8.31229,-0.59265614
1356513639250,-2.057788,-9.198322,0.41981077
1356513639290,-2.220518,2.485532,1.6186365
1356513639330,-2.0308633,3.177659,1.1097567
1356513639370,4.539598,1.8689675,-0.79206836
1356513639410,6.789261,1.6880717,-1.6780372
1356513639452,8.858177,1.9374032,-0.5906033
1356513639492,8.1353445,2.3567438,1.6567937
1356513639532,1.9547863,2.5842888,4.599186
1356513639572,-10.463863,3.183012,6.498504
1356513639612,-3.739972,1.734642,1.9137001
1356513639652,-2.7402558,-6.329233,-1.3867289
1356513639692,2.963565,-1.3333416,2.0583997
1356513639732,3.378045,2.6604323,-5.7073665
1356513639772,2.1674027,-2.991291,-3.1410046
1356513639812,-0.6917219,-0.5554018,-3.4946465
1356513639852,2.4342299,0.32603884,0.16776371
1356513639892,0.4294119,-0.9940424,-2.5789368
1356513639932,1.5587487,-1.1729097,-0.9706781
1356513639972,-0.85328865,-0.8905177,-1.7806227
1356513640012,-2.7014794,-0.44459963,-0.17369044
1356513640052,-5.269265,1.2500601,-0.4555657
1356513640094,-4.742236,4.224598,2.1651027
1356513640133,-2.3771544,4.233759,1.0569282
1356513640172,-0.68104935,-2.7336197,1.623523
1356513640212,-4.9064417,-9.743835,-1.6252348
1356513640252,-1.713439,-5.27567,1.8306267
1356513640292,-3.0411386,2.5632684,0.9356209
1356513640332,2.102058,1.8628154,0.5797094
1356513640372,6.5056353,0.9449849,-0.86715335
1356513640412,8.086535,1.8513465,-1.7949752
1356513640452,9.890793,1.7735114,0.48522544
1356513640492,6.24405,1.744803,3.124598
1356513640532,-7.5865765,2.0423532,7.9444213
1356513640572,-9.544281,1.6507802,4.251549
1356513640612,-5.9307275,-5.7871265,-4.299819
1356513640652,5.916164,0.5704398,1.0012293
1356513640692,6.086437,2.8244379,-3.5503793
1356513640732,0.4337468,-4.6931067,-3.5174055
1356513640772,-0.7603903,0.17066622,-2.5139136
1356513640812,2.442102,2.7651,1.1281004
1356513640852,-1.1303444,1.2400856,-2.8589063
1356513640892,1.4923086,-1.002768,-0.9092716
1356513640932,0.94103193,-2.4850745,-2.591599
1356513640972,-1.939733,-0.19824934,-0.91701984
1356513641012,-4.1464224,1.9948509,-1.3047854
1356513641052,-5.045082,4.198333,1.5658631
1356513641094,-3.238923,3.6390543,1.4525651
1356513641132,0.762002,-0.40743065,1.5315894
1356513641172,-4.2130113,-10.315114,-0.926186
1356513641212,-1.6714091,-7.530568,2.211766
1356513641252,-3.3744946,3.2033854,1.6044819
1356513641292,0.5697479,2.3450434,0.6755229
1356513641332,5.372369,0.7400451,-0.70765316
1356513641372,7.942164,1.4865079,-1.2959684
1356513641412,9.344308,2.3004704,-0.18767524
1356513641452,6.6489606,2.3985543,2.7768927
1356513641492,-5.0967884,4.202466,6.5583205
1356513641532,-9.705446,2.0811353,5.8413324
1356513641572,-1.2352438,0.21814728,-3.9039946
1356513641612,1.1361437,-9.347959,2.7625983
1356513641652,2.2538424,6.5762587,-4.42188
1356513641692,4.3758416,-1.6314402,-3.8691225
1356513641732,-1.011416,-3.0232906,-5.535886
1356513641772,0.6133852,0.13139248,-1.3015758
1356513641810,2.5739803,-0.059051037,0.5133171
1356513641850,0.31900692,-1.510663,-3.07531
1356513641890,-0.13405848,-0.31866312,-0.94920087
1356513641930,-1.7613344,-0.2268343,-0.32455635
1356513641970,-5.1596537,0.599072,-1.034453
1356513642010,-5.0248985,2.511189,0.6196469
1356513642050,-4.0983124,3.1206353,2.139998
1356513642093,-1.5388379,2.224478,0.85789573
1356513642132,-2.259179,-6.485706,1.364764
1356513642172,-1.340127,-9.9212265,-0.6006374
1356513642212,-1.0128441,0.059321404,1.0875978
1356513642252,-1.4203863,3.2384017,1.148289
1356513642292,3.4913473,1.8766906,-0.65077186
1356513642332,6.177045,1.0267491,-1.8238902
1356513642372,8.740076,1.5220342,-0.5525931
1356513642412,9.376855,2.7082965,2.7296853
1356513642452,0.40175533,3.2022393,5.045826
1356513642492,-10.906025,0.122243404,8.175484
1356513642643,-4.6290903,-2.5059128,-1.1077495
1356513642647,2.2202988,-7.8114095,-0.40501165
1356513642649,4.592183,4.781867,-3.4906719
1356513642651,1.705503,-0.49704695,-4.142119
1356513642693,-1.1019607,-1.2086821,-3.1656096
1356513642732,1.8923578,0.9828315,0.013471842
1356513642772,0.89377594,0.01549387,-1.4063601
1356513642812,-0.16716003,0.0046081543,-2.193816
1356513642852,0.4711008,-1.1646237,-1.4852986
1356513642892,-1.1459775,-1.697217,-0.32203686
1356513642932,-4.7526655,1.7808084,-1.3661294
1356513642972,-5.209141,4.2216015,1.1661489
1356513643012,-4.1913137,3.6999407,1.8868968
1356513643052,-1.4525342,0.6280198,1.610343
1356513643094,-4.533518,-10.151753,-0.83562726
1356513643132,-0.4811654,-8.310671,2.0049996
1356513643172,-1.8389406,3.3429205,0.9909043
1356513643212,0.13316393,2.3830283,0.7649089
1356513643252,4.94184,0.8214469,-1.0473504
1356513643292,6.9560823,1.817121,-1.928014
1356513643332,9.131316,2.189042,0.67178965
1356513643372,7.342778,2.3528595,3.3106415
1356513643412,-4.336138,3.382117,6.301264
1356513643452,-10.400061,0.33130646,6.9062
1356513643492,-4.2973337,-4.9189014,-3.6055708
1356513643532,5.5191298,-4.741975,0.96881366
1356513643572,4.090827,4.396754,-4.980981
1356513643612,0.91810656,-2.8034415,-3.5401587
1356513643652,-1.11021,-0.5281539,-3.8233
1356513643692,1.2470207,1.4526758,0.10485816
1356513643732,0.080266476,0.49461746,-0.9113387
1356513643772,0.6585784,-0.20619583,-2.1875057
1356513643812,0.7380972,-1.1324825,-2.0429523
1356513643853,-0.71652126,-1.0262785,-0.9939929
1356513643893,-3.845646,0.7241659,-1.2301333
1356513643932,-5.167533,3.464935,0.524001
1356513643972,-3.9775133,4.221731,2.372522
1356513644012,-1.6334085,2.4091477,0.8928916
1356513644052,-1.7585402,-5.2385125,0.61933064
1356513644093,-3.229392,-9.711736,-0.64327604
1356513644132,-1.3936095,-1.114605,1.4216003
1356513644172,-2.0753632,3.1153538,0.8864864
1356513644212,3.934332,1.5577369,-0.11312145
1356513644252,6.810723,1.3189673,-1.6272529
1356513644292,8.776348,1.5196524,-0.84453696
1356513644332,8.309276,1.8966832,1.9668263
1356513644372,2.8725805,2.6009042,3.4022071
1356513644412,-10.078619,2.1515841,6.645027
1356513644452,-5.1080775,0.87251997,2.7585444
1356513644492,-2.276919,-8.772866,1.0608709
1356513644532,3.1152463,1.7109294,-1.0892339
1356513644572,4.1720934,2.2997293,-5.406295
1356513644612,0.06412506,-3.4307995,-3.8909826
1356513644652,-0.8121648,0.1966896,-1.7731496
1356513644692,2.8236873,1.3705196,0.53060174
1356513644732,0.1595192,-1.0333958,-3.055987
1356513644772,0.96863747,-0.6743021,-1.2332244
1356513644812,-0.8723588,-0.7999296,-1.971944
1356513644852,-2.4746976,0.7115898,0.01827252
1356513644892,-4.8134117,2.2952712,-0.9246423
1356513644932,-4.1517725,4.4325128,2.1026058
1356513644972,-2.4921665,3.2441692,0.8914685
1356513645012,-1.9199305,-4.6439424,1.6632295
1356513645052,-3.510044,-11.667593,-1.45731
1356513645093,-0.57618237,-3.151568,1.8227212
1356513645133,-2.5487094,4.298315,1.149733
1356513645172,2.3625755,2.2052963,0.26001275
1356513645212,5.9907656,1.9575262,-1.7130358
1356513645252,8.695811,2.203246,-1.3839933
1356513645292,8.875601,2.1678977,1.6792397
1356513645332,3.4956584,1.6926794,3.861733
1356513645372,-9.080397,2.174748,7.5197735
1356513645412,-3.5017629,2.8746753,2.8950028
1356513645452,-1.4096055,-3.0041132,-4.4572506
1356513645492,2.597917,-3.0937028,2.130837
1356513645532,2.8319464,5.3138695,-5.300722
1356513645572,1.8914728,-3.043621,-3.2021737
1356513645612,-1.827857,-1.0825243,-3.1699505
1356513645652,2.8832178,0.18120623,0.6723716
1356513645692,0.2856946,-1.036931,-2.6969771
1356513645732,0.53316545,-1.2273483,-0.967769
1356513645772,-0.5553622,-0.96655035,-1.8237216
1356513645812,-2.2783937,-0.98869133,0.6113577
1356513645852,-5.7407503,1.3250208,-1.1509686
1356513645892,-4.404646,3.8336134,1.8246701
1356513645932,-3.6354618,3.032932,1.8520229
1356513645972,-0.77305794,-1.6306291,1.2065208
1356513646012,-3.757372,-10.474533,-1.776034
1356513646052,-0.5934119,-6.588598,0.94425994
1356513646206,-2.4182115,3.8689466,1.4439195
1356513646209,0.4460082,1.8302369,0.9406413
1356513646210,4.1636124,1.4595046,-1.5794904
1356513646211,7.5932426,1.4863057,-2.147096
1356513646253,9.6874485,2.6908278,1.0175354
1356513646292,5.448695,3.0573874,4.0705624
1356513646332,-6.94987,4.856137,6.26667
1356513646373,-8.211544,-0.19386101,5.255382
1356513646412,-0.41009808,-0.29483747,-2.9798737
1356513646452,-0.048835278,-8.630493,4.093185
1356513646492,3.340062,5.7453074,-6.233921
1356513646532,2.9184136,-1.8039265,-3.129232
1356513646572,-1.819953,-1.4692125,-4.356081
1356513646612,2.425725,0.3933072,-0.12691283
1356513646652,1.5188589,-0.6105118,-1.1493691
1356513646692,0.20838642,-0.13255453,-1.9111735
1356513646732,-0.569808,0.5127983,-1.5196211
1356513646772,-0.87490463,-1.3954945,-1.0420761
1356513646810,-4.0697713,-0.35159016,-1.4354014
1356513646850,-4.367408,3.3046775,1.0587198
1356513646890,-4.246426,3.3314624,3.5188317
1356513646930,-1.1331468,2.392511,0.56999326
1356513646970,-3.5084896,-7.3184977,-0.21865392
1356513647010,-1.6355891,-7.576744,0.6532495
1356513647050,-0.9691763,2.324091,1.891367
1356513647092,-0.79568386,1.8089912,1.2774522
1356513647132,3.3679824,0.43895864,-0.5381763
1356513647172,7.590867,1.2112732,-1.1276468
1356513647212,10.501609,1.6465173,-0.005503416
1356513647252,7.707679,1.6931205,3.6492243
1356513647292,-5.8901615,3.9768593,6.368396
1356513647332,-7.988882,1.8923979,5.5592594
1356513647372,-1.9715929,-2.4984932,-0.81427217
1356513647412,0.61041975,-8.25724,1.6677322
1356513647452,3.302145,5.764614,-6.5267363
1356513647492,1.9018993,-2.6118884,-3.471134
1356513647532,-0.13241148,-0.7592654,-3.7227216
1356513647572,1.5957398,0.6513362,-0.16458774
1356513647612,0.9263458,0.26449394,-1.3474662
1356513647652,-0.31080818,0.67021227,-2.5435238
1356513647692,0.45364094,-0.56339073,-1.582198
1356513647732,-0.43931246,-1.8610368,-1.2450705
1356513647772,-3.2995129,0.9748049,-0.7965445
1356513647812,-5.074047,4.1421595,0.71035564
1356513647852,-4.241516,3.712481,1.8527737
1356513647892,-1.1527019,0.9677658,1.05948
1356513647932,-3.2012653,-9.009891,-1.3802671
1356513647972,-2.211265,-9.192168,1.4073994
1356513648012,-2.9762049,2.5220816,0.8116832
1356513648052,-0.07838631,1.6014543,1.0538406
1356513648094,4.763269,1.401051,-0.70839494
1356513648132,7.5942087,1.6487632,-1.4348744
1356513648172,9.6006975,1.4071555,0.11968374
1356513648212,8.245485,1.8071094,2.8124928
1356513648252,-3.2075443,2.3134384,6.0762997
1356513648292,-9.11964,1.699986,7.101619
1356513648332,-1.9410615,-0.3653183,-3.829843
1356513648372,1.6603503,-8.194741,2.7536585
1356513648412,3.3327808,7.088517,-5.152146
1356513648452,2.193256,0.077150345,-4.2482753
1356513648492,-1.8494558,-1.3541083,-3.8007483
1356513648532,2.364656,0.1548295,1.1923473
1356513648572,2.3900518,-0.95995903,-2.5042696
1356513648612,0.33789063,-1.0849595,-2.4102068
1356513648652,-0.43316603,-0.19667387,-1.089139
1356513648692,-2.487321,-1.1023593,-0.45918214
1356513648732,-4.340219,1.2335954,-0.9589498
1356513648772,-4.760501,3.3803406,0.86514306
1356513648812,-3.931878,4.69701,2.361337
1356513648852,-1.393528,0.7303028,1.9314501
1356513648892,-4.0658803,-9.289566,-0.98081267
1356513648932,-2.229168,-10.009773,2.1149564
1356513648972,-3.4360857,2.1248686,1.3814907
1356513649012,0.69971514,2.1588657,0.75455487
1356513649052,6.153983,1.1647229,-0.34245747
1356513649092,7.289808,1.3250003,-1.7095753
1356513649132,9.510438,1.8818293,-0.90605634
1356513649172,9.160774,2.8736277,3.0984163
1356513649212,-4.0132084,2.3416,6.227062
1356513649252,-10.5868225,3.0291142,5.110639
1356513649292,-5.4040766,-3.012887,-4.101291
1356513649332,3.5663557,-6.401203,2.7234812
1356513649372,5.860631,5.751053,-4.3525105
1356513649412,2.3196545,-2.4434953,-3.9091525
1356513649452,-2.7723808,-1.8707829,-3.7850394
1356513649492,1.4369435,1.9262097,1.269377
1356513649532,1.1712055,0.66601515,-1.412328
1356513649572,-0.117192745,-0.45934248,-1.9494524
1356513649612,0.54053164,-0.9132266,-1.1313431
1356513649652,-1.5257721,-0.6162014,-1.2109658
1356513649692,-3.7673087,1.1149926,-0.88472503
1356513649732,-4.1669474,3.27624,0.7814292
1356513649772,-4.146761,4.045123,1.8255926
1356513649812,-1.4076695,1.1483474,1.3064134
1356513649852,-3.9367542,-8.382948,-0.55680054
1356513649892,-2.3445106,-10.110318,1.0323832
1356513649932,-2.6049867,2.0993617,1.4191804
1356513649972,-0.38707256,2.2478652,1.1152226
1356513650012,5.083227,1.2030873,-0.926001
1356513650052,6.444203,0.6124773,-1.5261875
1356513650094,8.15293,2.0308776,-0.7970887
1356513650133,8.974677,2.8018112,2.8089159
1356513650172,1.2749791,3.1189055,4.5774374
1356513650212,-10.628006,1.4317341,7.4242215
1356513650252,-4.0205407,-0.3786235,-0.52365744
1356513650292,-0.41760874,-8.582103,0.24758208
1356513650332,3.641024,4.933875,-3.5708818
1356513650372,2.7097414,-0.4937582,-4.07932
1356513650412,-0.070803165,-2.257203,-3.9502316
1356513650452,0.9807625,0.10432005,-1.0753407
1356513650492,0.50875664,0.91066647,-0.65268254
1356513650532,-0.04629612,0.49648714,-2.3514533
1356513650572,0.2187829,-0.04378128,-1.1199827
1356513650612,-0.180202,-1.0631132,-1.4029844
1356513650652,-3.068615,-0.18450737,-0.563909
1356513650692,-5.167036,3.252588,-0.10577071
1356513650732,-4.0971327,4.4265385,1.4900832
1356513650772,-3.0391583,1.6429458,1.4308507
1356513650812,-0.45981884,-4.8036423,1.5993125
1356513650852,-1.6091976,-10.78903,-1.397399
1356513650892,0.33834982,-3.8725214,1.7449601
1356513650932,-3.081643,3.7753725,1.6279271
1356513650972,2.4400496,1.3725467,-0.34936213
1356513651012,5.5253134,1.7544708,-1.2547259
1356513651052,7.0624657,1.7779698,-0.3875531
1356513651094,8.741802,2.5087397,1.2912965
1356513651132,5.216062,3.5381587,3.9217281
1356513651172,-8.576179,4.014654,7.013894
1356513651242,-7.910937,0.090910435,3.8295772
1356513651250,-1.0946646,-7.2610793,-0.97376156
1356513651291,3.6692758,-3.0652437,2.038521
1356513651330,2.4599714,2.5409126,-5.7062035
1356513651372,-0.6033888,-2.2453742,-3.2770746
1356513651412,-0.7050147,-0.1026988,-3.9024296
1356513651452,2.4632826,0.19129848,0.68076086
1356513651492,1.3206449,-0.44569635,-2.8854651
1356513651532,1.0190344,-0.34563923,-2.2303033
1356513651572,-0.5554018,0.19741488,-2.3160887
1356513651612,-0.5621524,-1.0955687,-0.97812045
1356513651652,-3.2649865,1.3563018,-1.6929815
1356513651710,-4.158339,4.1215677,0.15043712
1356513651731,-3.6509972,3.3493807,1.4491302
1356513651771,-1.0883145,1.0063071,0.42605007
1356513651812,-1.088623,-5.2470417,0.52548367
1356513651849,-2.5950017,-9.244596,-1.3796184
1356513651891,-1.4597011,-1.7214847,1.8346102
1356513651931,-1.6784534,1.4490297,0.85259414
1356513651971,3.6096864,0.81198263,-0.60190487
1356513652010,5.6908784,1.1746111,-1.042686
1356513652050,7.438548,1.5894651,-0.46570915
1356513652092,8.226037,2.4914079,1.5135458
1356513652132,4.724503,3.1981604,3.9828215
1356513652172,-8.4375305,4.8373094,6.370002
1356513652212,-7.34567,0.6605463,4.263328
1356513652252,-2.4487257,-4.5681205,-2.4279318
1356513652292,3.3555846,-4.405814,2.1434445
1356513652332,2.9930081,4.13289,-5.143232
1356513652372,-0.22716427,-2.9052553,-2.9874723
1356513652412,-0.88328886,-0.2520523,-3.494565
1356513652452,2.280117,-0.03932333,0.46334934
1356513652492,0.8450494,-0.7226653,-1.5916582
1356513652532,0.73609734,0.0014095306,-2.4386966
1356513652572,0.13722181,0.26081944,-1.2893318
1356513652613,-0.25367928,-0.98859787,-1.3386675
1356513652652,-2.1478858,-0.36494446,-0.9742987
1356513652692,-4.549602,2.7320518,0.119804025
1356513652732,-4.3439884,3.710065,0.97335505
1356513652772,-3.784008,1.7627025,1.9126246
1356513652812,0.12666702,-0.51345825,2.2833667
1356513652852,-2.2405872,-8.2575245,-1.9136231
1356513652892,-0.2423029,-5.4332333,0.8132955
1356513652932,-3.0220566,3.471002,1.312887
1356513652972,0.54381466,1.0454602,0.48695755
1356513653012,4.689912,1.4141707,-0.8680136
1356513653052,6.2626686,1.4777222,-1.130117
1356513653093,8.28468,1.4893904,0.35612166
1356513653132,7.0181017,2.5041013,2.7666597
1356513653172,-2.424677,2.360078,5.555888
1356513653212,-10.246101,1.3993716,5.4365625
1356513653252,-2.5368338,0.40465355,-3.829641
1356513653292,1.0061111,-8.440395,3.6551147
1356513653332,2.9826818,5.072831,-4.8499346
1356513653372,2.6213834,-1.4078317,-2.9121108
1356513653412,-0.4820056,-1.7801247,-3.8582182
1356513653452,1.3486681,0.27738857,0.123741865
1356513653492,0.9875002,-0.12377262,-0.7945261
1356513653532,0.48623848,-0.27473402,-2.1179686
1356513653572,0.40053892,-1.1432662,-1.1605324
1356513653612,-1.048924,-1.1387882,-1.0082715
1356513653652,-3.0792751,0.86582756,-0.9884961
1356513653692,-4.3371353,2.7445254,0.46880245
1356513653732,-3.749205,4.1017356,1.7810313
1356513653772,-1.9273014,1.6803846,0.8495491
1356513653812,-1.9790974,-6.1871843,1.1902915
1356513653853,-2.142096,-10.46856,-0.69819605
1356513653892,-1.6836467,0.16389513,1.6413584
1356513653932,-2.227717,2.6078198,1.8429714
1356513653972,3.255628,1.2242155,-0.97339827
1356513654012,6.185804,0.94761086,-1.1532142
1356513654052,7.5806246,1.8647542,-0.7723834
1356513654093,8.438437,1.9423809,1.5944957
1356513654132,4.3465495,2.7371686,3.7714114
1356513654172,-9.148788,4.85787,6.5765114
1356513654212,-6.097055,0.42223454,3.9056265
1356513654252,-2.6347623,-6.796382,-2.0488422
1356513654292,4.0200453,-1.9784236,0.5111594
1356513654332,2.8676267,3.1731718,-4.8746033
1356513654372,0.4434657,-2.8729205,-3.303897
1356513654412,-1.0585399,-0.96307755,-4.347141
1356513654452,2.3850374,0.6630602,1.1799159
1356513654492,0.83401823,-0.30676174,-2.8989112
1356513654532,-0.10916376,-0.22151995,-1.6140904
1356513654572,-1.0002804,1.0466056,-1.6187112
1356513654612,-1.1188669,0.23263597,-0.25538754
1356513654652,-4.2505574,1.3011808,-0.78044754
1356513654692,-3.7138233,3.102855,1.6918952
1356513654732,-3.3717365,4.1063824,2.4800892
1356513654772,-2.1743193,0.7603774,1.5647252
1356513654812,-4.221059,-7.285763,-2.3567169
1356513654852,-2.4255958,-9.696768,1.0435195
1356513654892,-2.1054778,1.8131156,1.2343531
1356513654932,0.13276386,1.0803661,0.6355181
1356513654972,5.25023,0.39228344,-1.1412282
1356513655012,7.555843,1.1871109,-1.6708432
1356513655052,9.009847,1.6710362,0.07048035
1356513655093,8.092546,1.7847075,2.1868057
1356513655132,1.8805423,0.9694829,3.6553864
1356513655172,-10.384457,2.8340328,6.385107
1356513655212,-3.3216138,4.0803347,0.7710922
1356513655252,-1.6001558,-7.3203554,1.7533495
1356513655292,3.6384077,0.2665329,-1.3458647
1356513655332,4.324568,2.9514174,-4.692234
1356513655372,-0.27093887,-3.6303453,-3.0028272
1356513655412,-2.2675214,0.5529809,-2.4588656
1356513655452,1.6032085,1.7469776,1.6759791
1356513655492,-0.964653,0.4291849,-3.4057279
1356513655532,1.3961134,-1.067101,-0.57465947
1356513655572,-0.026889324,-2.018228,-2.4408526
1356513655612,-2.172277,-0.74986076,-0.3690573
1356513655652,-4.201253,1.7842515,-0.92597586
1356513655692,-4.0188966,3.7893562,1.5063145
1356513655732,-3.0641642,2.9279268,1.2431543
1356513655772,0.13575935,-0.3177786,1.3448884
1356513655812,-2.4609637,-9.160379,-0.7187892
1356513655852,-0.8535938,-8.350157,1.5549576
1356513655892,-3.4083652,3.5315094,1.7018107
1356513655932,-0.90852547,2.0359778,0.9667176
1356513655972,4.379506,1.4575987,-0.79973406
1356513656012,6.977312,1.0970058,-1.4412189
1356513656052,8.065997,1.9008956,-0.3869176
1356513656093,7.578929,2.9115148,1.7873539
1356513656132,0.811676,2.2986658,4.849484
1356513656172,-11.273502,3.5844204,5.3892674
1356513656212,-4.2370725,-1.6832919,0.21761549
1356513656252,2.8188844,-9.615194,1.3190322
1356513656292,4.1934376,4.050021,-4.0234227
1356513656332,2.3280673,-0.33484173,-4.845951
1356513656372,-1.8005886,-2.636982,-3.528684
1356513656412,0.68928814,0.54011536,-0.7419846
1356513656452,1.4735327,0.64444447,0.44080472
1356513656492,-0.4116311,-0.1758275,-3.207622
1356513656532,-0.13558292,-0.13727474,-0.6841583
1356513656572,-0.76453924,-0.54650974,-2.109108
1356513656612,-2.3969088,-0.047722816,-0.056949258
1356513656652,-4.21063,2.0187058,-0.96734583
1356513656692,-4.1925235,3.9668696,1.5726221
1356513656732,-2.61971,3.1562023,1.6393085
1356513656772,0.41418839,-0.21509457,1.2361987
1356513656810,-2.7517133,-7.792818,-0.12029034
1356513656863,-0.83596325,-6.3525734,1.7795365
1356513656902,-2.5752988,3.4080224,1.9654224
1356513656942,0.7131033,1.5546656,0.42272806
1356513656982,5.6654553,0.37747812,-0.468143
1356513657022,6.8867493,1.3501983,-0.8677684
1356513657083,7.341935,2.3113341,-0.09163666
1356513657102,5.7043366,2.2949944,2.7027726
1356513657142,-1.3122997,2.5141711,5.0537186
1356513657182,-11.091039,2.5110037,4.890833
1356513657222,-3.2125673,-1.6518688,-1.5745546
1356513657262,2.399212,-7.5782175,1.2349772
1356513657302,2.5933368,3.922606,-3.538498
1356513657342,1.3692951,-0.16009283,-4.381951
1356513657382,-1.5854521,-1.4172873,-4.2971973
1356513657422,0.38825846,0.11514425,-0.90144
1356513657462,2.5692325,-0.93582726,-0.052289486
1356513657501,0.40058517,-0.6637349,-3.4361367
1356513657541,-0.50823164,0.7303057,-0.77204573
1356513657578,-1.3199525,-0.3808279,-1.2961338
1356513657619,-1.5152016,-0.3719964,0.40144873
1356513657661,-4.2076364,2.7935417,-0.09995711
1356513657701,-3.997038,4.5444446,1.7801001
1356513657740,-3.3751287,3.1977432,1.0826945
1356513657780,-0.4667487,-2.0608163,2.553845
1356513657821,-2.7613602,-9.422256,-2.7649264
1356513657861,-0.16527843,-5.0571556,1.4648881
1356513657900,-2.3711767,2.4361908,1.2495123
1356513657940,0.79331684,0.5055003,0.26886547
1356513657980,5.0166845,0.22683477,-1.0396131
1356513658020,7.1114635,1.1968632,-1.0308801
1356513658079,8.117196,1.6639261,1.0597935
1356513658102,6.6943808,1.6689839,2.4855394
1356513658142,-1.0368586,2.5423741,4.318948
1356513658182,-10.952166,3.5465188,4.2153807
1356513658222,-4.9565244,0.28155136,-3.102562
1356513658262,1.9567614,-8.253535,3.9217908
1356513658302,4.2569723,3.4380357,-3.5376668
1356513658342,2.7211409,-2.0628629,-3.735345
1356513658382,-0.97309065,-1.5447235,-4.766032
1356513658422,0.3722639,0.85311794,0.094398975
1356513658462,0.67891455,0.6380944,-0.7817441
1356513658502,0.45274162,-0.7064371,-1.993332
1356513658542,-0.24924994,-0.41575813,-1.1366923
1356513658582,-1.0122137,-0.10895443,-0.020376801
1356513658622,-3.6696906,1.2399902,-1.0155427
1356513658662,-3.7933264,2.510038,0.5742785
1356513658702,-3.3524942,3.5006034,2.496438
1356513658742,-2.4216385,2.27421,1.4271022
1356513658782,-1.5657663,-3.4943662,1.6455116
1356513658822,-1.2716165,-9.9235,-1.0565886
1356513658862,-0.7798042,-2.6586819,1.1451128
1356513658902,-2.7664328,3.329555,1.4457688
1356513658942,2.2121181,0.732491,-0.37073505
1356513658982,5.369428,1.540554,-1.3289055
1356513659022,7.359571,1.9866855,-0.9201454
1356513659062,8.79105,1.2698131,1.5388782
1356513659102,4.9074254,0.55545855,3.2011135
1356513659142,-9.559611,2.830173,5.794017
1356513659182,-6.318035,3.000847,2.4131076
1356513659222,-2.169712,-5.866775,-1.460376
1356513659262,3.6619446,-1.6199579,1.0711904
1356513659302,3.6090176,3.1662798,-4.1452985
1356513659342,-0.39564562,-3.229844,-3.0955153
1356513659382,-0.87007904,0.106244564,-3.6480122
1356513659422,2.1281638,0.15195894,1.6037333
1356513659462,0.12213564,-0.17520714,-3.0373883
1356513659502,0.29902983,0.10276508,-1.3157343
1356513659542,-0.6204753,0.40062666,-1.3420084
1356513659582,-0.27235746,0.019005299,-0.8028969
1356513659622,-2.6439404,0.67887545,-0.88934827
1356513659662,-3.2875795,1.8332489,0.70417476
1356513659702,-3.202292,2.6492052,2.0261393
1356513659742,-2.8353515,1.7035797,1.9294517
1356513659782,-1.1122756,-2.3020654,0.90287757
1356513659822,-2.160366,-6.664956,-2.416843
1356513659862,-1.8174953,-1.5776091,0.7383382
1356513659902,-2.190549,1.9777234,0.11209941
1356513659942,2.3011575,-0.36165857,-0.882182
1356513659982,4.6380453,-0.3976612,-1.5286392
