1356512743230,0.0,0.0,0.0
1356512743398,0.07274008,0.024244785,0.12123449
1356512743442,0.0695982,0.041337013,-0.24227524
1356512743489,0.08831549,0.19703436,-0.27595538
1356512743539,0.15049648,-0.124361515,-0.14643587
1356512743582,0.1735568,-0.051058292,-0.41230553
1356512743620,0.19770432,-0.14041281,-0.829515
1356512743658,0.20754957,-0.37724972,-1.2308666
1356512743699,-0.19288206,-0.105093956,-1.188773
1356512743741,-0.32153273,0.28333855,-0.43806207
1356512743778,-0.10599327,0.2945857,-0.35130873
1356512743820,-0.08706856,0.035116196,-0.73058283
1356512743858,0.18502569,0.08453226,0.29416603
1356512743909,0.46764374,-0.17574644,0.98321533
1356512743948,0.013288498,0.3901806,0.45723885
1356512743989,0.055592537,0.18929577,1.3170058
1356512744030,-0.26460695,-0.5181141,0.9164687
1356512744071,0.26722813,-0.3815298,0.98454124
1356512744110,-0.06013298,-0.45830107,1.045593
1356512744148,1.002078,-1.1504278,0.815542
1356512744190,1.2983205,-0.39259672,0.73639935
1356512744307,0.76408863,-0.19635439,0.19845074
1356512744308,1.4691365,-0.67149305,0.23766989
1356512744319,0.77214956,-0.620409,0.0689657
1356512744358,-0.329535,0.18118334,0.36516267
1356512744399,-1.1090965,-0.24443054,0.40408295
1356512744439,-0.8471098,-1.1677246,0.3160023
1356512744479,0.223876,-3.051539,-0.20740974
1356512744518,1.7064939,-3.25417,-0.817808
1356512744559,1.7021852,-2.9151673,-1.5952891
1356512744599,0.33008194,0.20155859,-2.3127744
1356512744648,-3.3240418,1.1453199,-0.68883955
1356512744687,-3.47122,0.49448013,0.71528363
1356512744728,1.7833216,-3.611742,0.4937495
1356512744768,0.029040813,-1.3698492,1.0986427
1356512744810,0.33610964,4.1245966,-0.729607
1356512744850,1.8924937,5.018454,-1.3883965
1356512744888,2.0930035,5.8111763,-1.6082777
1356512744931,2.768388,5.8182464,-1.6691953
1356512744970,3.5896573,3.0536203,-3.2406428
1356512745012,3.628059,-5.0735435,-3.7262237
1356512745057,4.6875415,-7.1014485,-1.5152016
1356512745098,3.160016,2.3960395,-2.1094413
1356512745145,-10.770298,-4.986455,-1.3662353
1356512745179,1.365751,0.7916341,1.6217166
1356512745222,-1.6108096,4.6398664,4.2186413
1356512745288,-2.8974595,-3.368132,4.2019186
1356512745312,0.33343148,-1.1088676,-0.014644265
1356512745341,-1.6898599,3.7828727,0.44743276
1356512745378,-1.7307982,1.0984116,2.3565137
1356512745420,0.097182274,0.8519206,0.50494057
1356512745468,-0.5830028,0.8924794,1.5718789
1356512745509,-2.309675,0.8499527,1.7982692
1356512745549,-1.6557202,-1.8878474,1.1678925
1356512745588,2.6432633,-3.9290552,1.1679636
1356512745630,3.8380425,-4.72166,0.24757935
1356512745668,1.9833579,-2.7504582,-0.34079903
1356512745712,-3.514535,-0.96059084,-1.9348125
1356512745748,-9.000309,-1.8567324,1.3050606
1356512745789,-2.8316417,-0.78489494,-0.28324234
1356512745840,3.5301359,-2.7761793,0.22513813
1356512745878,0.98512435,3.1007056,-0.26184732
1356512745921,1.4597552,6.758423,-0.43062302
1356512745958,2.5406473,8.287595,-1.8943964
1356512746001,1.9458065,8.021909,-2.5178022
1356512746038,3.3464518,5.2615848,-3.9240265
1356512746085,5.946911,-6.098813,-4.4422894
1356512746128,6.127734,-5.5028896,-1.3465539
1356512746169,0.14216757,-2.1675673,2.9767356
1356512746210,-7.3813863,-4.2331777,-5.816053
1356512746300,3.3102396,6.695398,4.1527925
1356512746312,-5.6651096,1.4904728,3.7176652
1356512746337,-1.149884,-4.0065823,3.6235557
1356512746381,-0.31783557,1.8844924,-1.2488309
1356512746421,-1.5601957,1.4474077,1.303995
1356512746460,-2.043047,0.64023733,2.1001043
1356512746499,-0.11587405,1.0094018,1.532629
1356512746540,-1.781601,-1.0681539,1.4826353
1356512746578,-0.6519108,-2.0851831,0.7884042
1356512746618,2.4156237,-4.8924866,1.7215294
1356512746659,5.185325,-4.598674,-0.26088464
1356512746700,1.935045,-3.392528,-0.072705984
1356512746739,-2.3729506,-2.4965863,-0.7989764
1356512746781,-9.639035,-3.6205254,0.6312147
1356512746820,-4.964993,-0.37587166,-1.6905063
1356512746868,5.522095,-1.4689188,-0.27615705
1356512746910,0.3471818,2.7436695,0.2896817
1356512746951,-0.151371,6.6304126,0.5011964
1356512746987,1.7576051,9.912017,-1.5296943
1356512747031,2.1439753,9.235092,-3.2300444
1356512747067,3.9458716,4.8341002,-3.4958744
1356512747108,6.385484,-6.9130487,-5.5635386
1356512747149,4.760201,-8.417136,-3.5356095
1356512747191,-3.9622965,-5.9329534,0.73604554
1356512747228,-3.530992,3.670891,-1.6315684
1356512747298,3.5378592,5.8716216,6.308048
1356512747312,-3.499766,0.46198845,4.220703
1356512747348,-0.38028955,-3.2993674,2.6187453
1356512747389,0.45818686,1.0698891,-0.015643477
1356512747428,-1.148139,3.1161847,-0.047721505
1356512747469,-1.9782977,0.4718485,2.4576797
1356512747509,-1.5185554,0.80233,1.164642
1356512747549,-2.07546,-0.4356928,1.8999317
1356512747589,-1.3335502,-1.8456025,0.55723137
1356512747628,2.506679,-3.7470274,1.2906168
1356512747669,4.034658,-4.004586,0.081108004
1356512747711,1.9924369,-2.3688173,0.56183726
1356512747761,-2.6306362,-1.1014347,-1.7648227
1356512747797,-9.28607,-4.956538,-0.2765205
1356512747839,-3.7845845,-2.374751,-1.1210967
1356512747878,4.914627,-2.1288853,-0.011452585
1356512747918,1.2009459,3.4136057,-0.5749419
1356512747958,0.033676147,5.957137,-0.6879518
1356512747999,0.82992625,8.09211,-0.63433444
1356512748038,0.7373555,8.655816,-2.0209014
1356512748087,2.1629543,4.56615,-3.1263244
1356512748130,5.803977,-6.483426,-5.1327524
1356512748167,6.2327194,-8.655783,-2.225348
1356512748210,2.3266363,0.03598976,1.5728745
1356512748321,-9.940815,-4.2743797,-5.152553
1356512748322,4.841272,4.3425894,5.283181
1356512748350,-4.626853,3.435124,3.0193021
1356512748377,-2.7492757,-2.9132166,4.3906946
1356512748420,0.30876875,0.25434923,0.036518693
1356512748458,-0.3685763,2.1859245,0.8789695
1356512748501,-1.6511815,0.22649145,2.1357083
1356512748537,-0.45133686,1.3234057,1.4887894
1356512748578,-1.4536412,0.023007393,1.781563
1356512748608,-1.7005656,-0.39104748,1.1106677
1356512748650,1.0916286,-2.7152295,1.3338277
1356512748699,3.3593462,-3.5687375,0.3312487
1356512748740,1.9965129,-3.7027884,0.4218269
1356512748782,-0.7600684,-1.6679091,-2.858831
1356512748821,-5.5019836,-4.3825912,2.6169112
1356512748858,-8.818727,-1.3907757,-1.40109
1356512748890,0.12003827,-0.5549288,-0.51944315
1356512748931,4.6958103,-0.94404316,0.2954694
1356512748968,-0.1836474,4.5198336,-0.3925876
1356512749010,-0.30835676,6.4991736,-0.38106617
1356512749047,1.8726318,7.874386,-1.4301592
1356512749091,1.4273572,7.3063316,-2.8668294
1356512749127,3.1243093,4.572988,-3.869034
1356512749170,5.974334,-5.3886585,-4.0029864
1356512749208,6.3388715,-9.2248745,-2.1420376
1356512749248,-0.27420425,-4.1608915,0.84832525
1356512749338,-8.836706,-3.9244452,-4.447031
1356512749351,3.4911249,4.3311915,4.281577
1356512749370,-4.6107893,4.0532937,3.0490391
1356512749408,-2.3112447,-1.5715885,4.138808
1356512749453,0.06219268,0.23603868,0.9243462
1356512749498,-0.802089,2.4963274,0.015098929
1356512749540,-1.9950547,0.55036306,2.3537626
1356512749579,-0.9876065,1.6151457,1.3664716
1356512749618,-0.5637984,0.41118288,2.051397
1356512749658,-0.34637594,-1.1392221,0.6045459
1356512749700,1.8028364,-3.8756666,1.8473623
1356512749740,3.0888581,-3.8455544,-0.1969028
1356512749777,2.394596,-1.7337294,-0.82479805
1356512749820,0.26115203,-1.0410314,-2.0202157
1356512749859,-3.926527,-4.3362474,2.4800348
1356512749898,-10.511169,-3.9276114,-2.6975532
1356512749940,1.8697425,-1.7906303,-0.39301538
1356512749979,3.5992613,1.4521122,-0.29997307
1356512750018,0.42779064,6.1923285,-0.8722264
1356512750060,0.9586804,6.841033,-0.53867096
1356512750098,1.2521918,8.38562,-1.9576597
1356512750140,2.9128592,4.9876184,-3.2181618
1356512750181,4.2491665,0.024920464,-3.0591726
1356512750217,6.577762,-7.0139465,-5.1853833
1356512750321,4.468446,-3.6163082,-3.0080726
1356512750322,-0.14860678,-3.3501215,3.7351065
1356512750339,-6.999234,-4.5408573,-3.2293026
1356512750379,4.702577,4.6137047,6.584851
1356512750420,-5.632814,2.117743,1.8087739
1356512750460,-2.317421,-0.5865712,3.6668875
1356512750499,-1.2640793,1.4766545,0.17259347
1356512750539,-1.3581517,2.6634974,0.45388865
1356512750580,-2.0765548,0.72428226,2.3796325
1356512750622,-1.1502538,1.0614305,1.3598286
1356512750658,-1.7163553,-0.06191063,1.9125879
1356512750700,-1.3928194,-1.6215506,-0.14360195
1356512750738,2.0385046,-3.8185472,1.2916
1356512750779,4.832653,-3.972199,-0.37536538
1356512750818,2.7592087,-3.2139726,0.07561429
1356512750860,-2.5080614,-2.7873383,-1.7265884
1356512750900,-9.004351,-4.6798306,0.8925166
1356512750939,-5.0731497,-0.4834261,-1.2644215
1356512750978,5.36724,-1.902051,0.28190595
1356512751021,1.2593207,2.7929254,-0.46967316
1356512751058,-0.3097868,5.711726,-0.32656386
1356512751114,1.1374037,7.698041,-1.0466803
1356512751159,1.943793,7.0747666,-2.7346225
1356512751202,3.558483,3.221581,-4.1368957
1356512751310,6.915254,-8.870375,-4.7877154
1356512751311,5.4046907,-0.89793205,-1.7598634
1356512751340,-9.172587,-6.80372,-2.1292083
1356512751380,-2.3359904,0.32806158,-0.37230563
1356512751418,1.9076219,4.1045,4.7326612
1356512751458,-5.3573265,-0.05283737,2.7597227
1356512751497,-0.9036877,-1.362236,3.7191834
1356512751541,-0.011815071,2.4447541,0.5496199
1356512751577,-1.4983449,1.5507998,1.9759574
1356512751618,-2.0050788,0.79380846,2.8857832
1356512751657,-0.8692229,0.41710997,2.1428146
1356512751698,-1.8855381,-0.4033556,2.1641746
1356512751739,-0.53971386,-2.3594627,1.4219502
1356512751781,3.8214042,-4.0970964,1.6469524
1356512751832,5.063281,-4.0059786,-0.32927078
1356512751868,0.79583406,-0.87445927,-1.1994424
1356512751913,-4.2101817,-5.084813,1.0316234
1356512751960,-11.190161,-3.1417446,-1.8903863
1356512752000,1.5551648,-1.2651587,-0.08078325
1356512752041,3.7567172,0.6080513,-0.914009
1356512752078,0.059977055,5.861823,-1.2699001
1356512752120,0.7129135,7.4177513,-0.17978609
1356512752158,1.3751655,8.71801,-0.76162004
1356512752201,2.1086752,6.863594,-2.771121
1356512752237,4.460334,3.068931,-4.1383033
1356512752317,6.7079372,-8.193527,-3.5957828
1356512752328,4.9374843,-2.625392,-2.0135634
1356512752369,-5.549497,-5.3946176,0.7789158
1356512752409,-1.5269215,-1.1122708,-0.83125484
1356512752448,0.015256166,4.2294006,4.5094347
1356512752491,-6.123087,1.5658388,2.3737898
1356512752530,-1.5088186,-0.87439823,2.8058882
1356512752569,-0.43120313,1.9033966,0.2853105
1356512752608,-1.2735405,2.5506344,1.5731275
1356512752648,-1.6447008,0.84073544,2.2860246
1356512752688,-0.18630719,1.2140255,1.3442091
1356512752733,-1.4719152,0.098602295,1.760946
1356512752778,-0.08002281,-2.0574532,1.3424864
1356512752820,2.5705147,-4.7104454,1.0827513
1356512752862,4.1365175,-4.42733,0.36188197
1356512752899,0.7822528,-2.895544,-1.9876523
1356512752940,-3.5488167,-2.382444,1.759671
1356512752979,-9.430011,-4.3778734,-1.6447022
1356512753019,0.22469139,-1.9245386,0.1805914
1356512753058,4.4018297,-0.5597315,-0.29304612
1356512753099,-0.82679605,4.651087,-0.8786241
1356512753139,-0.54291534,6.4921,-0.29835576
1356512753180,0.35078764,8.39942,-1.1048787
1356512753220,0.7897072,7.529806,-2.3780923
1356512753310,4.2144923,4.2542925,-4.1285977
1356512753311,8.284124,-3.2597294,-3.6229882
1356512753337,4.8179846,-8.943906,-2.4456918
1356512753381,-3.0449286,-7.3397627,-2.0478094
1356512753419,-6.1517153,-0.74316406,-2.7160077
1356512753458,2.131946,7.397527,5.039862
1356512753499,-4.287815,1.4230609,4.168178
1356512753539,0.28972268,-4.125507,2.9337482
1356512753578,1.642813,0.16239023,0.3233652
1356512753620,-0.38431907,3.135552,0.09465337
1356512753660,-1.5640881,1.1377826,2.2488546
1356512753699,-0.554754,1.3400803,0.9361918
1356512753738,-1.0575671,1.2200532,1.864176
1356512753778,-2.1531978,0.510942,1.4688804
1356512753823,0.18706822,-3.4141426,1.6610055
1356512753870,3.749547,-4.0799212,-0.08743809
1356512753908,2.1907966,-3.1191964,-0.02612558
1356512753949,-0.037058353,-0.6793318,-2.2278259
1356512753988,-4.9720263,-5.1864223,2.6603534
1356512754031,-9.869043,-3.449648,-1.5488806
1356512754080,1.5440576,-0.8995838,0.3542341
1356512754118,1.3979342,2.2667975,-0.5271632
1356512754165,-0.9677708,6.3552113,-1.0390077
1356512754188,0.17762756,7.5532703,-0.6332816
1356512754228,1.4037149,8.255796,-1.478588
1356512754295,2.2384958,6.91132,-2.6859612
1356512754307,3.4905505,3.8003345,-4.0529075
1356512754339,5.9909034,-5.31408,-5.388416
1356512754378,6.765273,-8.807184,-3.9662924
1356512754418,-2.066001,-6.0847807,2.1425555
1356512754461,-4.7863264,0.13604593,-2.0623195
1356512754500,3.991578,6.3150606,5.031667
1356512754548,-4.790637,-0.15600538,1.8575844
1356512754588,-0.06024337,-1.1347017,2.4123955
1356512754634,1.46426,2.2089496,0.08650458
1356512754680,0.070539236,0.94774866,2.4976103
1356512754720,-0.9410682,1.2470703,0.81828374
1356512754758,-1.7360983,1.1832905,1.5174747
1356512754799,-2.631802,-0.10831642,1.572381
1356512754840,0.20563364,-2.148675,0.97239166
1356512754878,3.9566915,-3.7111726,0.76406604
1356512754920,4.6740923,-3.8719907,-0.44409186
1356512754960,1.315772,-1.9593339,-1.1186101
1356512754999,-2.0690389,-3.1424098,-1.198179
1356512755041,-8.79439,-5.619054,0.9623033
1356512755079,-4.887635,0.10117531,-1.18285
1356512755120,5.2801533,-1.5924311,0.23126537
1356512755160,-0.19931221,4.197084,-1.1607089
1356512755199,-0.5673542,5.5978427,-0.47114772
1356512755237,0.67664766,7.7504454,-0.7318414
1356512755289,0.6217737,7.625178,-1.9879787
1356512755321,2.9855642,4.161622,-2.9992764
1356512755360,6.3631215,-2.7525568,-3.499018
1356512755398,5.443337,-9.32789,-1.7049203
1356512755438,2.1840882,-2.84091,-1.6226002
1356512755480,-9.338912,-7.011828,-1.6323304
1356512755521,3.2664998,5.9159565,2.7385492
1356512755560,-2.4206882,3.6560926,3.6581564
1356512755599,-3.1206894,-2.3114276,4.180879
1356512755638,1.4754966,-0.6581545,1.3900704
1356512755678,0.5817027,2.6631045,0.14463365
1356512755720,-1.363116,1.4429345,1.8388975
1356512755759,-1.2399955,1.0680852,0.72555983
1356512755802,-1.7475607,1.2214875,1.0879885
1356512755838,-1.667103,0.07480717,1.1792612
1356512755880,1.5459964,-3.7839441,1.6583271
1356512755929,4.063296,-3.5128508,0.12873548
1356512755971,2.6440156,-4.264481,0.1789764
1356512756008,-0.42041445,-1.1690373,-1.5714741
1356512756048,-5.803993,-4.117728,0.81669813
1356512756092,-11.047593,-1.762229,-2.196703
1356512756128,3.9207613,-1.8402004,0.35847408
1356512756172,3.33488,0.012040138,-0.113500535
1356512756208,-1.0398529,5.3029003,-0.5912511
1356512756248,0.097150564,7.4815884,-0.83203137
1356512756288,1.3279006,9.1930685,-1.8277497
1356512756328,2.3456314,6.968675,-2.311638
1356512756369,3.5266068,2.4939847,-3.8909009
1356512756410,6.9310303,-8.166851,-3.1530719
1356512756450,7.326441,-4.2084084,-1.2273785
1356512756499,-0.22369337,-4.824481,3.949888
1356512756540,-4.7822304,-1.1233649,-3.623991
1356512756591,0.512233,6.100077,3.4731646
1356512756628,-5.3201933,0.47863102,3.9570613
1356512756669,-1.2376115,-1.4914932,3.3672543
1356512756708,1.0246674,2.483716,-0.56144464
1356512756751,-1.2664106,1.6041341,0.5817345
1356512756790,-1.9549503,0.5767975,0.4618378
1356512756831,-1.7297969,0.9781542,0.82857823
1356512756870,-2.3886766,-0.3791771,0.91412705
1356512756909,1.094059,-3.1994562,1.552151
1356512756950,3.9272308,-3.7518463,0.12669565
1356512756988,3.6063962,-2.8611994,-0.9478566
1356512757031,0.37508464,-0.76846313,-1.5401641
1356512757082,-3.7861423,-4.4917154,2.7046232
1356512757128,-10.876123,-4.0309916,-3.2006166
1356512757168,4.777435,-1.3363304,0.4531021
1356512757210,0.07915807,4.3421426,-0.96489346
1356512757328,-1.1750937,6.24098,-0.5800463
1356512757329,-0.02869749,8.327913,-1.1952598
1356512757352,0.73292875,7.1371155,-2.207996
1356512757378,3.325502,4.341517,-3.4938562
1356512757418,6.5794277,-4.691266,-5.4949374
1356512757458,5.6571875,-8.089235,-2.2768457
1356512757498,2.9087949,-0.31311893,1.5202525
1356512757540,-10.867567,-6.1792235,-3.6488757
1356512757580,4.996467,4.7975397,5.984599
1356512757620,-2.2553582,2.5949135,4.4842024
1356512757658,-3.5613234,-2.4436102,3.1979585
1356512757702,0.13067937,0.53745556,0.5259738
1356512757740,-1.2144136,3.5627503,0.75790006
1356512757778,-2.0832522,0.90520144,2.329784
1356512757819,-0.66396856,0.88374233,1.3322513
1356512757862,-1.1930387,-0.1394968,1.4142964
1356512757897,-1.0159893,-1.5333052,1.0322452
1356512757938,1.9442836,-4.147273,1.4554735
1356512757980,4.2712226,-3.8141613,-0.27890223
1356512758021,2.429349,-2.319353,-0.598655
1356512758061,-1.718123,-0.2517147,-2.1982007
1356512758101,-6.92169,-4.7716303,1.2482657
1356512758139,-6.1778216,-1.5172577,-2.0298324
1356512758188,4.0861015,-0.9141941,-0.13354108
1356512758228,0.7571273,3.253387,0.33493915
1356512758327,-0.06289649,5.4934554,-0.5134091
1356512758337,1.2248316,7.222183,-1.2164631
1356512758349,0.9248681,7.910039,-3.08699
1356512758390,2.5748076,5.1461864,-3.8636534
1356512758430,4.214398,-2.2209892,-5.4658833
1356512758470,5.743015,-8.927009,-3.9600296
1356512758513,0.570456,-2.6538067,3.3047552
1356512758547,-7.8165665,1.1014419,-3.5449274
1356512758591,4.420684,2.6960325,5.635198
1356512758628,-2.1130483,1.1918535,3.0030208
1356512758669,-1.1853294,-1.2347288,3.4210777
1356512758710,-0.39745736,-0.23435783,0.8379375
1356512758758,-1.3031564,2.5232325,1.1045108
1356512758801,-1.0687151,0.17058897,1.8354701
1356512758840,-0.106950045,-0.793097,1.619109
1356512758887,-1.33307,-0.8447833,1.0595722
1356512758931,0.8065138,-3.8742943,1.9930544
1356512758969,4.6281505,-4.027944,0.13329503
1356512759020,3.9574194,-3.1466265,-0.7905399
1356512759073,-1.3814964,-0.20479107,-0.7541369
1356512759123,-8.92472,-5.669362,-0.43027475
1356512759158,-2.101381,-2.3301935,-0.49682602
1356512759198,4.4176836,-1.5177307,0.3335023
1356512759245,-0.25724554,3.6655536,-1.1205962
1356512759323,-0.44877577,7.199262,-0.42905498
1356512759347,-0.19879866,9.009338,-1.1245334
1356512759380,0.6017654,6.9355674,-2.9718351
1356512759438,5.294486,-5.5845547,-4.5534916
1356512759478,4.319728,-6.48254,-0.8433871
1356512759519,2.7894046,0.86972475,0.97149897
1356512759559,-11.672672,-5.6231894,-5.968108
1356512759599,3.0132537,4.7417727,5.536062
1356512759638,-3.5125327,4.7375603,3.9983668
1356512759679,-3.523404,-2.4106717,4.534661
1356512759719,0.9122498,-0.37542772,0.52012014
1356512759761,-0.44868135,2.1563592,0.75320774
1356512759798,-2.1252275,0.108338356,2.2152734
1356512759841,-1.0235322,0.4131174,1.460365
1356512759877,-1.6433578,-0.8254447,1.4964039
1356512759918,-0.679894,-2.3693547,0.50146186
1356512759960,2.823369,-4.286096,1.734958
1356512759998,5.1596746,-3.626728,-1.4757583
1356512760049,2.2617717,-0.5425043,0.01295352
1356512760097,-3.489918,-3.1450405,-0.383228
1356512760138,-9.274792,-5.830517,-2.2758763
1356512760189,-0.4444914,-1.6506872,0.10366222
1356512760228,2.64783,1.987639,-0.5937499
1356512760359,0.12858677,6.1342726,-1.042309
1356512760360,0.0256145,8.154554,-0.44910765
1356512760361,0.08252597,8.880527,-1.2592942
1356512760400,1.8083153,4.1257615,-2.8432276
1356512760439,6.4126263,-3.5229177,-4.2247987
1356512760479,5.0087404,-8.935567,-3.0369036
1356512760521,1.8000805,-0.35096264,0.8362663
1356512760573,-9.34185,-4.0449743,-3.2081938
1356512760622,2.797192,4.027314,5.302353
1356512760661,-4.440696,0.5061836,2.9415984
1356512760698,-1.1138778,-0.7030778,4.107849
1356512760739,0.6819465,0.8807697,0.37947977
1356512760781,-0.6173115,2.501586,0.9989416
1356512760818,-1.4212062,0.6226983,2.28715
1356512760861,0.93665624,0.2687559,1.0469924
1356512760897,0.7550261,0.35258198,1.670406
1356512760942,0.65228724,-1.4175816,0.91827595
1356512760977,1.6333635,-3.460682,1.2071575
1356512761018,4.811639,-3.1093702,-0.25766903
1356512761059,2.6913543,-1.8884153,-2.245356
1356512761098,-0.99886656,-1.2319059,0.032831848
1356512761139,-5.93729,-4.844015,0.6207961
1356512761178,-4.802046,-1.9278889,-0.9938245
1356512761219,3.8681483,-2.2582512,0.7739939
1356512761257,-0.380924,2.370606,-0.20452595
1356512761311,-1.123982,5.8189173,-0.6463158
1356512761338,-0.09076166,8.057747,-0.5539166
1356512761380,0.04139924,8.004953,-1.4649644
1356512761417,0.46553922,5.920774,-2.349815
1356512761458,4.171852,-2.4976645,-3.8132157
1356512761498,4.176946,-9.407865,-2.6062753
1356512761539,4.923822,-0.088599205,-0.9336492
1356512761580,-4.784931,-8.65814,-0.31349415
1356512761618,-3.168686,3.7921877,0.7219377
1356512761660,-0.8685279,6.3600063,2.7720141
1356512761699,-4.0121646,-0.84023094,2.8702474
1356512761741,2.4485826,-3.5139437,2.097394
1356512761778,3.9346821,0.2862711,-1.0772563
1356512761820,2.4958694,-0.7843809,0.014878631
1356512761858,2.6856356,-0.07799244,0.93824685
1356512761899,1.2835041,0.6905179,0.72304296
1356512761948,-2.3595366,1.8394699,0.95660806
1356512761990,-2.6619158,-0.4696722,1.4359059
1356512762029,0.6853175,-3.4676504,0.8756507
1356512762079,2.009482,-1.9085712,-1.6128135
1356512762119,-1.2069037,0.2793417,-1.7892122
1356512762161,-4.5019436,-2.795309,4.317215
1356512762198,-8.609901,-5.392455,-1.3844715
1356512762239,-1.9763165,-1.1294956,-0.17549361
1356512762295,2.0150373,1.8986058,0.6159065
1356512762320,0.30072618,4.999794,-0.35025352
1356512762360,-0.2775247,6.192995,-0.2955202
1356512762400,0.4923408,7.7410097,-1.4913317
1356512762437,1.4038482,5.383402,-2.5673826
1356512762481,3.8812993,1.9236689,-4.0562415
1356512762517,7.162512,-9.886858,-4.0548477
1356512762560,0.8202584,-7.360236,-0.6879985
1356512762601,-5.6832886,-2.736073,-1.539721
1356512762639,1.862311,6.622034,2.9868808
1356512762680,-2.498147,2.0515184,3.2057102
1356512762720,-0.47153473,-2.5641809,1.0969108
1356512762758,2.4460068,0.98179436,0.8440401
1356512762799,0.23413324,1.3901534,0.5824659
1356512762840,-0.7229006,1.3795218,1.64661
1356512762880,-2.1592326,1.6139426,1.4127074
1356512762922,-2.8518898,0.8640299,2.1061976
1356512762959,-0.46911097,-1.5188036,0.7536193
1356512762998,2.8086166,-3.0965834,1.4082117
1356512763049,3.933653,-4.207363,-0.33320072
1356512763098,-1.0918798,-2.1276898,-0.39952472
1356512763141,-7.4354706,-4.6579456,1.8473564
1356512763178,-8.372514,-0.98958683,-1.8612938
1356512763218,1.8945866,-0.5036764,-0.16968244
1356512763282,1.7115415,1.9131355,-0.15070902
1356512763350,0.4125905,5.2782454,-0.40002224
1356512763361,0.9694514,6.6681604,-0.7545815
1356512763381,0.59345746,7.547483,-2.725224
1356512763421,2.364404,4.9111834,-2.9041436
1356512763458,5.2012825,0.90945816,-5.1801763
1356512763500,7.162042,-8.868324,-3.3899217
1356512763537,0.38100266,-5.880189,-1.1002004
1356512763580,-9.499486,-3.879159,-1.6397781
1356512763617,0.6416578,5.8740034,2.4843876
1356512763660,-1.6863165,1.8442621,5.67099
1356512763700,-1.8008633,-1.8244424,2.130218
1356512763740,0.6225009,1.0955777,1.6434562
1356512763781,0.62270117,1.7354584,1.1523606
1356512763820,-0.60173345,0.22518158,1.9391811
1356512763860,-1.9169722,1.273212,1.5508813
1356512763898,-1.8093703,0.45192575,1.8604202
1356512763940,0.695925,-1.5729427,1.0006101
1356512763978,3.3897614,-4.0108347,1.5642477
1356512764019,4.216176,-4.2412043,-0.66591436
1356512764067,1.0226414,-3.073907,-0.8328841
1356512764108,-4.976314,-4.7712154,1.4107759
1356512764149,-10.474232,-3.0931501,-1.3284793
1356512764188,-0.19270968,0.27218533,-0.52643245
1356512764231,4.8209586,-0.058992386,0.094751626
1356512764268,-0.260386,4.596638,-0.6330793
1356512764331,-0.4195032,6.2232876,-0.23443304
1356512764362,0.99363303,8.178992,-1.3938503
1356512764390,1.4479067,7.862146,-3.4157302
1356512764439,3.6710582,3.0792513,-4.2681293
1356512764478,7.4177065,-9.580431,-5.173029
1356512764520,4.2569246,-4.137232,-2.5844922
1356512764558,-7.629104,-3.8012476,1.0433133
1356512764603,-1.4620547,3.0063214,-0.2739966
1356512764648,0.34049106,2.886478,5.801099
1356512764688,-3.653688,-0.91584253,2.993722
1356512764727,-0.6414404,-0.6888156,2.1200562
1356512764770,0.527617,2.0318651,0.38699687
1356512764808,-1.0747349,1.0496383,2.1271338
1356512764850,-0.4320345,0.60004663,1.9155018
1356512764890,-0.21624112,-0.29442024,1.5403185
1356512764927,-1.3083181,-0.8747735,0.8652106
1356512764972,1.2795851,-3.3986993,1.7078528
1356512765015,4.787164,-3.987153,0.35055998
1356512765060,2.9674885,-3.3613157,-0.28422853
1356512765100,-0.3233173,-1.1177716,-2.1797528
1356512765140,-5.9021087,-5.150153,2.0356948
1356512765178,-8.829378,-2.01159,-1.6303458
1356512765218,3.7848308,-1.4667978,-0.13588458
1356512765261,1.7892463,2.1064796,-0.37039214
1356512765341,-0.44950175,4.668941,-0.8854861
1356512765352,0.4297216,5.9823027,-0.47113016
1356512765377,0.25370574,7.716608,-1.4568822
1356512765418,1.0461605,6.397822,-2.7879617
1356512765458,3.3414803,2.9383368,-3.9096284
1356512765500,7.889652,-8.313217,-2.764628
1356512765538,3.6745386,-4.8351755,-2.0722005
1356512765579,-5.3929143,-5.88151,-0.3417257
1356512765618,-5.122822,2.3417196,-3.0539804
1356512765658,2.8691022,4.8068566,5.8959975
1356512765699,-4.2944026,-0.89492035,2.3653932
1356512765737,-0.37132168,-0.2635622,3.0960164
1356512765781,-0.9514296,2.282384,0.25790215
1356512765817,-1.8605266,1.9186273,2.2003422
1356512765859,-2.4451928,0.6645398,1.9752828
1356512765898,-0.34626698,1.2252998,1.7176502
1356512765939,-0.3668332,-0.29591656,1.6092076
1356512765978,1.078062,-2.8935757,0.7709757
1356512766018,2.435773,-4.882609,0.6965182
1356512766058,4.3022456,-2.4561138,-2.127329
1356512766098,2.3061867,-0.90675306,-1.3741579
1356512766142,-1.3628082,-4.395938,1.7217748
1356512766179,-9.896016,-7.68659,-1.9173179
1356512766220,-3.1716707,-2.3888998,-0.46971926
1356512766259,4.5746017,0.11756992,-0.5184838
1356512766352,1.2803795,5.7456155,-1.4775333
1356512766385,-0.2713585,6.610243,0.2819118
1356512766387,0.18860412,8.250606,-0.062997
1356512766420,0.92554,7.1640487,-2.594326
1356512766458,3.6348634,4.4408617,-3.570316
1356512766499,6.567174,-3.7257233,-3.6891909
1356512766540,3.3332014,-7.2122517,-2.4971128
1356512766580,-1.1888144,-6.1333876,1.4389834
1356512766618,-6.1218395,2.222837,-4.192911
1356512766662,3.1422963,6.7297897,6.961424
1356512766698,-3.5369792,-1.0126624,2.3306594
1356512766738,-0.5100937,-1.9880795,2.6217713
1356512766778,-0.17474031,2.22079,0.36517966
1356512766820,-1.2374496,2.4788213,0.72172225
1356512766859,-1.9259791,0.34033537,2.6655335
1356512766900,-1.6012144,1.0657611,1.123324
1356512766940,-1.4248261,0.049859524,2.1636944
1356512766980,-0.06639838,-1.8846235,0.46359304
1356512767023,1.4991028,-4.5390544,1.2177751
1356512767068,4.468466,-3.3714557,-0.40849346
1356512767109,2.494986,-3.0149693,-1.4944693
1356512767151,-2.1353943,-4.328566,0.62542665
1356512767189,-10.286728,-4.46953,-0.6802631
1356512767228,-4.3771715,0.07425785,-0.32139438
1356512767267,5.4914927,-1.7227297,-0.06655046
1356512767337,0.7953272,3.4887338,-0.6577598
1356512767358,-0.32491398,6.1667466,-0.30886084
1356512767391,0.8783536,8.390117,-1.1918709
1356512767427,1.771106,8.078237,-2.5821397
1356512767468,2.7212865,5.8279376,-3.9201367
1356512767508,5.313467,-3.2499094,-4.841833
1356512767549,5.003337,-8.736744,-2.3924925
1356512767588,-0.42872882,-5.2619753,1.5042729
1356512767628,-7.720755,-2.8215675,-3.3735445
1356512767669,2.440217,5.3925276,4.277931
1356512767709,-4.2235875,1.2254171,3.649262
1356512767750,-1.6664371,-1.262424,3.1777241
1356512767788,0.28875637,1.2540622,1.1051309
1356512767832,-0.35946155,2.3093028,0.41961634
1356512767867,-1.4554667,1.1584764,2.4283786
1356512767908,-1.4413605,1.0794525,1.3661407
1356512767949,-1.7687373,0.67507887,1.9521465
1356512767990,-0.08925557,-1.1275482,0.77469754
1356512768028,2.2129283,-3.1302576,1.3882407
1356512768060,3.6581514,-3.4016008,0.18389852
1356512768098,4.061076,-3.2226639,-0.76054263
1356512768138,0.34083295,-1.2615714,-2.2964096
1356512768180,-3.345577,-4.094821,0.37057889
1356512768221,-10.613515,-3.9065132,-1.5760493
1356512768259,0.039128304,-1.0773907,-0.59145135
1356512768348,5.0814943,-0.2539549,-0.3147715
1356512768349,0.5974033,4.077894,-0.95329607
1356512768377,-0.07235789,6.235299,-0.2769787
1356512768420,0.5231054,8.331726,-1.1105639
1356512768457,1.5277574,7.2305627,-2.3239388
1356512768498,3.5158896,3.7887836,-4.002564
1356512768538,6.9934697,-6.2404003,-4.898693
1356512768578,4.0450225,-7.0499067,-1.3460338
1356512768619,2.1673517,-0.99160004,2.7204113
1356512768658,-9.288186,-4.611148,-5.4447274
1356512768701,3.8876348,4.0638266,5.494376
1356512768737,-4.9221163,1.6087136,3.2145352
1356512768788,-2.3601196,-0.4048066,4.189605
1356512768828,-0.36128974,1.2983398,-0.013651133
1356512768869,-0.80728436,2.0028944,1.1761539
1356512768909,-1.7444654,0.5640216,2.160563
1356512768950,-0.7013197,0.66918087,1.379604
1356512768990,-1.3575363,0.10684395,1.8508754
1356512769029,-1.1507475,-1.1879368,0.3523384
1356512769072,1.957642,-2.7930222,1.2718879
1356512769108,4.2725573,-3.611309,-0.39287108
1356512769151,2.986163,-3.0285664,-0.3523668
1356512769187,-1.4986708,-1.0078979,-2.937183
1356512769228,-5.9458046,-5.3227453,2.2803833
1356512769270,-9.213068,-2.2327852,-1.9301558
1356512769356,4.829076,-2.8172836,-0.36488277
1356512769357,3.920129,0.14874649,-0.12984577
1356512769390,-0.2825203,4.8431573,-0.5837137
1356512769445,0.9043937,6.9598,-0.74321914
1356512769490,1.4409494,7.602968,-2.3559906
1356512769530,2.9144897,4.3827233,-3.1416373
1356512769571,5.821063,-1.732213,-5.04903
1356512769610,6.152658,-9.360221,-3.1477797
1356512769650,-0.5249884,-3.5144367,-1.8364601
1356512769688,-6.361184,-3.7737145,-1.7086785
1356512769728,0.5531914,3.7555077,0.4855162
1356512769778,-2.752163,2.7293644,4.5607357
1356512769818,-2.8273087,-1.7600651,3.823421
1356512769857,-0.4298253,0.5414305,1.6565119
1356512769900,-0.8546481,1.8580017,0.44512653
1356512769938,-1.0428901,0.88545847,2.5280652
1356512769981,-0.6096947,0.6036539,1.8750246
1356512770018,-0.87874365,0.06733608,1.870611
1356512770057,-0.99994946,-0.3566904,1.7049272
1356512770101,0.2822175,-2.3162131,1.1615964
1356512770148,2.9466739,-2.8831277,0.30180553
1356512770189,3.173507,-2.9623022,-1.0456569
1356512770231,0.87460065,-0.47688675,-0.596509
1356512770268,-3.392018,-2.9579802,-0.117903754
1356512770337,-8.132944,-5.4195747,-0.21585356
1356512770353,-3.900779,-1.718399,-1.1679127
1356512770390,4.82533,-0.7124672,0.4499177
1356512770427,0.9645734,4.1232634,-1.0861084
1356512770471,-0.106621265,5.8020267,-0.61647975
1356512770508,0.7779534,7.5397882,-1.2526742
1356512770548,1.3367467,6.097745,-1.7772887
1356512770588,3.879408,3.6289425,-3.2870076
1356512770630,6.240264,-3.1609488,-3.4725451
1356512770669,3.4580083,-7.978607,-2.9885938
1356512770711,1.8146391,-3.932004,1.0415733
1356512770750,-8.301939,-4.81011,-2.9616904
1356512770788,2.6943355,4.768028,4.9250274
1356512770830,-2.3860965,2.4004393,3.4739046
1356512770877,-1.8091872,-0.37896347,3.9995759
1356512770918,-0.77083874,1.5216775,0.14716482
1356512770961,-1.2396586,2.8465672,0.35123372
1356512771000,-2.06635,1.3420415,2.3928728
1356512771039,-1.2694073,0.8388572,1.0567056
1356512771080,-1.6636815,0.471035,1.3966669
1356512771121,-1.6591377,-0.6640644,0.3370685
1356512771159,2.5209346,-3.2623606,1.3330795
1356512771208,3.9418652,-4.0375314,-0.30743155
1356512771249,2.2622728,-3.3087163,-1.0451204
1356512771317,-0.8268826,-1.1050014,-2.6910858
1356512771332,-5.237726,-4.3377113,2.0606067
1356512771373,-7.714367,-1.2773113,-1.8279306
1356512771417,4.699503,-1.9221935,-0.25391516
1356512771459,1.4605353,1.5065551,-0.5367795
1356512771498,0.084095,4.4785585,-0.66596377
1356512771540,0.79542446,6.5316906,-0.49533617
1356512771579,1.0782616,7.813491,-1.8170795
1356512771618,2.6373591,5.6012325,-3.0598032
1356512771660,4.022487,0.65016365,-4.2549953
1356512771698,6.271394,-8.353188,-4.53
1356512771740,3.026062,-2.0697975,-2.1415102
1356512771778,-1.8565259,-4.6385765,4.326068
1356512771819,-6.676773,-1.3067994,-4.397943
1356512771859,3.3681815,4.4871197,5.149162
1356512771900,-5.03156,-0.4265585,3.6742973
1356512771937,-0.81928873,-1.0488939,2.5312445
1356512771980,-0.52418447,2.2103877,-0.64778817
1356512772032,-1.828783,2.19211,2.1476064
1356512772070,-1.4377522,1.071785,1.9153461
1356512772112,-0.39200425,0.97233105,1.8062358
1356512772147,-1.3640571,-0.026823997,1.1045363
1356512772190,-0.2938099,-1.3410797,1.0263329
1356512772233,2.1950736,-3.275504,1.0358994
1356512772268,4.0062795,-3.780384,0.33384615
1356512772340,1.6523886,-3.7215228,-0.26938882
1356512772356,-3.1264136,-2.6548424,-2.0601513
1356512772388,-7.632786,-3.2317438,2.404529
1356512772439,-2.7386956,0.5348377,-0.8681652
1356512772483,4.551525,-1.7983875,0.043857694
1356512772531,-0.61247134,3.8093958,-0.33276674
1356512772570,0.96150875,5.8110714,-0.5540466
1356512772611,1.4881833,7.026266,-1.8710223
1356512772649,1.8602736,6.954649,-2.7241764
1356512772691,3.5421495,3.937127,-4.0299377
1356512772727,7.310324,-7.2289343,-3.275989
1356512772772,5.332431,-6.348016,-1.480354
1356512772808,2.583188,-1.4529696,1.9175869
1356512772848,-10.132452,-4.7840514,-5.923536
1356512772892,3.4106393,3.6475523,3.5717657
1356512772928,-4.846082,1.0908866,3.1562877
1356512772970,-2.6149426,-0.2987976,4.153863
1356512773008,-0.04591608,1.3920894,0.97424513
1356512773049,-1.571804,2.4515643,0.59213257
1356512773090,-2.7211866,1.5158062,1.7130815
1356512773130,-0.9323752,1.2670674,1.4032494
1356512773170,-0.1376419,0.35398388,1.6730804
1356512773210,-0.8782811,-0.004155159,0.67861885
1356512773248,0.64260435,-2.5954132,1.9474852
1356512773325,3.4135878,-3.044158,0.085270315
1356512773350,2.9027324,-3.7362456,-0.63051
1356512773379,0.7172241,-2.1131067,-2.0889642
1356512773421,-3.9027061,-2.9256487,0.67866945
1356512773458,-9.043171,-1.9923124,-0.1740852
1356512773502,1.8426983,-1.1679382,-0.55141324
1356512773538,4.1240134,-1.5231724,0.08002734
1356512773581,-0.065166235,3.244976,-0.6534486
1356512773617,0.16438794,6.4136486,-0.47457755
1356512773658,1.2358336,7.883541,-1.4418329
1356512773698,1.5227249,6.8143945,-2.491306
1356512773740,2.8363485,4.37023,-3.5510366
1356512773779,5.962699,-4.8462524,-3.6632886
1356512773818,6.257449,-6.96706,-2.1111224
1356512773859,1.2589786,-2.5060434,-1.0355558
1356512773898,-8.728867,-5.527545,-3.4896078
1356512773938,1.5955075,4.5440583,1.148952
1356512773979,-0.4726858,4.0148687,4.1790032
1356512774022,-3.6242912,-2.6426086,4.3208046
1356512774059,-0.23952007,0.96578693,1.3910754
1356512774099,-1.9365249,2.9286623,0.16146481
1356512774138,-2.4173448,1.2743177,2.3359435
1356512774178,-1.0956516,1.0318589,2.4713273
1356512774219,-0.5728016,-0.12556362,1.4492439
1356512774260,-1.8572111,-0.31570435,1.5933278
1356512774311,-0.93342495,-1.4322443,0.7726395
1356512774337,2.906196,-3.4020271,1.2402987
1356512774380,2.8114178,-3.4966083,-0.35186774
1356512774418,0.80074596,-3.105421,0.28546038
1356512774461,-1.0023785,-1.494247,-2.8629725
1356512774498,-5.447573,-3.3190966,1.9453131
1356512774539,-7.077407,-0.33022594,-0.60564667
1356512774580,3.6393735,-2.6518526,-0.437128
1356512774620,2.1001062,0.27734756,0.17761394
1356512774661,-0.2637372,4.269768,-0.34221888
1356512774700,1.4333076,6.649436,-0.8365365
1356512774741,1.3265872,7.220175,-2.5870874
1356512774778,2.5396566,5.782954,-2.4124916
1356512774822,4.593758,2.6388927,-3.5491948
1356512774857,5.988493,-6.3945065,-4.0339775
1356512774898,4.6726146,-7.1316013,-1.4945189
1356512774938,2.576315,-2.7401252,3.240217
1356512774978,-9.355246,-3.841663,-6.2126136
1356512775018,3.9872751,4.1005416,4.690404
1356512775058,-4.1442947,2.9372468,3.1971262
1356512775099,-2.8759377,-1.7904663,4.187845
1356512775140,-0.24533081,0.98497343,0.033340335
1356512775180,-1.2710673,2.791459,-0.15585625
1356512775217,-2.1517282,0.84935045,2.0256295
1356512775262,-1.3115458,1.4842329,1.1505362
1356512775319,-1.2006435,0.99683857,1.3282245
1356512775337,-1.749506,-0.031912804,1.060142
1356512775379,0.008821487,-1.9059143,0.7533364
1356512775419,3.2380812,-3.3397064,0.36192822
1356512775458,3.641563,-3.3284497,-0.95785034
1356512775510,1.2045588,-2.7911372,-2.306259
1356512775537,-2.4038715,-3.0552926,0.41873798
1356512775578,-10.401873,-4.3297434,-0.7362859
1356512775622,-1.7744823,-1.5813446,-0.8357752
1356512775657,5.4642687,-1.3985357,0.27715576
1356512775702,0.40840936,3.7810426,-0.6923589
1356512775737,0.004279375,6.380836,-0.48119703
1356512775778,1.0129805,8.336925,-1.1905566
1356512775817,1.5815778,6.991292,-1.7457023
1356512775859,3.4494696,3.4486632,-2.0810447
1356512775898,6.0796547,-1.0458345,-3.2871943
1356512775940,6.5202236,-8.567351,-2.3800588
1356512775980,1.7092378,-3.1889486,-1.9149601
1356512776019,-6.0402737,-7.2020464,-1.291637
1356512776062,-0.9950385,2.7583113,0.76306367
1356512776109,-1.4575174,2.1589212,4.7232904
1356512776150,-2.274001,-0.4097891,3.1886716
1356512776188,-1.0335598,0.84317446,1.502161
1356512776228,-1.7838213,2.8249063,-0.19395757
1356512776269,-2.6434107,2.2042794,1.9117419
1356512776322,-1.4972849,1.0112643,2.1068766
1356512776361,-1.0005538,0.49325466,1.6157395
1356512776398,-1.1028006,-0.43188763,1.0100286
1356512776440,0.9165907,-1.878809,1.1440802
1356512776488,3.6946452,-2.887033,0.12767562
1356512776538,2.637958,-2.703793,-0.31707498
1356512776581,0.434726,-0.58457184,-2.080583
1356512776629,-4.445476,-6.00422,1.864376
1356512776670,-6.752755,-2.4422607,-1.6900839
1356512776710,4.1875067,-1.8240929,-0.3744114
1356512776750,0.6231692,1.96875,-0.5389536
1356512776794,-0.87932086,5.3663316,-1.19208
1356512776839,1.0303762,6.999001,-0.01729251
1356512776878,0.8058896,7.181891,-1.9872013
1356512776920,2.7048721,4.5199795,-2.9970136
1356512776959,5.368541,-0.5913496,-3.7060308
1356512777000,5.928848,-8.215656,-1.4864755
1356512777041,4.4656205,-1.2431421,-1.5685773
1356512777079,-7.0185866,-8.436291,-0.93043005
1356512777120,-3.1059105,0.67891073,-0.75495183
1356512777158,0.4716599,3.767845,3.5481052
1356512777199,-4.7300997,0.9313612,3.557723
1356512777237,-1.5782278,-0.14598656,3.282687
1356512777279,-0.9262085,2.3938498,0.13959324
1356512777341,-2.2942443,1.1290469,2.2343726
1356512777377,0.11520314,0.9257798,1.3224468
1356512777418,-0.107526064,0.6962466,2.0032513
1356512777458,-1.3424592,-0.13645267,1.0062311
1356512777500,0.5537646,-2.1042109,1.2226455
1356512777540,3.739763,-3.5773182,0.69308054
1356512777577,3.2726574,-3.6542974,-0.81868553
1356512777618,2.2607126,-2.78586,-1.8392305
1356512777658,-3.0304039,-4.5386624,1.6749408
1356512777701,-9.547338,-4.4712563,-0.68594027
1356512777737,-3.88431,-0.5224972,-0.5532136
1356512777788,5.0698843,-1.1500463,-0.47773734
1356512777841,-0.46892953,4.7388515,-1.0874267
1356512777880,0.378587,7.600397,-0.33098254
1356512777920,1.2769225,7.8641396,-1.6639948
1356512777957,2.5138402,5.4927015,-2.1464763
1356512778001,4.882421,2.8501816,-3.4064467
1356512778037,7.1140327,-6.249299,-2.2326198
1356512778081,3.4985943,-6.0182266,-1.9207441
1356512778117,0.4683845,-3.4563866,0.8057625
1356512778158,-9.956919,-4.420342,-4.751252
1356512778198,4.2693205,4.869693,5.1460037
1356512778239,-4.2334723,2.7906876,2.925173
1356512778279,-2.418385,-2.563593,4.058593
1356512778320,-0.48882246,0.8931875,0.61833996
1356512778361,-1.3777361,2.980523,-0.21806681
1356512778397,-1.1003926,0.7955961,2.1974175
1356512778443,0.11193228,1.4316287,1.4250185
1356512778489,-0.74265885,0.5798454,0.70341116
1356512778534,-2.347324,0.7164378,1.0691075
1356512778582,1.0733311,-2.2746086,1.1093347
1356512778628,3.7069032,-2.9788866,0.047636032
1356512778668,0.8684201,-3.347508,-0.3488919
1356512778709,0.14522529,-1.0865703,-1.3796275
1356512778749,-3.9604843,-2.1697273,-0.22454748
1356512778789,-7.809018,-2.074273,-0.0975489
1356512778830,0.10168481,-0.76428413,-0.5801981
1356512778870,5.243594,-2.1838589,0.12379143
1356512778908,0.5526104,2.8506732,-0.8474166
1356512778950,0.94193363,5.26876,-0.4209895
1356512778988,1.3743358,7.6433725,-1.9995008
1356512779030,1.5953937,6.142868,-2.7258418
1356512779067,4.875084,3.2032323,-2.7565327
1356512779108,6.4368544,-1.2871761,-3.7247822
