1356513334028,0.0,0.0,0.0
1356513334048,0.08166003,-9.536743E-7,-0.081659675
1356513334078,0.14950085,0.122546196,-0.19034949
1356513334123,0.10722971,-0.06850147,0.4236873
1356513334162,0.14435673,-0.042212486,0.53364444
1356513334200,0.09686756,-0.11147404,-0.6123788
1356513334241,0.16838074,0.14671612,0.22517812
1356513334284,0.11405945,0.07891941,-0.39762214
1356513334321,0.13884759,0.07933998,-0.024954557
1356513334362,0.039325714,0.037659645,0.12084925
1356513334404,-0.31926155,-0.0061273575,-0.21783593
1356513334443,-0.6750903,-0.16086102,-0.06098035
1356513334482,-0.6413951,0.10631943,0.09873903
1356513334524,-0.0210073,-0.12934017,-0.31190127
1356513334563,0.19499278,0.05935192,-0.10890764
1356513334602,-0.08204913,0.29076385,0.36638954
1356513334642,0.03981757,-0.06289005,-0.15333024
1356513334684,-0.07392669,-0.06368351,-0.5661624
1356513334722,-0.20992875,-0.2569189,-0.25823593
1356513334766,-0.3004179,-0.28651237,-0.5468706
1356513334802,-0.01564312,0.09573269,-0.6507991
1356513334842,0.253026,-0.12969685,-0.3482722
1356513334882,-0.30994606,-0.4725399,-0.6048877
1356513334921,0.03887272,0.3194828,-0.7810572
1356513334962,-0.44355965,-0.50603294,-0.9054787
1356513335002,-2.3940568,-0.82511234,-0.06675692
1356513335068,-1.2943149,-0.39094162,0.016047176
1356513335082,-0.12655973,0.4862671,-0.9356768
1356513335122,0.10699916,-0.08768368,-0.367571
1356513335162,0.7455323,0.3329401,-0.09299797
1356513335202,-0.016781807,-0.46560574,-0.6154853
1356513335242,-0.93430245,-2.063116,-0.70801675
1356513335381,-1.6746023,-2.8699827,0.6529112
1356513335382,-1.7783945,-3.597826,0.9606865
1356513335384,-0.999148,-2.3247175,1.5846434
1356513335398,0.6893034,0.901948,3.453215
1356513335428,5.9744315,-0.11203098,2.0928602
1356513335471,3.6798372,0.9361973,-2.6749952
1356513335510,-4.390296,-2.5048943,-0.22743282
1356513335551,-0.15899205,-1.2310019,-1.3100963
1356513335590,0.04099989,3.824204,0.60632175
1356513335630,-1.1550199,5.408429,1.4479127
1356513335671,-1.3530217,6.080171,1.4149961
1356513335711,-2.1226919,5.6945114,2.0197723
1356513335751,-3.1242068,3.7421808,3.4160898
1356513335790,-6.104018,-4.280938,3.6893508
1356513335831,-7.7067914,-5.508301,1.2177079
1356513335871,0.35659885,-4.0510826,0.4474212
1356513335910,5.7398853,-3.7537098,0.5553099
1356513335951,-0.39487463,8.437554,-2.3242068
1356513335992,5.8051767,0.6937375,-3.4391513
1356513336032,2.3713875,-2.5198174,-3.8507774
1356513336071,0.19171572,-0.008564949,-0.23730409
1356513336110,1.4553219,0.6509094,-1.6378113
1356513336151,1.7181486,0.5513096,-1.5016152
1356513336190,2.2158718,1.2207632,-0.5134154
1356513336231,2.0391173,0.8145981,-1.312179
1356513336270,1.9994986,-1.1597557,-0.58867353
1356513336310,-1.549164,-3.8636951,-0.28952813
1356513336351,-5.1433883,-3.9622478,-0.8074602
1356513336392,-4.3759146,-3.393218,-0.12649964
1356513336432,0.7023194,-2.4830313,2.2361193
1356513336472,8.440788,-5.6702347,0.9846245
1356513336512,6.4235506,-1.5227146,-0.49241716
1356513336552,-3.25789,-1.3587694,-1.115356
1356513336592,-2.5325215,1.6950636,-1.3274896
1356513336632,0.9610939,5.283536,0.15428394
1356513336672,0.70453525,8.315483,0.9693058
1356513336712,-0.5472424,9.351098,2.3044486
1356513336752,-1.4106239,7.9994307,2.0411577
1356513336796,-4.661412,3.9424863,4.5089264
1356513336831,-10.799434,-9.646665,4.2057776
1356513336871,-1.7531861,-5.491996,2.1537325
1356513336910,8.023382,-2.4392223,2.8005295
1356513336950,-1.5758193,7.0622315,-5.6515718
1356513336990,2.1684957,1.5330896,-4.573938
1356513337031,1.598871,-4.234707,-0.8197366
1356513337072,0.08851206,0.12809706,-0.651598
1356513337109,1.0670195,1.6573744,-1.0989513
1356513337151,0.887696,-1.2096434,-2.164582
1356513337190,1.5971204,0.8789835,-0.33287436
1356513337230,1.6825854,-0.006872177,-1.852041
1356513337270,1.1593225,-1.8101368,-0.9485264
1356513337311,-1.84891,-4.4452534,-2.0186443
1356513337350,-4.6512356,-4.2369757,-0.18121347
1356513337390,-3.8871815,-2.8510523,0.47785026
1356513337431,-0.4123168,-1.7893686,2.6245017
1356513337470,5.4474964,-7.1453714,-0.48216715
1356513337510,10.115883,-4.884062,1.659982
1356513337551,-3.7839375,-2.3019772,-0.60653424
1356513337590,-2.4154682,2.6364398,-1.069778
1356513337630,1.5440798,6.208716,0.7599567
1356513337670,1.448062,8.313902,0.986732
1356513337710,0.71682453,9.7868805,2.1008418
1356513337751,-0.90281594,7.2032557,3.2210476
1356513337795,-4.50406,2.1282225,4.0225744
1356513337832,-11.291018,-8.495045,4.5665045
1356513337872,-5.156895,-1.7366772,0.8608396
1356513337912,7.4159117,-6.440448,1.0184973
1356513337952,-0.87073267,2.1347322,-2.3683705
1356513337992,0.009821773,5.188504,-4.907165
1356513338032,4.9970803,-1.2681041,-1.0195513
1356513338071,1.1886365,-1.1181211,-2.8720608
1356513338111,0.45852363,2.0811377,-0.39025116
1356513338150,1.3282813,0.22676945,-1.8658895
1356513338190,1.9019994,0.028536797,-0.913923
1356513338230,1.4859625,0.70395994,-1.7019012
1356513338272,0.496338,-1.4899979,-1.3867006
1356513338312,-1.859556,-3.7835245,-1.4793795
1356513338352,-3.9646955,-3.991581,-0.8187251
1356513338392,-4.5367136,-2.9869633,-0.522053
1356513338432,-0.4567988,-3.139927,3.251176
1356513338472,5.9414554,-6.764571,-0.21389906
1356513338512,10.583384,-2.7645435,0.38732988
1356513338552,-4.8008804,-0.8817682,-0.7092744
1356513338592,-2.7696373,2.219605,-1.130771
1356513338632,1.6601057,5.2536125,0.4589843
1356513338672,1.9966271,7.619154,0.51753485
1356513338712,0.5425947,9.652246,2.1329558
1356513338752,-1.0110624,8.439373,3.3737106
1356513338792,-3.50284,3.7698321,4.551074
1356513338832,-11.135787,-8.851252,4.250076
1356513338872,-5.585949,-0.29946804,0.74975973
1356513338912,8.952398,-6.8116713,2.2445922
1356513338952,-2.130707,3.271514,-2.6905034
1356513338992,0.71564555,3.8423574,-3.4118226
1356513339032,5.556757,-1.8446531,-1.6559341
1356513339074,0.09053016,-1.1320529,-3.2501082
1356513339112,-0.3470593,0.92968416,0.060777664
1356513339152,1.1199453,0.028717995,-1.34849
1356513339192,2.5406077,0.5433006,-1.381709
1356513339232,1.7225459,0.42802572,-1.6611551
1356513339272,0.7197566,-1.2695847,-1.6188961
1356513339312,-1.7625427,-4.1220617,-1.376796
1356513339352,-3.7880387,-3.840396,-1.3950355
1356513339392,-4.512325,-4.076604,0.054604188
1356513339432,-1.5218967,-1.5991306,3.1192017
1356513339472,4.5205235,-5.5301075,-0.07340324
1356513339512,10.154516,-4.4360847,0.9325547
1356513339552,-1.5724032,-1.5773764,-0.6249709
1356513339592,-4.244288,1.4620609,-1.8300552
1356513339632,1.3232536,5.2649245,0.82156974
1356513339672,1.722594,6.7473936,0.7556325
1356513339712,0.58012605,8.671406,1.9762702
1356513339752,-0.6937324,7.3700294,1.9679382
1356513339792,-4.636051,4.732759,3.7984238
1356513339832,-9.646298,-6.4883614,3.364848
1356513339872,-6.0495605,-2.801978,0.9414226
1356513339912,-1.8751457,-0.3751011,-2.86202
1356513339952,8.412733,-5.0417147,3.644602
1356513339992,-3.119217,7.3709617,-3.7492204
1356513340032,7.8678308,2.1678658,-1.9407218
1356513340074,3.0167935,-1.696538,-3.718986
1356513340112,0.5152124,-0.3844037,0.442546
1356513340152,0.37745035,0.34156227,-0.9528693
1356513340192,1.011882,-0.6110735,-0.6764084
1356513340232,1.4452327,-0.334445,-0.9000742
1356513340272,2.0290504,-0.69159555,-0.6581136
1356513340330,-0.53676975,-3.2412076,-1.3264875
1356513340351,-3.6230106,-3.462278,-1.4036736
1356513340391,-4.2750425,-3.6248035,0.4618371
1356513340428,-2.231387,-2.1649065,2.163625
1356513340471,2.284408,-3.8755426,1.3259127
1356513340511,9.821434,-5.6380615,0.7122731
1356513340550,0.99248266,-2.5437546,0.46135092
1356513340591,-5.0216227,0.255435,-1.4770668
1356513340630,0.5483186,4.3555307,-0.13492152
1356513340670,1.8960865,6.8920555,0.22871155
1356513340710,0.24923038,8.10865,0.65830225
1356513340750,0.45246458,7.884467,2.0706005
1356513340790,-1.560679,5.9046807,3.4554431
1356513340830,-7.7447667,-4.550585,4.589445
1356513340870,-8.98732,-6.1921873,2.7492487
1356513340910,-0.6367949,1.9001255,-1.8470528
1356513340950,9.314729,-6.9617434,4.278018
1356513340990,-6.400917,4.3838434,-6.498564
1356513341032,5.1990666,1.5805435,-1.6327237
1356513341074,3.2401555,-0.8314781,-3.0651631
1356513341112,0.6199458,-1.1031442,-1.2175912
1356513341152,1.6259544,1.9373684,-0.018084764
1356513341192,2.518754,0.7795534,-1.6513349
1356513341232,1.6536338,-0.024246216,-1.5674366
1356513341272,0.6993669,-0.81826687,-0.89234364
1356513341312,1.0484315,-1.5425682,-0.8451189
1356513341352,-2.054723,-3.3317776,-1.4445882
1356513341392,-5.412063,-3.0894938,-0.6266395
1356513341432,-4.524715,-3.2109709,-0.18625847
1356513341472,0.1874423,-2.3747787,3.3522735
1356513341512,6.3594165,-6.5676575,0.5691548
1356513341552,9.6886835,-2.2430906,-0.09224808
1356513341592,-4.930643,-1.4298697,0.15207893
1356513341632,-1.992715,2.0079713,-0.8752164
1356513341672,0.9942212,4.657542,0.36720157
1356513341712,0.7533691,6.95213,0.3228122
1356513341752,0.955441,8.446257,1.7151916
1356513341793,-0.24342275,7.167577,2.1561444
1356513341832,-3.926702,2.6847968,3.560007
1356513341872,-11.430512,-8.576708,3.362739
1356513341912,-5.061837,-2.8373556,2.1355076
1356513341952,1.9047441,-2.3170242,-1.6851916
1356513341992,5.914869,-2.7224464,2.3931818
1356513342032,-2.071924,4.804184,-5.4021897
1356513342074,5.8529243,0.44822407,-1.7811121
1356513342112,1.7415223,-0.9177971,-3.0047011
1356513342152,0.9572372,0.30443573,-0.37053394
1356513342192,2.210837,2.0576482,-1.0060217
1356513342232,2.645496,0.33057022,-1.8141607
1356513342272,0.6724222,0.77791214,-0.9906247
1356513342312,0.06658852,-0.377882,-1.5050634
1356513342352,-0.37288487,-1.8696623,-0.62071687
1356513342392,-1.9369166,-3.6289682,-1.2263613
1356513342432,-3.5152144,-2.4329596,0.77185065
1356513342472,-3.025154,-2.2285652,0.9710867
1356513342512,0.24061084,-2.911953,2.9590962
1356513342552,6.6579127,-6.7848196,-0.14181295
1356513342592,6.7855062,-3.583311,-0.08474143
1356513342632,-6.3571267,-0.942832,-1.5966833
1356513342672,-1.615181,3.5729232,-1.0894686
1356513342712,1.7293587,6.1234694,1.0530802
1356513342752,0.64465785,8.063065,1.1087643
1356513342792,0.14634609,8.452293,1.5532377
1356513342832,-1.598614,5.591936,2.1993518
1356513342872,-6.331711,1.2376766,3.5465143
1356513342912,-10.082085,-8.979469,1.6279821
1356513342952,-2.3185089,-2.195199,2.3904915
1356513342992,8.935199,-8.086259,3.623867
1356513343032,0.5588914,3.369515,-2.4756572
1356513343074,1.0161482,5.1551285,-3.7589293
1356513343112,4.092579,-1.9968357,-2.8361273
1356513343152,0.015687227,-0.5419655,-1.782747
1356513343192,0.83656436,1.6058383,0.44890535
1356513343232,1.4068367,1.0328193,-1.064966
1356513343272,1.7460259,1.1417212,-1.5855457
1356513343311,1.6090114,0.61948204,-1.3401737
1356513343352,0.51346564,-0.8319273,-1.4007702
1356513343392,-1.7767755,-3.4492588,-1.8424582
1356513343432,-4.707496,-2.9170303,-0.90138435
1356513343472,-5.097548,-3.2089787,-1.001114
1356513343512,0.4700806,-3.12253,2.5028005
1356513343552,7.276492,-6.7493486,0.51532114
1356513343592,8.380203,-2.454733,0.30494082
1356513343632,-2.5888197,-0.46742725,-0.14239824
1356513343672,-2.1763418,2.1382594,-1.0386715
1356513343712,0.6481745,4.8896613,-0.0060168803
1356513343752,1.1366837,7.0350366,0.8287886
1356513343792,0.63946795,8.9139,2.3930283
1356513343832,-1.3191025,8.282736,2.3111515
1356513343872,-5.337686,2.4974346,4.3876586
1356513343913,-10.535239,-9.423159,4.27265
1356513343952,-3.7934687,-2.0845747,1.8286241
1356513343992,8.050819,-7.0378723,1.9896264
1356513344032,0.41772008,1.8858056,-1.353534
1356513344073,0.53748536,4.6601124,-4.8466125
1356513344112,4.923367,-1.1158175,-1.6471709
1356513344152,0.6444279,-0.6117306,-2.7338061
1356513344192,0.4679786,1.8642068,0.6060238
1356513344232,1.1232886,1.0085373,-1.4319956
1356513344272,1.9458897,0.43239212,-2.2472904
1356513344312,1.4157807,0.37107372,-1.5109726
1356513344352,0.23050642,-1.106452,-1.3047255
1356513344392,-2.028929,-3.7035408,-2.087768
1356513344432,-4.583589,-3.0221224,-1.0658152
1356513344472,-4.617103,-3.6635523,-1.0610301
1356513344512,-0.8117975,-2.2896938,2.5961156
1356513344552,6.7843084,-5.5310917,1.9661328
1356513344592,9.325198,-1.3413401,-0.29089826
1356513344632,-2.6926491,-1.5418158,-0.14544883
1356513344672,-4.4028172,-0.087516785,-1.5524653
1356513344712,0.30589962,4.692156,-0.2041977
1356513344752,0.37473774,7.440145,0.5302397
1356513344792,0.39998055,8.467556,1.9801211
1356513344850,-0.14912605,7.737071,2.01808
1356513344871,-3.6279013,4.1815286,3.249792
1356513344911,-10.960737,-6.4636993,5.015076
1356513344948,-5.913864,-5.604842,2.6506574
1356513344991,1.7089157,-2.4935236,-0.35362867
1356513345030,7.729129,-5.2205143,3.1697943
1356513345074,-4.0327516,5.9466505,-4.436652
1356513345113,5.904645,1.2692094,-2.9824233
1356513345153,2.141325,-1.6258144,-4.3399286
1356513345192,0.4046176,-0.30792332,-0.53546846
1356513345232,1.4763451,1.884326,-0.27911806
1356513345272,1.9294703,0.14344883,-1.7200462
1356513345312,1.7439164,1.4017673,-1.551924
1356513345352,0.7961259,0.77420425,-1.8057003
1356513345392,1.3850358,-1.6929216,-0.54396266
1356513345432,-1.1216042,-3.1046944,-1.7513778
1356513345472,-4.75504,-3.330102,-0.47840595
1356513345512,-4.2555532,-2.901064,0.2506262
1356513345552,-0.43227315,-2.0924187,2.4367087
1356513345592,5.961686,-5.740967,0.93567485
1356513345632,9.261368,-2.2910929,0.7057234
1356513345672,-2.1112413,-1.596117,-0.46330816
1356513345712,-2.9187083,1.0886106,-1.2621796
1356513345752,0.3131466,4.4393287,0.014869586
1356513345792,0.65863776,6.836627,0.540734
1356513345832,0.58149815,8.262144,1.9664534
1356513345872,-0.54296565,7.917119,2.283269
1356513345912,-4.3407173,4.0578732,3.9982796
1356513345952,-11.711476,-8.286764,3.574912
1356513345992,-4.801984,-4.303218,2.0703382
1356513346032,0.6026659,-1.9238119,-1.2356579
1356513346071,7.53806,-4.8192434,4.359477
1356513346109,-2.318891,5.7997303,-5.2025127
1356513346151,6.1552243,-0.33852673,-2.6001515
1356513346190,0.822289,-1.3676844,-2.921352
1356513346230,0.49931538,1.1401105,0.78676176
1356513346270,1.7929417,1.7760959,-1.3967996
1356513346310,2.0055008,0.15101814,-2.0397706
1356513346350,1.5415444,1.4061499,-1.2561941
1356513346392,1.5840242,0.044057846,-2.1487033
1356513346432,0.9568411,-1.4715185,-0.42470866
1356513346472,-2.440342,-3.629902,-1.7792898
1356513346512,-5.0406046,-2.821968,-0.47356814
1356513346552,-3.2653983,-2.6582003,0.7222561
1356513346592,0.98668575,-1.6890535,2.8076718
1356513346632,7.3714547,-6.120513,0.11362892
1356513346672,8.284809,-2.262477,-0.03402655
1356513346712,-4.4939833,-1.9824228,-0.5076556
1356513346752,-3.1107445,2.3281212,-1.2706912
1356513346797,-0.45712817,5.4541273,-0.16603395
1356513346830,0.06062007,8.172364,0.4278065
1356513346870,0.100717545,8.712863,1.8988097
1356513346910,-0.5612714,6.886587,2.8052475
1356513346950,-5.0369368,-0.22295666,4.708582
1356513346990,-12.333903,-9.614699,3.8338923
1356513347030,-2.3079677,-1.8760929,1.7505064
1356513347073,8.498334,-4.6542864,2.55063
1356513347112,0.4734503,2.0949492,-1.6240216
1356513347152,-0.29651034,4.168464,-4.0756807
1356513347192,5.381646,-1.7370319,-2.426426
1356513347232,0.97622085,-0.81355095,-1.5719533
1356513347272,1.0161092,2.0045195,0.20445466
1356513347312,1.2342455,0.8027773,-2.0900192
1356513347352,1.3035904,0.9864898,-2.0411427
1356513347392,1.6796737,0.6961632,-1.5484884
1356513347432,1.7420034,0.04036808,-1.7247992
1356513347472,-0.3204955,-2.4089785,-1.287625
1356513347512,-3.087507,-2.9998121,-1.3560029
1356513347552,-4.723867,-2.4716272,0.23995954
1356513347592,-2.5385566,-2.279417,2.0197334
1356513347632,2.6911006,-2.0891037,0.61728036
1356513347672,6.1386166,-6.7108755,0.12903789
1356513347712,2.211505,-4.058736,-0.29406285
1356513347752,-3.8176198,-0.6348009,-1.8631967
1356513347792,0.8479345,3.2051115,-0.31023103
1356513347832,2.1641757,5.847674,1.332025
1356513347872,0.862458,7.7386084,1.1178677
1356513347912,0.71594524,7.4517,1.5728202
1356513347952,-1.7430121,6.1090245,3.205155
1356513347992,-5.7795763,0.82099056,3.6024601
1356513348032,-10.65039,-8.780151,2.1515374
1356513348072,-3.2751222,-4.0094175,-0.073492184
1356513348112,8.849609,-7.3766565,4.0348043
1356513348152,-2.120376,7.5688853,-3.705995
1356513348192,3.9482193,2.9801745,-2.6309724
1356513348232,3.1664147,-3.0618343,-2.5993614
1356513348272,-0.24146193,0.29029083,-1.3509061
1356513348312,0.6201522,2.5499792,0.03513503
1356513348352,1.8312069,0.36998463,-1.9029207
1356513348392,2.086028,0.7536335,-1.3758763
1356513348432,1.967724,0.41817188,-1.3547187
1356513348472,1.0613632,-1.5537243,-0.7820591
1356513348512,-1.753648,-2.7798443,-1.8855283
1356513348552,-5.3739047,-2.5021029,-0.82061815
1356513348592,-4.9881673,-2.6471853,-0.24491821
1356513348632,-1.2261167,-1.3319025,2.7545736
1356513348672,5.49732,-6.1358385,0.7022312
1356513348712,8.717631,-3.607996,1.1524265
1356513348752,-1.4315083,-1.3030128,0.0082707405
1356513348792,-3.5785043,1.0019493,-1.5916646
1356513348832,1.2955306,4.167694,0.11182927
1356513348872,1.5214393,6.6851883,0.521403
1356513348912,0.6160495,8.284866,1.3343889
1356513348952,0.019794226,7.657766,2.3875253
1356513348992,-3.239798,3.9137917,3.687998
1356513349032,-10.99681,-6.984771,4.942918
1356513349075,-7.0102353,-3.4474401,1.7286465
1356513349112,2.6839015,-1.4081964,-1.3415699
1356513349152,7.9214725,-6.701721,4.1368814
1356513349192,-5.28058,5.2198086,-5.8178434
1356513349232,6.7210627,0.8414898,-1.9182434
1356513349272,2.1617675,-1.1687889,-2.7884736
1356513349312,0.7945633,0.6014018,0.15802515
1356513349370,1.6351593,2.5641594,-1.068408
1356513349391,2.1330833,0.36210537,-2.195182
1356513349431,0.59131444,1.2696953,-1.5663556
1356513349468,0.3677826,0.346426,-2.137339
1356513349511,0.41872072,-2.0991879,-0.55160576
1356513349550,-2.117199,-4.083474,-0.43775085
1356513349590,-4.8011255,-2.360547,0.22072375
1356513349630,-3.463808,-2.3624535,1.1366622
1356513349671,1.9983191,-5.404084,0.5121401
1356513349711,8.63968,-7.0608025,-0.026592642
1356513349751,4.4068527,-2.7516575,-0.4762346
1356513349790,-5.64974,0.560215,-1.457851
1356513349830,0.24357033,4.026761,0.10642013
1356513349870,1.9251368,6.3537617,0.38746086
1356513349910,1.0742936,8.83759,1.1803606
1356513349950,0.117100716,8.397587,2.2183318
1356513349990,-2.610177,6.488992,3.8181863
1356513350030,-8.331683,-1.4235649,4.406987
1356513350072,-9.203466,-7.4633083,1.1031604
1356513350112,-4.583764,-0.8540106,-0.23517665
1356513350161,6.763716,-8.328983,2.7056978
1356513350201,-1.9062663,6.017894,-4.218827
1356513350240,6.4738684,1.6121793,-1.1053331
1356513350280,3.0896137,-0.37744045,-3.4783337
1356513350320,0.4953397,-0.4069214,-1.8937509
1356513350360,0.7354481,2.5357604,0.5496707
1356513350400,2.117513,0.53370094,-0.95415103
1356513350440,2.1922078,0.90862274,-1.0464236
1356513350480,1.8726577,1.3174467,-1.7384102
1356513350522,0.771667,-1.6203604,-0.6237697
1356513350562,-1.6628166,-4.033596,-1.7873867
1356513350602,-3.969347,-2.8378983,-0.80202234
1356513350642,-3.6177428,-3.1995811,-0.3032652
1356513350682,-0.13730669,-2.4600382,3.6340976
1356513350722,5.849679,-6.2847996,0.12942326
1356513350762,10.415898,-2.3695831,0.7940302
1356513350802,-5.4950995,-1.4823112,-0.048383832
1356513350842,-3.7246027,1.6065168,-1.2705014
1356513350882,1.6879396,4.6640787,0.09628278
1356513350922,1.764072,6.4317627,0.47274756
1356513350962,0.3849337,8.901805,1.8243333
1356513351002,-0.7394897,8.388459,2.5811894
1356513351071,-4.0924997,3.871272,3.8368282
1356513351084,-11.7158985,-7.883127,5.1157813
1356513351122,-5.3250146,-3.8169699,1.9253716
1356513351162,4.1989985,-4.7929344,-0.79063356
1356513351202,4.5335016,-0.36920834,1.811138
1356513351242,-2.2530901,5.544181,-5.7156863
1356513351282,5.491757,-1.3482242,-2.5021918
1356513351322,1.1713951,-1.540123,-2.4253688
1356513351362,0.9673081,0.95439386,0.44097066
1356513351402,1.7950627,1.5865932,-1.8498122
1356513351442,2.2683063,0.08557987,-2.1500936
1356513351482,1.2442788,0.84578466,-1.1391351
1356513351522,1.3598065,-0.8554516,-1.7459804
1356513351562,-0.72385716,-1.8341808,-0.7977455
1356513351602,-3.5693738,-3.7935963,-1.5660515
1356513351642,-5.1219196,-3.1151962,0.34105006
1356513351682,-2.5180192,-2.721919,0.112005986
1356513351722,3.8734384,-6.4526644,2.9842565
1356513351762,9.920602,-4.8706064,-0.13899621
1356513351801,3.7799315,-0.100678444,-0.5367154
1356513351840,-5.097222,0.68969154,-0.61169416
1356513351882,0.6260693,4.2305546,0.12440871
1356513351922,0.51593924,5.8361216,0.17515072
1356513351962,0.6139958,8.5254135,1.2203265
1356513352002,-0.31261802,7.9785376,2.5526812
1356513352071,-3.4787903,5.9740953,3.0522978
1356513352084,-9.706442,-3.9100132,5.2326736
1356513352122,-7.4602566,-6.9508457,1.2636633
1356513352162,-1.0352337,-0.81546307,-1.26588
1356513352202,9.030104,-4.0138407,4.4844007
1356513352242,-3.9063895,5.4613757,-5.3746405
1356513352282,5.063062,0.48961926,-1.9285624
1356513352322,2.1708074,-1.2396193,-3.396882
1356513352362,1.073759,-0.3336935,-0.34647048
1356513352402,1.6576126,1.7696824,-0.70594347
1356513352442,2.189289,-0.2022314,-1.6291989
1356513352481,1.594396,0.56743,-1.4603274
1356513352522,1.2496023,-0.30802345,-1.5239193
1356513352562,-0.24221241,-2.5248957,-0.82943106
1356513352602,-3.4678268,-3.7608538,-2.0772119
1356513352642,-5.769355,-3.3151684,-0.43817055
1356513352682,-3.611097,-3.103222,-0.43345553
1356513352722,1.4368069,-3.1237545,3.6419358
1356513352762,8.839952,-6.2878876,0.7410406
1356513352802,9.187321,-0.47108078,0.063887924
1356513352842,-6.0368667,-1.0065985,-0.250139
1356513352882,-1.7826275,1.7821264,-0.5526474
1356513352922,0.7470026,5.361994,0.19476059
1356513352962,0.6018264,8.303705,0.5234953
1356513353002,0.18643522,8.8059225,2.1650014
1356513353071,-1.2595402,7.11267,2.2272835
1356513353083,-5.890659,0.7877741,4.6496315
1356513353122,-11.95327,-9.084788,3.4647312
1356513353162,-2.7731762,-1.0862703,2.1233401
1356513353202,8.802082,-6.2844152,2.6283822
1356513353242,-0.497864,0.9560871,-1.5139761
1356513353282,-0.3113196,3.73006,-4.9066944
1356513353322,4.7080035,-1.0537233,-3.3096094
1356513353362,0.91418463,-1.0612001,-1.7929075
1356513353402,1.5666909,1.6678953,0.20747602
1356513353442,2.6665344,1.7092452,-1.7986763
1356513353482,2.2273297,0.96840525,-2.6291308
1356513353522,0.025632381,0.39483738,-1.3983052
1356513353562,1.5566654,-1.3089504,-1.1983799
1356513353602,-0.573645,-2.6897774,-1.3085859
1356513353642,-5.0750456,-3.800787,-0.98478407
1356513353682,-6.33556,-3.3547192,-0.209477
1356513353722,-2.0044875,-2.664813,1.2982368
1356513353762,5.559876,-5.0873194,1.950671
1356513353802,10.3611,-3.405592,0.7683914
1356513353842,-0.06358302,-1.1818724,-1.2481213
1356513353882,-4.7288413,0.060408592,-0.9549377
1356513353921,-0.01083827,4.2237177,-0.10525051
1356513353961,1.1743057,7.3187714,0.20462206
1356513353998,1.1114407,9.321569,2.2955165
1356513354069,0.53563595,8.511159,3.0686357
1356513354092,-4.5622587,0.42197514,4.5163093
1356513354132,-11.012901,-9.474461,4.252364
1356513354172,-3.7532713,-1.3030081,0.052635908
1356513354212,8.210567,-6.9888515,3.3559668
1356513354252,-0.67909634,3.7639709,-2.5738544
1356513354292,1.0635622,3.636806,-3.8010588
1356513354332,3.8751943,-1.3544779,-2.6634374
1356513354372,0.36919653,-1.070301,-1.8976293
1356513354412,0.51740205,1.5665817,-0.27122974
1356513354452,1.3681619,0.41984463,-1.7474177
1356513354492,1.9715316,1.0279436,-1.8218457
1356513354532,1.2989324,0.8736625,-1.7588718
1356513354572,1.4966749,-1.2610016,-0.79620576
1356513354612,-1.1705458,-3.4968643,-1.9851656
1356513354652,-5.071142,-3.389985,-0.9963341
1356513354692,-5.331215,-2.614357,0.12202263
1356513354732,-2.417818,-2.162407,2.8773005
1356513354772,2.8824267,-4.8793926,-0.53392506
1356513354812,10.946258,-6.2750874,1.8045039
1356513354852,0.39316535,-2.7069397,-0.53153634
1356513354892,-6.490681,-0.07334709,-0.8968391
1356513354932,1.6778637,4.362167,0.55740964
1356513354972,1.9220389,6.6088996,0.99937415
1356513355012,0.9349272,9.133304,0.9218276
1356513355071,0.6306844,8.505552,1.6316482
1356513355092,-1.9690751,6.484566,3.6198819
1356513355132,-9.319651,-3.7552147,4.72427
1356513355172,-8.6746435,-7.4999304,1.1965867
1356513355212,0.9921603,-5.585499,-0.21254402
1356513355252,5.165679,-4.4746885,4.825146
1356513355292,-1.605109,9.466168,-5.110981
1356513355332,5.3923354,0.88897705,-4.8447213
1356513355372,1.7058606,-4.351513,-2.155591
1356513355412,0.65361255,0.68254805,0.36135125
1356513355452,2.4092925,2.7534318,-0.8604079
1356513355492,1.7321606,0.5931549,-2.1237774
1356513355532,0.41801846,0.78224945,-1.4116838
1356513355572,-0.4398868,-0.45592976,-1.3843668
1356513355612,1.8012624,0.0049934387,-1.295136
1356513355652,0.19408607,-2.6056528,-1.4601605
1356513355692,-4.1516347,-2.8356571,-1.1225752
1356513355732,-3.8514807,-3.2268486,-0.22683476
1356513355772,-2.028928,-1.8769026,0.7102241
1356513355812,2.296561,-2.189807,4.0238447
1356513355852,7.884093,-4.8555355,-0.32993367
1356513355892,4.488652,-1.341527,0.18825085
1356513355932,-5.1445403,-0.70224476,-0.33126336
1356513355972,0.3342861,1.8479528,-0.32419407
1356513356012,1.5330678,4.323144,1.0185575
1356513356070,0.4079635,7.188609,1.1874448
1356513356092,0.52262974,7.7723446,2.1768048
1356513356132,-1.568856,6.830159,2.394477
1356513356172,-6.171493,1.7655001,4.745309
1356513356212,-11.381611,-8.566036,2.9208155
1356513356252,-3.4490776,-1.250781,1.0113406
1356513356293,5.7815022,-5.1977444,1.5902753
1356513356332,2.5066378,-0.53362083,-1.2001855
1356513356372,-1.6907645,4.7148895,-4.287977
1356513356412,5.8252163,-0.8433294,-3.3339472
1356513356452,0.9318341,-1.500309,-1.980816
1356513356492,1.4120173,1.8948126,0.022612095
1356513356532,2.226067,1.3641896,-1.8451018
1356513356572,1.4055136,0.8349991,-1.8151758
1356513356612,0.5074842,0.25219536,-1.275188
1356513356652,1.9167416,-0.33319664,-0.8934063
1356513356692,1.2490044,-0.97245026,-1.1747112
1356513356732,-4.05748,-3.2446136,-2.2154286
1356513356772,-6.40315,-3.3703976,-0.5160248
1356513356810,-2.4365826,-2.7899103,0.82495224
1356513356850,1.8316543,-1.8144617,2.9246333
1356513356890,6.700088,-5.9970675,-0.10159929
1356513356930,6.948691,-2.9262877,0.3916015
1356513356970,-5.851377,-1.7463064,-0.07830815
1356513357010,-0.75994986,1.9939213,-0.37761122
1356513357069,1.261723,4.7926126,0.78592014
1356513357092,1.2580575,7.5052085,0.12563199
1356513357132,0.71030474,8.1855545,2.5828023
1356513357172,-1.0502623,5.5152645,2.3224409
1356513357212,-3.747438,3.5940442,3.505767
1356513357252,-8.633377,-4.2099857,3.44911
1356513357292,-5.6746073,-4.595065,0.386536
1356513357332,-2.2956266,1.8790464,-3.732683
1356513357372,9.152143,-8.822178,6.298189
1356513357412,-4.3228645,4.320753,-5.883944
1356513357452,5.7843533,2.433968,-1.6832099
1356513357492,3.698677,-0.84220123,-4.4223423
1356513357532,0.9224166,-0.22306919,-0.77450925
1356513357572,2.3978422,2.147295,-0.4282987
1356513357612,3.0344722,0.2671919,-1.4898547
1356513357652,1.2665261,0.40898132,-1.7044795
1356513357692,0.05469191,-0.010310173,-1.0897175
1356513357732,-0.20284522,-2.1903362,-0.38401568
1356513357772,-1.8098027,-3.7871428,-1.6339885
1356513357812,-5.5252337,-2.9642115,0.26093805
1356513357852,-3.8730454,-2.7506886,0.8734718
1356513357892,-0.4625666,-3.3505592,2.4206793
1356513357932,6.603279,-7.305338,0.33002353
1356513357972,9.564643,-2.839179,-0.36634037
1356513358012,-6.3056035,-1.1884127,-0.423001
1356513358067,-1.4666295,2.5978994,-0.19750313
1356513358092,1.6908116,5.2306232,0.55728555
1356513358132,0.98010373,7.904908,0.5937024
1356513358172,0.7742226,9.210483,1.6585152
1356513358212,-1.1832408,7.131686,2.487152
1356513358252,-6.1343,1.7089558,4.3906145
1356513358292,-11.177103,-7.6289196,3.2509377
1356513358332,-1.3315015,-3.9798775,1.7364817
1356513358372,6.1371365,-8.13109,2.5349457
1356513358412,0.45931208,3.3806682,-0.12545627
1356513358451,0.8651321,5.54685,-5.3870773
1356513358491,4.227529,-3.3850985,-2.9552217
1356513358528,0.34010965,-0.056179047,-1.2411506
1356513358571,1.2835693,1.9825754,-0.060344577
1356513358610,1.8959819,0.87458324,-2.298688
1356513358650,1.811702,1.1171932,-1.9598751
1356513358690,0.86450934,1.2269797,-1.4488658
1356513358730,1.7393789,-0.06544304,-1.8393743
1356513358770,-0.5030035,-1.8042336,-0.7347351
1356513358810,-4.174712,-3.603323,-1.150023
1356513358850,-5.30608,-2.7232046,0.021914825
1356513358891,-2.5316398,-2.5575686,1.7912846
1356513358930,2.4199848,-5.10561,0.6735139
1356513358970,9.919094,-5.76643,0.87899595
1356513359010,3.755068,-1.6959963,0.00689286
1356513359069,-6.0196333,-0.3510275,-0.4611472
1356513359092,0.6274326,3.4166617,0.07093306
1356513359132,0.9139601,6.0773683,-0.16786489
1356513359172,0.6164501,8.535541,0.8728273
1356513359212,0.8363209,9.070292,2.0695446
1356513359252,-1.8441396,7.0387554,3.5202274
1356513359292,-9.921481,-4.159833,5.753603
1356513359332,-7.945786,-7.724571,1.2521485
1356513359372,-0.17021227,-2.1819696,-1.0347936
1356513359412,7.2469406,-7.242057,5.3715963
1356513359452,-3.1795313,7.2898197,-5.764249
1356513359492,4.905034,0.82517433,-3.021734
1356513359532,2.3397686,-0.8254509,-2.8828025
1356513359572,1.1004324,0.66790724,-0.68457043
1356513359612,2.1244318,2.0302134,-0.67170155
1356513359652,1.8833656,0.696475,-2.0126948
1356513359692,1.0549445,0.56434155,-1.7063954
1356513359732,1.1389544,0.2634306,-1.6384833
1356513359772,1.9373419,-1.350111,-0.9959967
1356513359812,-2.5434318,-3.1378279,-1.6282439
1356513359852,-6.4714885,-3.1419058,-0.65612936
1356513359892,-5.4300246,-2.9047232,0.17300494
1356513359932,-0.6210139,-1.0989361,2.7202244
1356513359972,4.1163235,-6.694627,-0.59944934
1356513360021,11.140692,-5.67669,1.3716046
1356513360058,-3.2861128,-2.1519756,-0.24908859
1356513360089,-2.336981,2.2509503,-0.017966002
1356513360131,0.7507087,5.164592,1.0047858
1356513360170,0.9802873,6.945234,0.21368971
1356513360210,1.5350609,8.88584,1.4641304
1356513360250,0.13818765,7.7322874,2.4039118
1356513360290,-3.4588313,4.167339,3.337575
1356513360330,-9.673166,-4.045354,4.4749513
1356513360370,-8.38656,-5.700034,1.2541262
1356513360410,-1.8091497,0.54412174,-0.37218705
1356513360450,9.7216425,-8.904606,4.3094983
1356513360490,-5.03321,6.8376236,-4.744849
1356513360530,5.0685353,2.6220384,-3.5999238
1356513360570,3.4460654,-3.034953,-4.2371616
1356513360610,0.6805159,0.057658195,-0.6608912
1356513360650,0.94814795,2.702025,-1.1571311
1356513360690,1.326091,0.21967602,-2.1140006
1356513360730,0.8159982,0.6351938,-1.5263256
1356513360772,0.41266704,0.7318554,-0.79611707
1356513360812,1.7505978,0.11903858,-1.0282952
1356513360852,0.6807873,-1.5416212,-1.2303264
1356513360892,-2.824841,-3.3818817,-1.5108291
1356513360932,-4.383952,-3.0422707,0.025259256
1356513360972,-2.0543964,-2.8910036,1.0290055
1356513361012,1.5146515,-2.7784805,3.448076
1356513361074,7.0706196,-4.7712784,0.71771157
1356513361092,9.269376,-1.9497118,0.28627443
1356513361132,-6.09285,-1.625001,-0.2561356
1356513361172,-2.4011896,1.7350168,-0.61393344
1356513361212,0.24355102,5.4160504,-0.098000675
1356513361252,0.7553034,8.576731,1.0096954
1356513361292,-1.1230996,8.184374,1.9600925
1356513361332,-2.5105996,6.8728495,1.5596337
1356513361372,-6.2630253,0.814271,4.332373
1356513361412,-9.018938,-8.613335,3.7344415
1356513361452,-3.5080466,-0.16887665,2.7695956
1356513361492,3.3695796,-4.6547976,0.38531232
1356513361532,6.5289516,-3.855721,1.713967
1356513361572,-2.9848251,6.111191,-6.8367467
1356513361612,4.888083,-1.5154014,-2.6026366
1356513361652,2.1951158,-1.1788988,-1.5375892
1356513361692,2.6075006,1.8633513,0.5334021
1356513361732,3.1615884,2.0727124,-2.5662687
1356513361772,1.7754158,0.66760635,-2.0008974
1356513361810,0.4246459,1.0306449,-1.2937617
1356513361850,1.3333066,-1.0535107,-1.0696825
1356513361890,1.0952151,-1.6002645,-0.7729855
1356513361930,-4.2688637,-3.4310102,-1.3777227
1356513361970,-6.878602,-3.4486132,-0.538064
1356513362010,-2.7265043,-3.5756426,1.2126305
1356513362070,2.14628,-4.4055557,2.3046365
1356513362092,9.650353,-6.103572,0.506728
1356513362132,6.356522,-1.4483242,-1.152364
1356513362172,-7.626182,-1.454999,-0.43146184
1356513362212,-0.06456578,3.2329316,-0.31321588
1356513362252,1.1086159,6.035663,0.14615126
1356513362292,0.90061474,8.6091385,0.9390844
1356513362332,0.8270881,9.476278,1.7541838
1356513362372,-1.1677605,6.818813,3.2294781
1356513362412,-8.4020405,-3.2032938,5.171117
1356513362452,-10.18363,-7.4922028,1.6831295
1356513362492,-0.7576877,-0.6667614,0.6568454
1356513362532,8.135108,-8.399633,3.7815053
1356513362572,-2.3688633,5.010251,-3.3769011
1356513362612,2.9939008,3.947219,-3.824736
1356513362652,3.2298589,-2.1357584,-3.8274713
1356513362692,0.31670487,-0.7414179,-0.7568102
1356513362732,0.9398323,2.4178333,0.026422381
1356513362772,1.6828727,0.95145655,-1.7970378
1356513362811,1.4028543,0.8514004,-2.00423
1356513362852,0.968431,0.19100189,-1.326724
1356513362892,1.6063939,-1.0376501,-0.87859267
1356513362932,-1.4226748,-2.7689266,-1.3642335
1356513362990,-5.398167,-2.500722,-0.97106
1356513363011,-4.4961996,-2.8656044,-0.26087362
1356513363074,-0.9727683,-0.7818308,1.67065
1356513363088,5.926676,-6.4392614,1.1209879
1356513363118,9.028243,-5.3403234,0.13235913
1356513363159,4.3729286,-2.4518185,0.1588413
1356513363201,-4.463161,-0.6149378,-0.2865371
1356513363240,0.06660485,3.2667117,0.08352898
1356513363280,1.4971068,6.0276246,0.5939521
1356513363320,0.5623622,8.125935,0.9991971
1356513363360,0.52236605,8.248981,2.4034712
1356513363400,-1.5257537,6.7884088,3.1460547
1356513363440,-7.8927,-2.491908,4.7413526
1356513363480,-10.168568,-7.826193,1.4400277
1356513363520,-3.9273229,5.0289392,-2.6584048
1356513363560,11.483564,-8.183628,6.0984206
1356513363600,-4.441369,3.5058022,-3.755708
1356513363640,3.9150553,3.3756118,-2.0807388
1356513363680,3.467454,-0.89062023,-4.454914
1356513363720,1.0058074,-1.3785877,-1.2276008
1356513363762,0.92082703,1.4093933,-0.6253789
1356513363802,1.5753386,-0.41615105,-1.227616
1356513363842,1.4203682,0.49301672,-1.2924502
1356513363882,0.44993258,-0.2800722,-1.3051984
1356513363922,1.4808527,-1.1184492,-0.29862761
1356513363962,-0.5733342,-2.764104,-1.6082332
1356513364002,-4.4761553,-2.6117697,-1.16013
1356513364042,-5.4464073,-3.119234,0.43324953
1356513364082,-2.138663,-1.6575022,1.0784571
1356513364122,2.6340234,-3.762638,3.0869412
1356513364162,8.882729,-6.780716,-0.4604885
1356513364202,4.4680066,-3.0454721,0.32781437
1356513364242,-6.0988903,-0.6226311,-0.6694489
1356513364282,0.93424535,4.0698647,0.11451697
1356513364322,1.7502089,5.91124,0.5834561
1356513364362,0.7063906,7.8796015,1.0011004
1356513364402,0.91775227,8.7689495,1.7783797
1356513364440,-1.1825441,6.5326443,3.2017136
1356513364482,-7.8174305,-3.6618557,5.081252
1356513364522,-10.592974,-8.151741,0.8460872
1356513364562,-3.2685099,1.2569718,-0.24884072
1356513364602,8.79627,-8.222401,3.4680285
1356513364642,-0.9348363,3.1285315,-1.9036336
1356513364682,2.3079505,5.1772323,-3.0297318
1356513364722,5.046327,-1.812851,-4.8454347
1356513364762,0.69948924,-1.1583214,-1.0581131
1356513364802,1.0476636,2.2204652,-0.26981997
1356513364842,1.9893534,0.549037,-1.8229969
1356513364882,2.3858833,1.2829628,-1.9202493
1356513364922,0.99230695,1.1912627,-1.6452718
1356513364962,0.46210527,-0.41983318,-0.8048594
1356513365002,-0.17426622,-1.738802,-1.6569245
1356513365071,-3.238597,-3.5575266,-1.3811361
1356513365102,-3.7176423,-3.3414373,-0.23739256
1356513365142,-1.232182,-1.9858446,2.1514897
1356513365182,4.7859993,-3.90864,2.839669
1356513365222,9.460666,-3.2165375,-0.3282932
1356513365262,-0.90828216,-1.3599911,-0.39027345
1356513365302,-5.1437283,-0.5311222,-1.0661561
1356513365342,0.10212278,3.3589091,-0.5909904
1356513365382,0.7104387,6.3510265,0.4203444
1356513365422,0.17077899,8.029081,2.0870059
1356513365462,-0.40068412,7.8535757,2.241368
1356513365502,-2.8960228,5.922972,3.2416384
1356513365542,-8.759502,-3.3709517,5.2819986
1356513365582,-8.435957,-7.533762,1.6105436
1356513365622,-1.2609117,-0.20552063,0.611182
1356513365662,9.063943,-7.784071,3.5074713
1356513365702,-2.4146993,3.3780818,-3.7193058
1356513365742,2.8868222,2.1891942,-2.4925547
1356513365782,4.076199,-1.0898495,-3.9974904
1356513365822,0.8666952,-0.32632542,-1.050789
1356513365862,1.7093905,1.8456187,-0.067913175
1356513365902,1.7623501,0.80081177,-1.6807481
1356513365942,1.4109954,0.49932384,-1.8800762
1356513365982,0.4165951,0.66577053,-1.2489591
1356513366022,1.1316166,0.21636581,-1.4182384
1356513366070,0.18709207,-1.4695425,-0.9532684
1356513366102,-3.3889294,-2.9748764,-1.2822194
1356513366142,-5.0409307,-2.5784273,0.3834515
1356513366182,-1.9359527,-2.3223495,0.55525887
1356513366222,2.2531505,-3.4615288,3.176248
1356513366262,7.881675,-5.4442406,-0.47079802
1356513366302,4.116163,-2.8136387,-0.08475062
1356513366342,-5.5387425,-0.92109203,-0.8600434
1356513366382,0.5092745,3.3580961,-0.26316476
1356513366422,1.6133772,5.596919,0.42974633
1356513366462,-0.09677827,7.662244,1.2793915
1356513366502,0.34194446,7.8619614,2.231645
1356513366542,-1.564217,6.384733,3.3493955
1356513366582,-6.649936,-0.6388674,4.423623
1356513366622,-10.600206,-8.754234,1.6063974
1356513366662,-3.0038857,1.7082219,0.24571979
1356513366702,8.047129,-6.953064,3.4441478
1356513366742,-1.5291663,1.4132395,-3.4064796
1356513366782,0.44536114,3.8238192,-2.9874806
1356513366820,4.9086432,-0.40256405,-3.5477397
1356513366860,0.9480863,-0.83036804,-1.0944328
1356513366900,2.427609,2.0742555,0.27035367
1356513366940,2.9687562,1.2347579,-1.6664604
1356513366980,2.103311,0.5959549,-2.1992362
1356513367020,0.91453695,0.055586815,-1.1175478
1356513367069,1.1409924,-1.2948265,-0.6060559
1356513367102,-0.7349491,-2.9111195,-1.381676
1356513367142,-4.314604,-2.699542,-1.031908
1356513367182,-5.0300674,-2.8164854,0.42621967
1356513367222,-2.5478365,-1.4160938,0.6495334
1356513367262,2.5664535,-3.193986,2.5336542
1356513367302,8.689261,-7.1781673,0.5232142
1356513367342,4.0441813,-3.0827417,0.32914898
1356513367382,-4.914444,-0.23055935,-1.0812411
1356513367422,-0.1896373,3.8839283,0.19654042
1356513367462,1.532012,5.9503217,0.6783093
1356513367502,0.73847127,8.129122,0.8210502
1356513367542,0.66936255,8.479698,1.6641072
1356513367582,-1.7234397,5.7051005,2.7467675
1356513367621,-7.5314865,-2.7768545,4.7807665
1356513367661,-9.981695,-7.9880543,1.3195069
1356513367698,-3.7798238,4.6406283,-1.8122275
1356513367741,9.720094,-7.1937294,4.3667593
1356513367780,-3.833898,2.2691364,-4.022933
1356513367820,3.1983447,3.8212614,-1.9753935
1356513367860,3.6895669,-0.49706888,-4.315281
1356513367900,0.7918374,-1.3041296,-1.3521461
1356513367940,1.586025,1.2219529,0.19456124
1356513367980,2.9954143,0.19888973,-1.0396811
1356513368020,2.4082022,0.45699644,-2.0779765
1356513368068,0.5127883,0.31863785,-1.6060557
1356513368102,0.95322704,-1.485035,-0.7185741
1356513368142,-0.5837141,-2.9142904,-1.1617476
1356513368182,-3.4986458,-3.3744545,-0.98178685
1356513368222,-5.122181,-2.7007074,0.15995929
1356513368262,-2.1587253,-1.8702946,0.7097818
1356513368302,1.205414,-3.762023,3.0861511
1356513368342,7.858827,-6.000245,0.0020611882
1356513368382,7.3437366,-1.378273,-0.2315774
1356513368422,-6.56328,-0.86159515,0.21159679
1356513368462,-0.34527683,2.3252482,0.26461297
1356513368502,1.4906623,5.0426164,0.53919125
1356513368542,0.5255475,7.701791,0.48106843
1356513368582,0.7936883,8.094363,2.112423
1356513368622,-1.446393,6.5639987,2.9608252
1356513368662,-6.5812826,-0.32643127,3.971885
1356513368702,-11.181666,-7.7079926,1.384963
1356513368742,-4.368674,1.6130819,-0.18744102
1356513368782,2.3060272,-2.5830889,-0.16345304
1356513368822,6.790419,-4.611434,2.9338586
1356513368862,-2.3889241,6.015564,-3.6359463
1356513368902,6.6325994,0.72948885,-3.7966616
1356513368942,1.8785245,-1.9414711,-3.4490619
1356513368982,1.487258,0.9710088,0.9554057
1356513369022,2.8812299,1.439178,-1.2840796
1356513369062,2.9116468,0.30597115,-1.86468
1356513369102,0.3640865,0.2450943,-1.4047606
1356513369142,0.34296227,-0.7228117,-0.7864522
1356513369182,0.53728175,-1.414299,-0.48421973
1356513369222,-1.7716362,-3.2504702,-1.5897429
1356513369262,-5.611102,-2.71739,-0.145435
1356513369302,-3.6921432,-3.170126,0.09077285
1356513369342,-0.19885945,-2.0800304,3.0012167
1356513369382,4.4772773,-5.5608406,-0.05747494
1356513369422,9.69466,-3.5427084,0.80556977
1356513369462,-3.5550637,-1.6370592,-0.5391847
1356513369502,-3.346112,1.111124,-0.92916834
1356513369542,1.7847608,3.956904,0.47974855
1356513369582,1.269345,6.0627046,0.7156066
1356513369622,0.15189338,7.6425757,1.4226679
1356513369662,-0.048329115,7.4500284,2.075322
1356513369702,-2.755683,5.8658514,3.3606315
1356513369742,-8.584424,-2.9130907,3.4251852
1356513369782,-8.756466,-7.369685,1.0171105
1356513369822,-2.9362402,0.9368901,-0.30298778
1356513369862,9.57197,-8.702852,4.5624785
1356513369902,-2.7556415,5.1979666,-3.3567052
1356513369942,3.5366292,3.641838,-1.9877677
1356513369982,4.7249527,-1.7524652,-4.8512273
