1356784164770,-8.117727,5.706926,0.6946377
1356784164809,-8.117727,5.829509,0.7218784
1356784164850,-8.117727,5.47538,-0.08172209
1356784164889,-8.19945,5.7477865,0.7218784
1356784164929,-8.117727,5.829509,0.38136974
1356784164970,-7.9270425,5.7477865,-0.08172209
1356784165009,-7.8589406,5.7477865,-0.10896278
1356784165049,-7.8861814,5.7477865,-0.14982383
1356784165089,-7.8589406,6.2789803,0.23154591
1356784165129,-7.9679036,5.938472,-0.38136974
1356784165169,-7.6546354,5.9793324,-0.08172209
1356784165209,-7.6954966,5.938472,0.5720546
1356784165250,-7.8589406,6.2108784,0.08172209
1356784165289,-7.8589406,6.238119,1.334794
1356784165329,-8.158588,6.2108784,0.92618364
1356784165378,-8.812365,5.6252036,1.7297841
1356784165409,-9.043911,5.284695,2.3426998
1356784165449,-8.921328,5.175732,3.6774938
1356784165489,-9.275456,6.1700177,3.5957718
1356784165529,-9.043911,5.2165933,3.636633
1356784165569,-7.6273947,4.671779,2.6014864
1356784165609,-6.469665,5.8567495,2.6423476
1356784165649,-6.1291566,5.407278,3.255263
1356784165705,-5.8976107,5.284695,3.9499009
1356784165729,-5.9793324,5.366417,4.2086873
1356784165769,-6.3607025,5.47538,4.7126403
1356784165809,-6.0201936,5.134871,4.903325
1356784165849,-5.366417,5.434519,4.7535014
1356784165879,-5.202973,5.407278,4.5628166
1356784165919,-5.5162406,5.175732,4.6036777
1356784165949,-6.2108784,5.2165933,5.366417
1356784165989,-6.428804,5.407278,5.6660647
1356784166029,-7.246025,6.2108784,5.938472
1356784166069,-9.384419,7.205164,5.8976107
1356784166109,-11.413852,8.62168,4.2086873
1356784166139,-7.082581,4.630918,-0.27240697
1356784166179,-5.47538,3.0645783,-1.1849703
1356784166220,-6.891896,6.1291566,-1.607201
1356784166259,-6.3198414,8.771504,-0.84446156
1356784166299,-7.6273947,6.238119,0.23154591
1356784166339,-8.008764,5.829509,0.08172209
1356784166379,-6.8237944,7.082581,-0.38136974
1356784166419,-6.66035,6.891896,-0.42223078
1356784166449,-6.782933,6.3198414,-0.5720546
1356784166489,-6.932757,6.2789803,-0.7218784
1356784166529,-7.6954966,5.8567495,-0.10896278
1356784166569,-7.8180795,6.0474343,-0.040861044
1356784166609,-7.8861814,7.3549876,-0.50395286
1356784166649,-8.771504,7.43671,0.42223078
1356784166709,-7.8180795,8.349273,0.7627395
1356784166730,-7.3549876,8.921328,1.3756552
1356784166769,-7.1234417,9.507003,1.334794
1356784166809,-5.6660647,9.80665,0.38136974
1356784166849,-8.921328,8.281172,-0.38136974
1356784166889,-13.375181,6.851035,-2.7240696
1356784166929,-9.724928,7.3549876,-1.7978859
1356784166969,-7.1234417,7.5456724,1.8387469
1356784167009,-6.0474343,6.4424243,1.1849703
1356784167049,-6.0474343,4.7943625,0.50395286
1356784167090,-6.0474343,3.5957718,0.6537767
1356784167129,-4.8216033,3.8273177,0.5720546
1356784167159,-3.759216,4.0180025,1.9885708
1356784167199,-3.2961242,4.5628166,3.990762
1356784167239,-4.2904096,8.19945,6.973618
1356784167269,-8.430995,10.501288,9.615966
1356784167299,-8.008764,8.471856,9.234595
1356784167339,-5.407278,4.440233,7.273266
1356784167379,-10.18802,6.469665,0.27240697
1356784167419,-12.830367,8.662541,1.0351465
1356784167459,-4.5900574,2.5606253,-5.47538
1356784167500,-7.43671,6.6331096,-2.4516625
1356784167539,-5.938472,9.384419,0.3405087
1356784167580,-8.158588,4.862464,0.8036005
1356784167619,-6.3607025,6.2789803,0.92618364
1356784167659,-5.8158884,8.117727,0.23154591
1356784167710,-6.510526,6.851035,0.88532263
1356784167739,-7.205164,6.5513873,-0.23154591
1356784167779,-8.853226,6.469665,-0.6946377
1356784167819,-7.6954966,7.6954966,0.53119355
1356784167859,-6.428804,9.343558,0.8036005
1356784167889,-6.238119,9.466142,0.95342433
1356784167929,-7.5865335,8.812365,1.2666923
1356784167969,-6.782933,9.765789,0.6537767
1356784168009,-8.730643,8.308413,0.88532263
1356784168039,-12.871228,7.014479,-2.2609777
1356784168079,-11.876944,5.829509,-2.5606253
1356784168119,-7.6273947,8.19945,0.46309182
1356784168149,-6.8237944,6.742072,3.0237172
1356784168189,-6.0201936,6.1291566,0.88532263
1356784168219,-5.8976107,3.718355,0.50395286
1356784168259,-5.243834,2.7649305,0.8036005
1356784168299,-3.9771416,3.1463003,0.88532263
1356784168339,-3.5276701,3.173541,2.982856
1356784168369,-5.175732,8.240311,7.43671
1356784168410,-7.273266,10.732834,9.043911
1356784168449,-7.273266,7.6273947,9.425281
1356784168489,-8.580819,3.9090397,4.2086873
1356784168529,-15.4046135,8.19945,-0.9942854
1356784168569,-5.175732,6.4424243,-0.5720546
1356784168609,-5.09401,4.7126403,-5.706926
1356784168649,-5.47538,10.61025,1.56634
1356784168705,-6.1700177,7.7772183,0.8036005
1356784168729,-7.6954966,5.434519,0.95342433
1356784168769,-6.3607025,6.4424243,0.38136974
1356784168809,-7.164303,6.2789803,-0.10896278
1356784168849,-7.082581,6.5513873,-0.6946377
1356784168889,-7.8861814,7.164303,-0.7627395
1356784168929,-7.3958488,8.281172,0.7218784
1356784168969,-6.0882955,9.534244,0.7627395
1356784169009,-6.6331096,8.853226,0.6946377
1356784169049,-7.8861814,7.8589406,1.7570249
1356784169089,-6.5513873,9.343558,1.1849703
1356784169129,-6.510526,8.921328,0.23154591
1356784169169,-13.375181,8.117727,-1.879608
1356784169209,-12.258313,7.504812,-2.8330324
1356784169249,-7.6273947,8.390134,1.9477097
1356784169289,-5.5162406,6.66035,2.1792557
1356784169329,-4.9850473,4.903325,0.8036005
1356784169369,-5.6660647,2.9556155,0.88532263
1356784169409,-5.175732,3.1054392,0.46309182
1356784169449,-3.636633,3.3778462,1.607201
1356784169489,-3.759216,5.5571017,4.671779
1356784169529,-5.597963,10.147159,7.504812
1356784169569,-7.04172,11.114203,9.275456
1356784169609,-6.3607025,5.9793324,9.724928
1356784169649,-6.851035,5.5162406,1.1441092
1356784169709,-15.854085,9.275456,-0.53119355
1356784169729,-5.938472,4.7126403,-0.53119355
1356784169769,-6.3198414,2.8330324,-5.8158884
1356784169809,-5.7477865,10.56939,-0.38136974
1356784169849,-5.9793324,8.308413,0.27240697
1356784169889,-7.014479,5.8976107,1.3756552
1356784169929,-5.366417,8.240311,-0.0
1356784169969,-6.851035,6.891896,0.040861044
1356784170009,-7.3549876,6.5922484,-0.19068487
1356784170049,-8.390134,7.3958488,0.38136974
1356784170089,-6.6331096,8.730643,1.56634
1356784170129,-6.0474343,9.847511,0.6946377
1356784170169,-7.1234417,8.430995,1.0351465
1356784170209,-7.246025,9.152874,1.0351465
1356784170249,-6.701211,9.302697,-0.14982383
1356784170289,-11.795221,7.668256,-0.46309182
1356784170329,-12.408136,6.0882955,-2.9147544
1356784170369,-8.539958,7.5456724,-0.3405087
1356784170420,-6.6331096,7.5865335,3.405087
1356784170459,-5.243834,4.671779,0.3405087
1356784170500,-5.175732,3.718355,0.6537767
1356784170539,-4.862464,3.718355,0.95342433
1356784170579,-4.0588636,2.7649305,1.8387469
1356784170619,-4.0180025,5.407278,4.9850473
1356784170659,-5.175732,9.888372,8.19945
1356784170710,-9.847511,8.921328,9.697687
1356784170739,-7.3141265,5.47538,8.117727
1356784170779,-6.742072,6.0474343,1.9477097
1356784170819,-14.09706,9.697687,0.040861044
1356784170859,-2.8330324,4.1814466,-4.862464
1356784170899,-6.66035,6.742072,-3.486809
1356784170939,-6.0474343,8.812365,1.3075534
1356784170979,-7.246025,5.597963,0.27240697
1356784171019,-6.1700177,6.1700177,1.607201
1356784171059,-6.1291566,8.158588,0.040861044
1356784171099,-7.3958488,6.2108784,-0.19068487
1356784171139,-7.8180795,7.6954966,-0.88532263
1356784171179,-8.076866,7.8180795,0.6946377
1356784171219,-6.8237944,9.152874,0.8036005
1356784171259,-6.782933,9.152874,0.61291564
1356784171299,-8.008764,9.112013,1.4982382
1356784171339,-5.134871,9.847511,0.27240697
1356784171379,-8.853226,8.19945,0.23154591
1356784171419,-12.9529505,7.205164,-1.7978859
1356784171459,-10.079058,7.5865335,-1.7570249
1356784171499,-7.7363577,7.8589406,2.1111538
1356784171539,-5.706926,6.6331096,1.8387469
1356784171579,-5.325556,4.440233,0.5720546
1356784171619,-5.47538,3.636633,1.0760075
1356784171659,-4.5628166,2.9556155,0.5720546
1356784171711,-3.1054392,2.4925237,1.4573772
1356784171740,-4.2086873,5.6252036,3.6774938
1356784171779,-7.014479,11.985906,8.662541
1356784171819,-6.8237944,12.217452,9.915613
1356784171859,-5.6660647,3.1054392,8.962189
1356784171899,-10.923519,5.8976107,-1.3075534
1356784171939,-11.985906,8.771504,0.7218784
1356784171979,-4.5219555,3.1463003,-4.5900574
1356784172019,-7.273266,7.5865335,-2.4108016
1356784172059,-4.3312707,10.419566,1.0760075
1356784172099,-7.04172,5.938472,0.19068487
1356784172139,-5.7477865,6.782933,1.0760075
1356784172179,-5.8158884,7.7363577,-0.50395286
1356784172219,-7.164303,6.1700177,0.3405087
1356784172259,-7.014479,6.851035,-0.7218784
1356784172299,-8.62168,8.19945,0.040861044
1356784172339,-7.3549876,8.853226,0.92618364
1356784172379,-6.469665,10.310603,0.92618364
1356784172419,-6.4015636,9.275456,1.1168685
1356784172459,-6.0201936,9.00305,1.4982382
1356784172499,-7.504812,8.499097,0.95342433
1356784172539,-12.980191,7.43671,-2.1792557
1356784172579,-11.985906,6.5922484,-2.4516625
1356784172619,-6.4015636,9.534244,2.5333846
1356784172659,-5.7477865,7.0553403,2.8738933
1356784172711,-5.284695,3.718355,-0.040861044
1356784172749,-5.6252036,3.486809,1.2666923
1356784172779,-4.2904096,2.2201166,0.84446156
1356784172819,-3.445948,2.7649305,1.56634
1356784172859,-3.7864566,6.0474343,5.407278
1356784172899,-6.66035,12.176591,8.962189
1356784172939,-8.921328,9.343558,10.337844
1356784172979,-5.053149,3.568531,5.47538
1356784173019,-7.7363577,6.2108784,-0.10896278
1356784173059,-11.985906,11.372991,0.46309182
1356784173099,-5.6660647,3.759216,-4.0180025
1356784173139,-6.5513873,6.1700177,-2.0294318
1356784173179,-4.5900574,10.038197,-0.9125633
1356784173219,-7.3958488,5.7886477,1.4982382
1356784173259,-6.0474343,6.1700177,0.61291564
1356784173299,-6.1291566,7.5865335,-0.7627395
1356784173340,-6.742072,6.891896,-0.38136974
1356784173379,-7.8861814,7.273266,-0.50395286
1356784173420,-8.267551,8.049625,1.1168685
1356784173459,-6.0882955,9.656827,0.88532263
1356784173499,-6.4015636,9.507003,1.1441092
1356784173539,-7.6954966,8.539958,2.1111538
1356784173579,-5.012288,9.425281,0.88532263
1356784173619,-9.997335,9.534244,-0.6946377
1356784173659,-14.369467,7.164303,-3.3642259
1356784173713,-8.921328,8.281172,-0.3405087
1356784173749,-5.8158884,8.281172,3.8681788
1356784173789,-4.9850473,4.8216033,-0.10896278
1356784173829,-5.7477865,3.5957718,0.61291564
1356784173869,-5.202973,2.9147544,0.8036005
1356784173909,-3.5957718,2.6014864,0.95342433
1356784173949,-3.336985,4.0180025,3.9090397
1356784173989,-6.0201936,10.691973,7.7772183
1356784174029,-8.580819,10.882658,11.795221
1356784174069,-6.1700177,3.990762,7.273266
1356784174109,-10.038197,5.434519,-1.9885708
1356784174149,-12.980191,10.119919,1.6480621
1356784174189,-3.718355,4.2086873,-4.630918
1356784174229,-6.973618,6.238119,-3.3642259
1356784174269,-4.099725,10.651112,1.7978859
1356784174309,-7.014479,6.0882955,0.14982383
1356784174349,-6.1700177,6.469665,0.88532263
1356784174389,-6.3198414,7.5865335,-0.5720546
1356784174429,-6.5922484,6.6331096,-0.42223078
1356784174469,-6.851035,7.5865335,-0.53119355
1356784174509,-8.008764,7.4639506,0.6537767
1356784174549,-6.8237944,9.00305,0.6946377
1356784174589,-6.932757,9.765789,0.46309182
1356784174629,-7.3549876,8.689782,1.4573772
1356784174669,-6.8237944,10.528529,1.0760075
1356784174712,-7.5456724,9.466142,0.040861044
1356784174749,-12.789507,7.3958488,-2.5333846
1356784174789,-9.915613,7.504812,-1.334794
1356784174829,-7.5456724,9.302697,1.879608
1356784174869,-6.5922484,5.7886477,0.88532263
1356784174909,-5.284695,4.7535014,0.84446156
1356784174949,-5.053149,3.990762,1.0351465
1356784174989,-3.9499009,2.4108016,0.10896278
1356784175029,-3.173541,2.6423476,2.152015
1356784175069,-4.8216033,7.273266,7.3141265
1356784175109,-7.04172,11.645397,9.084772
1356784175149,-9.112013,7.4639506,10.378705
1356784175189,-5.012288,3.405087,3.255263
1356784175229,-13.633968,9.084772,-1.879608
1356784175269,-6.742072,10.269742,1.4982382
1356784175309,-5.7886477,3.0237172,-5.053149
1356784175349,-6.238119,8.390134,0.6946377
1356784175389,-5.434519,7.7363577,0.08172209
1356784175429,-6.8237944,5.434519,1.0351465
1356784175469,-5.8976107,7.43671,0.19068487
1356784175509,-7.014479,6.238119,-0.3405087
1356784175549,-7.8180795,6.4424243,-0.38136974
1356784175589,-7.5865335,7.8180795,0.6946377
1356784175629,-6.66035,9.302697,0.95342433
1356784175669,-6.742072,10.337844,0.50395286
1356784175715,-7.5456724,8.499097,1.2666923
1356784175749,-6.973618,9.534244,1.607201
1356784175789,-5.325556,9.384419,0.95342433
1356784175829,-11.876944,9.384419,-1.4573772
1356784175869,-14.015338,5.5162406,-3.5276701
1356784175909,-7.7363577,9.534244,1.920469
1356784175949,-6.0474343,8.049625,3.6774938
1356784175989,-4.9850473,4.372132,-0.42223078
1356784176029,-5.134871,3.1463003,0.5720546
1356784176069,-3.9499009,1.5390993,0.53119355
1356784176109,-2.4108016,2.982856,2.4108016
1356784176149,-2.6832085,7.4639506,6.8237944
1356784176189,-7.3549876,11.34575,8.471856
1356784176229,-10.147159,8.19945,10.95076
1356784176269,-5.5162406,5.706926,6.6331096
1356784176310,-13.565866,8.962189,-0.53119355
1356784176349,-7.164303,6.4015636,-1.0760075
1356784176390,-4.399372,2.8738933,-4.5900574
1356784176430,-7.04172,8.921328,-1.1168685
1356784176469,-5.175732,8.471856,1.6480621
1356784176509,-7.1234417,6.238119,0.84446156
1356784176549,-6.0201936,6.742072,1.2666923
1356784176589,-6.3607025,7.5456724,-0.040861044
1356784176629,-7.014479,6.66035,-0.10896278
1356784176669,-7.3549876,6.891896,-0.6946377
1356784176715,-8.117727,7.7363577,0.38136974
1356784176749,-6.238119,9.888372,1.4573772
1356784176789,-6.8237944,9.575105,0.88532263
1356784176829,-7.9679036,8.730643,1.3075534
1356784176869,-6.1700177,9.847511,0.8036005
1356784176909,-7.6546354,8.921328,0.5720546
1356784176949,-13.102775,7.5456724,-2.7513103
1356784176989,-10.106298,7.164303,-1.8387469
1356784177029,-6.851035,9.343558,2.1792557
1356784177069,-6.0201936,5.938472,1.2258313
1356784177109,-5.366417,4.5219555,0.10896278
1356784177149,-5.243834,3.214402,1.4573772
1356784177189,-3.9499009,2.6014864,0.92618364
1356784177229,-2.982856,2.982856,2.6014864
1356784177269,-3.9090397,6.5513873,6.3198414
1356784177309,-7.504812,12.067628,9.343558
1356784177349,-8.471856,7.4639506,9.997335
1356784177389,-8.308413,5.09401,4.903325
1356784177429,-14.056199,8.689782,-0.38136974
1356784177469,-3.336985,5.284695,-1.8387469
1356784177509,-6.2108784,5.366417,-4.4810944
1356784177549,-5.134871,10.56939,1.7978859
1356784177589,-5.7886477,7.7363577,1.2258313
1356784177629,-7.1234417,5.7477865,1.0760075
1356784177669,-5.7886477,7.3549876,0.95342433
1356784177716,-6.66035,6.932757,-0.95342433
1356784177749,-7.504812,5.706926,-0.5720546
1356784177789,-7.7363577,6.973618,-1.2666923
1356784177829,-7.504812,7.8180795,0.8036005
1356784177869,-6.3607025,10.18802,0.84446156
1356784177909,-6.932757,10.269742,0.92618364
1356784177949,-7.164303,10.419566,1.1441092
1356784177989,-8.390134,8.62168,0.5720546
1356784178029,-10.841797,6.973618,-0.50395286
1356784178069,-11.727119,6.701211,-2.3699405
1356784178109,-7.4639506,8.539958,0.313268
1356784178149,-6.428804,6.932757,3.405087
1356784178189,-5.366417,4.903325,0.84446156
1356784178229,-5.47538,4.140586,1.1168685
1356784178269,-5.284695,3.1054392,1.1849703
1356784178309,-4.440233,3.0237172,1.3075534
1356784178349,-3.718355,3.8681788,3.255263
1356784178389,-5.134871,8.771504,7.668256
1356784178429,-6.4015636,10.882658,9.043911
1356784178469,-7.3958488,8.349273,10.119919
1356784178509,-5.202973,4.099725,4.862464
1356784178549,-12.871228,7.5865335,-0.5720546
1356784178589,-10.501288,9.425281,1.0760075
1356784178629,-4.9850473,2.7240696,-5.175732
1356784178669,-6.851035,7.164303,-1.8387469
1356784178715,-4.5900574,10.337844,0.38136974
1356784178749,-7.164303,6.66035,0.8036005
1356784178789,-6.8237944,6.0474343,1.334794
1356784178829,-6.2789803,7.668256,-0.040861044
1356784178869,-6.1291566,6.851035,-0.29964766
1356784178909,-6.6331096,7.1234417,-0.42223078
1356784178949,-8.240311,7.5456724,0.08172209
1356784178989,-7.1234417,8.853226,1.1168685
1356784179029,-6.851035,10.651112,0.7627395
1356784179069,-7.273266,8.62168,1.7978859
1356784179109,-6.5922484,8.662541,1.9477097
1356784179149,-5.202973,8.771504,1.1168685
1356784179189,-11.495573,9.656827,-1.7297841
1356784179229,-13.906375,7.273266,-3.1054392
1356784179270,-7.9270425,9.043911,0.46309182
1356784179309,-5.9793324,8.117727,3.990762
1356784179350,-5.09401,5.407278,0.313268
1356784179389,-5.053149,3.255263,0.7627395
1356784179429,-4.944186,2.1792557,0.7218784
1356784179469,-4.0588636,3.1054392,1.1441092
1356784179509,-3.759216,4.0180025,4.140586
1356784179549,-6.4015636,10.841797,7.9270425
1356784179589,-8.008764,10.991621,11.34575
1356784179629,-6.4015636,5.012288,8.158588
1356784179669,-7.246025,4.671779,0.61291564
1356784179718,-15.472715,9.656827,1.2258313
1356784179749,-4.9850473,7.504812,0.040861044
1356784179789,-5.7886477,3.3778462,-5.434519
1356784179829,-5.8976107,9.466142,0.61291564
1356784179869,-5.134871,8.62168,0.53119355
1356784179909,-6.6331096,5.9793324,1.0351465
1356784179949,-5.6252036,7.7772183,0.5720546
1356784179989,-6.469665,6.742072,-0.42223078
1356784180029,-6.5922484,6.5922484,-0.29964766
1356784180069,-7.3958488,7.1234417,-0.19068487
1356784180109,-7.082581,8.117727,0.9942854
1356784180149,-6.782933,10.419566,0.42223078
1356784180189,-7.5865335,9.384419,0.88532263
1356784180229,-7.8180795,9.656827,1.4982382
1356784180269,-5.407278,9.847511,0.9942854
1356784180309,-8.689782,8.158588,-0.50395286
1356784180349,-14.669114,7.9679036,-2.7240696
1356784180389,-9.724928,8.662541,-0.9125633
1356784180429,-7.082581,7.6954966,2.9147544
1356784180469,-5.434519,5.829509,1.5390993
1356784180509,-5.325556,4.2086873,0.7218784
1356784180549,-5.407278,3.255263,0.8036005
1356784180589,-4.5900574,2.9147544,0.46309182
1356784180629,-3.2961242,3.173541,1.9477097
1356784180669,-4.2086873,6.510526,5.325556
1356784180717,-6.0201936,11.645397,8.281172
1356784180749,-7.8861814,11.727119,10.56939
1356784180789,-5.407278,3.445948,8.117727
1356784180829,-5.706926,4.5628166,1.2258313
1356784180859,-15.213928,10.760075,0.313268
1356784180899,-8.008764,7.8589406,0.46309182
1356784180939,-6.0201936,2.2609777,-5.6252036
1356784180979,-5.284695,9.888372,-0.38136974
1356784181019,-5.202973,9.343558,-0.53119355
1356784181059,-7.5865335,5.2165933,1.5390993
1356784181099,-5.7477865,7.3549876,0.08172209
1356784181139,-5.8976107,7.7772183,-0.50395286
1356784181179,-6.0474343,7.1234417,-0.14982383
1356784181219,-7.273266,7.3549876,-0.23154591
1356784181259,-8.267551,7.273266,0.7627395
1356784181299,-6.742072,9.425281,0.38136974
1356784181339,-6.8237944,9.80665,0.53119355
1356784181379,-7.5456724,8.158588,1.8387469
1356784181419,-6.469665,9.507003,1.3756552
1356784181459,-5.134871,8.662541,1.4982382
1356784181499,-11.795221,9.234595,-1.920469
1356784181539,-12.721405,7.205164,-2.3699405
1356784181579,-7.6954966,8.580819,0.27240697
1356784181619,-5.6252036,7.9679036,3.1463003
1356784181659,-4.671779,5.2165933,0.46309182
1356784181718,-5.284695,4.0180025,1.2258313
1356784181739,-5.243834,3.173541,1.0760075
1356784181779,-3.759216,2.9147544,1.1441092
1356784181819,-2.8738933,3.5957718,2.6832085
1356784181859,-5.5571017,9.275456,7.246025
1356784181899,-7.5865335,11.75436,9.888372
1356784181939,-6.973618,8.240311,10.501288
1356784181979,-2.6423476,4.372132,3.0645783
1356784182019,-14.015338,7.6273947,-1.879608
1356784182059,-8.880466,9.234595,2.6423476
1356784182099,-4.5628166,2.8330324,-6.701211
1356784182139,-6.851035,9.193735,-0.8036005
1356784182179,-5.284695,8.771504,0.6946377
1356784182220,-7.7772183,4.7535014,1.1441092
1356784182259,-5.7477865,7.164303,0.46309182
1356784182300,-5.938472,7.4639506,-0.42223078
1356784182339,-6.469665,6.701211,-0.14982383
1356784182379,-7.43671,7.205164,-0.23154591
1356784182419,-7.7363577,7.7772183,0.88532263
1356784182459,-6.2789803,9.575105,0.6946377
1356784182499,-6.701211,10.528529,0.27240697
1356784182539,-8.471856,8.962189,1.4165162
1356784182579,-6.428804,9.956474,1.2666923
1356784182619,-5.6252036,9.302697,1.607201
1356784182659,-11.454713,8.580819,-2.9556155
1356784182719,-12.367276,6.6331096,-2.4925237
1356784182739,-8.730643,10.501288,1.7978859
1356784182779,-6.1291566,7.8861814,2.9556155
1356784182819,-4.671779,4.440233,-0.53119355
1356784182859,-4.903325,2.7240696,1.1168685
1356784182899,-3.9499009,1.4573772,0.61291564
1356784182939,-3.3642259,2.4108016,2.1111538
1356784182979,-3.718355,6.1700177,5.8976107
1356784183019,-7.8180795,13.0619135,10.651112
1356784183059,-7.5865335,8.580819,10.419566
1356784183099,-5.053149,3.6774938,5.175732
1356784183139,-10.310603,7.0553403,-0.040861044
1356784183179,-11.795221,11.223166,2.6832085
1356784183219,-4.140586,2.8738933,-5.325556
1356784183259,-6.428804,6.701211,-2.1111538
1356784183299,-3.9090397,10.310603,-0.50395286
1356784183339,-6.973618,6.0201936,1.1441092
1356784183379,-6.5513873,6.238119,1.6480621
1356784183419,-6.3198414,7.3549876,-0.08172209
1356784183459,-6.973618,6.5513873,-0.19068487
1356784183499,-7.1234417,7.205164,-0.5720546
1356784183539,-8.19945,7.7363577,0.5720546
1356784183579,-6.3607025,9.112013,0.95342433
1356784183619,-6.2789803,10.61025,0.313268
1356784183659,-7.273266,9.466142,1.56634
1356784183720,-6.2789803,9.343558,1.5390993
1356784183739,-6.510526,8.662541,0.6537767
1356784183779,-14.859799,8.117727,-2.9147544
1356784183819,-11.454713,8.008764,-1.334794
1356784183859,-6.5513873,8.539958,2.6014864
1356784183899,-5.434519,5.8976107,1.56634
1356784183939,-5.175732,3.3778462,0.46309182
1356784183979,-5.366417,3.718355,1.1441092
1356784184019,-4.944186,3.3778462,0.10896278
1356784184059,-3.5276701,3.5957718,1.879608
1356784184099,-4.140586,7.5865335,5.8567495
1356784184139,-6.510526,11.304889,8.62168
1356784184179,-7.246025,9.384419,9.80665
1356784184219,-5.325556,3.336985,6.66035
1356784184259,-5.597963,5.829509,0.50395286
1356784184299,-15.622539,11.917805,0.95342433
1356784184339,-6.0201936,5.8976107,-3.8681788
1356784184379,-6.428804,3.0645783,-3.7864566
1356784184419,-5.434519,9.724928,-0.38136974
1356784184459,-6.2789803,7.8180795,0.61291564
1356784184499,-6.4015636,5.5162406,2.1792557
1356784184539,-5.243834,7.6954966,-0.53119355
1356784184579,-6.2108784,7.1234417,-0.19068487
1356784184619,-7.164303,7.205164,-0.23154591
1356784184659,-7.9270425,7.668256,0.95342433
1356784184721,-6.5513873,9.084772,0.6537767
1356784184739,-6.469665,10.691973,-0.040861044
1356784184779,-7.8180795,8.117727,1.7570249
1356784184824,-6.3198414,9.575105,1.5390993
1356784184859,-5.407278,9.425281,0.8036005
1356784184899,-12.830367,9.00305,-2.0294318
1356784184939,-12.4489975,7.504812,-2.1383946
1356784184979,-7.3549876,9.384419,1.3075534
1356784185019,-5.7886477,7.6273947,2.9556155
1356784185059,-5.053149,4.671779,0.040861044
1356784185099,-5.053149,3.405087,1.0760075
1356784185148,-4.372132,2.4108016,0.3405087
1356784185179,-3.718355,2.7921712,1.4982382
1356784185220,-3.3642259,3.9499009,4.0588636
1356784185259,-6.701211,11.413852,8.771504
1356784185299,-8.158588,11.727119,12.217452
1356784185339,-5.053149,4.4810944,7.3549876
1356784185379,-8.771504,5.243834,-0.6946377
1356784185419,-14.601013,10.460427,1.334794
1356784185459,-3.568531,4.1814466,-4.2904096
1356784185499,-7.04172,4.372132,-4.7943625
1356784185539,-4.630918,11.032481,1.1441092
1356784185579,-6.469665,7.504812,0.42223078
1356784185619,-7.04172,5.6252036,1.7978859
1356784185659,-5.47538,8.076866,-0.19068487
1356784185723,-6.238119,7.1234417,-0.19068487
1356784185739,-6.742072,6.973618,0.14982383
1356784185779,-7.8589406,7.0553403,-0.23154591
1356784185819,-7.205164,8.117727,0.8036005
1356784185859,-7.04172,9.80665,0.6537767
1356784185899,-7.6273947,8.308413,1.4573772
1356784185939,-7.04172,10.119919,1.3075534
1356784185979,-5.134871,9.888372,1.2258313
1356784186019,-7.7363577,9.193735,1.0760075
1356784186059,-12.340035,8.499097,-3.3642259
1356784186099,-8.853226,9.043911,-0.9942854
1356784186139,-7.082581,8.471856,2.6832085
1356784186179,-5.407278,6.1291566,0.84446156
1356784186219,-5.134871,5.012288,1.3075534
1356784186259,-5.407278,3.2961242,0.5720546
1356784186299,-4.4810944,2.982856,0.040861044
1356784186339,-3.336985,2.7921712,1.879608
1356784186379,-4.5628166,7.246025,6.701211
1356784186419,-6.2789803,11.454713,9.084772
1356784186459,-8.076866,9.384419,10.147159
1356784186499,-6.932757,5.284695,6.0882955
1356784186539,-15.213928,9.193735,-1.4573772
1356784186580,-5.202973,5.09401,-1.0351465
1356784186619,-4.903325,3.336985,-5.366417
1356784186659,-6.4015636,9.997335,-1.1441092
1356784186723,-5.202973,9.302697,2.1792557
1356784186739,-7.014479,5.5162406,0.8036005
1356784186779,-5.597963,7.668256,0.9942854
1356784186819,-5.9793324,7.668256,-0.19068487
1356784186859,-7.014479,6.238119,-0.10896278
1356784186899,-6.973618,7.1234417,-0.84446156
1356784186939,-8.19945,7.7363577,0.19068487
1356784186979,-6.1700177,9.956474,0.95342433
1356784187019,-6.4015636,10.147159,0.61291564
1356784187059,-7.6546354,8.308413,1.56634
1356784187099,-6.3198414,9.384419,1.2258313
1356784187139,-6.0474343,9.384419,1.4165162
1356784187179,-12.9529505,9.697687,-3.2961242
1356784187219,-12.067628,7.205164,-2.2201166
1356784187259,-7.014479,9.575105,2.3426998
1356784187299,-5.7477865,6.66035,1.9885708
1356784187339,-5.175732,4.944186,-0.10896278
1356784187379,-5.5571017,3.1054392,0.8036005
1356784187419,-4.2495484,2.3699405,0.27240697
1356784187459,-2.9556155,2.982856,1.7570249
1356784187499,-3.173541,5.7477865,5.47538
1356784187539,-6.851035,12.408136,9.193735
1356784187579,-8.008764,9.425281,10.923519
1356784187619,-6.0201936,3.9499009,5.8567495
1356784187659,-10.61025,6.469665,-1.56634
1356784187724,-12.340035,10.760075,1.7570249
1356784187739,-3.405087,4.3312707,-2.982856
1356784187779,-7.082581,6.0882955,-3.8681788
1356784187819,-4.5900574,10.841797,1.1849703
1356784187859,-7.1234417,6.3198414,0.3405087
1356784187899,-6.3607025,5.7886477,1.56634
1356784187939,-5.325556,7.8861814,0.19068487
1356784187979,-6.428804,6.932757,0.08172209
1356784188019,-7.164303,7.082581,-0.19068487
1356784188059,-8.049625,7.5456724,0.10896278
1356784188100,-6.851035,8.662541,0.7627395
1356784188139,-6.701211,10.460427,-0.040861044
1356784188180,-7.273266,8.962189,1.1849703
1356784188219,-6.5513873,9.656827,1.9885708
1356784188259,-4.862464,9.656827,1.2666923
1356784188299,-10.923519,9.724928,-1.0351465
1356784188339,-14.09706,7.5456724,-3.6774938
1356784188379,-8.076866,9.302697,0.3405087
1356784188419,-6.469665,7.8180795,3.9090397
1356784188459,-4.9850473,5.8567495,0.46309182
1356784188499,-5.134871,3.486809,0.19068487
1356784188539,-4.671779,2.5606253,0.313268
1356784188579,-4.140586,3.1463003,0.9942854
1356784188619,-3.568531,3.214402,3.214402
1356784188659,-5.47538,9.956474,7.1234417
1356784188723,-7.6273947,11.876944,9.507003
1356784188739,-6.3198414,6.238119,9.084772
1356784188779,-5.8976107,4.2086873,4.4810944
1356784188819,-10.691973,8.853226,-0.38136974
1356784188859,-10.56939,9.765789,1.3756552
1356784188899,-5.938472,2.3018389,-5.366417
1356784188939,-5.8567495,7.164303,-1.2258313
1356784188979,-4.372132,10.119919,-0.9125633
1356784189020,-7.3549876,5.938472,1.4165162
1356784189059,-5.706926,6.973618,0.5720546
1356784189099,-5.7477865,8.158588,-0.23154591
1356784189140,-6.3607025,7.0553403,0.08172209
1356784189179,-7.8861814,7.4639506,-0.08172209
1356784189220,-7.5865335,7.9270425,1.0351465
1356784189259,-6.2789803,9.656827,0.27240697
1356784189300,-7.04172,9.112013,0.313268
1356784189339,-8.008764,8.117727,1.7297841
1356784189381,-5.134871,9.724928,0.95342433
1356784189424,-8.076866,9.847511,1.0351465
1356784189460,-13.375181,9.575105,-3.255263
1356784189499,-11.372991,8.117727,-1.4573772
1356784189540,-7.205164,7.8589406,1.6889231
1356784189579,-5.434519,7.504812,2.152015
1356784189619,-4.944186,5.2165933,0.5720546
1356784189659,-4.7535014,2.5606253,0.3405087
1356784189728,-3.8681788,2.070293,0.53119355
1356784189740,-2.8738933,2.7240696,1.7978859
1356784189779,-3.8681788,5.8976107,6.66035
1356784189823,-7.205164,13.293459,9.084772
1356784189859,-7.4639506,6.701211,10.760075
1356784189901,-7.6273947,5.325556,3.5276701
1356784189939,-13.293459,8.921328,-0.23154591
1356784189979,-6.3198414,6.742072,0.42223078
1356784190019,-5.8976107,3.255263,-5.8976107
1356784190059,-5.7886477,9.534244,0.6537767
1356784190099,-4.440233,9.697687,0.7627395
1356784190139,-6.973618,5.7477865,1.920469
1356784190179,-5.5571017,7.504812,0.9942854
1356784190219,-6.2789803,7.1234417,-0.53119355
1356784190260,-6.782933,6.238119,-0.19068487
1356784190299,-7.6546354,7.205164,-0.50395286
1356784190340,-7.04172,7.8861814,0.50395286
1356784190379,-7.205164,8.962189,0.3405087
1356784190419,-7.246025,9.425281,-0.040861044
1356784190459,-7.246025,8.771504,1.2666923
1356784190499,-5.8158884,10.61025,1.4573772
1356784190541,-6.6331096,8.962189,1.607201
1356784190579,-11.182305,9.084772,-2.070293
1356784190619,-12.830367,7.7363577,-3.0645783
1356784190659,-8.471856,8.62168,0.10896278
1356784190723,-6.701211,7.43671,2.9147544
1356784190739,-4.8216033,6.4015636,1.0760075
1356784190779,-4.7943625,3.3778462,0.23154591
1356784190819,-4.7126403,2.8738933,0.42223078
1356784190859,-3.9499009,3.173541,1.1168685
1356784190899,-2.8330324,3.1463003,2.8738933
1356784190939,-5.325556,10.079058,7.6954966
1356784190979,-7.5865335,11.985906,10.119919
1356784191020,-6.469665,6.1700177,9.724928
1356784191060,-6.1700177,4.630918,2.3699405
1356784191099,-14.056199,9.234595,0.53119355
1356784191141,-7.504812,9.425281,1.4573772
1356784191179,-5.6660647,2.152015,-5.243834
1356784191219,-6.3198414,8.62168,-0.14982383
1356784191259,-4.2495484,10.310603,-0.38136974
1356784191300,-7.5456724,5.706926,1.1441092
1356784191339,-6.1700177,6.932757,1.607201
1356784191380,-5.6660647,7.668256,-0.6946377
1356784191421,-6.3607025,7.014479,-0.19068487
1356784191460,-7.205164,6.6331096,-0.53119355
1356784191499,-7.6954966,7.1234417,0.10896278
1356784191540,-6.428804,8.471856,0.10896278
1356784191579,-7.246025,9.343558,-0.08172209
1356784191621,-8.117727,8.049625,0.92618364
1356784191663,-7.082581,10.310603,1.920469
1356784191723,-5.012288,9.724928,1.3075534
1356784191744,-9.234595,9.343558,-0.7218784
1356784191789,-12.598822,7.8589406,-2.982856
1356784191829,-8.158588,8.853226,0.040861044
1356784191870,-6.5513873,7.3549876,2.7240696
1356784191910,-4.8216033,6.5922484,1.2258313
1356784191949,-5.243834,3.214402,0.61291564
1356784191989,-4.4810944,2.6832085,0.42223078
1356784192031,-3.718355,3.568531,1.6480621
1356784192069,-3.173541,4.7126403,4.671779
1356784192111,-5.6660647,10.760075,8.008764
1356784192149,-7.9270425,9.997335,10.228881
1356784192189,-6.66035,5.47538,7.504812
1356784192229,-5.325556,5.243834,2.0294318
1356784192269,-13.593107,9.425281,0.040861044
1356784192309,-6.851035,8.281172,0.88532263
1356784192349,-6.4015636,2.4516625,-5.053149
1356784192389,-5.366417,9.343558,-0.27240697
1356784192430,-4.944186,8.962189,-0.3405087
1356784192469,-7.246025,5.597963,1.56634
1356784192509,-5.8976107,6.891896,0.08172209
1356784192549,-6.3198414,7.3958488,-0.84446156
1356784192589,-6.8237944,7.082581,-0.29964766
1356784192629,-7.8180795,7.43671,-0.27240697
1356784192669,-7.164303,7.8861814,0.7627395
1356784192712,-6.1700177,9.343558,0.23154591
1356784192749,-6.891896,9.084772,0.6537767
1356784192789,-7.273266,8.771504,2.152015
1356784192829,-5.5571017,10.310603,1.2258313
1356784192869,-7.3549876,10.56939,0.08172209
1356784192910,-13.293459,8.771504,-3.0645783
1356784192950,-10.038197,7.6273947,-0.61291564
1356784192990,-7.4639506,8.049625,2.8330324
1356784193030,-5.5162406,6.851035,1.5390993
1356784193071,-5.09401,5.6252036,0.38136974
1356784193109,-4.9850473,2.3426998,0.38136974
1356784193149,-4.1814466,2.3699405,0.313268
1356784193189,-3.405087,3.2961242,1.7570249
1356784193229,-4.9850473,8.19945,6.701211
1356784193271,-5.706926,12.108489,9.507003
1356784193309,-6.701211,7.6954966,9.80665
1356784193349,-6.66035,5.2165933,4.3312707
1356784193400,-15.213928,9.466142,-0.88532263
1356784193439,-4.372132,4.440233,-0.95342433
1356784193479,-5.938472,4.0588636,-5.597963
1356784193519,-5.5162406,9.765789,-0.08172209
1356784193561,-4.7943625,9.275456,0.3405087
1356784193599,-7.6546354,5.284695,1.5390993
1356784193639,-6.5513873,6.6331096,0.38136974
1356784193680,-6.4015636,6.973618,-0.88532263
1356784193720,-7.014479,6.932757,-0.23154591
1356784193760,-7.246025,7.668256,-0.42223078
1356784193799,-6.8237944,8.158588,0.5720546
1356784193841,-6.4015636,9.915613,0.19068487
1356784193879,-6.701211,9.193735,0.5720546
1356784193921,-6.891896,8.662541,1.56634
1356784193959,-5.434519,9.534244,1.3756552
1356784194000,-5.706926,9.302697,0.92618364
1356784194040,-13.756551,8.771504,-2.982856
1356784194079,-12.176591,7.3549876,-2.5606253
1356784194120,-6.851035,8.689782,1.4573772
1356784194159,-5.6660647,7.164303,2.8330324
1356784194199,-5.09401,5.284695,1.0351465
1356784194239,-5.434519,3.6774938,0.88532263
1356784194279,-4.944186,3.0645783,0.27240697
1356784194319,-4.8216033,3.5957718,1.6480621
1356784194359,-3.718355,4.7943625,3.718355
1356784194399,-5.5162406,9.343558,6.5513873
1356784194439,-7.3549876,10.147159,10.079058
1356784194479,-5.6252036,6.469665,8.662541
1356784194519,-3.718355,4.7535014,2.5333846
1356784194559,-15.472715,10.419566,0.27240697
1356784194599,-9.493382,9.384419,1.334794
1356784194639,-5.5162406,2.6832085,-5.366417
1356784194679,-6.428804,7.7772183,-1.1441092
1356784194721,-4.0588636,10.651112,-0.10896278
1356784194759,-7.5865335,5.6252036,1.1849703
1356784194801,-6.66035,6.2108784,0.6537767
1356784194839,-5.8158884,7.9679036,-0.84446156
1356784194881,-6.0882955,7.668256,-0.08172209
1356784194919,-7.246025,7.5456724,-0.38136974
1356784194961,-7.205164,7.504812,0.53119355
1356784194999,-6.238119,8.771504,-0.040861044
1356784195039,-6.891896,9.343558,-0.10896278
1356784195079,-7.5865335,8.008764,1.0760075
1356784195119,-7.082581,9.997335,1.56634
1356784195161,-6.4015636,10.147159,0.23154591
1356784195199,-10.106298,8.117727,0.50395286
1356784195239,-12.176591,7.3958488,-3.759216
1356784195279,-8.962189,8.539958,0.6946377
1356784195319,-6.8237944,7.8180795,3.3778462
1356784195359,-5.284695,6.1700177,0.38136974
1356784195399,-4.9850473,4.099725,0.61291564
1356784195439,-4.140586,2.3699405,0.61291564
1356784195479,-2.8330324,2.1792557,1.4982382
1356784195519,-3.0237172,4.3312707,4.5219555
1356784195559,-5.706926,9.997335,7.8180795
1356784195599,-8.008764,11.645397,11.645397
1356784195639,-7.7772183,5.2165933,7.3549876
1356784195679,-9.888372,6.3198414,2.2201166
1356784195719,-12.299174,8.962189,1.7297841
1356784195759,-3.336985,4.2086873,-3.8681788
1356784195799,-6.2789803,6.1291566,-3.1463003
1356784195839,-4.7535014,10.991621,0.9942854
1356784195869,-6.238119,7.5865335,0.6537767
1356784195909,-7.6954966,5.134871,0.95342433
1356784195949,-6.2789803,6.6331096,1.1168685
1356784195989,-6.2108784,7.504812,-0.27240697
1356784196029,-6.4015636,6.742072,-0.23154591
1356784196069,-6.932757,7.082581,-0.88532263
1356784196109,-7.3141265,7.7363577,0.53119355
1356784196149,-7.1234417,9.302697,0.61291564
1356784196189,-7.164303,9.152874,0.040861044
1356784196229,-7.5865335,9.043911,1.1441092
1356784196269,-6.8237944,10.923519,1.4573772
1356784196309,-6.932757,9.193735,0.27240697
1356784196349,-11.141444,8.430995,-0.9125633
1356784196389,-11.917805,6.8237944,-3.486809
1356784196430,-7.3141265,8.308413,0.313268
1356784196469,-6.510526,6.891896,3.1054392
1356784196509,-5.407278,5.8976107,0.6537767
1356784196549,-5.8158884,4.3312707,0.88532263
1356784196589,-4.862464,2.6014864,0.6537767
1356784196629,-4.4810944,3.486809,1.334794
1356784196669,-3.9090397,4.2495484,3.336985
1356784196716,-4.903325,8.499097,6.5513873
1356784196749,-6.1291566,10.800936,9.234595
1356784196789,-6.66035,9.084772,10.119919
1356784196829,-3.7864566,3.6774938,5.5162406
1356784196869,-5.6660647,5.134871,2.2201166
1356784196909,-15.976667,11.686258,0.92618364
1356784196949,-6.469665,5.053149,-1.6889231
1356784196990,-6.5922484,3.0645783,-4.7126403
1356784197029,-4.5900574,10.732834,-0.7218784
1356784197070,-5.6660647,8.730643,0.313268
1356784197109,-7.4639506,5.407278,1.7570249
1356784197149,-5.8976107,7.7363577,-0.3405087
1356784197189,-6.238119,7.0553403,-0.27240697
1356784197229,-6.510526,7.3958488,-0.23154591
1356784197269,-7.5865335,7.3958488,0.23154591
1356784197309,-7.04172,8.308413,0.84446156
1356784197349,-6.510526,9.507003,0.27240697
1356784197389,-7.205164,8.580819,0.7218784
1356784197429,-7.504812,8.771504,1.2666923
1356784197469,-5.6660647,9.765789,1.1168685
1356784197509,-7.3141265,8.962189,1.3075534
1356784197549,-12.340035,8.894087,-2.1792557
1356784197589,-10.991621,7.3958488,-2.6014864
1356784197629,-6.851035,9.384419,1.8387469
1356784197669,-5.7477865,6.742072,2.3699405
1356784197717,-5.134871,5.47538,0.46309182
1356784197749,-5.6660647,3.486809,0.95342433
1356784197789,-4.372132,2.4516625,0.95342433
1356784197829,-3.5957718,3.173541,2.0294318
1356784197869,-3.8273177,4.903325,4.2904096
1356784197909,-6.0474343,10.732834,8.19945
1356784197949,-7.04172,10.18802,10.56939
1356784197989,-6.0201936,6.1700177,7.6954966
1356784198029,-7.8861814,5.938472,2.2609777
1356784198069,-13.633968,9.507003,2.0294318
1356784198109,-3.6774938,3.445948,-4.0180025
1356784198149,-7.082581,6.510526,-3.445948
1356784198189,-4.5219555,10.882658,0.95342433
1356784198229,-6.782933,6.891896,-0.040861044
1356784198269,-7.1234417,5.829509,1.8387469
1356784198309,-5.407278,7.8180795,-0.14982383
1356784198349,-6.1700177,7.3141265,-0.10896278
1356784198389,-6.5922484,7.014479,-0.14982383
1356784198429,-7.504812,7.164303,-0.50395286
1356784198469,-7.5456724,7.4639506,0.7627395
1356784198509,-6.782933,9.275456,0.46309182
1356784198549,-6.8237944,9.384419,0.38136974
1356784198589,-7.3141265,8.580819,1.7570249
1356784198629,-6.2108784,10.18802,1.4165162
1356784198669,-6.5922484,9.275456,0.95342433
1356784198716,-11.563675,8.662541,-1.1441092
1356784198749,-12.258313,6.932757,-3.7864566
1356784198789,-7.504812,8.921328,1.1849703
1356784198829,-6.2108784,7.8861814,3.636633
1356784198869,-5.175732,6.3198414,0.7218784
1356784198909,-5.597963,3.2961242,0.5720546
1356784198949,-4.5900574,2.5333846,0.84446156
1356784198989,-3.9771416,3.2961242,1.7978859
1356784199029,-3.9090397,5.407278,4.1814466
1356784199069,-5.366417,10.378705,7.6954966
1356784199109,-6.701211,10.61025,10.378705
1356784199149,-5.5162406,6.5922484,7.8589406
1356784199189,-5.597963,3.5957718,3.0237172
1356784199229,-14.628253,8.812365,0.7627395
1356784199269,-8.812365,9.084772,3.1054392
1356784199309,-4.1814466,2.4108016,-5.47538
1356784199349,-6.510526,8.689782,-2.070293
1356784199389,-4.2904096,10.310603,0.313268
1356784199429,-7.504812,5.8976107,0.53119355
1356784199469,-7.205164,6.2789803,1.2666923
1356784199509,-5.7477865,7.4639506,0.19068487
1356784199549,-6.0882955,7.4639506,-0.29964766
1356784199589,-6.4015636,7.43671,0.46309182
1356784199629,-7.3549876,7.1234417,-0.10896278
1356784199669,-6.973618,7.5865335,0.3405087
1356784199709,-6.701211,8.812365,-0.3405087
1356784199749,-7.5456724,8.662541,-0.040861044
1356784199789,-7.6546354,8.662541,1.4982382
1356784199831,-6.891896,9.847511,1.8387469
1356784199869,-5.09401,9.724928,0.9942854
1356784199909,-7.6954966,8.281172,1.0351465
1356784199950,-11.876944,8.499097,-3.255263
1356784199989,-9.343558,8.499097,-0.95342433
1356784200029,-6.932757,8.19945,2.5333846
1356784200069,-5.8976107,6.8237944,1.7570249
1356784200109,-5.5571017,4.944186,1.1168685
1356784200149,-5.597963,3.0645783,0.6537767
1356784200189,-4.862464,3.0237172,0.7218784
1356784200229,-4.140586,3.636633,2.3018389
1356784200269,-4.630918,7.3141265,5.597963
1356784200309,-5.09401,10.732834,7.9270425
1356784200349,-6.0882955,9.847511,9.112013
1356784200389,-5.7477865,5.47538,6.66035
1356784200429,-6.2108784,3.568531,1.1441092
1356784200469,-15.28203,9.997335,1.7570249
1356784200509,-7.3549876,8.921328,2.3699405
1356784200549,-4.7943625,2.7921712,-5.325556
1356784200589,-6.8237944,8.281172,-1.0351465
1356784200629,-4.630918,9.888372,-0.040861044
