1356784227006,0.0,0.0,0.0
1356784227044,0.040828705,-0.14970541,0.14970595
1356784227082,-2.2888184E-4,-0.12164307,-8.389056E-4
1356784227133,0.040094376,0.0033574104,0.29673085
1356784227169,-0.0021624565,0.00945282,0.71155816
1356784227210,-0.0039930344,0.057495117,0.629015
1356784227252,-0.15576363,0.40452862,-0.13206154
1356784227292,0.115262985,0.06729841,-0.08884364
1356784227332,0.41435385,0.17389154,-0.51452
1356784227372,0.4945917,0.28680897,-0.55535847
1356784227412,0.29737282,0.29724073,-0.81290644
1356784227452,0.3633299,0.015377045,-0.5425913
1356784227493,0.21306753,0.4363594,0.2880339
1356784227533,0.40837097,0.33749914,0.6347832
1356784227574,0.32222605,0.37125778,0.22979864
1356784227622,-0.45279932,0.33030462,2.047744
1356784227666,-1.2633953,0.13653946,2.397887
1356784227715,-0.75992393,-0.67279243,4.5945296
1356784227753,-1.3700519,-0.90232086,2.319485
1356784227793,-0.48306322,-0.3119793,1.3976986
1356784227833,1.1225052,-0.5419669,2.001498
1356784227873,2.1077857,-1.017767,1.806603
1356784227922,2.8083687,-0.882514,1.8828168
1356784227953,2.4220662,-0.7656431,1.8769369
1356784227993,2.6887355,-1.2433553,1.9689488
1356784228022,2.6976333,-0.11331701,2.5986233
1356784228051,2.1985831,0.13233614,2.243411
1356784228091,1.424521,-0.6875763,1.4595623
1356784228131,0.47720098,-1.0342927,1.4947019
1356784228172,-0.52722454,-0.30155468,2.3725893
1356784228211,-1.2264285,0.43408966,2.621695
1356784228251,-3.7980585,1.8788013,1.9925089
1356784228292,-4.6227756,2.5773764,-0.06323767
1356784228331,0.5896559,-0.93409204,-7.0203037
1356784228371,-0.21433544,-0.5740695,-6.465662
1356784228412,0.45672512,2.6744328,-5.214756
1356784228452,-0.5239215,0.6838541,-4.746641
1356784228491,-1.2167711,-0.38968515,-3.9728112
1356784228531,0.063948154,0.6721916,-3.647529
1356784228572,1.1995249,0.6784816,-3.3425896
1356784228611,0.66723776,0.57607126,-2.45097
1356784228651,-0.23432398,-0.5053296,-1.8298337
1356784228692,-0.5551286,-0.50838614,-2.320507
1356784228731,-1.174356,0.3932004,-1.255998
1356784228771,-0.2279582,2.281886,-0.23909968
1356784228812,-0.7583952,2.721393,0.0923174
1356784228851,-0.98320484,1.4956956,0.62941945
1356784228923,-0.041376114,2.2606206,0.9179687
1356784228935,1.4012494,1.8694425,0.92786974
1356784228973,-1.6223154,1.9314041,-0.18540205
1356784229013,-5.32446,0.34988928,-1.9246122
1356784229053,-2.246109,-0.23486662,-1.1932986
1356784229092,0.22961521,-1.1103039,2.0845287
1356784229131,1.5973277,-2.0084062,1.9740758
1356784229171,1.8470731,-4.556188,0.43893382
1356784229212,2.114602,-4.976357,0.5320589
1356784229251,3.0992808,-4.970849,0.8058681
1356784229291,4.2202554,-4.591389,1.7731373
1356784229331,3.824632,-0.8784113,5.1616907
1356784229371,2.808125,3.5101295,7.4687195
1356784229412,-0.6618109,4.633349,10.112073
1356784229451,2.4763632,-1.7837992,6.171613
1356784229492,-1.3387065,-1.0403724,-1.0793581
1356784229531,-9.183908,4.4959793,-0.9724176
1356784229571,0.20118332,-1.6363955,-5.0794916
1356784229611,-0.7909479,-2.1583052,-8.1498375
1356784229651,0.91974545,3.8989868,-3.7688189
1356784229692,-0.15651989,1.776505,-3.9055438
1356784229731,-1.2511048,-1.2099118,-2.4520612
1356784229771,0.93408585,0.8348961,-3.4950893
1356784229812,0.25739765,0.038792133,-2.6715767
1356784229852,0.3239913,-0.09440756,-2.2191799
1356784229924,-0.89605904,-0.20262384,-1.4703628
1356784229934,-0.31418037,0.8543987,-0.2742375
1356784229971,0.38318157,2.2175264,-0.31926012
1356784230012,-0.07486868,1.9217987,0.43344972
1356784230051,-0.86962223,2.0670953,1.173839
1356784230093,0.33695316,3.242838,1.5881423
1356784230132,-0.0058231354,2.0546799,0.98203677
1356784230170,-4.403445,0.23296928,-1.2633951
1356784230212,-3.9646263,-0.6432948,-2.1925066
1356784230252,-0.9270692,0.07697582,2.0639322
1356784230291,0.73808193,-2.2770767,1.7846073
1356784230332,2.1470518,-3.6344733,0.6092631
1356784230371,2.4613848,-4.7782373,0.72650373
1356784230412,3.6753695,-6.085558,0.102607
1356784230452,4.2352076,-5.0969615,1.6717122
1356784230492,3.2745557,-1.0599761,6.081684
1356784230532,1.181829,3.5793242,8.515505
1356784230572,-0.28431273,2.4849997,10.515026
1356784230612,-0.0426445,-1.4270382,2.3996024
1356784230651,-9.481276,3.2426167,-2.45369
1356784230691,0.92079353,-0.7374735,-3.5660024
1356784230732,0.108807564,-2.152496,-8.498851
1356784230772,0.59336185,4.061687,-2.043589
1356784230811,0.90317583,1.9558845,-3.0860233
1356784230852,-0.40320492,-0.64734936,-2.6351342
1356784230920,0.706542,0.41618347,-2.5835247
1356784230934,-0.10023785,-0.3705535,-3.2998343
1356784230973,-0.59395075,-0.42843723,-2.5898018
1356784231012,-1.4282479,0.51026154,-2.2652464
1356784231052,-0.06499529,1.3009491,0.05244863
1356784231091,0.32759953,2.610015,-0.29914021
1356784231132,-0.08137226,2.5839114,0.71546
1356784231172,0.15504885,3.0271487,1.202167
1356784231211,0.8667402,1.7871485,0.8845055
1356784231252,-5.3216105,1.2095151,-1.2509772
1356784231291,-5.433243,-0.7760067,-3.1205964
1356784231332,-0.6318054,-0.4712181,0.8776765
1356784231371,1.1048565,-1.2754917,2.9685557
1356784231412,1.8097534,-3.376657,0.68514144
1356784231452,1.9885759,-5.308265,0.5201204
1356784231491,2.7043972,-5.199911,0.5990687
1356784231531,3.7247791,-5.1113086,0.7760169
1356784231571,4.28106,-3.8791394,3.0388145
1356784231612,2.9860687,2.8711905,7.5577674
1356784231651,0.7928872,4.513568,9.685111
1356784231691,0.9289589,0.24544,9.076677
1356784231731,0.7836485,-2.1602395,-0.12735581
1356784231772,-9.966142,4.0916386,-1.9209956
1356784231812,-2.336502E-5,1.7153177,-1.43721
1356784231852,0.25103903,-3.2061183,-10.795009
1356784231923,-0.33299685,3.0401244,-4.182443
1356784231935,-0.2707386,1.8372531,-4.0748653
1356784231973,-1.6576128,-1.495048,-2.9583204
1356784232014,0.84514284,0.53264236,-3.3834505
1356784232053,0.8657489,0.8422985,-3.4312994
1356784232093,0.34042406,0.38556576,-1.9328877
1356784232133,-1.2196684,0.41857862,-0.7444524
1356784232173,-0.38879204,0.9546423,0.06259769
1356784232212,0.17266321,2.5246148,0.14500383
1356784232252,-0.19135523,1.2852826,1.7858534
1356784232292,-0.0613904,2.1919231,2.7107892
1356784232332,1.7262421,2.904169,1.7181787
1356784232371,-1.5737753,3.5247545,0.094450325
1356784232411,-6.6247425,0.75409937,-3.0642421
1356784232452,-2.344551,0.27888107,0.25343513
1356784232492,0.24513769,-0.78994083,2.7514293
1356784232531,2.2212167,-2.342785,0.42751122
1356784232571,2.3389578,-5.734025,-0.33648035
1356784232612,2.8077416,-6.1442375,-0.19889781
1356784232652,3.5475779,-6.070551,0.06600523
1356784232692,3.586463,-4.8286114,2.4265375
1356784232732,1.9537106,1.9176903,7.3703403
1356784232772,0.5570221,4.037027,9.48766
1356784232811,0.272161,-0.18075466,9.019765
1356784232852,-1.6159196,-0.38011026,-0.48947418
1356784232923,-8.253929,4.0942726,-1.612056
1356784232943,2.3369417,-3.6091855,-8.093817
1356784232983,-1.1254306,1.7626615,-5.648636
1356784233041,2.1348302,4.1498337,-1.7318628
1356784233062,-1.0312219,-0.74628925,-3.289589
1356784233102,0.46212816,-0.1080904,-2.5902598
1356784233140,0.45178795,0.88670254,-3.5320435
1356784233182,-0.12461758,-0.32703447,-2.8806202
1356784233221,-0.58808804,0.10680103,-2.386974
1356784233262,-0.7864604,0.3535242,-0.28203183
1356784233301,0.8340068,1.6469369,0.039563358
1356784233342,0.7293515,2.5261517,0.3710904
1356784233381,0.15014648,2.2144575,1.6736004
1356784233422,1.2343082,2.5612164,0.80797106
1356784233462,-3.280333,1.243578,0.3967762
1356784233502,-7.1306305,-0.4741888,-3.5532217
1356784233542,-2.2832537,0.39734268,0.53910077
1356784233581,0.39750624,-0.4104705,3.3920107
1356784233621,2.0513911,-1.5674601,0.9955692
1356784233662,2.1017952,-5.384549,0.13566539
1356784233701,2.5973835,-5.8479557,0.29035196
1356784233741,3.9962595,-5.4512653,0.33682147
1356784233782,4.6411796,-4.3841643,2.4714637
1356784233822,3.0502548,2.1725821,7.1259084
1356784233862,0.30779696,4.775547,9.16253
1356784233924,-0.9017205,0.744236,9.717335
1356784233943,3.8129754,-2.4747295,2.3656373
1356784233983,-8.43905,3.4097795,-3.3773305
1356784234023,-2.0824823,1.755413,-2.4564817
1356784234063,-0.18678951,-4.2447414,-8.94957
1356784234101,-0.38694763,2.5002527,-4.3384986
1356784234142,0.58166313,2.1359558,-4.100183
1356784234182,-1.2435079,-1.2807684,-2.9126015
1356784234222,0.5809927,0.6946397,-3.7763667
1356784234262,-0.23100138,0.289546,-3.7893286
1356784234302,-0.78944445,-0.13909912,-2.75403
1356784234341,-0.96052504,0.69792557,-1.5877533
1356784234382,0.046958447,1.9740553,0.32722843
1356784234421,1.1093292,2.5150847,0.5310745
1356784234461,0.93057394,1.1131325,0.93881255
1356784234502,0.12347603,1.3720675,1.6036159
1356784234542,1.8703632,2.1009521,1.0720379
1356784234581,-3.3095818,2.296939,-0.4848919
1356784234622,-7.2279887,-0.20972157,-3.1502252
1356784234662,-1.9943604,0.5074148,-0.30226701
1356784234702,0.7719569,-0.7587724,3.5367615
1356784234742,2.4178438,-1.6100111,1.0606991
1356784234782,1.9727812,-5.7625275,0.18010536
1356784234822,2.3989568,-5.917655,0.5673886
1356784234861,3.896057,-4.8493795,0.94113714
1356784234925,4.167409,-4.1538916,2.7103236
1356784234943,2.8415136,1.4409566,6.397654
1356784234983,0.56705904,4.0048304,9.223467
1356784235023,-0.66657734,0.90190744,9.418508
1356784235063,0.70650625,-1.2318406,2.703451
1356784235103,-8.4900875,3.5896788,-2.437934
1356784235142,0.8155122,-1.3093967,-5.347947
1356784235182,-1.1934838,-1.486453,-8.201021
1356784235222,1.5165977,5.577874,-2.1177416
1356784235262,-0.32544374,0.49482822,-4.2013965
1356784235302,-0.6632309,-0.8037038,-2.4720688
1356784235341,0.7011547,1.0284648,-4.299514
1356784235382,-0.35462666,-0.4596653,-3.0770102
1356784235421,-0.6287036,-0.3340788,-2.8487134
1356784235461,-1.2717447,0.5567255,-0.6533188
1356784235502,0.89723015,1.2179871,0.20608354
1356784235542,0.9681463,3.1060753,-0.05780208
1356784235582,-0.17893696,2.1196737,1.3042772
1356784235621,0.2334528,2.7738423,1.4490057
1356784235662,-1.0501518,1.4610653,1.3220756
1356784235701,-5.9672914,0.8036418,-2.1208103
1356784235742,-4.8306794,-0.20395136,-2.261052
1356784235782,0.4292903,0.33699894,1.9916457
1356784235821,1.2811928,-1.8250852,2.658867
1356784235862,2.2875361,-3.8754177,0.18425952
1356784235926,2.2085447,-5.804143,0.1338233
1356784235943,2.9171686,-6.0745845,0.16173515
1356784236001,3.6103668,-5.4418387,1.094242
1356784236022,3.6497436,-2.9821286,4.8090143
1356784236062,0.8299818,4.8304253,9.08026
1356784236100,1.0005312,2.719573,9.364269
1356784236142,-0.93540764,-0.7279191,5.6158447
1356784236182,-7.5575156,2.872593,-1.5179248
1356784236222,0.9888067,-0.84855413,-4.7898874
1356784236261,0.7794094,-2.7467585,-7.26412
1356784236302,0.75502205,5.5312953,-3.0418975
1356784236342,0.68900824,3.3283625,-2.669289
1356784236382,-1.2990608,-1.5218854,-2.5454555
1356784236421,0.73093224,0.47241974,-2.776361
1356784236462,0.07798672,0.41144705,-3.5824122
1356784236502,0.2891984,0.024093628,-2.2490594
1356784236542,-0.68813515,-0.12802076,-2.8961825
1356784236582,-1.6956758,0.40953112,-1.1216973
1356784236621,-4.1627884E-4,1.930356,0.92979515
1356784236662,0.5372963,2.359015,0.60501665
1356784236702,-0.75522137,2.890891,1.3425714
1356784236741,1.6606483,2.6209536,0.9384502
1356784236782,-2.2101645,0.98053217,0.26849228
1356784236822,-7.3850255,0.35042048,-3.000136
1356784236862,-3.2146053,-1.1265521,-1.5088652
1356784236927,0.9192767,-0.07323074,2.6157124
1356784236943,1.9801431,-1.5944662,2.1857612
1356784236983,2.0691562,-4.266787,-0.2859819
1356784237023,2.028059,-5.06534,0.62292916
1356784237063,3.6142921,-5.6925774,0.84911233
1356784237103,5.14808,-5.376993,1.3398542
1356784237142,3.9504404,-1.7453732,6.1214185
1356784237182,0.3756218,4.5968556,8.511886
1356784237222,-1.5911331,0.9956236,9.089822
1356784237262,-1.2777472,-1.1870437,3.7381802
1356784237302,-7.430008,3.8391929,-3.0296073
1356784237342,2.867529,-1.85145,-7.0689054
1356784237382,0.06476545,-0.79470015,-5.584755
1356784237421,0.66460276,5.0948257,-2.2304318
1356784237462,0.10675955,1.2219968,-2.7988744
1356784237502,-0.10053301,-0.68691254,-3.0275278
1356784237542,0.4814272,0.8578024,-3.1786637
1356784237582,-0.24355364,0.11920118,-3.8152585
1356784237621,-0.73976135,-0.5230694,-2.7039132
1356784237661,-1.496768,0.48479939,-1.7599673
1356784237701,-0.2006259,1.321507,0.35908914
1356784237741,-0.05421114,2.7657743,-0.19803163
1356784237782,-0.8804884,2.7471433,0.6802905
1356784237821,-0.4576211,3.3679533,1.0036385
1356784237861,-1.0908203,1.0558076,1.1120095
1356784237929,-4.87811,0.19889069,-1.6233652
1356784237943,-4.5748844,-1.1720929,-2.661971
1356784237983,-0.7274599,0.17132235,1.2169856
1356784238023,1.054462,-1.8539448,2.767828
1356784238061,2.7632003,-3.342475,-0.21905024
1356784238101,3.1955938,-5.423041,1.2164291
1356784238142,4.5125327,-5.88939,1.1844777
1356784238182,5.249646,-5.344881,1.7016468
1356784238222,3.7499838,-1.1275382,5.181306
1356784238262,-0.04131174,5.407404,9.395434
1356784238302,-0.3321104,3.5469608,10.076653
1356784238342,4.0728626,-2.1966956,4.6866827
1356784238381,-2.5339613,-0.82071114,-2.5251808
1356784238421,-9.058887,4.5012455,-0.31731522
1356784238462,2.2232487,-1.8469009,-6.777372
1356784238502,-1.333231,-0.98087883,-6.7469206
1356784238542,1.753828,5.543744,-2.9309564
1356784238582,-0.36067438,0.15363884,-3.476461
1356784238621,-0.49567986,-0.5359955,-2.4483073
1356784238661,0.4438653,0.6737356,-3.6034064
1356784238701,-0.3112502,-0.6041045,-3.5155442
1356784238742,-0.7923188,-0.6231041,-2.750714
1356784238781,-1.1089444,0.299675,-1.5082731
1356784238822,0.057191372,1.8242741,0.08989346
1356784238862,-0.29337597,3.0766487,-0.054972053
1356784238930,-0.93356276,1.4779048,1.5246727
1356784238962,-0.44025278,2.5765948,1.4126031
1356784238982,0.9543319,1.9539838,0.9464349
1356784239022,-4.3930845,1.9578185,-0.70809746
1356784239060,-5.200715,-0.69454813,-2.3593485
1356784239102,-1.0077391,1.2946482,0.39829904
1356784239141,0.2810955,-1.7203965,2.5450525
1356784239182,2.216558,-3.942234,-0.19097741
1356784239222,2.8592176,-5.533928,0.53094023
1356784239262,2.987413,-5.7959766,0.3090657
1356784239302,4.5024004,-6.0509844,0.53559434
1356784239342,4.491474,-3.8168511,3.4093757
1356784239382,2.1793313,3.3223672,7.9463873
1356784239422,0.43244457,6.6518865,9.84141
1356784239461,1.6318374,-0.5614438,9.027335
1356784239502,0.35570765,-1.2337003,-0.78088677
1356784239542,-10.148961,4.5159597,-2.3196712
1356784239581,0.8913722,-2.1460085,-4.0872917
1356784239621,-0.772511,-3.74283,-9.061144
1356784239661,0.6809287,5.250643,-3.5199308
1356784239702,0.45873785,1.9909487,-3.8961549
1356784239741,-0.97298527,-0.90070724,-2.0563164
1356784239781,0.5797715,0.7925782,-3.1629577
1356784239825,-0.26330757,-0.22053099,-2.756448
1356784239861,-0.17967224,-0.32501793,-2.590195
1356784239930,-0.92372465,-0.23889732,-1.7561214
1356784239943,-0.7184086,0.85750914,-0.18180394
1356784239983,-0.44888353,3.0937042,0.4955865
1356784240023,0.0020570755,1.9274282,1.5697371
1356784240063,-0.21224594,1.4830647,2.2703495
1356784240102,1.5904665,1.8874187,1.9695297
1356784240141,-2.0906286,2.7245831,0.32124034
1356784240182,-6.873032,-0.08560848,-3.3693898
1356784240222,-2.2598505,0.011318684,0.08727561
1356784240262,0.36006355,0.5651946,3.1351638
1356784240302,2.1035728,-3.5659575,-0.32339332
1356784240342,2.6905522,-4.528174,0.3326941
1356784240381,2.9531345,-5.7259445,0.6608886
1356784240421,4.0358686,-5.7143126,0.11654985
1356784240461,4.828047,-4.7103553,2.2711294
1356784240502,2.2447295,1.6652784,6.999568
1356784240542,-0.9092212,5.891048,10.6135645
1356784240582,1.6958675,-0.76427937,7.4077034
1356784240621,3.1704912,-1.7842546,2.2471817
1356784240661,-9.387597,3.8882346,-2.9141188
1356784240702,0.14657259,0.9838047,-2.9722981
1356784240741,0.022590637,-3.6983237,-8.789847
1356784240782,-0.6727824,3.2414513,-3.3089042
1356784240821,0.8043809,2.5326471,-4.3977904
1356784240861,-0.68718004,-0.83240175,-2.1650338
1356784240927,0.5955267,1.0299296,-2.911559
1356784240943,-0.007996082,0.5392513,-3.7947278
1356784240983,-0.73472166,-0.6917529,-2.4632044
1356784241023,-1.2032666,0.24198866,-1.8431361
1356784241063,-0.71481276,1.1632342,-0.109778404
1356784241101,0.10170555,2.6380205,0.0716095
1356784241141,-0.6825595,1.5146914,1.0615089
1356784241182,-0.5805249,2.9425669,1.5004218
1356784241222,0.88430643,2.2136297,1.0080259
1356784241262,-3.9599752,0.5422449,0.3329674
1356784241302,-5.832731,-0.32136583,-2.6617184
1356784241342,-1.3170156,0.5348091,-0.43947405
1356784241382,0.29932976,-0.122661114,3.3566089
1356784241421,2.1185002,-2.7259145,0.65987164
1356784241461,2.6647449,-4.6057005,0.8326673
1356784241502,2.538485,-5.4720025,0.8578667
1356784241542,3.5861611,-5.481306,0.2856412
1356784241582,5.0213146,-4.432743,2.1622381
1356784241621,3.1533976,0.7337475,6.4959207
1356784241661,1.1806607,4.6421785,7.951184
1356784241702,-0.32542753,2.1818027,8.848476
1356784241741,3.0034542,-2.6985884,5.7395205
1356784241781,0.4018879,-0.80022144,-2.0834162
1356784241822,-10.776396,5.470743,-1.7569487
1356784241862,0.38502884,-0.9861417,-4.4737954
1356784241930,-0.6453028,-3.489343,-8.905726
1356784241953,0.18681383,3.9305305,-4.5145164
1356784241982,0.7723479,2.1610003,-4.311103
1356784242020,-1.7118287,-0.8954067,-2.7056842
1356784242062,0.16314983,0.32765245,-3.09543
1356784242102,-0.112306595,0.0955801,-3.0880082
1356784242142,-0.15364313,0.3188882,-2.0751622
1356784242182,-1.1826172,0.33209944,-1.0818282
1356784242222,-0.22757006,1.1125703,0.16568267
1356784242262,0.40396643,3.1402688,-0.44659907
1356784242302,-0.34739923,1.9008446,1.1438587
1356784242342,-0.21289825,2.2326064,1.7555628
1356784242382,1.2177715,2.1702209,1.4018564
1356784242421,-2.2135086,1.8057637,0.605034
1356784242461,-6.6469054,-0.281466,-2.991923
1356784242502,-2.683969,0.032989025,-0.30179256
1356784242542,0.4394517,-0.009056091,3.2470558
1356784242582,2.1770906,-2.7029157,0.28250805
1356784242622,2.7090335,-4.531543,0.45358843
1356784242661,2.9038367,-6.361247,0.5540677
1356784242702,4.079747,-5.867656,0.31238604
1356784242741,4.880063,-5.053241,2.4055533
1356784242782,2.150218,1.5293307,6.6865973
1356784242822,-0.9353137,5.5426383,10.997989
1356784242862,0.29369974,-0.58534,8.656084
1356784242930,2.9788678,-2.1375527,1.5378337
1356784242944,-8.796664,3.4256454,-2.822415
1356784242983,-3.9414425,3.861926,-1.1160133
1356784243023,0.70502234,-3.8151274,-8.915028
1356784243063,-0.98357344,2.6450062,-5.1167397
1356784243101,1.0870776,3.4449244,-4.012124
1356784243141,-1.0185251,-1.6666346,-2.9030476
1356784243182,1.204454,0.9572401,-3.8225608
1356784243222,0.9035444,0.5346594,-3.55325
1356784243262,0.6357298,-0.5924978,-2.6371331
1356784243302,-0.5595255,0.03107214,-2.31139
1356784243342,-0.20098257,0.22352791,-0.8478203
1356784243382,0.44905186,1.964251,-1.0161917
1356784243421,-0.551178,2.2506938,0.04677102
1356784243462,-0.9015379,1.5446005,1.5981106
1356784243501,0.08252001,3.0462632,1.7327372
1356784243541,0.7604375,1.8060746,1.6534098
1356784243582,-4.018873,1.0883975,-2.1548312
1356784243622,-4.624468,-0.5656886,-2.523112
1356784243661,-0.95696735,1.2039967,0.9958493
1356784243702,0.5863581,-1.153646,2.4837565
1356784243742,2.4188385,-3.7240767,-0.21045071
1356784243781,2.31349,-5.4110117,0.675632
1356784243822,3.2179546,-5.4521055,0.6951947
1356784243862,4.4098406,-5.866975,0.896825
1356784243931,4.4813595,-3.5823298,3.8186343
1356784243944,0.7058387,4.1399837,8.341977
1356784243983,-2.2809243,5.045788,10.557136
1356784244023,3.162685,-1.9919271,7.3469152
1356784244062,2.1214142,-1.7901235,-3.0542397
1356784244102,-11.050076,5.726098,-1.4067092
1356784244141,1.5243936,0.5816579,-2.6674063
1356784244182,-0.9829564,-3.889063,-8.35235
1356784244222,0.08060551,4.483992,-3.5927918
1356784244262,0.5428939,1.8263841,-3.4114232
1356784244302,0.21212578,-1.1339517,-1.8481699
1356784244342,0.100165844,2.1557984,-2.8626497
1356784244382,-0.6111083,-0.9341917,-2.7542965
1356784244421,-1.008678,-0.8881893,-2.3689692
1356784244462,-0.9581437,0.31359434,-1.5057496
1356784244502,-0.20230436,1.544991,-0.30496073
1356784244542,0.11195707,3.9251451,-0.4527424
1356784244582,-1.7034626,0.68127346,1.4721483
1356784244622,-0.05778885,1.6940236,2.0202553
1356784244661,2.1890645,1.6867666,1.5045537
1356784244702,-2.775807,2.483664,-1.1724939
1356784244742,-7.5343432,-0.766593,-2.8389547
1356784244782,-2.0522833,0.30462122,-0.0013674237
1356784244826,0.73454666,0.14624786,3.233941
1356784244861,2.2915764,-3.2768106,-0.017345935
1356784244949,2.7116256,-5.3902283,-0.007903278
1356784244950,2.88899,-5.8711834,0.73627365
1356784244969,3.8620205,-6.105156,0.48728228
1356784244999,4.842739,-5.3178716,1.8140469
1356784245042,4.235778,-1.8162775,5.2155733
1356784245082,0.43127537,5.8868866,9.564632
1356784245122,-0.12067413,2.3695827,10.40615
1356784245162,2.0217829,-3.6129062,3.4104486
1356784245202,-7.379617,1.5995626,-3.3504906
1356784245242,-1.9333787,4.209173,-0.80198836
1356784245282,1.6288023,-3.604486,-8.343023
1356784245322,-1.1702571,2.2669191,-4.883114
1356784245362,1.6842594,3.771874,-3.0462449
1356784245402,-0.79967785,-0.7411828,-2.8756866
1356784245442,0.8598385,0.20104456,-1.530522
1356784245482,0.89602804,1.5742197,-2.7809963
1356784245521,-0.42791176,-0.88379526,-2.3355722
1356784245562,-0.9067893,-0.82987356,-2.9374032
1356784245602,-1.2291455,-0.2852993,-1.2777896
1356784245642,0.18929338,2.7012405,0.029365063
1356784245681,-0.17875147,3.1311316,-0.4432146
1356784245722,-1.7605476,1.4607782,1.0592878
1356784245761,0.105985165,2.4738555,1.4312035
1356784245802,0.6654229,1.24399,1.0289212
1356784245842,-4.7750993,0.63169575,-1.351007
1356784245881,-5.8351493,-1.5621376,-2.9740517
1356784245931,-0.7878051,1.6170702,1.7713113
1356784245963,1.1972222,-0.1730628,3.4007227
1356784246003,2.3140779,-3.8853927,-0.546254
1356784246043,2.4273648,-5.236641,0.8347591
1356784246082,3.1839495,-6.3334546,0.82589376
1356784246122,4.9623485,-5.557104,1.4511083
1356784246162,4.85269,-3.3041153,4.0280175
1356784246202,0.62663317,4.3851857,8.392438
1356784246242,-0.13176918,5.5186663,11.738352
1356784246282,3.8230557,-2.8847446,4.412709
1356784246322,-3.4263134,-2.4446971,-4.132835
1356784246362,-9.19701,5.718955,1.12255
1356784246402,2.2212186,-2.2469163,-7.2035065
1356784246441,-1.5748363,-2.5054238,-7.837873
1356784246482,2.6327217,6.4094653,-4.8846087
1356784246521,-0.81996155,0.8537078,-3.3739347
1356784246562,-0.83413506,-0.8695526,-2.1775694
1356784246602,1.1230903,1.2267885,-2.8473117
1356784246642,0.7141514,0.6828041,-2.203231
1356784246681,0.71898603,0.3024335,-1.1193264
1356784246722,-0.60359573,0.13272619,-1.6657742
1356784246761,-0.8519139,0.027158737,-0.33674735
1356784246802,-0.65007496,1.7839823,-0.05092018
1356784246842,-1.0956011,2.2903671,0.7478163
1356784246881,-1.2773485,3.3383179,1.0514104
1356784246931,-0.3499794,3.4687748,0.91753674
1356784246963,-0.39656067,0.28584957,1.2772796
1356784247003,-4.054629,-0.74053574,-2.0160751
1356784247044,-3.0339131,-0.66160345,-2.163863
1356784247083,-1.2914906,1.3444109,2.45188
1356784247123,0.9998841,-1.9289455,1.8591193
1356784247161,2.7860122,-3.9465923,0.057186715
1356784247202,3.203689,-5.0950828,1.3401953
1356784247242,4.3861737,-6.326731,0.53925234
1356784247282,5.205077,-5.379798,2.38346
1356784247322,3.4761105,-0.32294512,6.318102
1356784247362,-0.81332636,5.0235815,9.716472
1356784247402,1.0155125,1.7030883,8.686945
1356784247442,3.560241,-2.7293928,2.506227
1356784247482,-4.713073,-0.6522727,-2.9260983
1356784247521,-8.950901,5.75971,1.718991
1356784247562,1.8639724,-3.3009477,-7.736495
1356784247602,-1.4917302,-1.3076124,-7.2688503
1356784247642,1.289115,5.221638,-3.9416907
1356784247681,-0.58308506,0.2953701,-3.6986425
1356784247722,0.107969284,-0.54627275,-2.1531205
1356784247762,0.6930356,1.3781095,-3.2136986
1356784247801,0.043515205,-0.13473415,-2.8504503
1356784247842,-0.73514795,-0.14625502,-2.2078037
1356784247882,-1.0441642,0.6410451,-1.1110367
1356784247935,0.4512515,1.8987885,0.49755293
1356784247959,0.013653755,2.448938,0.39659375
1356784248002,-0.50562143,1.8890095,1.0078022
1356784248042,0.34124613,3.3575706,1.0486127
1356784248082,-1.4108734,1.0317879,0.83483946
1356784248122,-5.3520284,-0.054018497,-1.2136049
1356784248162,-4.3272715,-1.0951252,-1.953371
1356784248202,0.45535517,0.92701817,1.0037243
1356784248242,1.0552883,-1.0737777,2.911734
1356784248282,2.088756,-3.829626,0.2202919
1356784248322,2.1597147,-4.458197,1.1769667
1356784248362,3.2596273,-5.6707726,0.81564844
1356784248402,4.78113,-5.5062275,1.0177402
1356784248441,4.9660864,-4.209134,3.4813592
1356784248481,1.6955891,3.4771514,7.638441
1356784248522,-0.84153986,5.0683293,10.772827
1356784248562,0.6565523,-2.1192193,7.1880064
1356784248602,-2.4196115,0.22958374,-2.5118442
1356784248642,-7.700494,4.0767336,-1.2562752
1356784248682,2.0460567,-2.350812,-6.117118
1356784248722,-1.6235304,-0.3676772,-7.054033
1356784248761,1.2655296,5.5174046,-2.9882565
1356784248802,-0.4397745,0.4205656,-3.6333869
1356784248841,0.020486832,-0.2895069,-2.2940993
1356784248882,0.78771496,1.3133698,-2.9668462
1356784248934,0.038414,0.1285162,-2.6129673
1356784248973,-0.46138048,-0.11877489,-2.0827134
1356784249013,-0.74519634,0.6159234,-1.0907085
1356784249053,0.22147942,1.7853007,0.3366338
1356784249091,0.06998968,2.327015,-0.20782316
1356784249132,-0.8933878,0.73265934,1.5522385
1356784249171,0.7742195,2.399722,1.319052
1356784249212,0.6207967,1.4705939,0.79164684
1356784249252,-4.20422,1.1564121,-0.6252711
1356784249292,-5.8215723,-0.45623922,-2.9560363
1356784249332,-1.1372638,0.2887311,0.23171622
1356784249372,0.54956055,-0.9404812,2.767915
1356784249412,2.2032475,-3.2039099,0.4697191
1356784249452,2.698505,-4.852003,0.4155571
1356784249491,2.9176736,-5.402369,0.70104676
1356784249532,3.7645187,-5.283933,0.6707225
1356784249572,4.2199736,-4.3973494,2.30683
1356784249612,1.4681158,2.2723265,6.7446785
1356784249652,-0.16465378,6.452229,9.938204
1356784249691,1.1192889,1.3451543,9.025936
1356784249732,4.9079113,-2.7700963,1.1557604
1356784249772,-5.435101,1.1760683,-2.9484668
1356784249811,-6.9751034,4.9074163,0.7004626
1356784249852,0.48894596,-4.864511,-9.886119
1356784249891,-1.0604424,0.27365732,-5.51293
1356784249933,1.9938259,4.975123,-4.4491034
1356784249973,-0.535388,0.16770697,-3.2902362
1356784250013,-0.3153429,-0.40480566,-2.3699949
1356784250053,-0.048111916,0.30708456,-2.9141786
1356784250091,-0.07624674,-0.41979218,-2.680467
1356784250131,-0.6623559,-0.3587308,-2.2984762
1356784250171,-1.2343116,0.30477953,-0.5135622
1356784250212,0.8327751,2.2363877,0.3481835
1356784250252,0.19377613,2.560546,0.3216876
1356784250291,-1.1928668,1.34484,1.2802995
1356784250332,0.42231417,3.491271,0.6826247
1356784250372,-2.1621604,0.98688555,1.3234854
1356784250412,-4.3883433,0.013972282,-1.988253
1356784250452,-3.933464,-1.4499307,-1.7378714
1356784250491,-0.4965539,1.4963474,2.132888
1356784250532,1.0302658,-2.0858035,2.2862616
1356784250571,2.4449873,-3.8731747,-0.21585888
1356784250612,3.1713915,-4.752741,0.92679226
1356784250652,4.433062,-6.1390867,0.6447009
1356784250691,5.1629744,-5.2675676,1.6547134
1356784250732,3.6633205,-0.8752165,6.046856
1356784250771,0.0012784004,4.908453,8.867047
1356784250831,-0.19782448,1.8112016,9.396798
1356784250852,1.0739393,-2.5145345,4.796137
1356784250892,-2.7869902,0.8713398,-2.2674308
1356784250929,-6.096886,4.218643,0.01657629
1356784250972,1.5246916,-2.8646758,-6.9362645
1356784251012,-1.1788235,0.842927,-5.3339076
1356784251051,1.4879837,5.2774506,-3.7169464
1356784251092,-1.3267393,-0.8725686,-3.1920156
1356784251132,0.07264185,-0.048703194,-2.4660764
1356784251171,0.39269257,0.72104263,-3.8852324
1356784251212,-0.06582785,-0.45035505,-3.2949042
1356784251252,-0.5062442,-0.33220148,-3.081233
1356784251292,-1.2049394,0.5389981,-1.1538064
1356784251332,0.2569251,1.8613157,0.25208378
1356784251372,0.21109772,2.9088917,-0.12162155
1356784251412,-0.93330956,1.4850125,0.9979386
1356784251452,0.49275446,2.529091,1.2710621
1356784251491,-0.40018082,1.3638287,0.687111
1356784251532,-4.7418437,0.22170734,-0.5339818
1356784251571,-5.149644,-1.0412169,-3.3534865
1356784251612,-0.55672884,0.60623455,1.2659414
1356784251651,1.1747365,-0.47956562,3.5600622
1356784251692,2.1939058,-3.3873124,0.10680167
1356784251732,2.4982047,-4.3650656,0.91154015
1356784251771,3.7341232,-6.1661315,0.58658993
1356784251812,5.420105,-5.5328655,1.9691825
1356784251852,4.806762,-2.8816447,6.3468404
1356784251891,1.1728406,3.6402187,7.650521
1356784251935,-0.8581681,0.77255297,8.694902
1356784251973,-1.6478767,-1.3638372,5.6503186
1356784252013,-6.1668468,2.856913,-0.4629519
1356784252054,-1.6752896,1.6136599,-2.8979974
1356784252093,1.613409,-2.6727917,-7.726093
1356784252133,-0.5431843,2.9508533,-5.030198
1356784252173,0.7898326,3.2881737,-2.6456919
1356784252213,-0.7045927,0.049012184,-3.5898912
1356784252252,0.32633114,0.34926224,-2.889649
1356784252292,1.1976418,1.4295182,-3.4319255
1356784252332,-0.2348895,-0.6119604,-3.161725
1356784252372,-0.7301097,-0.20113373,-2.4775028
1356784252412,-0.897243,0.7261405,-1.7535337
1356784252452,0.01436758,1.7915711,-0.2515316
1356784252491,-0.5130863,2.8724837,-0.5194013
1356784252532,-1.1411524,1.4761987,0.63223153
1356784252571,-0.2958007,2.6391497,1.4018908
1356784252611,0.10283184,1.2063851,0.51249266
1356784252652,-3.8591142,0.17158508,0.23543891
1356784252691,-4.8253045,-0.6251631,-3.0970676
1356784252732,-0.8168616,-0.048952103,0.65904385
1356784252771,0.25579834,-0.8568115,3.2069237
1356784252812,1.8139296,-2.9804454,0.9375732
1356784252852,2.029592,-3.8789954,0.9193977
1356784252891,2.398305,-5.28842,1.0481484
1356784252933,3.87854,-5.1984177,0.5783558
1356784252973,5.3088865,-4.768367,1.3913803
1356784253013,3.5528889,-0.16016388,5.65504
1356784253053,-0.7833872,6.1569324,9.963934
1356784253093,-0.060682774,1.7801232,9.747873
1356784253131,6.1560926,-3.440811,1.9461699
1356784253171,-5.730865,0.33626366,-4.0271735
1356784253211,-8.730381,6.5519958,0.905303
1356784253252,1.1557412,-4.8229733,-9.456172
1356784253292,-1.2043576,0.36971235,-5.7262335
1356784253332,3.2773476,6.81411,-4.1744785
1356784253372,-0.45267725,0.036572933,-3.182095
1356784253412,-0.7043967,-1.1913061,-2.5330834
1356784253452,-0.13330317,0.99428034,-4.1688747
1356784253492,-0.82293415,-0.8387418,-2.8696446
1356784253531,-0.77947664,0.8893633,-1.6401561
1356784253572,-0.7022834,1.2026854,-0.19108582
1356784253612,1.8043222,1.9330053,0.8587154
1356784253651,0.3941822,2.7858715,0.76907754
1356784253691,-0.9141383,2.750351,1.1996385
1356784253732,-0.96385145,1.9749303,1.0089672
1356784253790,-5.2867947,0.9894452,-1.782994
1356784253812,-5.7201614,-0.7442322,-1.9045537
1356784253852,-1.0880628,1.1060872,1.8155358
1356784253890,1.0083609,-1.5926576,2.6917522
1356784253932,2.7984834,-3.9696584,-0.057313815
1356784253973,2.8633838,-5.034653,0.8397004
1356784254013,3.9912124,-6.0278406,0.2871642
1356784254053,5.523497,-5.6874733,1.2078645
1356784254093,4.8415318,-2.624117,6.4713798
1356784254132,0.47718716,4.621643,8.917648
1356784254172,-1.7448287,0.03391266,9.800192
1356784254211,1.6620498,-3.3788047,3.6047041
1356784254252,-7.358324,3.4701567,-2.861148
1356784254292,-0.518415,3.6310759,-3.3703065
1356784254332,0.017179966,-3.3383815,-7.5150795
1356784254372,-0.7014923,2.5328054,-3.5055478
1356784254412,-0.102407455,1.9046235,-4.3799624
1356784254452,-0.86792374,-0.5606618,-2.293329
1356784254492,0.87529945,1.4225664,-3.018694
1356784254532,0.8983288,1.572432,-3.4157145
1356784254572,-0.44804478,-0.1658225,-2.0586507
1356784254611,-1.2124891,0.6380091,-1.1975708
1356784254652,-0.0068645477,1.4641209,0.09962773
1356784254691,0.37571764,2.3213472,0.11268693
1356784254732,-0.0691247,1.4797134,0.7361861
1356784254772,-0.6338291,2.7751503,1.3360476
1356784254811,1.1525846,2.704021,0.2043803
1356784254852,-2.9752746,0.37044334,1.1209773
1356784254891,-5.0284443,0.35433102,-3.1823132
1356784254935,-1.5239344,0.033664227,-0.9081485
1356784254973,0.48163176,0.09350395,2.9356372
1356784255013,1.7106218,-2.8150902,1.2749673
1356784255053,2.3147736,-3.5305047,0.67657125
1356784255093,2.5747142,-4.9797816,0.8820823
1356784255132,3.7142634,-5.921317,0.56445557
1356784255172,5.040454,-5.256111,2.6441853
1356784255212,3.522376,0.1672678,7.167532
1356784255252,0.18843842,4.8179603,9.0696
1356784255292,0.42543602,-0.011934757,9.018747
1356784255332,-1.4888744,-1.2434587,0.09742582
1356784255372,-9.325608,4.499648,-2.2366796
1356784255412,2.526107,-2.2919545,-5.8562164
1356784255452,-1.097425,-2.2148206,-7.618717
1356784255492,0.5284457,5.232189,-2.5366483
1356784255531,0.50483704,2.1345482,-3.6578999
1356784255572,-0.61950827,-0.7399254,-2.2032146
1356784255611,0.7952843,1.177609,-3.0353518
1356784255651,0.27014923,0.0814867,-3.2179673
1356784255691,-0.35639715,-0.42872715,-1.8252472
1356784255731,-0.47858572,0.38390398,-1.8304243
1356784255771,-0.49676228,0.9752002,-0.17600864
1356784255812,-0.002149582,2.471558,0.031807095
1356784255852,-0.4975872,2.3334942,0.93106544
1356784255891,-0.93421173,3.1868958,1.4827536
1356784255935,0.42391777,2.263876,0.5192037
1356784255973,-2.7697082,0.28387022,1.091588
1356784256013,-5.729975,-0.54042006,-3.8849108
1356784256053,-3.0029645,0.42206812,0.028013103
1356784256091,0.20734835,0.78728867,3.2730596
1356784256132,2.2678285,-3.3493032,0.19140017
1356784256172,2.9860158,-4.635102,0.45630538
1356784256211,3.0928812,-6.267274,0.5062118
1356784256252,4.8052273,-6.1912174,0.99593407
1356784256292,5.676079,-4.4055614,4.0425477
1356784256332,2.7131672,1.8799343,7.667384
1356784256371,-0.8692641,2.7068481,9.446391
1356784256412,-0.8181939,-0.6520405,7.807005
1356784256452,-4.5302486,1.7766128,1.0660439
1356784256492,-5.1709194,2.5168562,-1.437578
1356784256532,2.8758392,-3.4747252,-9.228506
1356784256572,-0.68150663,1.6038446,-5.928946
1356784256611,0.9108939,5.0854263,-2.423248
1356784256652,-1.5096755,-0.9806323,-3.042995
1356784256691,0.10168123,-0.18481827,-2.373262
1356784256750,0.91721535,1.5701709,-3.9522057
1356784256772,0.13592386,0.031642914,-3.1708012
1356784256812,-0.82031393,-0.004790783,-2.2987142
1356784256850,-1.0969472,0.3360095,-1.0674396
1356784256892,0.1187439,1.5022984,-0.09301782
1356784256935,0.4013276,2.978531,-1.0159395
1356784256973,-0.9013171,0.6557903,0.88896906
1356784257013,-0.17455196,2.2588954,1.4530574
1356784257052,1.1921306,2.2830644,0.53383327
1356784257093,-4.254354,0.9956341,-0.5885166
1356784257133,-6.0468717,-0.547729,-2.8946314
1356784257172,-1.6363435,0.4925933,0.14053887
1356784257211,0.565413,-0.18518543,3.422283
1356784257252,2.1639585,-2.9617076,0.54762703
1356784257292,2.1713676,-4.2557316,0.84232193
1356784257332,2.5603633,-5.384665,0.8910983
1356784257372,4.344124,-5.1577425,1.2122488
1356784257412,5.1113367,-4.1114817,3.1499481
1356784257452,3.0181727,1.2073741,6.6556106
1356784257492,0.5794406,3.9785533,9.292401
1356784257532,0.4128685,0.6890969,8.682289
1356784257571,1.6625385,-2.0318735,3.5225737
1356784257612,-6.9574018,2.5434704,-1.9485791
1356784257652,-4.4935064,3.3796139,-0.976966
1356784257692,1.111186,-3.7104945,-8.3529
1356784257731,-0.72890186,1.6348138,-5.7606955
1356784257772,1.4061985,4.3731985,-4.561703
1356784257811,-1.7683635,-1.0982957,-3.5699081
1356784257851,-0.7934637,-0.7096095,-3.0140538
1356784257891,0.4421792,0.81187344,-4.0554714
1356784257935,0.46030855,0.52598095,-3.1634426
1356784257973,-0.2951212,0.3046937,-1.9332659
1356784258013,-0.47085905,0.0065927505,-0.6792036
1356784258053,-0.037658215,0.61659145,-0.20053676
1356784258092,0.60224056,1.2800193,-0.35108614
1356784258132,0.4560523,1.1264472,1.0505946
1356784258172,0.0070152283,2.4293718,1.4623867
1356784258211,0.7816591,2.3945298,1.0886759
1356784258252,-1.3466153,-0.257329,0.60221
1356784258292,-4.0963783,-2.2551203,-0.1482951
1356784258332,-3.2094126,-0.31705666,-1.5104467
1356784258372,-0.3968215,-0.16474485,1.4157015
1356784258412,0.9263778,0.5456891,3.2219405
1356784258452,1.708497,-2.619719,2.1365905
1356784258492,1.8727298,-3.6309524,1.648772
1356784258532,1.8398924,-3.7770998,1.1869633
1356784258571,2.7523894,-2.5810118,2.1422393
1356784258612,2.9006286,0.15415621,3.6168542
1356784258651,2.8143291,0.4869566,4.3043404
1356784258691,2.7504473,0.74293756,4.060728
1356784258732,2.1849904,1.6029649,3.7854095
1356784258773,1.0774565,0.89506674,3.7282858
1356784258811,1.3003197,-0.31021404,3.2724564
1356784258854,0.96173,-1.0526142,1.9143689
1356784258892,-0.78076124,-0.33981228,0.71358967
1356784258936,-4.9881325,1.135838,-0.30553222
1356784258973,-8.251133,4.2227516,0.03402376
1356784259016,0.10083246,-1.7587514,-6.9501867
1356784259053,-0.5035877,-1.5323415,-7.602436
1356784259094,-0.52888584,1.9315205,-5.4210987
1356784259133,0.5928259,2.5014129,-5.720393
1356784259174,-1.4610124,-0.64021635,-2.7732735
1356784259213,-0.32137156,-0.52912235,-2.875699
1356784259253,0.85095596,0.12469435,-3.6055722
1356784259296,0.69024515,-0.030682087,-2.8225615
1356784259334,0.6077628,0.3354149,-2.0899582
1356784259375,-0.51265097,-0.16380882,-0.5996121
1356784259415,-0.3324175,0.32087803,-0.03336543
1356784259454,-0.09126568,0.80279446,-0.41350484
1356784259495,0.26246262,1.0683274,0.0025505722
1356784259535,0.022578716,1.2424893,1.2443058
1356784259577,-0.23414564,1.9623237,1.7784793
1356784259616,0.22152519,1.6717343,0.97615755
1356784259657,-1.5817132,-1.2108293,0.6334079
1356784259696,-3.2361345,-1.0779133,-1.2744522
1356784259732,-3.228733,-0.8800912,-0.49426633
1356784259773,-0.025022984,0.19191408,2.7586217
1356784259809,1.2727699,-1.0142841,2.5072925
1356784259851,1.8472929,-3.3191695,1.4503261
1356784259895,1.9236488,-3.9517102,1.1959965
1356784259936,2.4679203,-3.5415578,1.3330246
1356784259975,2.7579603,-1.4125977,2.8621345
1356784260030,2.8944669,0.98818445,4.10532
1356784260059,2.5979476,1.7258835,4.6310716
1356784260102,1.5508609,1.6352205,4.917548
1356784260144,0.8448796,1.818191,4.333995
1356784260184,0.115475655,-0.040590286,2.9914331
1356784260225,-1.8787236,-1.2357526,0.2643969
1356784260265,-5.1363554,0.6021309,-2.2788694
1356784260306,-4.0271983,1.8200006,-0.18757772
1356784260344,0.6412616,-0.9345851,-4.90223
1356784260386,0.4716711,-1.0640025,-6.3200064
1356784260426,0.3694458,1.5269175,-4.8951573
1356784260467,0.47499895,1.4356174,-4.862449
1356784260505,-1.1077895,0.14152813,-2.9652767
1356784260545,0.044233322,-0.22156334,-2.4384315
1356784260586,0.6021738,-0.29161835,-3.1171205
1356784260624,-0.15755224,-0.32604027,-2.0012276
1356784260665,0.2613454,-0.2892413,-1.4520694
1356784260704,-0.029979229,0.044979095,-0.6885895
1356784260745,-0.27948475,-3.2663345E-4,0.12076113
1356784260784,0.031871796,0.7020917,-0.52871764
1356784260823,-0.544116,1.7085772,-0.7256606
1356784260865,-1.9333825,2.090949,0.6553127
1356784260905,-1.2653999,2.1257634,1.4510698
1356784260943,0.43012047,2.5472107,1.612221
1356784260984,1.2305198,0.9905062,0.3957741
1356784261023,-0.66289234,-0.8140216,0.39131188
1356784261064,-3.636074,-0.6211343,-1.385768
1356784261103,-2.6244302,-0.8821883,-2.1056185
1356784261144,-0.15559816,0.40307426,1.7484124
1356784261183,1.1589885,-1.3476372,2.8243804
1356784261224,1.62429,-2.180987,0.8644424
1356784261264,1.9978724,-4.1677656,0.95769405
1356784261303,3.5045338,-4.5953,1.0214604
1356784261343,3.8058996,-3.7350125,1.8621554
1356784261383,3.3132505,-1.4702883,4.105271
1356784261423,2.4280262,2.3188195,6.1914663
1356784261463,0.6761999,3.8337617,8.58745
1356784261502,0.31816435,0.488441,6.1604114
1356784261542,-0.70155144,-1.3851199,1.5628918
1356784261582,-7.3746896,2.3847904,-0.9292828
1356784261622,-2.4343867,1.8476777,-0.15632582
1356784261661,1.2455835,-2.9059517,-8.35265
1356784261701,-0.40273094,1.3382516,-5.600469
1356784261741,1.0141339,2.6106367,-4.755995
1356784261781,-1.8546696,-1.3646564,-3.2800217
1356784261821,-0.43801594,-0.36625957,-2.531444
1356784261861,1.0622568,0.39156342,-3.8424869
1356784261901,0.40069342,-0.4372363,-3.3636544
1356784261941,-0.36741447,-0.03580618,-2.6354325
1356784261981,-1.3416085,0.2808795,-0.8053171
1356784262021,-0.4294901,1.210494,0.330288
1356784262061,0.20331717,2.9548078,-0.5091264
1356784262101,-1.0031991,1.1462221,1.074089
1356784262141,-0.40380955,2.1503277,1.700455
1356784262181,1.4700832,1.7738953,0.49316192
1356784262222,-1.8999133,0.3735876,0.3974325
1356784262262,-4.9086304,-0.26262856,-2.0988684
1356784262304,-2.2136378,-0.574924,-0.99370563
1356784262342,-0.03775215,-1.4952321,2.85393
1356784262383,1.5646825,-1.1438746,2.2846818
1356784262422,1.8160672,-3.0866575,0.7825921
1356784262463,2.133965,-4.3040543,0.4979863
1356784262502,2.9407573,-4.3644423,0.46370053
1356784262542,3.5026278,-3.2916064,1.9689199
1356784262582,3.0129938,-0.32992697,4.254111
1356784262622,2.7009468,2.5384278,6.2069
1356784262682,1.2468905,3.7665896,8.091617
1356784262702,1.1682329,-0.11327219,5.8429523
1356784262743,0.6057272,-2.242512,0.078247786
1356784262780,-5.9786735,2.026554,-1.7764333
1356784262822,-5.267231,4.274772,0.7310183
