1356783350150,6.510526,7.7772183,0.08172209
1356783350189,6.5922484,7.5865335,-0.10896278
1356783350231,6.469665,8.117727,0.10896278
1356783350269,6.510526,8.076866,-0.38136974
1356783350309,6.6331096,7.8589406,0.08172209
1356783350350,6.5513873,7.7363577,-0.08172209
1356783350389,6.66035,7.6954966,-0.14982383
1356783350430,6.5513873,7.6954966,-0.040861044
1356783350469,6.5922484,7.7363577,-0.23154591
1356783350509,6.6331096,7.6954966,-0.50395286
1356783350549,6.742072,7.7363577,-0.27240697
1356783350589,6.742072,7.6273947,-0.61291564
1356783350630,6.701211,7.504812,0.38136974
1356783350669,6.469665,7.8589406,0.42223078
1356783350709,6.510526,7.8589406,-0.61291564
1356783350758,6.5513873,7.8589406,0.27240697
1356783350789,6.510526,7.8861814,0.6946377
1356783350829,6.0201936,7.8861814,0.7627395
1356783350869,5.47538,8.308413,1.2258313
1356783350909,5.175732,8.894087,0.53119355
1356783350949,5.8567495,8.62168,0.313268
1356783350989,6.3198414,8.390134,0.8036005
1356783351029,5.6660647,8.471856,0.27240697
1356783351092,5.407278,8.240311,-0.08172209
1356783351110,5.8567495,8.008764,-0.19068487
1356783351149,6.0201936,8.049625,-0.29964766
1356783351189,6.1700177,8.117727,-0.38136974
1356783351229,5.8567495,8.076866,0.27240697
1356783351269,5.829509,8.471856,0.5720546
1356783351309,6.0201936,9.043911,1.1168685
1356783351349,6.4015636,9.80665,0.23154591
1356783351389,6.3607025,10.079058,-0.46309182
1356783351429,6.3607025,9.724928,-0.38136974
1356783351469,5.8976107,9.915613,-0.6537767
1356783351509,5.938472,9.915613,-0.7627395
1356783351549,6.891896,8.049625,-0.14982383
1356783351589,7.6954966,8.580819,-0.9942854
1356783351629,8.689782,8.662541,2.0294318
1356783351670,6.973618,8.430995,0.61291564
1356783351709,6.851035,7.8589406,-1.6889231
1356783351751,6.4015636,7.246025,-1.1441092
1356783351789,6.238119,6.238119,-0.84446156
1356783351831,5.5162406,5.47538,-1.1849703
1356783351869,4.7943625,4.9850473,-1.920469
1356783351911,4.2904096,6.5922484,-3.3642259
1356783351949,3.759216,7.205164,-4.399372
1356783351990,3.336985,7.8861814,-4.8216033
1356783352029,4.4810944,9.302697,-6.4015636
1356783352098,5.366417,9.384419,-7.7772183
1356783352111,5.706926,5.706926,-7.8589406
1356783352149,9.656827,7.1234417,-1.9477097
1356783352189,13.906375,11.727119,-1.920469
1356783352229,4.944186,6.932757,-1.1441092
1356783352269,4.372132,3.6774938,6.3198414
1356783352309,4.6036777,11.372991,0.10896278
1356783352349,4.7535014,9.534244,-0.8036005
1356783352389,7.3549876,6.3198414,-0.9942854
1356783352438,4.944186,8.662541,-0.8036005
1356783352470,5.134871,8.158588,0.08172209
1356783352509,6.1700177,7.9270425,-0.38136974
1356783352550,6.5513873,8.008764,-0.14982383
1356783352589,6.742072,7.8180795,0.040861044
1356783352629,5.6660647,8.580819,-0.42223078
1356783352669,6.0882955,9.915613,-0.0
1356783352709,7.0553403,9.915613,-0.46309182
1356783352749,6.701211,10.419566,-1.8387469
1356783352789,5.6252036,11.372991,-1.6480621
1356783352829,4.0588636,10.038197,0.313268
1356783352869,9.615966,9.507003,-0.9125633
1356783352909,10.460427,9.915613,2.1792557
1356783352949,7.8589406,9.915613,0.38136974
1356783352989,6.2789803,7.8589406,-0.84446156
1356783353030,4.903325,5.7886477,-0.38136974
1356783353095,5.5571017,4.440233,-0.7218784
1356783353110,5.09401,4.7535014,-0.23154591
1356783353150,3.636633,4.399372,-1.4982382
1356783353190,3.568531,7.273266,-4.2086873
1356783353230,3.718355,7.6954966,-5.6660647
1356783353270,4.140586,9.275456,-6.4015636
1356783353311,5.09401,10.882658,-8.158588
1356783353349,5.47538,5.134871,-6.891896
1356783353391,5.09401,4.630918,-3.1054392
1356783353429,13.102775,12.598822,-0.88532263
1356783353469,11.223166,11.985906,-4.1814466
1356783353509,3.759216,2.152015,7.082581
1356783353549,5.407278,8.349273,3.5276701
1356783353589,3.336985,12.108489,-0.7627395
1356783353629,7.7772183,6.0474343,-1.2258313
1356783353669,6.1291566,7.205164,-1.1168685
1356783353709,5.134871,8.730643,0.27240697
1356783353749,5.5571017,8.008764,0.19068487
1356783353790,6.4015636,7.8180795,-0.040861044
1356783353829,7.504812,8.158588,-0.10896278
1356783353869,6.3607025,9.275456,-0.23154591
1356783353909,5.8976107,10.651112,-0.5720546
1356783353949,6.4015636,9.152874,-1.879608
1356783353989,5.7477865,10.419566,-1.525479
1356783354029,3.255263,10.95076,-0.19068487
1356783354089,9.112013,11.223166,-0.5720546
1356783354109,11.727119,10.269742,2.3426998
1356783354149,9.234595,9.847511,0.38136974
1356783354190,6.8237944,9.234595,-0.84446156
1356783354229,5.053149,6.5513873,-0.46309182
1356783354269,4.862464,4.862464,-0.3405087
1356783354310,4.5628166,4.2086873,0.23154591
1356783354350,3.8273177,3.568531,-0.8036005
1356783354390,3.173541,5.325556,-2.7921712
1356783354430,4.440233,7.3958488,-5.175732
1356783354471,5.09401,10.269742,-7.504812
1356783354509,5.5571017,10.732834,-8.921328
1356783354551,5.8567495,5.8976107,-7.5865335
1356783354589,6.238119,5.243834,-1.7570249
1356783354629,10.691973,10.269742,-1.2258313
1356783354669,9.80665,11.645397,-4.903325
1356783354709,4.0180025,2.6014864,7.273266
1356783354749,4.7535014,8.580819,2.4108016
1356783354789,3.990762,10.732834,0.7218784
1356783354829,7.6954966,6.891896,-2.1383946
1356783354869,6.3607025,6.932757,-1.2258313
1356783354909,5.5571017,8.349273,0.88532263
1356783354949,5.284695,8.158588,0.92618364
1356783354989,6.701211,8.281172,-0.08172209
1356783355029,7.3958488,7.9270425,-0.6537767
1356783355090,6.469665,9.112013,-0.27240697
1356783355109,5.5571017,10.691973,0.10896278
1356783355149,6.66035,9.302697,-1.525479
1356783355189,5.2165933,10.691973,-2.1383946
1356783355229,4.0180025,10.691973,-0.53119355
1356783355269,8.308413,10.119919,-0.7627395
1356783355310,12.598822,10.079058,1.6889231
1356783355349,9.275456,10.228881,1.0760075
1356783355390,6.238119,8.662541,-0.7627395
1356783355429,4.1814466,7.43671,-0.9125633
1356783355469,5.284695,5.012288,-0.9942854
1356783355509,5.012288,2.982856,-0.10896278
1356783355549,3.8273177,3.7864566,-0.8036005
1356783355589,3.5276701,4.944186,-3.1054392
1356783355629,4.440233,7.668256,-5.8567495
1356783355669,4.7943625,10.310603,-7.7772183
1356783355709,5.7477865,10.882658,-9.234595
1356783355749,6.1700177,5.366417,-8.240311
1356783355789,6.8237944,5.829509,-0.9942854
1356783355829,14.015338,12.9529505,-1.3075534
1356783355869,4.5628166,5.7477865,1.3756552
1356783355909,6.0201936,3.8273177,6.3198414
1356783355949,3.7864566,12.408136,-0.7218784
1356783355989,5.8567495,8.430995,-0.27240697
1356783356029,6.973618,6.701211,-1.6480621
1356783356093,5.325556,8.281172,-0.6537767
1356783356110,5.284695,8.539958,0.9942854
1356783356149,6.0882955,7.6273947,-0.10896278
1356783356189,7.205164,8.076866,-0.38136974
1356783356229,6.742072,8.390134,-0.7627395
1356783356269,5.597963,10.079058,-0.53119355
1356783356309,6.0882955,9.697687,-0.6946377
1356783356349,6.701211,9.697687,-1.9477097
1356783356389,5.053149,11.795221,-0.6537767
1356783356430,6.5922484,10.119919,-0.38136974
1356783356469,11.917805,9.697687,0.27240697
1356783356509,9.425281,9.575105,2.3018389
1356783356549,6.2108784,9.656827,-0.46309182
1356783356589,5.938472,7.504812,-0.7627395
1356783356629,5.407278,6.851035,-0.6946377
1356783356669,5.8567495,3.1054392,-0.38136974
1356783356709,4.440233,3.255263,-0.6946377
1356783356749,3.336985,3.6774938,-1.920469
1356783356789,4.2086873,6.3198414,-5.09401
1356783356829,5.134871,11.413852,-8.390134
1356783356869,6.0882955,11.958665,-9.425281
1356783356909,6.4015636,5.5162406,-7.6273947
1356783356949,5.6660647,4.7535014,0.10896278
1356783356989,12.680544,11.141444,-1.4982382
1356783357029,4.9850473,9.152874,-1.6889231
1356783357090,4.8216033,3.636633,6.4015636
1356783357109,5.325556,9.534244,0.53119355
1356783357149,4.2904096,9.888372,0.14982383
1356783357189,7.6273947,6.851035,-0.9125633
1356783357229,6.2108784,7.504812,-1.1441092
1356783357269,5.9793324,8.19945,0.8036005
1356783357309,6.0474343,7.4639506,0.23154591
1356783357349,6.8237944,7.8589406,0.19068487
1356783357389,7.4639506,8.076866,-0.84446156
1356783357429,5.5571017,9.847511,-0.19068487
1356783357469,6.2789803,9.915613,-0.5720546
1356783357509,6.4424243,9.697687,-1.9885708
1356783357549,4.630918,11.795221,-0.95342433
1356783357589,4.944186,10.61025,-0.8036005
1356783357629,10.95076,9.847511,-0.23154591
1356783357669,10.882658,9.956474,2.4925237
1356783357709,7.6273947,9.697687,0.50395286
1356783357749,6.510526,8.499097,-0.6946377
1356783357789,4.8216033,6.782933,-0.9942854
1356783357829,5.6252036,3.214402,-0.46309182
1356783357869,4.9850473,3.445948,-0.23154591
1356783357909,3.990762,3.9499009,-1.3075534
1356783357949,4.2904096,5.5571017,-3.759216
1356783357989,5.134871,8.499097,-5.938472
1356783358029,5.407278,12.53072,-9.043911
1356783358091,5.6252036,10.119919,-8.580819
1356783358116,4.140586,3.990762,-6.428804
1356783358139,7.5456724,6.0474343,-1.7297841
1356783358179,12.598822,12.598822,-2.3426998
1356783358219,7.082581,7.5456724,0.08172209
1356783358260,5.6252036,3.255263,5.012288
1356783358299,4.2495484,10.501288,0.27240697
1356783358339,4.903325,9.847511,-0.38136974
1356783358379,6.5513873,7.082581,-1.9477097
1356783358419,5.434519,8.281172,-0.6537767
1356783358459,5.434519,8.349273,0.3405087
1356783358499,5.938472,7.4639506,0.08172209
1356783358539,6.932757,7.5456724,0.3405087
1356783358579,6.891896,8.19945,-0.5720546
1356783358619,5.7477865,9.615966,-0.23154591
1356783358659,5.8976107,10.501288,0.19068487
1356783358699,7.1234417,9.615966,-1.2666923
1356783358739,6.0474343,11.182305,-1.3075534
1356783358779,5.2165933,10.079058,-0.29964766
1356783358819,8.662541,8.894087,-2.2201166
1356783358859,10.800936,9.575105,1.5390993
1356783358899,9.275456,9.915613,1.4165162
1356783358939,7.273266,8.281172,-0.6537767
1356783358979,5.012288,8.281172,-0.8036005
1356783359019,4.8216033,4.630918,-0.6946377
1356783359094,5.053149,2.9147544,-0.7218784
1356783359109,4.3312707,3.5276701,-1.1441092
1356783359150,4.099725,4.7126403,-3.1463003
1356783359189,5.012288,7.8589406,-5.706926
1356783359229,4.944186,12.026767,-9.084772
1356783359269,5.7886477,12.340035,-8.662541
1356783359309,4.5628166,3.759216,-7.6546354
1356783359349,6.4424243,4.4810944,-0.040861044
1356783359389,13.797412,11.536434,-0.8036005
1356783359429,6.469665,8.499097,-0.9942854
1356783359469,4.8216033,3.8273177,6.3607025
1356783359509,4.372132,10.732834,-0.38136974
1356783359549,4.7943625,9.724928,0.10896278
1356783359589,7.3958488,6.469665,-0.84446156
1356783359629,6.1291566,7.668256,-0.61291564
1356783359669,5.407278,8.240311,0.92618364
1356783359709,6.0474343,7.6954966,-0.23154591
1356783359749,6.0201936,7.8180795,-0.23154591
1356783359789,6.0201936,7.668256,-0.040861044
1356783359829,6.2789803,9.00305,0.3405087
1356783359869,6.782933,10.119919,0.19068487
1356783359909,7.082581,9.888372,-1.6480621
1356783359949,6.0474343,11.032481,-2.070293
1356783359989,4.630918,10.841797,-0.95342433
1356783360039,6.3607025,9.888372,-1.0351465
1356783360091,11.686258,9.724928,1.9885708
1356783360119,9.112013,10.038197,1.56634
1356783360159,6.5922484,9.00305,-1.2666923
1356783360199,4.2086873,8.539958,-0.7627395
1356783360239,5.434519,3.9090397,-0.50395286
1356783360279,5.09401,3.5276701,-0.27240697
1356783360319,4.0180025,4.0588636,-0.95342433
1356783360359,3.8273177,5.134871,-3.636633
1356783360399,4.7126403,7.3549876,-5.7886477
1356783360439,4.6036777,9.112013,-6.6331096
1356783360479,5.012288,11.264028,-9.343558
1356783360519,5.243834,5.938472,-7.082581
1356783360559,6.1700177,4.903325,-0.040861044
1356783360599,15.28203,13.143636,-1.4165162
1356783360639,4.7535014,7.9679036,-0.9942854
1356783360679,5.325556,3.0237172,7.8861814
1356783360719,5.243834,10.923519,-1.1168685
1356783360759,5.325556,9.915613,-0.29964766
1356783360799,6.851035,6.238119,-1.56634
1356783360839,5.284695,7.8180795,-0.3405087
1356783360879,5.6252036,8.158588,0.42223078
1356783360919,5.7886477,7.668256,-0.19068487
1356783360959,6.8237944,7.9270425,0.040861044
1356783361000,6.932757,7.8861814,-0.8036005
1356783361039,5.938472,9.534244,0.040861044
1356783361089,6.1291566,10.460427,-0.10896278
1356783361129,7.014479,9.425281,-1.9477097
1356783361169,5.7477865,11.563675,-1.4982382
1356783361209,5.7477865,10.269742,-0.040861044
1356783361249,10.528529,8.539958,-1.0351465
1356783361289,10.310603,9.534244,1.6480621
1356783361329,7.6273947,9.234595,0.08172209
1356783361369,6.2789803,7.7363577,-0.8036005
1356783361409,5.053149,7.6273947,-1.1441092
1356783361449,5.434519,4.0180025,-0.61291564
1356783361489,5.053149,4.2904096,-0.46309182
1356783361529,4.099725,4.099725,-1.334794
1356783361569,4.0588636,5.7886477,-3.9771416
1356783361609,4.630918,7.3958488,-5.8158884
1356783361649,4.862464,10.651112,-7.7363577
1356783361689,5.407278,10.882658,-8.812365
1356783361729,3.6774938,4.671779,-6.782933
1356783361769,6.469665,5.325556,-0.7218784
1356783361809,15.554437,14.437569,-3.0237172
1356783361849,4.440233,5.47538,0.50395286
1356783361889,6.0201936,3.405087,6.469665
1356783361929,4.099725,11.795221,-0.7218784
1356783361969,5.366417,8.689782,-0.10896278
1356783362009,6.2789803,6.469665,-1.8387469
1356783362049,5.597963,8.308413,-1.1168685
1356783362091,6.3198414,7.7363577,-0.46309182
1356783362129,6.0882955,7.3141265,0.19068487
1356783362169,6.66035,8.008764,0.7218784
1356783362209,6.851035,8.158588,-0.3405087
1356783362249,6.0201936,9.656827,-0.53119355
1356783362289,6.238119,10.310603,-0.10896278
1356783362329,7.0553403,8.853226,-1.3075534
1356783362369,6.4015636,10.147159,-1.7570249
1356783362409,4.2904096,11.073342,-0.10896278
1356783362449,7.9679036,9.302697,-1.4982382
1356783362489,11.686258,9.425281,1.920469
1356783362529,9.193735,9.534244,0.95342433
1356783362569,6.4015636,9.697687,-0.95342433
1356783362609,5.012288,7.6954966,-0.5720546
1356783362649,5.366417,5.2165933,-0.61291564
1356783362689,4.9850473,2.982856,-0.53119355
1356783362729,4.0588636,3.5276701,-1.0351465
1356783362770,3.255263,4.944186,-3.0237172
1356783362809,3.9090397,7.7363577,-6.1700177
1356783362851,4.6036777,9.343558,-8.008764
1356783362889,5.8567495,10.760075,-7.9270425
1356783362931,6.238119,6.510526,-8.117727
1356783362969,8.812365,6.0882955,-1.0760075
1356783363009,12.789507,12.53072,-1.3756552
1356783363049,3.5957718,6.973618,0.3405087
1356783363092,5.706926,3.9090397,6.1291566
1356783363129,4.6036777,11.876944,-0.95342433
1356783363169,5.284695,8.962189,-1.2258313
1356783363209,6.8237944,6.2789803,-1.1849703
1356783363249,4.903325,7.8861814,-0.46309182
1356783363289,5.5571017,8.499097,0.5720546
1356783363329,6.510526,7.273266,-0.42223078
1356783363369,7.014479,7.6954966,0.10896278
1356783363409,7.164303,7.7772183,-0.5720546
1356783363449,5.597963,10.038197,0.19068487
1356783363489,6.742072,10.119919,-0.42223078
1356783363529,6.66035,9.507003,-1.6889231
1356783363569,6.1291566,11.114203,-1.7570249
1356783363609,4.5628166,10.528529,-0.10896278
1356783363649,9.575105,9.915613,-0.6537767
1356783363689,10.991621,9.425281,1.9477097
1356783363729,8.349273,9.888372,0.8036005
1356783363769,7.014479,8.308413,-0.6537767
1356783363809,4.903325,7.9679036,-0.42223078
1356783363850,5.434519,3.990762,-0.7218784
1356783363889,4.9850473,2.982856,-0.42223078
1356783363930,3.8273177,3.5957718,-1.0351465
1356783363969,3.173541,4.3312707,-3.2961242
1356783364009,4.099725,8.730643,-5.9793324
1356783364049,5.407278,12.108489,-9.043911
1356783364091,6.782933,10.501288,-9.534244
1356783364129,5.134871,5.175732,-6.238119
1356783364169,7.205164,7.0553403,-0.88532263
1356783364209,12.067628,12.067628,-2.6832085
1356783364249,5.7477865,4.903325,1.3756552
1356783364289,6.0201936,4.630918,4.9850473
1356783364329,3.5276701,12.026767,-0.42223078
1356783364369,5.938472,8.349273,-0.14982383
1356783364409,6.742072,6.4424243,-1.8387469
1356783364449,5.407278,7.8180795,-1.0351465
1356783364489,5.47538,8.158588,-0.19068487
1356783364529,5.706926,7.504812,0.23154591
1356783364569,6.5922484,7.4639506,0.5720546
1356783364609,6.782933,8.390134,-0.14982383
1356783364649,5.8976107,10.310603,-0.29964766
1356783364689,6.4015636,11.141444,-0.0
1356783364729,7.273266,9.507003,-1.1849703
1356783364759,6.5513873,9.956474,-1.6889231
1356783364799,5.175732,10.079058,-0.9125633
1356783364839,6.0474343,10.038197,-1.3756552
1356783364879,10.991621,9.615966,-0.08172209
1356783364919,9.534244,8.962189,2.152015
1356783364959,7.164303,10.337844,-0.61291564
1356783364999,6.1700177,7.6954966,-1.1849703
1356783365049,6.0201936,4.5219555,-0.42223078
1356783365094,5.5571017,3.8273177,-0.9942854
1356783365129,4.5628166,3.1054392,-0.6537767
1356783365169,3.255263,3.759216,-2.1383946
1356783365209,3.568531,6.469665,-4.862464
1356783365249,4.671779,10.800936,-7.7363577
1356783365289,6.0882955,12.299174,-10.18802
1356783365329,5.7477865,5.053149,-7.43671
1356783365369,6.3198414,4.440233,-1.1441092
1356783365409,12.598822,11.223166,-1.4165162
1356783365449,5.9793324,9.425281,-2.7921712
1356783365489,5.706926,5.175732,7.246025
1356783365529,4.671779,9.915613,0.38136974
1356783365569,6.1700177,8.471856,0.08172209
1356783365609,7.082581,6.3198414,-2.3018389
1356783365649,5.5571017,7.3958488,-1.525479
1356783365689,5.366417,7.9270425,0.42223078
1356783365729,5.706926,8.008764,-0.27240697
1356783365769,7.082581,8.008764,-0.19068487
1356783365809,7.3549876,8.430995,-1.1849703
1356783365849,5.7886477,10.228881,-0.46309182
1356783365889,5.706926,10.269742,-0.50395286
1356783365929,6.2108784,10.923519,-1.4573772
1356783365969,5.243834,11.032481,-1.1849703
1356783366009,7.3958488,8.662541,-0.23154591
1356783366049,12.489859,8.730643,0.9942854
1356783366093,10.991621,9.00305,2.0294318
1356783366129,6.6331096,9.466142,-0.38136974
1356783366169,5.7477865,6.851035,-1.4982382
1356783366209,5.012288,6.2789803,-0.95342433
1356783366249,5.8567495,4.2086873,-1.3075534
1356783366289,4.8216033,3.9499009,-0.84446156
1356783366330,3.255263,4.7126403,-2.070293
1356783366369,3.990762,6.4424243,-4.440233
1356783366410,4.372132,7.8589406,-5.8158884
1356783366449,5.053149,9.193735,-7.5456724
1356783366491,6.8237944,9.152874,-8.267551
1356783366529,5.706926,5.2165933,-7.014479
1356783366571,5.053149,5.47538,-3.5276701
1356783366609,12.026767,12.367276,-2.1111538
1356783366649,9.847511,9.425281,-1.879608
1356783366690,4.140586,2.4108016,6.851035
1356783366729,5.053149,9.384419,1.7570249
1356783366770,3.9090397,11.34575,-1.1168685
1356783366809,7.3549876,5.9793324,-1.3756552
1356783366849,6.0201936,7.273266,-0.95342433
1356783366889,5.938472,7.8589406,0.6946377
1356783366929,5.8976107,8.049625,0.95342433
1356783366969,7.6954966,7.8180795,0.19068487
1356783367009,7.246025,8.539958,-1.334794
1356783367049,5.6252036,9.507003,-0.84446156
1356783367095,5.012288,10.528529,-0.29964766
1356783367129,6.701211,8.499097,-2.3426998
1356783367169,5.325556,10.310603,-1.6889231
1356783367209,5.175732,11.032481,-0.27240697
1356783367249,13.33432,10.691973,1.3075534
1356783367289,12.408136,9.112013,1.9477097
1356783367329,6.2789803,10.147159,-1.2258313
1356783367369,5.47538,7.164303,-0.8036005
1356783367409,4.440233,5.175732,0.3405087
1356783367449,4.9850473,2.9147544,-0.19068487
1356783367489,4.671779,3.2961242,-0.38136974
1356783367529,3.636633,4.0180025,-2.1792557
1356783367569,4.0588636,7.7363577,-6.0882955
1356783367609,4.7943625,10.800936,-8.308413
1356783367649,6.238119,10.528529,-9.084772
1356783367689,7.1234417,5.7477865,-7.082581
1356783367729,10.119919,6.510526,0.7218784
1356783367769,11.536434,11.876944,-3.718355
1356783367799,3.1463003,4.9850473,3.173541
1356783367839,5.6660647,5.325556,5.284695
1356783367879,3.405087,11.727119,-1.56634
1356783367919,5.706926,8.076866,-0.42223078
1356783367959,7.164303,6.3198414,-1.3075534
1356783367999,5.47538,8.308413,-1.1849703
1356783368039,5.47538,8.117727,0.27240697
1356783368093,6.238119,7.164303,0.27240697
1356783368120,7.5456724,7.5865335,0.3405087
1356783368159,7.3958488,8.308413,-0.7627395
1356783368199,5.6252036,9.575105,-0.29964766
1356783368239,6.2789803,10.119919,0.08172209
1356783368279,7.082581,9.724928,-1.0351465
1356783368319,5.5162406,11.264028,-1.3075534
1356783368359,5.434519,9.847511,-1.1168685
1356783368399,10.147159,8.730643,0.6946377
1356783368439,11.372991,8.240311,1.4165162
1356783368479,8.580819,10.882658,-1.2666923
1356783368519,5.8567495,8.158588,-0.38136974
1356783368561,4.671779,5.8976107,-0.08172209
1356783368599,4.630918,4.0588636,0.10896278
1356783368641,4.0180025,2.6832085,-0.10896278
1356783368679,3.7864566,5.175732,-2.5606253
1356783368720,4.5628166,7.014479,-5.366417
1356783368759,4.8216033,8.076866,-6.1291566
1356783368799,5.7477865,11.645397,-8.853226
1356783368840,4.944186,6.4424243,-8.117727
1356783368879,5.243834,4.0180025,-1.7978859
1356783368919,13.565866,9.997335,0.3405087
1356783368959,9.697687,11.454713,-3.718355
1356783368999,4.3312707,2.3426998,7.014479
1356783369039,5.407278,9.425281,2.1792557
1356783369093,3.636633,11.454713,-0.61291564
1356783369119,7.3549876,6.3607025,-0.95342433
1356783369159,6.5922484,6.2789803,-1.1849703
1356783369199,5.6660647,8.117727,0.23154591
1356783369239,5.8976107,7.9270425,0.14982383
1356783369279,6.5922484,7.8589406,0.040861044
1356783369319,7.082581,8.281172,-0.6946377
1356783369359,6.2789803,9.112013,-0.42223078
1356783369399,6.2789803,9.534244,0.38136974
1356783369440,6.891896,8.771504,-1.0760075
1356783369479,6.782933,9.656827,-2.2609777
1356783369520,3.486809,11.645397,-0.6946377
1356783369559,6.891896,10.61025,-0.3405087
1356783369600,12.912089,9.275456,0.6537767
1356783369639,9.724928,8.730643,1.9885708
1356783369679,6.5922484,9.80665,-0.3405087
1356783369719,5.6252036,7.9679036,-1.1849703
1356783369759,5.243834,5.7886477,-0.29964766
1356783369799,5.134871,4.5219555,-0.8036005
1356783369839,4.099725,2.7649305,-0.29964766
1356783369879,3.336985,3.990762,-1.3075534
1356783369919,4.7943625,6.1291566,-3.9090397
1356783369959,4.440233,10.651112,-7.43671
1356783369999,4.9850473,11.372991,-9.384419
1356783370039,6.4424243,6.3198414,-8.580819
1356783370094,6.0882955,3.3778462,-1.7297841
1356783370119,11.795221,8.430995,0.38136974
1356783370159,9.724928,12.571581,-5.597963
1356783370199,4.0180025,3.2961242,6.6331096
1356783370239,4.8216033,8.921328,3.0237172
1356783370279,3.9499009,10.841797,-0.9942854
1356783370319,7.9679036,6.2789803,-1.1849703
1356783370359,6.2108784,6.701211,-1.2666923
1356783370399,5.6252036,7.8861814,0.6537767
1356783370439,5.6660647,8.076866,0.27240697
1356783370479,6.5513873,7.5456724,0.10896278
1356783370519,7.5865335,7.8589406,-0.61291564
1356783370559,6.2108784,9.152874,-0.6946377
1356783370599,6.4015636,10.419566,-0.5720546
1356783370639,6.469665,9.152874,-1.879608
1356783370679,6.3607025,10.800936,-2.2609777
1356783370869,6.0201936,9.152874,-0.6537767
1356783370909,5.012288,7.273266,-0.23154591
1356783370949,5.2165933,4.2086873,-0.10896278
1356783370989,5.2165933,3.2961242,-0.3405087
1356783371029,4.2495484,3.3778462,-0.23154591
1356783371099,3.7864566,4.399372,-2.5606253
1356783371110,5.284695,7.205164,-5.706926
1356783371149,5.597963,10.56939,-7.9679036
1356783371189,4.944186,11.836082,-9.724928
1356783371229,5.7477865,5.134871,-7.7363577
1356783371269,5.366417,5.012288,-0.08172209
1356783371309,13.906375,12.721405,-0.61291564
1356783371349,6.891896,6.66035,-0.42223078
1356783371389,5.366417,4.0180025,6.0474343
1356783371429,4.6036777,10.732834,0.040861044
1356783371469,4.9850473,9.152874,-0.27240697
1356783371509,6.701211,6.3198414,-1.4165162
1356783371549,5.829509,7.6954966,-1.1168685
1356783371589,5.7886477,7.9679036,0.10896278
1356783371629,6.6331096,7.4639506,0.19068487
1356783371669,7.4639506,8.19945,-0.42223078
1356783371709,6.4424243,9.234595,-1.2666923
1356783371749,5.706926,10.61025,-0.5720546
1356783371789,6.510526,9.084772,-1.1441092
1356783371829,7.0553403,9.425281,-2.4925237
1356783371869,4.2495484,10.882658,-0.61291564
1356783371909,7.6954966,11.563675,-0.5720546
1356783371949,13.375181,9.084772,1.9885708
1356783371990,8.390134,9.656827,-0.19068487
1356783372029,6.2108784,9.466142,-1.9885708
1356783372101,5.407278,6.3198414,-0.23154591
1356783372113,4.9850473,4.0588636,-0.3405087
1356783372149,5.243834,2.4516625,-0.38136974
1356783372192,4.399372,3.445948,-0.88532263
1356783372229,4.2495484,5.6660647,-3.7864566
1356783372270,4.862464,7.7772183,-6.238119
1356783372309,4.7943625,10.923519,-8.730643
1356783372351,5.7886477,10.56939,-8.962189
1356783372389,4.8216033,3.990762,-6.238119
1356783372430,8.158588,5.407278,-0.53119355
1356783372469,14.328606,11.876944,-1.3075534
1356783372510,4.7535014,7.164303,0.27240697
1356783372549,5.597963,5.6660647,5.325556
1356783372590,3.6774938,11.604536,-0.9125633
1356783372629,6.851035,6.4424243,-0.7627395
1356783372669,6.851035,6.0882955,-1.1168685
1356783372709,5.6660647,8.580819,0.5720546
1356783372749,6.0474343,7.9270425,-0.29964766
1356783372789,6.469665,7.205164,0.23154591
1356783372829,7.8861814,8.158588,-0.7218784
1356783372869,6.851035,8.894087,-1.2666923
1356783372909,5.284695,9.765789,-0.3405087
1356783372949,6.4424243,10.147159,-1.0351465
1356783372989,6.1700177,11.563675,-1.2258313
1356783373029,5.407278,10.460427,-0.95342433
1356783373099,10.501288,10.18802,-0.5720546
1356783373110,11.223166,8.730643,2.7649305
1356783373149,9.084772,8.771504,-0.0
1356783373189,6.0474343,8.539958,-0.84446156
1356783373229,5.134871,6.1700177,-0.27240697
1356783373269,5.09401,3.568531,-0.6537767
1356783373309,4.9850473,3.2961242,-0.6946377
1356783373349,3.9499009,3.636633,-1.3075534
1356783373389,4.0588636,5.6252036,-3.8273177
1356783373429,5.325556,9.697687,-7.4639506
1356783373469,5.134871,11.454713,-8.62168
1356783373509,6.701211,7.504812,-8.430995
1356783373549,8.049625,3.7864566,-2.070293
1356783373589,14.410328,9.534244,1.334794
1356783373629,5.434519,8.539958,-2.5606253
1356783373669,3.7864566,5.09401,6.5922484
1356783373709,5.2165933,9.80665,-0.46309182
1356783373749,5.434519,9.343558,-1.0760075
1356783373789,6.6331096,7.082581,-0.88532263
1356783373829,5.7477865,7.5865335,-1.2666923
1356783373869,6.1700177,7.5865335,-0.46309182
1356783373909,6.4424243,6.851035,-0.10896278
1356783373949,7.1234417,7.4639506,0.19068487
1356783373989,7.3141265,8.430995,-0.9942854
1356783374029,5.8567495,10.378705,-0.29964766
1356783374097,6.2108784,10.337844,-0.38136974
1356783374119,7.246025,9.275456,-1.4165162
1356783374159,5.284695,10.691973,-0.9942854
1356783374199,5.5162406,10.147159,-0.5720546
1356783374239,11.264028,10.079058,0.46309182
1356783374279,11.032481,9.084772,1.879608
1356783374319,8.049625,9.425281,-0.10896278
1356783374360,6.3607025,7.7363577,-1.0351465
1356783374399,5.053149,4.7535014,0.10896278
1356783374441,5.2165933,4.630918,-1.0760075
1356783374479,4.372132,3.636633,-0.23154591
1356783374521,4.1814466,4.0180025,-1.3075534
1356783374559,3.759216,6.3607025,-4.372132
1356783374601,4.399372,10.147159,-7.246025
1356783374639,6.4424243,11.958665,-9.575105
1356783374679,6.66035,6.2789803,-7.8180795
1356783374719,6.4015636,5.175732,-1.7570249
1356783374759,11.495573,10.119919,-0.14982383
1356783374800,7.8589406,10.337844,-3.486809
1356783374839,4.903325,3.1054392,6.932757
1356783374879,4.5628166,10.18802,1.334794
1356783374919,5.175732,10.079058,-0.0
1356783374959,7.164303,6.469665,-1.6889231
1356783374999,5.597963,7.205164,-1.3075534
1356783375039,5.706926,7.6273947,0.19068487
1356783375100,6.2108784,7.504812,0.14982383
1356783375119,6.5922484,7.8861814,0.27240697
1356783375159,6.932757,8.921328,-1.0351465
1356783375199,5.7886477,9.915613,-0.95342433
1356783375239,6.1700177,10.528529,-0.3405087
1356783375279,7.5456724,10.228881,-1.3756552
1356783375319,5.6252036,10.841797,-1.2258313
1356783375369,7.7772183,9.80665,-1.3756552
1356783375409,11.686258,8.117727,2.7240696
1356783375450,8.921328,9.00305,-0.84446156
1356783375489,6.66035,9.507003,-1.1168685
1356783375529,4.944186,6.3607025,-0.08172209
1356783375569,5.134871,3.7864566,-0.29964766
1356783375609,4.7943625,3.173541,-0.9125633
1356783375649,4.1814466,3.486809,-1.2258313
1356783375689,3.3778462,4.099725,-2.8738933
1356783375729,5.175732,8.730643,-6.66035
1356783375769,6.6331096,11.264028,-9.615966
1356783375809,5.7886477,8.689782,-8.812365
1356783375849,5.325556,4.7126403,-5.8158884
1356783375889,6.891896,4.9850473,-1.1168685
1356783375929,14.369467,12.258313,-1.56634
1356783375969,5.434519,7.4639506,-1.607201
1356783376009,5.243834,3.8273177,7.4639506
1356783376049,4.2904096,11.032481,0.38136974
1356783376099,4.0588636,9.847511,-0.46309182
1356783376139,7.9270425,5.597963,-0.8036005
1356783376179,6.891896,7.164303,-1.4982382
1356783376219,5.706926,7.8861814,0.23154591
1356783376259,5.9793324,7.8589406,-0.040861044
1356783376299,6.66035,7.9270425,0.42223078
1356783376339,6.8237944,7.8180795,-0.3405087
1356783376379,6.510526,10.460427,-0.29964766
1356783376419,5.938472,10.841797,-0.29964766
1356783376459,6.932757,10.378705,-1.3075534
1356783376499,5.6660647,10.841797,-1.6889231
1356783376539,5.243834,8.771504,0.14982383
1356783376579,11.141444,8.771504,0.3405087
1356783376619,10.310603,8.962189,1.9477097
1356783376659,7.9270425,8.471856,0.313268
1356783376699,6.1291566,8.19945,-0.9942854
1356783376739,5.8976107,6.0474343,-0.84446156
1356783376779,6.3607025,4.671779,-0.61291564
1356783376819,4.7943625,4.3312707,-0.50395286
1356783376859,3.486809,3.7864566,-1.9885708
1356783376899,3.8681788,6.0474343,-3.486809
1356783376939,4.6036777,8.240311,-5.706926
1356783376979,5.09401,10.732834,-8.240311
1356783377019,6.469665,9.112013,-8.812365
1356783377059,5.175732,4.372132,-6.701211
1356783377101,8.308413,7.164303,-1.3075534
1356783377139,13.102775,12.108489,-2.3426998
1356783377179,4.3312707,3.718355,5.829509
1356783377219,5.597963,7.7772183,2.7921712
1356783377259,3.1054392,12.53072,-2.1111538
1356783377299,7.5456724,5.5571017,-0.50395286
1356783377339,6.4424243,6.973618,-0.7218784
1356783377379,5.6252036,8.117727,0.27240697
1356783377419,6.0474343,7.5865335,0.7218784
1356783377459,6.701211,7.7772183,-0.0
1356783377499,6.782933,8.240311,-0.5720546
1356783377539,6.0201936,9.466142,-0.08172209
1356783377579,6.6331096,9.656827,0.5720546
1356783377619,7.246025,8.539958,-1.0351465
1356783377659,6.510526,9.697687,-2.1792557
1356783377699,4.2495484,11.223166,-1.0760075
1356783377739,6.973618,10.56939,-1.1168685
1356783377779,11.563675,9.997335,2.4516625
1356783377819,9.80665,9.507003,1.3075534
1356783377859,7.1234417,9.084772,-0.84446156
1356783377899,5.6660647,8.049625,-1.3756552
1356783377939,5.134871,4.630918,-0.29964766
1356783377979,5.366417,3.5957718,-0.3405087
1356783378019,4.372132,3.759216,-0.6537767
1356783378060,3.9499009,4.1814466,-2.2609777
1356783378101,4.6036777,7.43671,-4.944186
1356783378140,4.4810944,9.956474,-7.3958488
1356783378179,4.8216033,12.299174,-9.493382
1356783378221,4.7126403,6.4424243,-8.19945
1356783378259,4.140586,3.173541,-0.38136974
1356783378300,11.985906,8.008764,-0.19068487
1356783378339,11.985906,14.47843,-5.706926
1356783378379,5.175732,2.4925237,6.4424243
1356783378419,5.7886477,7.082581,3.255263
1356783378459,3.718355,11.604536,0.27240697
1356783378499,6.932757,6.891896,-0.84446156
1356783378539,6.469665,5.829509,-0.9125633
1356783378579,5.6252036,8.117727,0.38136974
1356783378619,5.938472,7.9270425,-0.0
1356783378659,6.4015636,7.8589406,-0.29964766
1356783378699,7.5456724,7.9679036,-0.3405087
1356783378739,6.2108784,9.152874,-0.8036005
1356783378779,6.0474343,10.882658,-0.08172209
1356783378819,7.082581,9.043911,-1.1441092
1356783378859,7.246025,9.575105,-2.0294318
1356783378899,4.9850473,10.460427,-0.27240697
1356783378939,7.014479,10.310603,-0.61291564
1356783378979,12.258313,9.534244,2.152015
1356783379019,9.466142,9.043911,1.1441092
1356783379059,6.469665,8.349273,-1.1441092
1356783379102,5.2165933,8.117727,-1.0760075
1356783379139,5.325556,5.09401,-0.6946377
1356783379181,5.134871,3.405087,-0.0
1356783379219,4.2904096,3.568531,-0.46309182
1356783379259,4.0180025,4.630918,-2.4925237
1356783379299,4.6036777,7.014479,-4.944186
1356783379340,4.9850473,9.915613,-7.504812
1356783379379,5.134871,12.026767,-8.921328
1356783379420,5.134871,6.1700177,-8.471856
1356783379460,3.255263,4.6036777,-2.8330324
1356783379499,10.56939,9.425281,-0.0
1356783379540,10.651112,11.372991,-2.5606253
1356783379579,5.7886477,2.1792557,5.6660647
1356783379619,5.175732,8.771504,1.7978859
1356783379659,3.6774938,11.34575,0.313268
1356783379699,6.891896,6.238119,-0.7627395
1356783379739,6.1291566,6.8237944,-0.7218784
1356783379779,6.2108784,8.049625,0.53119355
1356783379821,6.1700177,7.8589406,-0.14982383
1356783379859,6.510526,8.308413,-0.14982383
1356783379899,6.8237944,8.580819,-1.0760075
1356783379939,5.938472,9.847511,-0.42223078
1356783379979,6.6331096,8.853226,-0.8036005
1356783380019,6.66035,9.302697,-2.2609777
1356783380059,4.7535014,11.223166,-0.6946377
1356783380101,7.082581,11.114203,0.08172209
1356783380139,12.598822,10.038197,1.5390993
1356783380179,10.18802,8.771504,1.1849703
1356783380219,6.701211,8.580819,-0.9125633
1356783380260,5.47538,7.0553403,-0.53119355
1356783380300,5.134871,4.8216033,-0.23154591
1356783380339,5.7886477,4.0180025,-0.08172209
1356783380380,5.284695,4.2904096,-0.5720546
1356783380419,4.5628166,5.6660647,-2.2609777
1356783380461,4.9850473,8.117727,-4.7943625
1356783380499,4.5628166,9.234595,-6.3198414
1356783380542,4.4810944,9.615966,-6.2108784
1356783380579,5.434519,6.701211,-6.3198414
1356783380620,3.9499009,4.630918,-3.173541
1356783380659,10.882658,8.390134,-1.0351465
1356783380699,13.484144,14.519291,-3.8273177
1356783380739,4.862464,6.8237944,4.6036777
1356783380779,5.938472,7.0553403,3.2961242
1356783380819,4.944186,9.275456,-0.14982383
1356783380849,6.701211,7.43671,-0.88532263
1356783380879,7.6273947,5.829509,-1.3756552
1356783380919,6.8237944,6.932757,-0.42223078
1356783380959,6.701211,8.349273,-0.53119355
1356783380999,6.0474343,9.00305,0.23154591
1356783381040,5.6252036,8.471856,-0.29964766
1356783381080,5.5571017,7.43671,-0.7218784
1356783381120,6.1291566,7.668256,-0.10896278
1356783381159,6.891896,6.469665,2.5333846
1356783381199,7.504812,8.19945,-0.46309182
1356783381239,6.238119,9.152874,-2.4516625
1356783381279,5.6660647,8.62168,-0.53119355
1356783381319,5.8567495,8.281172,0.08172209
1356783381359,6.510526,8.499097,0.040861044
1356783381399,6.6331096,9.615966,-0.88532263
1356783381439,6.238119,10.651112,-0.7627395
1356783381479,6.782933,9.466142,-0.8036005
1356783381519,7.7772183,8.117727,-0.5720546
1356783381559,8.117727,6.3607025,-1.1441092
1356783381599,8.308413,7.082581,-1.2258313
1356783381639,8.662541,8.539958,1.0351465
1356783381679,7.5456724,7.504812,0.10896278
1356783381719,7.205164,8.308413,-2.5333846
1356783381759,6.469665,5.9793324,-1.1849703
1356783381799,6.1291566,5.5162406,-1.1168685
1356783381839,5.938472,5.134871,-1.4982382
1356783381879,5.829509,5.407278,-2.1383946
1356783381919,5.597963,7.1234417,-3.336985
1356783381959,5.597963,7.9679036,-5.012288
1356783381999,5.6252036,8.349273,-5.706926
1356783382039,5.407278,8.689782,-6.701211
1356783382098,5.09401,7.504812,-5.47538
1356783382119,5.7477865,5.47538,-5.325556
1356783382159,7.43671,4.140586,-3.0237172
1356783382199,7.5865335,5.284695,-2.2609777
1356783382239,10.337844,10.079058,-3.568531
1356783382279,9.575105,10.18802,-5.7477865
1356783382319,4.0588636,6.4424243,2.2609777
1356783382359,4.630918,7.1234417,2.8330324
1356783382399,5.243834,9.084772,0.92618364
1356783382439,6.5922484,8.390134,0.14982383
1356783382479,7.4639506,7.164303,-0.6946377
1356783382519,6.0882955,8.19945,-0.3405087
1356783382559,5.6252036,7.9679036,-0.42223078
1356783382599,5.9793324,7.246025,-0.38136974
1356783382639,5.706926,7.164303,0.53119355
1356783382679,6.891896,6.973618,0.3405087
1356783382719,7.246025,7.0553403,0.08172209
1356783382759,7.1234417,8.580819,-0.50395286
1356783382799,6.66035,9.534244,-0.0
1356783382839,6.891896,10.337844,0.08172209
1356783382879,6.66035,11.727119,-0.84446156
1356783382919,6.469665,11.073342,-1.1168685
1356783382959,6.973618,9.084772,-1.56634
1356783382999,7.504812,7.3141265,-1.607201
1356783383039,9.615966,8.689782,1.1441092
1356783383095,9.847511,8.430995,2.4516625
1356783383119,8.308413,9.234595,-1.2666923
1356783383160,6.1291566,7.273266,-1.3075534
1356783383199,5.284695,5.47538,-0.23154591
1356783383239,5.053149,4.3312707,-0.7627395
1356783383279,4.440233,3.255263,-0.95342433
1356783383319,3.759216,4.671779,-2.5606253
1356783383361,3.7864566,7.504812,-5.09401
1356783383399,4.099725,9.847511,-6.428804
1356783383441,5.7477865,10.460427,-8.580819
1356783383479,6.4424243,7.082581,-8.308413
1356783383519,7.9679036,4.5219555,-4.5219555
1356783383559,11.34575,8.771504,-2.6014864
1356783383600,8.19945,9.575105,-2.4516625
1356783383639,4.7126403,3.405087,5.829509
1356783383679,5.829509,7.8589406,1.8387469
1356783383719,3.636633,10.501288,-0.27240697
1356783383759,6.851035,6.973618,-1.1849703
1356783383799,6.6331096,7.3958488,-1.1441092
1356783383839,5.706926,8.049625,-0.0
1356783383880,5.597963,7.9270425,0.7627395
1356783383919,6.1700177,7.3549876,0.27240697
1356783383960,7.246025,7.5456724,0.38136974
1356783383999,7.5456724,8.812365,-1.0351465
1356783384039,6.4015636,9.575105,-0.8036005
1356783384092,5.938472,9.507003,-0.29964766
1356783384119,6.701211,9.384419,-1.4165162
1356783384159,5.09401,11.264028,-0.9942854
1356783384199,4.630918,10.61025,0.6537767
1356783384239,11.114203,9.888372,-0.6946377
1356783384279,11.304889,8.962189,2.0294318
1356783384319,7.8589406,9.00305,0.6946377
1356783384359,6.469665,9.193735,-1.2258313
1356783384399,5.053149,5.9793324,-0.6537767
1356783384439,5.6660647,4.372132,-0.7627395
1356783384479,5.134871,4.372132,-0.50395286
1356783384520,4.4810944,3.990762,-0.8036005
1356783384559,4.140586,4.7943625,-2.9556155
1356783384599,4.5219555,7.9679036,-5.6252036
1356783384639,4.2495484,11.454713,-8.880466
1356783384681,5.5571017,9.80665,-8.662541
1356783384719,7.668256,5.09401,-5.6252036
1356783384759,11.073342,8.049625,-0.50395286
1356783384799,9.534244,10.310603,-2.9556155
1356783384839,4.5219555,4.2086873,4.8216033
1356783384879,5.597963,9.00305,2.3018389
1356783384919,4.0588636,10.378705,-1.2258313
1356783384959,6.782933,6.891896,-0.9942854
1356783384999,5.8567495,7.5865335,-1.2258313
1356783385039,5.9793324,8.049625,0.46309182
1356783385079,6.0474343,7.668256,0.23154591
1356783385119,6.469665,7.43671,0.38136974
1356783385159,6.932757,8.008764,-0.29964766
1356783385199,6.510526,8.499097,-1.0760075
1356783385240,6.0882955,10.038197,-0.10896278
1356783385279,6.3198414,9.615966,-0.5720546
1356783385319,7.1234417,9.724928,-1.7570249
1356783385359,5.09401,11.536434,-1.2666923
1356783385399,5.6660647,9.915613,-0.27240697
1356783385439,11.223166,9.697687,0.7218784
1356783385479,10.800936,9.425281,1.7978859
1356783385520,7.4639506,9.80665,-0.3405087
1356783385559,5.5162406,7.504812,-1.1441092
1356783385599,5.012288,4.9850473,-0.3405087
1356783385641,5.597963,4.1814466,-0.5720546
1356783385679,4.630918,3.990762,-0.14982383
1356783385720,4.2086873,4.5219555,-2.2201166
1356783385759,4.372132,6.3198414,-4.140586
1356783385799,4.5628166,8.471856,-5.8976107
1356783385840,4.8216033,11.958665,-8.689782
1356783385879,6.3607025,8.390134,-8.62168
1356783385921,5.7886477,4.630918,-4.671779
1356783385959,6.742072,6.6331096,-1.6889231
1356783386000,12.680544,13.143636,-3.0237172
