1356430439485,0.0,0.0,0.0
1356430439647,0.21994936,-0.03472805,-0.5209327
1356430439689,0.12312591,0.16035175,0.07799778
1356430439727,0.09576678,0.013994217,0.5627013
1356430439767,0.09451103,0.016066551,0.28099027
1356430439807,0.06559348,-0.024622917,0.75069976
1356430439848,-0.3022527,0.014621735,0.80372214
1356430439886,-0.3651141,-0.36896324,0.8430979
1356430439926,-0.799707,0.052181244,0.38710332
1356430439968,-1.0963924,0.54403496,-0.8188976
1356430440030,-0.61755615,-0.4867277,-2.188061
1356430440074,0.03599763,2.7654333,-1.8987641
1356430440115,0.21238017,0.18623447,-2.7477155
1356430440158,-0.0034945607,-0.32029724,-1.8347212
1356430440197,0.35543525,-0.4296627,-1.3414681
1356430440237,-0.23381305,-0.1959095,-1.5061483
1356430440277,0.14473313,-0.81185055,-0.56078213
1356430440317,0.47154403,-1.0894728,-0.94875515
1356430440357,0.65571487,-0.93563557,-1.83769
1356430440396,0.71387327,-1.0667028,-2.5172071
1356430440437,-0.14251721,-1.1021118,-2.4356124
1356430440477,-0.955753,-1.2253132,-3.656289
1356430440527,-0.6255959,-0.6677904,-2.406995
1356430440558,-0.729815,1.5505428,-1.5041418
1356430440615,0.32368875,-2.5134926,0.8120024
1356430440637,-1.1393758,1.6303253,3.8363
1356430440677,-1.0237983,0.84209156,3.5522215
1356430440715,-0.8737416,1.4740105,1.9542409
1356430440757,-0.13350493,0.070635796,2.9612012
1356430440796,-0.035710633,0.1591196,4.5116034
1356430440837,0.29538494,0.31848907,3.048975
1356430440877,-0.35155123,0.67569065,1.654556
1356430440917,-0.51447034,1.7769909,-0.13312435
1356430440957,-0.15355588,1.6792259,0.5878055
1356430440997,0.4091732,1.179944,0.7404205
1356430441037,0.3610543,-0.61383533,0.63534606
1356430441077,-0.62330806,-0.32155704,1.5506124
1356430441117,-0.24025244,2.8458328,3.6076033
1356430441156,1.28284,4.291049,2.0302374
1356430441196,0.474053,3.0034552,-1.7243962
1356430441237,0.77419764,-0.84139824,-0.98858863
1356430441277,0.011136442,-5.45085,1.3218144
1356430441317,-0.1823485,-6.274293,0.43483555
1356430441357,0.4583302,-4.6717925,-0.61411995
1356430441396,0.66124564,-2.7988672,-3.0614038
1356430441436,-0.3449307,-1.8070288,-6.594601
1356430441476,-0.51427674,2.0311165,-7.378695
1356430441525,0.034911692,2.4230137,-7.0360036
1356430441558,0.7755058,3.8628178,-4.978445
1356430441598,0.99695337,1.4298038,2.9914854
1356430441638,-0.97145224,-3.5685325,3.0146718
1356430441678,-1.4312775,1.3829861,2.6789176
1356430441708,-3.50976,2.089901,4.197454
1356430441748,-2.2302036,-0.27286148,3.8098822
1356430441778,1.0633941,-1.777081,1.4508764
1356430441818,1.6528691,-2.0507607,1.8607123
1356430441848,0.007831812,-0.8398113,2.1935422
1356430441888,-2.209608,1.3293409,1.5667832
1356430441918,-1.8298488,1.2842007,0.43151653
1356430441958,-0.63281864,2.2627306,0.21667981
1356430441988,-1.543379,0.8600426,0.57959956
1356430442018,-2.876934,2.6939716,1.7487266
1356430442049,-0.25358444,3.1589727,3.2467515
1356430442078,2.4901447,2.0811033,2.405478
1356430442108,1.7953041,4.6710844,0.90723854
1356430442148,0.3411485,4.6626997,-0.5104207
1356430442178,-0.8429139,-0.60120773,-0.46328723
1356430442218,-0.24058491,-3.9971914,1.1571071
1356430442248,0.37388867,-5.3792124,1.3590086
1356430442288,1.6069678,-7.1536193,0.46319884
1356430442318,1.6725395,-6.6275797,-1.6068692
1356430442348,0.8570155,-4.195496,-3.7484975
1356430442378,0.030971527,-1.640377,-6.1029935
1356430442408,-0.5461154,0.3705387,-7.1803684
1356430442448,-0.36468905,2.80694,-7.4781737
1356430442489,1.6858838,6.947115,-6.946287
1356430442526,0.7024659,-0.5286112,1.7139051
1356430442554,-0.0064259246,-5.767412,2.816224
1356430442585,-4.299965,4.258356,1.0805967
1356430442627,-3.03059,1.1512117,3.2201457
1356430442666,1.3213018,-2.06533,2.1480641
1356430442707,1.2126794,-2.6851315,0.52517986
1356430442747,-1.3426659,-1.0241556,4.2433167
1356430442787,-0.046492636,0.6290083,1.7286687
1356430442827,-0.8486744,1.5024614,-2.501516
1356430442867,-0.8162836,1.7097721,1.7117112
1356430442906,-1.852679,1.4458704,0.94732904
1356430442947,-2.854052,3.6717262,1.5317968
1356430442987,1.9055643,5.1042986,2.007052
1356430443027,5.851041,4.634983,4.100321
1356430443067,1.99099,2.0377722,1.5392971
1356430443107,-2.1655369,-1.8886776,-1.9223621
1356430443147,-1.382704,-5.7013545,0.30022603
1356430443187,1.4509302,-7.135242,1.9480515
1356430443227,1.2720287,-5.9898896,0.40109035
1356430443267,1.1045847,-3.428769,-6.4115505
1356430443307,0.34004438,-2.121274,-5.989835
1356430443347,-1.8551542,2.6615925,-7.8033557
1356430443387,-0.09690501,1.1221409,-8.876126
1356430443427,2.8719678,6.1326275,0.87200606
1356430443467,0.72844636,0.3405695,5.182556
1356430443543,-1.7095877,-0.18555832,-0.9227519
1356430443550,-3.9200258,2.146882,2.0870697
1356430443587,-2.28787,0.122776985,4.8693
1356430443625,4.0612383,-2.5599694,2.4497108
1356430443667,1.6887575,-3.1808705,1.4769617
1356430443706,-3.772615,0.8969116,3.5990906
1356430443747,-2.9942868,0.9463854,-1.2450235
1356430443787,0.36380273,1.4162045,1.8000163
1356430443827,-1.9987898,1.5946045,0.12658584
1356430443867,-1.8011308,0.86709785,2.6396623
1356430443907,-1.3827555,3.5459223,3.772009
1356430443947,1.4999127,4.586542,3.9264123
1356430443987,1.2319623,4.0326185,-0.65572983
1356430444027,0.08473992,0.34498978,-1.9800309
1356430444067,-0.7575462,-3.3687196,2.1119618
1356430444107,1.2831,-6.5304546,1.5654242
1356430444147,1.7877438,-7.5635724,0.4806301
1356430444187,1.3483406,-5.6778154,-2.1114907
1356430444227,-1.378321,-1.4421186,-7.661516
1356430444267,0.117149115,1.5854568,-5.9589877
1356430444307,-0.14824855,1.2062187,-8.916321
1356430444347,1.1027871,8.22156,-2.6814756
1356430444387,0.5284575,-0.51544666,2.719275
1356430444427,-3.494572,-0.31275845,1.5697894
1356430444466,-1.5248893,1.5774832,3.0847173
1356430444527,1.5599558,-1.0846119,1.1452663
1356430444548,1.2398483,-2.5298648,1.3762759
1356430444588,-0.5159588,-3.172669,2.882572
1356430444628,-0.3997363,-1.1740208,4.5073915
1356430444668,-0.27956724,0.10859585,-0.76098824
1356430444708,-0.6724514,1.9133377,2.330515
1356430444749,-1.5271704,3.2139387,1.2798784
1356430444788,-1.6291137,1.725316,1.7833729
1356430444828,-1.5048594,2.323885,2.926891
1356430444867,1.8675206,2.6521254,3.8554096
1356430444907,1.235013,4.715231,2.0180554
1356430444947,0.38564754,2.5099983,-1.7771401
1356430444987,1.6847538,-0.5534048,0.108697176
1356430445027,1.6232642,-5.6164246,-1.7399089
1356430445067,1.8110939,-6.4293385,-1.0520523
1356430445106,2.2343946,-5.5168085,-0.119514644
1356430445147,1.6592951,-3.3933778,-5.07712
1356430445187,0.94146746,-0.52172947,-6.0332093
1356430445227,-0.84108436,2.8247337,-7.8725104
1356430445267,-1.8849052,1.3548136,-8.458159
1356430445307,2.1757216,8.153778,2.8325512
1356430445349,0.6174775,-2.4726477,3.11691
1356430445386,-1.6167519,0.5372877,1.5162002
1356430445427,-3.257667,1.6437664,2.6554132
1356430445467,0.62424517,-1.8786411,-0.18161869
1356430445528,1.4485135,-2.1528978,2.1947212
1356430445548,-0.6362126,-2.6270204,4.5613413
1356430445588,-1.9099288,0.7528486,3.1705732
1356430445628,-1.0542505,0.7238617,-1.9840424
1356430445669,0.40679383,1.2426453,0.25101972
1356430445708,-1.3481183,0.93729305,0.6388064
1356430445748,-2.7601209,1.7819042,3.2375689
1356430445788,-1.3149157,3.8686008,4.901467
1356430445828,3.1328578,3.4606361,2.3329532
1356430445868,3.068613,2.171938,-2.1553009
1356430445908,1.5199584,0.5617199,-1.4569576
1356430445948,1.127267,-3.047337,-0.54986453
1356430445988,1.326165,-5.0211954,-0.7555412
1356430446028,1.7980455,-5.995376,-0.53546345
1356430446068,0.15227902,-4.779742,-2.551263
1356430446108,1.5683265,-2.793067,-5.7436843
1356430446148,1.061105,1.0654287,-7.883532
1356430446188,0.2297405,0.81967545,-10.042466
1356430446228,1.4954184,3.13062,-5.3558497
1356430446268,0.5288596,4.6463785,4.1718836
1356430446308,-0.5335827,-1.6287055,-0.4643054
1356430446348,-4.0060744,2.5742207,3.5266893
1356430446388,-1.2789047,-0.12931824,2.844074
1356430446428,0.94012797,-1.5718737,0.5166335
1356430446458,-0.0945299,-2.029324,4.300294
1356430446486,-0.015598923,-3.147553,3.562831
1356430446529,-2.25123,-0.2353096,2.9956577
1356430446585,-1.9504595,0.9282837,-0.11153746
1356430446607,-0.41709372,1.6146336,1.1460743
1356430446647,-1.7397991,2.506566,0.24630833
1356430446685,-2.8815625,1.7888069,1.1377711
1356430446727,-2.16074,2.7324047,4.286776
1356430446767,1.6267284,3.6715536,3.7859898
1356430446807,2.25146,3.8672075,0.5615765
1356430446847,2.392284,0.5687399,-2.5926824
1356430446887,1.0113609,-3.1763606,0.6507097
1356430446927,-0.1906991,-5.7965693,0.92975426
1356430446967,1.1572565,-6.1237774,1.778019
1356430447007,2.0970504,-4.3214183,-1.2446963
1356430447047,1.6212028,-2.1837435,-7.1340446
1356430447087,1.8451214,0.28261852,-7.8853064
1356430447127,-1.3604724,2.1479836,-9.390659
1356430447167,0.20540175,1.0540638,-6.1044483
1356430447207,1.741261,5.12833,8.1449
1356430447246,-1.9551733,-0.49138832,-0.49792314
1356430447287,-2.4461114,1.8783569,0.9412519
1356430447327,-2.3632827,0.2562952,4.789989
1356430447367,0.6905954,-2.5354128,0.5283537
1356430447407,0.7086147,-1.4894276,3.5031803
1356430447447,0.27808458,-1.3736868,2.433031
1356430447486,-1.3750776,0.26406193,-0.48697066
1356430447529,-0.10868171,1.3180914,0.4009583
1356430447568,-0.5486173,1.482955,0.7749225
1356430447608,-2.8519301,0.388484,1.8054203
1356430447648,-1.7571039,2.3698826,3.4931734
1356430447688,0.11662227,5.6182156,3.470337
1356430447728,1.6371539,4.706293,0.48902512
1356430447767,1.6065412,0.6545162,-2.3890839
1356430447807,0.51029825,-2.3669524,0.5441216
1356430447847,-0.30502033,-5.264,1.2892913
1356430447887,0.9892122,-6.4273357,1.8263361
1356430447927,1.8259087,-4.1402545,-1.6871777
1356430447967,1.6978434,-1.7725363,-5.6734166
1356430448007,0.964767,0.19402313,-7.958967
1356430448047,-0.054620206,1.4927473,-8.025435
1356430448087,1.6882963,7.788088,-4.814375
1356430448126,1.9433732,-2.8507795,1.7697809
1356430448167,-2.3595335,1.2069817,3.210151
1356430448207,-4.4109707,1.7432356,2.9034338
1356430448246,0.96661973,-1.6145377,0.46754742
1356430448287,-0.97537756,-1.5722008,0.4386704
1356430448327,-1.8283734,-2.4971213,3.5951746
1356430448367,-0.51939064,-1.461443,4.376295
1356430448407,-0.20472997,0.7876797,-1.2496655
1356430448446,0.20622592,1.7876387,0.03614688
1356430448486,-0.8919647,2.3189888,0.032553434
1356430448529,-2.6973743,1.1254406,2.4924636
1356430448568,-3.273754,3.9115505,6.3240957
1356430448608,3.351888,2.1925898,2.5753624
1356430448648,1.9057982,2.9850054,-0.2836796
1356430448687,0.55580467,2.2017355,-0.4452535
1356430448727,1.1627258,-1.9405727,0.4815848
1356430448767,1.3107923,-5.26537,0.23971355
1356430448807,1.3520843,-6.1309404,1.1423944
1356430448847,1.0380663,-5.480938,-0.15145293
1356430448887,-0.22726005,-2.673232,-5.657136
1356430448927,1.7728612,0.41182423,-8.712638
1356430448967,0.22095346,1.3088732,-8.697558
1356430449007,0.16965415,2.241909,-5.560933
1356430449047,1.407606,4.9180756,5.0996447
1356430449087,-1.306956,-0.40205956,0.554605
1356430449126,-2.1149936,1.8839083,1.5309844
1356430449167,-1.9049975,0.11378956,2.8143637
1356430449207,0.06060915,-3.0800152,1.6439828
1356430449247,0.19280666,-2.998725,4.8186693
1356430449287,-1.2663739,-0.17690468,2.6295414
1356430449327,-1.6266685,1.0460253,-2.2618277
1356430449367,-1.2300484,1.8496361,1.4638541
1356430449407,-0.3944779,1.2279568,1.5511469
1356430449446,-1.2055973,0.21311855,1.9215071
1356430449487,-2.0979424,2.5713568,5.9766226
1356430449529,1.8309731,2.5254297,1.3594869
1356430449568,1.1207142,5.429945,-1.922287
1356430449608,0.3194387,3.7983465,-1.0115123
1356430449665,1.2996708,-1.4473534,-0.13349986
1356430449687,1.434867,-5.4322877,1.3014104
1356430449727,1.6475102,-6.327666,1.5064926
1356430449765,0.97537494,-4.799869,-0.5408665
1356430449807,0.9115644,-2.8114042,-5.785367
1356430449847,0.65652066,-1.2473946,-6.008187
1356430449887,-2.20809,1.3966799,-7.867547
1356430449927,-0.17797446,0.91423225,-6.5377083
1356430449967,1.991355,6.139062,3.6422863
1356430450007,-1.439108,-1.3936691,0.5112189
1356430450051,-2.832848,2.5576887,1.9219971
1356430450097,-0.14996791,-2.1867743,4.231354
1356430450137,0.16055965,-1.8099375,0.822886
1356430450177,-0.3105123,-1.2836905,4.415592
1356430450217,0.32378647,-0.5535593,0.6149571
1356430450256,-1.0101886,1.1285772,-1.2462091
1356430450297,0.27644444,1.5157833,1.053116
1356430450337,-1.105145,1.2699003,0.9399805
1356430450377,-3.5679393,1.584755,3.022641
1356430450417,-2.4057696,3.7542543,4.414047
1356430450456,3.6599407,2.5451908,3.3985345
1356430450528,2.6473947,5.044999,-1.8180044
1356430450539,0.49392033,1.2629108,-1.1168106
1356430450576,1.1134573,-2.6306853,0.24958783
1356430450617,1.4259504,-5.261164,0.56015646
1356430450657,1.9398003,-6.64723,0.95940846
1356430450697,1.0213484,-5.676862,-0.15382865
1356430450736,0.5548513,-2.70967,-5.589837
1356430450777,0.38341612,-0.54506016,-8.7706585
1356430450817,-1.889954,1.5791368,-8.399554
1356430450857,0.052604705,1.8716793,-6.031051
1356430450897,2.2399669,6.922392,4.182701
1356430450937,-0.62601507,-4.023252,-0.7803296
1356430450977,-3.3982162,2.7756004,3.1543329
1356430451017,-1.3576871,0.42279148,4.0176277
1356430451057,1.6068604,-2.3599029,-0.18648791
1356430451097,0.5749974,-1.1734858,2.813046
1356430451136,0.06221804,-1.8433127,2.6883798
1356430451177,-1.8374856,0.29009056,0.5398569
1356430451217,-0.1641131,0.6432762,1.1322389
1356430451257,-1.6805327,2.1545916,1.0579821
1356430451297,-1.944652,1.2080698,2.4997892
1356430451337,-1.5648458,3.3906775,4.18919
1356430451377,0.39900947,3.2495909,3.30055
1356430451417,1.3714018,4.5793858,0.77435327
1356430451457,0.5144102,2.878687,-2.7550771
1356430451528,0.062198997,-1.0637379,-0.5289897
1356430451548,0.44481373,-4.898465,0.17281531
1356430451588,1.2877694,-6.0802584,0.84864974
1356430451628,1.5625789,-6.092562,-0.64753157
1356430451668,0.6775228,-3.2874985,-6.326426
1356430451708,1.636961,-0.048002243,-6.046323
1356430451748,-1.6909477,1.7567186,-7.8156834
1356430451788,0.15080363,2.8387728,-5.6387157
1356430451827,2.5934927,4.649123,6.3612237
1356430451867,-1.6110008,-3.5167189,-0.19444656
1356430451908,-2.7225733,3.3256588,2.9769058
1356430451948,0.30108583,-0.68757915,1.9357295
1356430451988,1.8022778,-2.8411474,1.4441096
1356430452028,-0.118744016,-2.3825364,3.196382
1356430452068,-1.0991528,-1.6582346,4.213971
1356430452108,-1.4298521,0.5330982,0.61740565
1356430452148,0.6037542,1.2496538,0.9270222
1356430452188,-1.4888117,3.1296225,1.6315994
1356430452228,-1.6267488,1.4823446,2.2261744
1356430452268,-2.7433147,2.634038,4.5112
1356430452307,1.2199528,2.811037,4.534312
1356430452347,1.4515786,4.230301,-0.018786967
1356430452388,1.2010914,3.8776445,-2.5496128
1356430452427,-0.6134269,-0.852829,-2.1302106
1356430452466,0.37065953,-6.2951694,0.38783908
1356430452529,1.7518867,-5.9857473,0.50702226
1356430452546,2.4461586,-5.5362234,-0.7728619
1356430452587,2.1959844,-3.7245502,-2.8178709
1356430452627,1.8028963,-0.33423424,-7.3349257
1356430452667,0.54253197,2.434394,-8.057141
1356430452707,0.62177765,0.69680595,-9.070497
1356430452765,-0.5631206,6.5542173,0.28958428
1356430452787,-0.6283668,0.31190968,3.4638865
1356430452827,-1.4794075,1.1493387,0.7647617
1356430452865,-3.1202295,0.473588,2.847718
1356430452907,0.30913556,-1.0107527,2.0431185
1356430452947,0.75720984,-2.8755503,2.325171
1356430452987,-0.40865776,-3.0595984,3.8354907
1356430453027,-0.8704154,-1.0104027,2.0024962
1356430453067,-1.7208982,1.173687,-0.09703112
1356430453107,-0.91422915,1.9965096,2.0712662
1356430453147,-2.2583413,2.9540796,-0.14181018
1356430453187,-1.9392844,1.5592031,2.469129
1356430453227,-1.9703416,2.3651896,3.8522053
1356430453267,0.99648416,3.2794485,3.560391
1356430453307,2.5115275,3.861762,1.3418734
1356430453347,0.2712866,1.4489613,-2.887735
1356430453387,1.1159174,-2.0397024,-0.8296411
1356430453427,1.3296672,-5.855403,0.4812039
1356430453467,1.0704186,-7.010717,1.2133524
1356430453526,1.6977478,-5.7735972,-0.75201684
1356430453548,2.3131938,-2.860135,-5.220357
1356430453588,2.1654413,0.26138687,-7.133994
1356430453628,-0.7760841,2.8381958,-9.387121
1356430453668,0.07029253,2.6369781,-5.688651
1356430453708,0.6958274,6.63692,4.885575
1356430453748,0.13068296,-1.2496018,0.6323246
1356430453788,-2.3475852,2.9836044,1.9482931
1356430453828,-1.0782952,-0.72372913,1.9965142
1356430453868,0.7444612,-2.8590665,0.32201934
1356430453908,-0.14036894,-2.8540473,3.4904242
1356430453948,-0.7013759,-1.629878,2.678839
1356430453988,-1.6829953,0.6372738,0.8281455
1356430454028,-1.1628369,1.673027,1.0945592
1356430454068,-0.44845343,2.0771189,0.32119584
1356430454108,-2.2191374,1.220995,2.1569767
1356430454148,-2.3294806,1.8974762,4.617926
1356430454188,0.9835184,3.8026276,4.1197333
1356430454228,1.7244241,2.963604,1.9399648
1356430454267,1.6826385,3.0781994,-2.126638
1356430454307,1.1775532,-1.7242155,-0.54312557
1356430454347,0.14082849,-4.7313905,-0.09904957
1356430454387,1.2086695,-6.5053062,1.2608868
1356430454427,1.4654038,-6.169748,-0.6956588
1356430454467,1.0120867,-2.7550707,-5.085273
1356430454528,0.84680545,-0.2494545,-6.1146817
1356430454548,-2.1587017,2.483862,-9.9930315
1356430454590,-0.62717676,3.7360601,-6.9951267
1356430454628,1.0550227,4.4164953,5.491848
1356430454668,0.57135606,-2.0529108,0.35873103
1356430454708,-2.807645,2.9431505,1.937623
1356430454738,-1.5471847,0.04052639,3.7782435
1356430454768,0.44249037,-2.0086389,0.16329217
1356430454807,0.50764024,-2.831829,1.8524976
1356430454847,0.0860984,-1.6762314,3.143972
1356430454887,-0.5975393,-0.102612495,0.5335529
1356430454927,-0.49460292,0.8689575,0.50235426
1356430454967,-1.1042202,1.3365965,0.6558745
1356430455007,-2.7154846,0.98044014,1.8770391
1356430455051,-1.5170166,0.48523712,3.2884216
1356430455097,-0.25978947,4.1199617,4.5771446
1356430455136,1.5894628,4.340637,2.6465921
1356430455177,1.8227812,3.2306395,-3.1365247
1356430455217,1.301612,-0.18713093,-0.82453746
1356430455257,0.50641537,-4.1048346,0.65938634
1356430455296,0.3861599,-5.524835,1.2893673
1356430455337,1.205161,-6.130228,0.49422985
1356430455377,0.967023,-3.6181822,-3.982835
1356430455417,1.7078885,-0.60810566,-7.3374968
1356430455457,-0.016880333,1.5716782,-7.4584475
1356430455528,-0.8905176,1.7818718,-8.494626
1356430455548,0.7559784,7.273699,1.0800885
1356430455588,0.26245725,-1.9140277,3.7038846
1356430455629,-2.1367502,2.3378124,0.8587139
1356430455668,-1.7152708,0.50203896,4.377683
1356430455708,0.41375905,-1.9745531,1.7739846
1356430455748,0.6660827,-2.4017725,2.562581
1356430455788,0.48462135,-2.3299918,2.9069123
1356430455846,-0.75812715,-0.34093666,2.2469501
1356430455867,-1.0248694,0.24204445,-0.34361124
1356430455907,-0.33238453,0.4800415,0.8725016
1356430455945,-1.9670398,1.057128,1.2577305
1356430455987,-1.6225048,0.949749,2.3173347
1356430456027,-0.8625701,3.2670069,4.8271236
1356430456067,1.4128298,3.6935177,3.4906864
1356430456107,1.6780167,3.6758842,-1.9504257
1356430456146,-0.12048662,1.958066,-2.2978988
1356430456187,0.67367035,-2.23769,-0.9626312
1356430456227,0.8860512,-5.564981,-0.21644421
1356430456267,0.8168007,-5.796043,1.5905656
1356430456307,1.5216702,-5.6315827,-0.5291388
1356430456347,1.5674336,-1.307519,-4.7884903
1356430456387,1.0547594,1.8661766,-7.3266273
1356430456427,-0.091501,1.8215609,-10.497099
1356430456467,0.36017668,-0.20702171,-3.8895664
1356430456528,0.9269079,6.8224316,5.833554
1356430456548,-0.28471145,-0.83088017,3.286346
1356430456588,-1.2650516,0.6427326,-0.26295793
1356430456628,-2.1416867,0.95288277,4.4082923
1356430456668,0.85579693,-2.1019697,0.9867867
1356430456708,0.87944186,-2.3982778,2.4776373
1356430456749,0.28530738,-2.0003738,2.7340643
1356430456788,-2.0168428,0.64613914,0.44809115
1356430456828,-1.1925045,0.22168446,-0.15522242
1356430456869,-1.8959165,2.0673552,2.1875687
1356430456908,-1.796275,0.73680496,0.1588223
1356430456948,-3.1375659,2.113061,3.1389754
1356430456988,-0.11864352,2.3943071,4.4885697
1356430457028,1.0628141,2.8223152,2.0510113
1356430457068,1.7188182,4.4486637,0.8403646
1356430457108,1.1001817,1.1982565,-1.9944667
1356430457147,1.5366158,-2.252863,-1.0548867
1356430457187,1.1922029,-4.663353,-0.0066606104
1356430457227,1.4809182,-6.564977,1.063529
1356430457267,1.0131564,-5.2627006,-1.320434
1356430457306,0.7110187,-2.4023237,-6.006654
1356430457347,1.2820308,0.28575802,-6.097655
1356430457387,-0.76320034,3.6697645,-8.617014
1356430457427,0.65711164,-0.5053959,-6.383032
1356430457467,0.5730148,6.328148,4.9439516
1356430457528,-0.8322583,-1.4031425,3.5278926
1356430457548,-1.9377162,0.90284634,-1.0658587
1356430457588,-2.2759051,0.39183044,4.0037336
1356430457628,0.20416786,-2.1764188,2.2433834
1356430457668,1.0491469,-1.9174228,1.868912
1356430457708,0.21268041,-2.1766305,1.987143
1356430457748,-1.001724,0.3267374,1.4231848
1356430457787,-1.0918539,0.90942,-0.1527332
1356430457827,-1.5187869,2.5003834,0.89465326
1356430457867,-2.3375628,1.7370834,0.4360724
1356430457907,-1.4159245,0.60331345,2.126575
1356430457947,-1.4183306,1.9331198,3.7622166
1356430457987,1.4073542,5.043702,3.5591545
1356430458027,2.796289,3.3652916,-0.13160405
1356430458067,0.41019344,0.1244154,-3.2636466
1356430458108,0.42060816,-3.407425,0.16912955
1356430458146,1.1734554,-5.6883883,0.56279683
1356430458187,1.6914482,-5.375613,-0.322483
1356430458227,1.3482754,-3.8640952,-2.4927669
1356430458267,1.6977283,-2.0161428,-4.830752
1356430458306,0.39758843,0.25138378,-6.9690957
1356430458347,-1.3645537,2.733203,-9.105219
1356430458387,1.09235,2.066187,-3.8565326
1356430458426,1.1293001,6.283992,6.1472425
1356430458467,-0.31980005,-2.9624844,0.3347336
1356430458529,-2.1278174,2.9535322,1.1963959
1356430458548,-1.4478545,0.13280201,4.541019
1356430458588,0.7469405,-2.1655583,0.28616834
1356430458628,0.52015436,-2.172905,2.8671303
1356430458668,-0.2913807,-1.666686,1.9187173
1356430458708,-2.2676327,0.07445717,0.03055334
1356430458748,-0.66546124,0.29901218,1.0985832
1356430458788,-1.2410662,1.6960087,0.82244956
1356430458827,-1.5338296,0.33038807,1.4167702
1356430458867,-1.3870239,1.8277473,4.14005
1356430458927,-0.074595094,4.34807,3.9669328
1356430458947,1.4172008,4.0718794,2.726453
1356430458987,1.2438848,3.437849,-2.028374
1356430459025,0.3577786,-0.1750679,-1.0246274
1356430459067,0.49377084,-4.740754,0.48375258
1356430459107,1.1705875,-6.7744117,0.9463326
1356430459146,1.876049,-6.4276195,0.070592165
1356430459187,1.4341946,-3.01122,-5.234166
1356430459227,1.5272069,-0.27616596,-6.0128174
1356430459267,-0.79156303,2.7095165,-7.5337806
1356430459306,-0.54788846,3.5127306,-8.252678
1356430459347,1.1653703,6.5729904,0.6229069
1356430459387,0.50003594,-4.345056,3.9677033
1356430459427,-3.7345684,2.1786194,0.9809164
1356430459467,-2.0242596,0.5207424,5.312764
1356430459529,1.5579606,-2.520671,1.360529
1356430459548,0.7468307,-2.0686297,-0.11992741
1356430459588,0.013102412,-2.30967,3.1791399
1356430459628,-1.823238,-0.4622383,0.5741358
1356430459668,-0.8457572,0.7814045,0.62680304
1356430459708,-1.1250437,1.97328,0.18788815
1356430459748,-2.701633,1.3265581,0.97767216
1356430459788,-1.158288,0.80917454,3.885512
1356430459828,-0.7705363,4.065984,3.8274472
1356430459868,1.3645681,3.8097134,2.0770772
1356430459907,1.4560136,3.4018955,-1.4850624
1356430459947,-0.13370848,0.5132065,-1.3241361
1356430459987,0.5715318,-3.539886,0.9757517
1356430460027,1.2987905,-5.613752,1.4029579
1356430460067,2.417188,-6.10205,-0.10922757
1356430460107,2.1861846,-4.444851,-3.6854577
1356430460147,1.3155318,-0.9671583,-4.94933
1356430460187,-0.51519334,1.9349899,-7.4692006
1356430460227,-0.33022833,2.585185,-9.494949
1356430460267,0.56719965,6.728266,0.120095536
1356430460307,1.4281899,-1.968894,5.0779343
1356430460347,-2.4198718,2.6655693,-0.6373044
1356430460387,-2.3782394,0.6689081,3.502687
1356430460427,0.47143868,-1.7932467,0.36204004
1356430460467,1.0384494,-2.721363,2.0070426
1356430460531,0.083379924,-2.2862659,2.1565819
1356430460548,-0.5856026,-1.6238527,1.7050338
1356430460589,-1.1560447,0.30151653,-1.1495163
1356430460628,-0.8180316,0.809906,0.23843896
1356430460668,-2.532208,1.9721861,0.43656963
1356430460708,-2.1947103,2.4251575,3.8061528
1356430460748,0.009847581,3.8057642,4.848092
1356430460787,1.3649179,3.420475,1.8121288
1356430460827,1.5542576,3.4193306,-0.7139654
1356430460867,0.6786036,0.22209644,-1.2727864
1356430460907,0.9928589,-4.015713,-0.12877934
1356430460947,0.8996141,-5.581674,0.32023704
1356430460987,1.6115284,-5.7875338,0.59306973
1356430461027,1.0828303,-4.0175705,-3.3613377
1356430461066,0.5136933,-1.6770182,-8.323471
1356430461107,1.2287167,1.3421297,-5.2903347
1356430461146,0.6712391,2.8455992,-7.3070397
1356430461187,1.6046904,5.9679813,-3.497923
1356430461227,-0.58194584,-0.3387289,2.4215236
1356430461267,-3.3621395,0.7206898,2.9863915
1356430461307,-3.311071,0.5412426,4.0321865
1356430461347,0.26871845,-0.94284344,1.1699233
1356430461387,0.8578834,-2.4170632,1.37829
1356430461427,-0.46991903,-2.6953087,2.7411602
1356430461467,-0.9475508,-1.6525469,3.4330158
1356430461532,-0.759838,0.30233383,1.7403879
1356430461548,-0.034626245,1.3811846,1.4948347
1356430461588,-1.1196814,2.8487644,0.69056696
1356430461628,-1.6689632,1.937541,1.0252208
1356430461668,-2.4054573,1.5787334,4.000733
1356430461708,-0.20494282,2.6584215,4.7846828
1356430461748,1.2812902,2.7417936,1.6065723
1356430461790,1.187806,3.2956305,-1.493919
1356430461829,1.027557,0.21452045,-1.4973226
1356430461868,0.9080393,-3.339632,-1.0318375
1356430461908,1.1530375,-5.2478986,-1.3340687
1356430461948,2.2888088,-6.166829,-0.7129828
1356430462005,1.5679101,-4.516486,-3.192267
1356430462027,0.9890474,-2.2567778,-5.7414103
1356430462067,1.3660489,1.5057077,-7.318827
1356430462105,1.0422041,1.3117142,-8.192911
1356430462147,0.40143383,2.5831938,-5.363076
1356430462187,1.0673375,4.102932,4.3267546
1356430462227,0.012894809,-1.3848639,0.16318691
1356430462267,-4.045904,3.3373995,1.4993168
1356430462307,-1.6521875,0.028166771,3.4278557
1356430462347,0.8824346,-2.3010764,2.2375364
1356430462387,0.47278148,-1.9590616,3.5110729
1356430462427,-0.48004007,-1.5792761,2.7126184
1356430462467,-1.0450959,-0.23181725,-0.5893135
1356430462533,-0.5814116,1.1630802,1.8584675
1356430462548,-1.5094694,2.227579,1.0201476
1356430462588,-2.4763389,2.226966,2.0902095
1356430462628,-1.7367187,2.4201937,4.632058
1356430462668,1.4464705,1.8997145,3.0002904
1356430462710,0.71365535,2.956293,1.1690273
1356430462750,1.465114,3.7740202,-0.86038375
1356430462788,0.64465433,0.81994057,-1.0636379
1356430462828,0.27229965,-3.0818262,-0.53366935
1356430462868,1.1042268,-6.174769,0.3131236
1356430462908,1.5836759,-7.089716,0.45839205
1356430462948,1.5054274,-4.577303,-3.4935384
1356430462988,1.8704766,-0.48101807,-5.376771
1356430463028,0.520895,3.5989742,-8.8008
1356430463069,1.3732861,-1.0902176,-9.41932
1356430463108,-0.58667696,4.408943,1.5444059
1356430463148,-0.22131646,4.363368,5.286621
1356430463188,0.66057616,-1.5321302,-1.3215867
1356430463228,-3.550966,2.2873316,3.9725325
1356430463268,-1.1292559,-1.139451,1.6790066
1356430463308,0.6908757,-2.6948352,2.6006832
1356430463348,0.027172733,-2.0078406,3.0442708
1356430463388,-1.1949234,0.05758953,1.7638929
1356430463427,-0.6465764,0.8182688,-0.51580524
1356430463467,-0.9877361,1.4104519,1.4647632
1356430463530,-2.4809742,0.88099575,0.9992248
1356430463548,-2.0682836,0.55187035,3.1174302
1356430463588,-0.9473354,2.7639523,4.3826523
1356430463628,1.0422918,3.946455,2.95882
1356430463668,2.4727602,3.2072697,-0.65869063
1356430463708,0.86150324,1.2953568,-1.801414
1356430463748,3.633499E-4,-1.807477,0.4350778
1356430463788,0.85190713,-5.634578,-0.04198274
1356430463827,1.5001215,-6.917043,0.10282135
1356430463867,1.022201,-4.71374,-2.7069795
1356430463907,1.6518393,-2.4631586,-5.431699
1356430463947,0.8820112,1.3972454,-5.741809
1356430463987,-0.5540398,3.3716555,-9.353157
1356430464027,0.81754154,0.034835815,-5.4405932
1356430464067,-0.5168811,6.534668,5.7506113
1356430464107,-0.59410006,-1.378345,1.0272129
1356430464146,-2.2098796,1.3920231,0.26726246
1356430464187,-2.0847602,0.5003462,4.0316725
1356430464226,0.5939098,-2.652986,0.55943155
1356430464267,0.23856777,-2.4295106,2.9182172
1356430464307,-0.32605565,-1.7189226,2.9294388
1356430464346,-0.84372514,0.05290699,1.0336694
1356430464387,-0.06934428,0.36729336,0.2700014
1356430464427,-1.1164694,1.6343441,0.67214346
1356430464467,-2.6871624,1.4025469,0.9336314
1356430464534,-1.5785143,0.9893017,3.3226283
1356430464548,-0.6159935,2.788578,4.1499586
1356430464588,1.3421093,3.7653465,3.2635458
1356430464628,2.4050236,3.4558687,-0.7121519
1356430464668,0.30563927,1.5045319,-1.9509144
1356430464708,0.3356775,-1.9084263,0.16731498
1356430464748,1.0633775,-5.617224,-0.050979465
1356430464788,1.6217026,-6.065402,0.4885875
1356430464828,1.3279591,-4.546674,-1.816341
1356430464868,1.2289412,-2.1907005,-5.4430614
1356430464908,1.0635563,0.1104908,-5.5339885
1356430464948,-0.8034862,3.2634373,-7.5901136
1356430464987,1.5142641,2.2832155,-6.5489745
1356430465026,-0.16675013,5.329812,2.9425752
1356430465085,-0.64789915,-2.1260662,1.8799889
1356430465107,-2.3055902,1.8228903,0.50536466
1356430465147,-2.077049,-0.12010002,3.6744423
1356430465185,0.22731954,-1.5772476,0.6643089
1356430465227,-0.11553508,-1.833415,2.484526
1356430465267,-0.019554317,-2.4232512,2.177209
1356430465307,-0.49278885,-0.15000534,1.8510609
1356430465346,-0.52549696,0.42677116,0.21242237
1356430465387,-0.56715053,1.791544,1.1598074
1356430465427,-2.2390583,2.0819025,0.4139397
1356430465467,-1.2122116,1.4420042,1.9878408
1356430465532,-1.1625047,1.1037865,3.771792
1356430465548,0.8128274,3.4985504,3.3120666
1356430465588,1.8170097,2.9991589,0.20366882
1356430465618,1.2321105,1.9922285,-1.780334
1356430465658,0.32609272,-0.22838879,-0.15002622
1356430465700,0.47746396,-4.2458625,0.45456374
1356430465738,1.2041215,-5.8420596,0.48892123
1356430465778,1.7594653,-5.493052,-0.96189785
1356430465818,1.6614645,-3.086773,-3.381479
1356430465848,1.659064,-0.3904295,-5.572805
1356430465888,0.47035187,1.6745596,-6.7665205
1356430465928,-0.23943883,1.3075781,-8.944847
1356430465968,0.041085064,4.8537474,-2.2056675
1356430466007,0.8308024,2.9681969,3.1736557
1356430466046,-0.020831645,-1.2157927,-0.2675588
1356430466087,-3.638194,1.3063965,3.4926157
1356430466127,-0.5332688,-1.5791698,3.416245
1356430466167,0.89877605,-1.926765,1.6849626
1356430466207,-0.18929762,-2.2840142,1.5639746
1356430466247,-0.80967313,-0.9901409,2.613368
1356430466287,-1.4361123,0.65361786,0.06930399
1356430466327,-0.6773467,1.168664,1.0143269
1356430466367,-1.7617917,1.5286999,0.9026157
1356430466407,-2.18896,0.6696949,2.218402
1356430466447,-1.0761725,1.076477,3.7818615
1356430466487,1.0125958,2.9388523,3.631312
1356430466532,1.670438,4.176509,1.6791658
1356430466568,1.7290615,3.228383,-0.9322881
1356430466608,1.2491243,0.1154747,-2.352044
1356430466648,1.1870618,-3.2573552,-0.52717024
1356430466688,0.8680357,-5.9100122,0.3219438
1356430466728,1.3810086,-6.008287,0.9135639
1356430466768,1.373331,-4.061365,-2.9401464
1356430466808,1.7501194,-1.2011337,-7.1240854
1356430466848,1.3961822,1.8182869,-6.8480954
1356430466888,-0.199354,2.542039,-9.108306
1356430466928,0.33959764,4.655264,-3.1610987
1356430466968,0.123490736,1.0292549,4.6758823
1356430467008,-1.5832173,0.4181118,0.8567455
1356430467048,-2.8335984,1.1605902,2.4545739
1356430467088,-0.6436664,-1.4052811,2.4253855
1356430467127,0.3649966,-2.5049152,1.4457995
1356430467167,-0.14534453,-2.6262784,3.072386
1356430467207,-1.1924142,-0.14651108,2.2102723
1356430467247,-1.4417334,0.6533756,0.5480746
1356430467287,-0.79894555,1.0973492,1.2161384
1356430467327,-1.3219115,1.7534332,0.74842864
1356430467367,-1.4954412,0.77651596,1.5816967
1356430467407,-1.4485176,1.1977816,3.8204913
1356430467447,0.33633262,3.126935,5.2911406
1356430467487,1.5139272,4.1548023,2.1159582
1356430467530,1.7932011,3.4193163,-2.4309392
1356430467568,0.7793571,0.17978382,-1.952827
1356430467608,0.5344767,-3.633205,-0.34367222
1356430467648,1.1080185,-5.931697,0.9074414
1356430467688,1.2036909,-6.3784513,-0.40888625
1356430467727,1.0291824,-3.927177,-3.6977959
1356430467767,1.6361082,-1.1030598,-5.413729
1356430467807,-0.6279973,2.2714806,-7.5462337
1356430467847,-0.13897544,3.129366,-7.948369
1356430467887,1.2405759,5.856015,-0.34397215
1356430467927,0.36062557,-2.0885854,2.4637337
1356430467967,-2.790324,1.0886202,1.7496786
1356430468007,-2.1194847,-0.036697388,2.6281505
1356430468047,-0.43268764,-1.5210266,0.56733906
1356430468087,0.005574882,-2.1270895,2.1448963
1356430468145,-0.34889442,-2.744759,2.7399988
1356430468167,-0.63615906,-0.63106346,2.704375
1356430468207,-0.60657,0.60479736,-0.24858165
1356430468245,-0.43988204,1.5577602,0.8716248
1356430468287,-2.1703234,2.288416,0.45425653
1356430468327,-1.964818,1.4379387,2.3618317
1356430468367,-1.2100133,2.6714869,3.9426582
1356430468407,1.8225801,1.6569061,4.597
1356430468447,1.912322,3.2079172,0.17374176
1356430468487,1.333356,3.111394,-2.6681252
1356430468530,0.7868208,-0.28456688,-0.742152
1356430468568,0.86473435,-3.7629523,-0.4639815
1356430468608,1.297659,-6.253613,-0.13144465
1356430468648,1.1727992,-6.081348,-0.31467605
1356430468688,0.8070463,-3.8030286,-3.796758
1356430468729,1.59527,-1.3826532,-6.5532527
1356430468768,0.7193215,1.992836,-5.16812
1356430468807,0.35297137,1.9227228,-8.952762
1356430468846,0.9939457,4.904187,-1.8798883
1356430468887,-1.4790636,2.3138037,4.9916086
1356430468927,-1.4857221,-1.4944553,0.17707646
1356430468967,-3.626811,1.957902,2.8893883
1356430469007,-0.33542114,-0.87082005,3.9246345
1356430469047,1.3849275,-2.5068107,0.57934976
1356430469087,-0.021072567,-2.4596467,3.6998355
1356430469127,-0.9261403,-1.0265589,2.1609147
1356430469167,-1.7473605,0.87727547,0.6434239
1356430469207,-0.617267,1.6545887,1.1140838
1356430469247,-1.1265087,2.3486595,0.70726544
1356430469287,-1.9966366,1.5596867,2.6441607
1356430469327,-1.2807271,3.2745428,4.2195926
1356430469366,1.289399,2.5116167,3.648154
1356430469407,1.6912116,4.5942707,-0.4664759
1356430469447,0.8822431,2.5492802,-1.1049856
1356430469487,0.7669789,-1.53829,-0.6274335
1356430469530,1.2050393,-5.765952,0.2108342
1356430469568,1.7290192,-6.919949,0.51105773
1356430469608,1.6670274,-6.3239565,-1.5718813
1356430469648,0.7142919,-3.3860192,-6.392999
1356430469688,1.3350033,0.4248457,-5.031867
1356430469728,-0.23818994,3.2343035,-8.544658
1356430469768,0.7942377,4.7571316,-5.587505
1356430469808,-0.4945172,3.0491552,2.8200881
1356430469847,-1.5840837,-3.160976,2.8111534
1356430469887,-3.8084517,2.8185272,2.435698
1356430469927,-0.18904981,-0.45663166,2.7975476
1356430469967,0.7173302,-2.0839248,0.11603689
1356430470007,0.0412305,-3.0169878,3.5841546
1356430470054,-0.30107248,-1.5161667,3.228841
1356430470097,-0.8572538,1.2179041,-1.3617437
1356430470136,-0.4692453,1.8742247,1.2769132
1356430470177,-1.4114089,2.3667526,0.62708575
1356430470227,-2.2095451,2.1129189,3.3113334
1356430470267,0.42604387,2.9433346,4.0645385
1356430470307,0.5186887,2.8841476,1.756495
1356430470347,1.0470009,3.6953163,0.3006617
1356430470387,1.2936692,0.37025738,-1.6660271
1356430470427,0.907004,-3.1633477,-0.902848
1356430470467,0.8773816,-4.7157073,0.13027331
1356430470523,1.8260067,-6.268448,0.08408713
1356430470548,1.1565158,-5.5403576,-2.0837567
1356430470588,1.6286405,-2.3641243,-5.517486
1356430470628,1.0342399,1.4980841,-5.932155
1356430470668,-0.6531235,3.5061903,-9.823681
1356430470707,0.08355594,3.2999315,-4.5735283
1356430470747,-0.6682307,2.8289318,3.974742
1356430470787,-0.66882664,-1.7664208,1.2657872
1356430470827,-3.9495533,1.9299784,2.1082757
1356430470866,-0.35169178,-0.3243618,4.2664466
1356430470907,0.6368325,-1.8237753,-0.4235475
1356430470947,-0.45345557,-2.0277743,2.7742925
1356430470987,0.40347522,-1.8348312,3.6974068
1356430471027,-0.5452456,0.9107981,-0.0120511055
1356430471067,0.34099418,0.9728365,0.20419312
1356430471107,-2.4481642,2.1828508,0.4812956
1356430471147,-1.1265882,1.0969191,2.1256566
1356430471187,-1.1201677,2.5905132,3.4928865
1356430471227,1.4597597,1.831809,2.2739923
1356430471274,1.2476152,4.3015385,-1.6550797
1356430471305,0.20298159,2.4997263,-1.798567
1356430471347,0.4074428,-1.0605364,-0.90769637
1356430471387,0.7099235,-4.444256,-0.0044043288
1356430471427,1.098125,-6.207171,0.5364403
1356430471467,1.4549246,-5.3017607,-0.19913736
1356430471524,1.4708133,-2.8860188,-4.9897056
1356430471548,1.8146621,-0.7284508,-5.991441
1356430471588,0.5933906,1.5037012,-6.6899333
1356430471628,0.12827682,1.3311968,-8.687792
1356430471668,0.95005125,6.83776,2.2939289
1356430471708,-0.3595295,-1.2963371,2.0882971
1356430471748,-1.1557041,1.4387035,0.6711315
1356430471789,-2.2946696,1.2735758,4.4358726
1356430471828,-0.395497,-1.4549813,1.7196454
1356430471868,1.4315954,-2.5197487,1.8934828
1356430471908,-0.3398791,-2.0712056,2.8196845
1356430471948,-1.405139,-0.5595732,2.1791413
1356430471988,-1.3779265,0.5509567,1.1056813
1356430472028,-0.29186285,1.4814396,1.254989
1356430472068,-1.9703281,1.8324242,1.0481892
1356430472108,-1.8979331,1.6531277,3.3715076
1356430472148,-1.9446161,3.2466946,5.090177
1356430472187,0.6490302,2.9950256,3.1604736
1356430472228,1.6555966,3.8775568,-1.0337639
1356430472268,-0.063432336,1.0673113,-2.0998745
1356430472308,-0.085202694,-2.19656,-0.21363734
1356430472348,1.1766382,-5.5875545,0.5010915
1356430472388,1.8520321,-6.838987,1.0792192
1356430472428,1.9413958,-5.2532763,-1.2195855
1356430472468,2.152501,-1.8089228,-6.4098988
1356430472524,1.1253115,1.03127,-6.2754827
1356430472548,-0.6696776,3.2980957,-8.230224
1356430472589,1.4616449,1.272151,-6.589308
1356430472628,0.36784446,7.140764,4.4336305
1356430472668,-0.3889811,-2.740706,2.78907
1356430472708,-3.829915,2.8814402,0.46545327
1356430472748,-1.1914457,0.37724495,4.662525
1356430472788,1.2930561,-2.772922,0.43249726
1356430472827,0.3252253,-2.4658036,2.4289536
1356430472867,-1.0184288,-1.7219791,2.3943167
1356430472907,-2.0776615,-0.31752968,0.6720797
1356430472947,-0.28146815,0.10469723,0.3219334
1356430472987,-1.3925488,1.6700592,0.79749113
1356430473027,-2.150248,1.0545702,0.84496164
1356430473067,-1.2253098,0.6758585,3.6798337
1356430473107,-0.9790205,3.1426458,4.039311
1356430473147,0.5931016,3.9299994,2.8554235
1356430473187,1.6387231,4.2199717,-1.8308562
1356430473227,0.89434576,0.52782345,-2.1051652
1356430473267,0.75648713,-3.6024218,-0.11760731
1356430473307,1.4800667,-5.8639174,0.8390206
1356430473347,2.0538552,-6.607767,-2.0295382E-4
1356430473386,1.52949,-4.5041037,-3.1536021
1356430473427,1.836271,-0.6735945,-5.2755303
1356430473467,0.099689245,1.7285242,-6.3800926
1356430473523,-0.64238083,2.2129774,-9.040264
1356430473558,0.8092997,2.3096533,-0.7404026
1356430473598,0.020816147,5.9069824,6.8813796
1356430473638,-2.317802,-1.1329184,-0.11029768
1356430473678,-2.0214303,2.5185165,2.6166577
1356430473718,0.12494844,-0.87645054,2.1768363
1356430473757,1.2714398,-3.4430556,1.789077
1356430473797,-0.07627064,-1.6804018,3.136205
1356430473837,-1.076109,-0.84662056,0.94240844
1356430473877,-1.7376132,-0.18663883,-0.6888428
1356430473917,-0.9193026,0.34626007,1.738107
1356430473957,-2.0404441,0.9600582,1.0495663
1356430473997,-2.1417089,1.2838917,3.206377
1356430474037,-0.41823566,2.6092567,4.6541276
1356430474077,2.0707865,2.1120138,3.2380447
1356430474117,1.3841712,3.7396307,-0.78151786
1356430474156,-0.3204062,2.0321054,-2.2709982
1356430474197,0.4962387,-1.7906389,-0.1976524
1356430474237,1.6185209,-4.9508467,-0.1673602
1356430474295,1.8116164,-6.44522,0.10121617
1356430474317,1.5722044,-5.6041627,-1.3863981
1356430474357,1.4366337,-2.3465185,-5.671109
1356430474395,0.8834277,0.065068245,-5.3554063
1356430474437,0.26550913,3.3692942,-7.42888
1356430474477,1.7405468,5.5710106,-5.040923
1356430474517,0.74594724,1.6522322,3.3485837
1356430474557,-3.170825,-0.168293,2.536771
1356430474597,-3.1963737,3.1124315,3.630835
1356430474636,0.22076248,-0.46178627,2.086635
1356430474677,0.7814603,-2.0691328,0.30121565
1356430474717,0.026413858,-2.4955392,1.7462786
1356430474757,-0.6232083,-1.7116938,2.4850008
1356430474797,-1.13259,-0.2707901,0.63844776
1356430474837,-0.56753063,0.7143736,-0.29869413
1356430474877,-1.3822227,1.7634573,0.6416008
1356430474917,-2.5200016,1.0605745,1.9388511
1356430474957,-2.0849547,2.4546013,4.194619
1356430474997,2.0230632,1.6066418,2.951216
1356430475037,1.7812159,3.4864998,0.35009307
1356430475077,0.8388931,3.0206785,-1.141311
1356430475117,0.31873226,-0.5365467,-0.2526786
1356430475157,0.8124244,-3.6147628,0.3211407
1356430475197,1.4609044,-6.0160017,0.3087261
1356430475237,1.6477364,-6.221183,0.11696923
1356430475277,1.2480769,-2.9187794,-3.6873896
1356430475317,1.0213845,0.1331253,-6.2645416
1356430475357,0.18991625,3.0945225,-7.1382766
1356430475396,0.15849334,1.5529737,-8.427756
1356430475437,0.7119328,4.651493,-1.0297853
