1356430858865,1.1849703,10.119919,-0.23154591
1356430858904,1.1441092,10.269742,-0.7627395
1356430858945,1.0760075,10.378705,-0.19068487
1356430858984,1.2258313,9.997335,-0.84446156
1356430859026,1.2258313,9.956474,0.14982383
1356430859064,1.2258313,10.079058,0.27240697
1356430859104,1.2666923,10.119919,-0.14982383
1356430859146,1.0760075,9.956474,0.040861044
1356430859184,0.92618364,10.147159,0.08172209
1356430859224,0.95342433,9.847511,0.08172209
1356430859264,0.88532263,9.956474,-0.84446156
1356430859306,0.42223078,9.956474,-1.1849703
1356430859344,0.27240697,10.460427,-1.0760075
1356430859384,0.313268,9.697687,-0.38136974
1356430859425,0.27240697,9.575105,-0.38136974
1356430859472,0.5720546,9.534244,-2.2609777
1356430859504,0.7218784,11.304889,-2.7513103
1356430859544,0.8036005,11.727119,-2.5333846
1356430859584,0.50395286,10.18802,-3.336985
1356430859624,0.23154591,9.80665,-2.3426998
1356430859664,-0.040861044,9.724928,-1.7978859
1356430859705,-0.3405087,9.847511,-2.0294318
1356430859744,-0.040861044,8.962189,-2.6832085
1356430859800,-0.23154591,8.689782,-2.982856
1356430859825,-0.10896278,8.812365,-3.173541
1356430859864,0.040861044,9.234595,-4.0588636
1356430859904,-0.42223078,9.152874,-4.7943625
1356430859945,-1.2666923,10.56939,-6.1700177
1356430859985,-1.7297841,10.419566,-6.6331096
1356430860024,1.334794,8.689782,-2.5606253
1356430860065,1.4165162,10.079058,-0.61291564
1356430860104,-0.19068487,11.182305,0.3405087
1356430860144,-0.42223078,10.079058,-0.38136974
1356430860184,-0.38136974,10.337844,-0.27240697
1356430860224,0.6537767,9.193735,-0.61291564
1356430860264,1.2258313,8.390134,-1.4165162
1356430860304,0.5720546,9.234595,0.14982383
1356430860344,0.61291564,10.310603,-0.84446156
1356430860384,0.14982383,11.141444,-2.8738933
1356430860424,-0.040861044,12.598822,-1.4982382
1356430860464,-0.0,12.4489975,-1.56634
1356430860504,-1.0760075,10.228881,0.19068487
1356430860544,-1.0760075,11.114203,1.7978859
1356430860584,3.990762,11.372991,2.2201166
1356430860625,4.099725,14.2877445,-0.08172209
1356430860664,0.040861044,12.571581,-1.7297841
1356430860704,0.08172209,9.043911,-1.525479
1356430860744,0.92618364,6.3198414,-0.5720546
1356430860798,0.8036005,5.6660647,-0.27240697
1356430860825,0.92618364,5.7886477,-0.38136974
1356430860864,-0.14982383,8.62168,-3.8273177
1356430860904,-0.7218784,10.923519,-7.082581
1356430860945,-0.23154591,11.563675,-6.0882955
1356430860984,-0.46309182,9.80665,-6.2108784
1356430861024,2.3699405,15.28203,0.040861044
1356430861064,2.4925237,9.915613,1.8387469
1356430861104,-1.525479,9.466142,0.8036005
1356430861144,-1.2666923,9.888372,1.4165162
1356430861184,2.1792557,8.19945,-2.5333846
1356430861224,1.9477097,7.5865335,-1.1168685
1356430861254,-0.10896278,8.308413,0.3405087
1356430861284,-0.08172209,9.956474,-0.88532263
1356430861324,-0.10896278,11.34575,-2.5333846
1356430861354,-0.95342433,11.958665,-1.9885708
1356430861385,-1.4165162,12.980191,-1.3075534
1356430861424,-1.1168685,12.258313,-1.3075534
1356430861465,-0.42223078,10.841797,1.4573772
1356430861504,1.3075534,11.917805,1.0760075
1356430861544,3.0237172,13.293459,1.607201
1356430861585,3.445948,14.328606,-2.6014864
1356430861624,-0.38136974,10.18802,-1.6480621
1356430861664,0.08172209,6.891896,-0.9125633
1356430861694,0.7627395,6.1291566,-0.19068487
1356430861725,1.0351465,5.2165933,0.3405087
1356430861797,1.3075534,5.175732,-0.14982383
1356430861805,-0.10896278,8.281172,-4.140586
1356430861845,-0.23154591,10.95076,-7.164303
1356430861884,-1.1441092,12.340035,-6.891896
1356430861924,-0.8036005,12.067628,-6.238119
1356430861964,4.5219555,15.826844,2.9147544
1356430862004,-1.1441092,8.812365,2.5606253
1356430862044,-0.88532263,9.888372,0.95342433
1356430862084,0.040861044,9.275456,-0.29964766
1356430862124,1.6480621,6.510526,-0.84446156
1356430862164,0.8036005,7.6273947,0.42223078
1356430862204,0.42223078,10.269742,-1.6480621
1356430862244,-1.2258313,11.073342,-2.4516625
1356430862284,-0.53119355,11.604536,-1.3756552
1356430862324,-0.6946377,12.299174,-1.1849703
1356430862364,-0.27240697,10.651112,0.50395286
1356430862404,-0.08172209,11.836082,0.6537767
1356430862444,2.6832085,13.184497,1.2666923
1356430862484,2.4516625,14.750836,-1.3075534
1356430862524,-0.53119355,11.75436,-2.2609777
1356430862564,-0.7218784,7.8180795,-0.5720546
1356430862604,-0.38136974,6.3198414,0.08172209
1356430862645,0.92618364,5.134871,0.61291564
1356430862684,0.92618364,5.7886477,-1.4982382
1356430862724,0.27240697,9.234595,-5.053149
1356430862795,-0.8036005,11.34575,-7.3549876
1356430862814,-0.8036005,14.056199,-7.082581
1356430862855,2.7240696,16.017529,-0.7627395
1356430862913,1.8387469,3.7864566,2.1792557
1356430862935,-3.2961242,13.375181,2.7649305
1356430862975,0.5720546,8.771504,-0.53119355
1356430863014,1.9477097,6.891896,-1.607201
1356430863055,1.1441092,7.8861814,0.38136974
1356430863094,0.38136974,8.771504,0.6946377
1356430863134,-0.08172209,10.841797,-3.0645783
1356430863174,-1.0351465,11.141444,-2.6014864
1356430863214,-0.61291564,13.102775,-1.7978859
1356430863254,-1.2666923,11.495573,-0.10896278
1356430863294,-1.1441092,11.563675,1.607201
1356430863335,3.6774938,12.762266,0.6946377
1356430863375,3.1054392,14.328606,1.0760075
1356430863414,0.10896278,12.871228,-2.5606253
1356430863454,-0.53119355,7.8589406,-0.9125633
1356430863494,-0.0,5.938472,-0.27240697
1356430863534,0.38136974,5.053149,0.6537767
1356430863574,0.88532263,5.597963,-0.5720546
1356430863614,-0.14982383,8.580819,-4.944186
1356430863655,-0.27240697,11.264028,-6.851035
1356430863694,-0.8036005,12.067628,-7.8180795
1356430863734,-0.29964766,11.836082,-5.366417
1356430863798,2.6014864,16.698545,3.568531
1356430863815,-0.08172209,7.082581,2.1792557
1356430863855,-0.61291564,9.888372,1.0760075
1356430863894,-1.0351465,11.795221,0.14982383
1356430863935,2.1792557,7.3549876,-1.7570249
1356430863975,2.6014864,7.43671,0.040861044
1356430864019,1.3756552,8.19945,0.42223078
1356430864054,-0.95342433,10.501288,-2.070293
1356430864094,-1.4573772,10.337844,-2.7240696
1356430864134,-1.6480621,11.223166,-0.95342433
1356430864174,-2.7240696,11.795221,-0.9942854
1356430864214,-1.1168685,13.252599,1.4573772
1356430864254,4.2904096,14.47843,2.2201166
1356430864294,4.862464,16.017529,-0.19068487
1356430864334,1.3756552,11.223166,-1.4982382
1356430864374,-0.0,7.3141265,-0.6946377
1356430864414,-1.2258313,5.434519,-0.6946377
1356430864454,0.38136974,3.7864566,0.19068487
1356430864494,0.8036005,5.243834,-1.0760075
1356430864534,-0.53119355,10.61025,-6.782933
1356430864574,-0.84446156,11.985906,-7.8589406
1356430864614,-2.1383946,11.917805,-6.6331096
1356430864655,2.0294318,13.633968,-3.1054392
1356430864695,3.5957718,11.34575,3.405087
1356430864734,-1.7570249,10.079058,1.3075534
1356430864797,-1.0351465,11.795221,0.88532263
1356430864815,0.6946377,9.084772,-1.0760075
1356430864855,2.9556155,6.469665,-1.334794
1356430864895,2.6014864,7.273266,0.6946377
1356430864935,0.7627395,10.269742,0.313268
1356430864975,-1.334794,10.760075,-5.47538
1356430865015,-0.88532263,10.923519,-0.7627395
1356430865054,-2.5333846,11.454713,-1.4165162
1356430865094,-1.6889231,11.876944,0.88532263
1356430865134,2.6423476,13.252599,0.9942854
1356430865174,5.6660647,14.47843,1.8387469
1356430865214,2.7649305,14.982383,-0.84446156
1356430865254,-0.29964766,10.310603,-1.7570249
1356430865294,-0.29964766,6.5513873,-1.1441092
1356430865334,-0.6946377,5.012288,0.6537767
1356430865374,1.334794,3.486809,0.7627395
1356430865415,0.7218784,7.1234417,-2.8738933
1356430865454,-1.0760075,10.651112,-6.891896
1356430865494,-0.8036005,12.299174,-5.597963
1356430865534,-1.4982382,10.528529,-7.5456724
1356430865574,3.759216,16.276316,-0.5720546
1356430865614,1.2666923,9.615966,2.8330324
1356430865656,-1.879608,10.378705,1.3075534
1356430865694,-0.27240697,11.141444,0.6537767
1356430865734,1.334794,8.689782,-0.27240697
1356430865797,3.405087,6.2108784,-0.10896278
1356430865804,2.7240696,7.082581,1.1441092
1356430865844,0.313268,9.656827,-0.6537767
1356430865875,-1.7297841,11.073342,-3.9090397
1356430865915,-1.7570249,11.182305,-2.2201166
1356430865955,-0.3405087,12.299174,-2.070293
1356430865994,-1.56634,11.223166,-0.7627395
1356430866035,-2.3699405,13.252599,1.8387469
1356430866074,5.09401,13.947236,0.7627395
1356430866114,3.759216,15.213928,0.19068487
1356430866154,0.6537767,11.795221,-1.6889231
1356430866194,-0.040861044,7.5456724,-1.334794
1356430866234,-0.61291564,6.1700177,0.08172209
1356430866274,1.1849703,4.5219555,1.4982382
1356430866314,1.5390993,4.440233,-0.88532263
1356430866354,0.3405087,9.697687,-5.7886477
1356430866395,-0.8036005,11.75436,-7.9679036
1356430866434,-1.9885708,12.340035,-6.782933
1356430866474,0.53119355,14.519291,-4.8216033
1356430866514,5.09401,11.34575,2.2201166
1356430866554,-0.7218784,8.894087,2.070293
1356430866594,-1.0351465,11.563675,2.7921712
1356430866634,0.8036005,9.343558,-0.3405087
1356430866675,3.173541,7.164303,-1.7297841
1356430866714,2.1792557,7.164303,0.19068487
1356430866755,0.10896278,9.193735,-0.50395286
1356430866796,-1.1441092,10.923519,-3.0237172
1356430866834,0.08172209,11.182305,-2.2201166
1356430866875,-1.1441092,12.408136,-1.9477097
1356430866914,-0.84446156,11.073342,-0.9942854
1356430866954,-1.1441092,11.495573,0.92618364
1356430866995,2.6423476,13.252599,1.1441092
1356430867035,4.7535014,15.023244,1.2258313
1356430867075,1.4982382,12.367276,-1.607201
1356430867115,-0.10896278,8.349273,-1.879608
1356430867155,-0.9125633,6.0882955,-0.10896278
1356430867195,0.19068487,5.434519,0.95342433
1356430867235,2.152015,4.0588636,-0.3405087
1356430867275,0.040861044,9.084772,-4.7535014
1356430867315,-0.42223078,12.217452,-8.076866
1356430867355,-1.2666923,12.026767,-6.428804
1356430867394,-0.38136974,11.836082,-5.47538
1356430867435,4.944186,15.023244,1.8387469
1356430867475,-0.95342433,7.6954966,1.9477097
1356430867515,-1.4165162,11.372991,1.56634
1356430867555,0.42223078,10.310603,0.3405087
1356430867595,3.0237172,7.205164,-0.9942854
1356430867635,2.7649305,7.3958488,-0.5720546
1356430867675,0.50395286,8.580819,-0.53119355
1356430867715,-1.0760075,10.501288,-2.5606253
1356430867754,-0.6537767,11.141444,-2.6832085
1356430867796,-1.4573772,11.686258,-2.1111538
1356430867834,-1.4982382,10.991621,-0.0
1356430867875,0.19068487,13.102775,0.6537767
1356430867914,2.8738933,13.906375,0.8036005
1356430867955,3.1463003,15.785983,1.2666923
1356430867995,1.7297841,11.413852,-2.2609777
1356430868035,0.46309182,7.9270425,-0.88532263
1356430868074,-0.5720546,6.0201936,0.42223078
1356430868114,0.6946377,4.6036777,1.3075534
1356430868154,0.8036005,4.372132,-0.7627395
1356430868194,-0.3405087,9.507003,-6.510526
1356430868234,0.61291564,11.917805,-6.891896
1356430868274,-0.7218784,12.258313,-7.4639506
1356430868314,0.10896278,14.09706,-5.325556
1356430868354,3.5276701,12.680544,3.0237172
1356430868395,-0.50395286,8.117727,2.2201166
1356430868434,-1.1849703,11.304889,1.56634
1356430868474,0.42223078,9.466142,-0.08172209
1356430868514,2.8738933,6.782933,-0.95342433
1356430868554,2.1792557,7.3141265,0.3405087
1356430868594,0.6946377,9.466142,0.040861044
1356430868634,-1.1849703,11.114203,-2.6014864
1356430868674,-0.95342433,11.495573,-2.6423476
1356430868714,-0.14982383,12.108489,-1.8387469
1356430868755,-1.334794,10.923519,-0.38136974
1356430868796,-0.6946377,12.299174,1.2666923
1356430868834,3.3778462,12.9529505,1.1441092
1356430868875,4.099725,14.369467,2.1111538
1356430868925,2.2609777,13.484144,-2.070293
1356430868965,-0.27240697,8.390134,-0.95342433
1356430869004,-0.3405087,6.0474343,-0.42223078
1356430869044,0.7218784,4.3312707,0.9942854
1356430869085,0.9942854,5.012288,-0.5720546
1356430869124,-1.1441092,10.419566,-5.366417
1356430869164,-0.040861044,11.727119,-7.6546354
1356430869204,0.27240697,12.912089,-6.469665
1356430869244,1.7978859,18.04696,-5.09401
1356430869284,2.9147544,4.8216033,2.4108016
1356430869324,-2.3426998,11.645397,5.284695
1356430869365,-1.607201,12.408136,1.4165162
1356430869405,1.879608,8.049625,-1.2258313
1356430869444,2.070293,6.4015636,-0.5720546
1356430869484,0.95342433,7.7363577,1.0351465
1356430869524,1.1168685,10.079058,-1.0351465
1356430869564,-0.27240697,11.795221,-2.9556155
1356430869604,-0.08172209,10.800936,-1.7570249
1356430869644,-1.0760075,12.217452,-1.7978859
1356430869684,-2.8738933,11.372991,-0.50395286
1356430869724,-2.7513103,11.75436,1.1849703
1356430869799,3.568531,12.571581,1.7978859
1356430869806,5.7477865,15.241169,1.8387469
1356430869845,2.9556155,13.947236,-0.9942854
1356430869885,0.040861044,9.534244,-0.88532263
1356430869925,0.7218784,7.164303,-1.1849703
1356430869965,0.46309182,6.469665,-0.19068487
1356430870005,0.61291564,3.568531,0.14982383
1356430870045,-0.3405087,6.6331096,-1.4982382
1356430870085,-1.1441092,10.923519,-5.284695
1356430870125,1.334794,12.912089,-6.782933
1356430870165,-0.27240697,14.206022,-7.43671
1356430870205,3.0237172,14.328606,-1.879608
1356430870245,1.0351465,6.3198414,2.3699405
1356430870285,-2.6014864,10.923519,2.2201166
1356430870325,-0.38136974,10.337844,1.9885708
1356430870365,2.6832085,7.8589406,-0.7627395
1356430870405,3.214402,7.5865335,-0.08172209
1356430870444,1.1168685,8.049625,-0.3405087
1356430870485,-0.10896278,10.61025,-1.1849703
1356430870524,-0.46309182,10.95076,-2.7921712
1356430870564,-0.50395286,11.495573,-1.1441092
1356430870604,-1.0351465,12.789507,-1.4982382
1356430870644,-2.0294318,11.413852,0.53119355
1356430870684,0.3405087,12.367276,1.4982382
1356430870725,4.7535014,12.680544,1.4573772
1356430870799,3.9499009,13.443283,0.3405087
1356430870806,0.7627395,10.501288,-1.56634
1356430870834,-0.29964766,8.308413,-0.7218784
1356430870875,-0.6537767,7.668256,-0.5720546
1356430870914,0.5720546,6.469665,0.7218784
1356430870954,1.9477097,4.671779,0.040861044
1356430870994,0.46309182,8.281172,-3.405087
1356430871034,-0.14982383,10.882658,-6.1291566
1356430871074,-1.525479,12.53072,-7.014479
1356430871114,-0.0,13.184497,-6.742072
1356430871154,4.372132,15.173067,1.0351465
1356430871194,1.1849703,5.8976107,1.920469
1356430871234,-2.4925237,11.563675,3.1054392
1356430871274,0.27240697,9.997335,1.0351465
1356430871314,2.9147544,7.273266,-1.4982382
1356430871354,1.7570249,8.076866,-0.0
1356430871394,0.92618364,9.425281,0.10896278
1356430871435,-0.23154591,10.651112,-2.6014864
1356430871474,-0.42223078,10.732834,-2.8738933
1356430871514,-0.10896278,11.795221,-2.1383946
1356430871554,-2.5606253,10.991621,-1.0760075
1356430871594,-1.334794,10.923519,2.3426998
1356430871634,2.6832085,13.756551,0.92618364
1356430871674,5.2165933,14.1787815,0.7218784
1356430871714,2.3426998,13.402422,-1.2666923
1356430871755,-0.0,10.310603,-0.7627395
1356430871798,-0.3405087,7.8180795,-0.38136974
1356430871834,-0.29964766,6.0882955,0.14982383
1356430871875,1.5390993,4.2495484,0.6946377
1356430871915,1.607201,7.014479,-2.070293
1356430871955,0.88532263,9.534244,-5.8567495
1356430871994,-0.95342433,11.34575,-6.428804
1356430872037,-0.95342433,10.119919,-7.9679036
1356430872074,3.7864566,17.815414,-0.53119355
1356430872114,3.0237172,6.2108784,1.56634
1356430872154,-1.6480621,12.217452,1.607201
1356430872194,-0.84446156,11.264028,0.7218784
1356430872234,1.56634,7.205164,-1.0351465
1356430872274,2.8330324,7.0553403,-0.42223078
1356430872314,1.1168685,8.662541,0.040861044
1356430872354,0.3405087,10.310603,-1.607201
1356430872394,-0.38136974,10.800936,-3.5957718
1356430872435,0.3405087,11.454713,-1.0351465
1356430872474,-1.56634,11.454713,-1.56634
1356430872514,-1.3075534,10.56939,0.46309182
1356430872554,-0.0,12.14935,1.0351465
1356430872594,3.990762,12.9529505,1.6480621
1356430872634,3.718355,14.859799,-0.46309182
1356430872675,1.0351465,12.4489975,-2.2609777
1356430872714,0.08172209,8.62168,-0.7218784
1356430872754,-0.42223078,7.205164,-0.5720546
1356430872795,0.95342433,5.053149,0.3405087
1356430872834,0.8036005,4.3312707,-0.3405087
1356430872875,-0.040861044,7.7772183,-3.445948
1356430872915,0.6537767,11.114203,-5.8976107
1356430872954,0.19068487,13.375181,-7.014479
1356430872995,0.5720546,15.050485,-7.6273947
1356430873035,3.6774938,12.408136,2.0294318
1356430873074,-0.29964766,7.8180795,1.8387469
1356430873115,-2.4108016,12.340035,2.6423476
1356430873154,0.95342433,8.349273,-0.9125633
1356430873195,2.7240696,7.3549876,-1.4573772
1356430873235,0.84446156,7.668256,0.6946377
1356430873275,0.040861044,9.152874,-0.3405087
1356430873315,-0.27240697,10.732834,-2.4108016
1356430873355,0.08172209,10.800936,-1.56634
1356430873395,0.040861044,11.75436,-0.9942854
1356430873435,-1.8387469,11.75436,-0.3405087
1356430873475,-1.3075534,10.378705,1.1441092
1356430873515,1.0351465,12.789507,1.7297841
1356430873556,3.2961242,13.865514,1.9477097
1356430873595,2.982856,12.789507,-2.3699405
1356430873635,0.7218784,11.413852,-1.4573772
1356430873674,0.08172209,7.3141265,-0.23154591
1356430873715,0.53119355,5.8567495,-0.0
1356430873755,0.9942854,5.434519,0.313268
1356430873799,0.313268,6.5513873,-2.3699405
1356430873834,-0.040861044,9.915613,-6.428804
1356430873874,-0.9942854,12.571581,-8.267551
1356430873915,-0.10896278,12.026767,-7.3958488
1356430873955,4.2086873,15.854085,0.19068487
1356430873995,-0.040861044,8.662541,2.8738933
1356430874034,-2.4925237,11.645397,2.3699405
1356430874075,0.7627395,9.615966,-0.88532263
1356430874115,1.334794,7.8180795,-0.9125633
1356430874155,1.0760075,7.5865335,-0.84446156
1356430874195,0.23154591,9.343558,0.23154591
1356430874235,-0.08172209,9.507003,-2.1383946
1356430874275,-0.84446156,10.651112,-1.920469
1356430874315,-0.46309182,11.836082,-1.4165162
1356430874355,-1.7570249,11.604536,-1.1849703
1356430874395,-2.2609777,11.141444,1.1849703
1356430874435,0.92618364,14.015338,2.0294318
1356430874475,3.0237172,13.443283,2.3018389
1356430874515,2.8330324,13.525005,-0.46309182
1356430874555,0.42223078,11.727119,-1.1849703
1356430874595,-0.46309182,7.9270425,-0.42223078
1356430874635,-0.0,5.5162406,-0.38136974
1356430874674,0.8036005,4.399372,0.38136974
1356430874715,0.7218784,6.510526,-1.7297841
1356430874755,-0.0,9.00305,-5.8976107
1356430874796,-0.7218784,11.876944,-6.3198414
1356430874834,-0.5720546,11.876944,-7.7772183
1356430874875,1.56634,14.750836,-3.0645783
1356430874915,1.920469,10.991621,2.7921712
1356430874955,-2.1383946,10.501288,2.5333846
1356430874994,-1.1441092,10.460427,-0.42223078
1356430875035,0.3405087,8.390134,-0.6537767
1356430875074,1.4573772,7.1234417,-0.7218784
1356430875114,0.08172209,8.62168,0.23154591
1356430875154,0.313268,9.956474,-1.525479
1356430875194,-0.6946377,10.841797,-3.214402
1356430875234,-0.61291564,11.75436,-1.879608
1356430875274,-1.7978859,12.639683,-1.2666923
1356430875314,-2.9147544,11.958665,1.9885708
1356430875354,1.7297841,12.762266,1.2258313
1356430875395,3.0237172,11.686258,1.56634
1356430875434,1.6889231,13.593107,-0.46309182
1356430875474,-0.50395286,12.721405,-1.2258313
1356430875514,-0.27240697,8.894087,-1.1849703
1356430875554,0.7627395,6.0474343,-0.7627395
1356430875594,0.7627395,4.6036777,0.50395286
1356430875634,0.61291564,5.6252036,-0.8036005
1356430875674,0.23154591,9.043911,-4.862464
1356430875714,-0.6946377,11.604536,-6.851035
1356430875755,-0.27240697,11.495573,-7.3549876
1356430875796,-0.95342433,11.223166,-6.5922484
1356430875834,1.7978859,16.86199,2.4108016
1356430875875,0.95342433,7.43671,1.4573772
1356430875915,-2.3699405,10.310603,1.334794
1356430875954,-1.7570249,10.228881,0.9942854
1356430875995,1.7297841,7.43671,-1.9477097
1356430876034,1.3075534,8.049625,0.42223078
1356430876074,-0.38136974,10.079058,-0.5720546
1356430876114,-1.4573772,10.732834,-1.7297841
1356430876154,-0.61291564,10.732834,-2.4516625
1356430876194,-1.3075534,11.495573,-1.6480621
1356430876234,-2.9147544,10.882658,-0.7627395
1356430876274,-1.0351465,10.691973,1.1168685
1356430876314,0.7627395,13.484144,2.1792557
1356430876354,2.6014864,14.560152,2.2201166
1356430876394,1.9885708,13.824653,-2.3018389
1356430876434,-0.38136974,10.61025,-0.88532263
1356430876474,-0.23154591,7.5865335,-0.27240697
1356430876514,-0.0,5.366417,-0.29964766
1356430876554,0.5720546,4.399372,0.61291564
1356430876594,0.84446156,7.504812,-2.6423476
1356430876634,0.7627395,9.384419,-5.706926
1356430876674,-0.6946377,12.108489,-6.851035
1356430876714,-1.6889231,11.536434,-9.043911
1356430876755,1.6889231,15.854085,-2.5606253
1356430876795,2.6014864,10.119919,3.173541
1356430876834,-1.1441092,6.66035,0.14982383
1356430876875,-2.9147544,12.53072,2.1111538
1356430876915,1.3756552,8.008764,-1.9477097
1356430876954,2.3018389,6.5513873,-0.6946377
1356430876995,-0.08172209,8.281172,1.3756552
1356430877035,-0.23154591,10.991621,-1.7978859
1356430877075,-1.3756552,10.923519,-2.982856
1356430877115,-1.0760075,11.604536,-1.920469
1356430877155,-3.0237172,11.114203,-0.7218784
1356430877195,-1.1849703,10.95076,2.070293
1356430877235,1.334794,13.102775,1.3756552
1356430877275,3.1054392,13.443283,1.5390993
1356430877314,3.173541,14.206022,-1.607201
1356430877355,-1.0351465,11.413852,-2.1792557
1356430877395,-0.61291564,7.5865335,0.27240697
1356430877434,-0.27240697,5.8567495,-0.29964766
1356430877475,0.61291564,4.399372,0.38136974
1356430877515,0.84446156,6.4424243,-1.4982382
1356430877555,-0.19068487,9.765789,-6.66035
1356430877595,-0.27240697,11.876944,-6.1291566
1356430877635,-1.7570249,11.958665,-8.308413
1356430877674,1.6889231,16.930092,-3.173541
1356430877715,1.7297841,8.812365,2.3426998
1356430877755,-2.6014864,9.765789,2.3018389
1356430877798,-2.070293,10.269742,2.070293
1356430877834,1.1168685,7.7363577,-1.6480621
1356430877875,1.6889231,7.3958488,-1.1168685
1356430877915,-0.50395286,8.580819,1.334794
1356430877955,-1.4165162,10.378705,-1.334794
1356430877994,-1.56634,11.073342,-2.1792557
1356430878035,-0.29964766,11.413852,-2.0294318
1356430878074,-3.173541,11.073342,-0.29964766
1356430878114,-2.1383946,10.310603,1.3756552
1356430878154,-0.84446156,12.871228,1.3075534
1356430878194,2.1792557,13.252599,1.5390993
1356430878234,1.7978859,14.246883,-0.6946377
1356430878274,-0.27240697,12.408136,-2.2201166
1356430878314,-0.53119355,8.730643,-0.3405087
1356430878354,-0.46309182,5.938472,-0.3405087
1356430878394,0.313268,5.134871,0.84446156
1356430878434,0.23154591,6.0474343,-0.7627395
1356430878475,-0.19068487,8.499097,-4.7126403
1356430878514,-0.29964766,11.032481,-5.5162406
1356430878554,-1.1849703,11.985906,-7.5865335
1356430878594,0.42223078,14.709975,-6.5922484
1356430878634,1.7978859,11.182305,2.4925237
1356430878674,-2.0294318,7.8861814,3.0237172
1356430878714,-3.1054392,13.0619135,2.3426998
1356430878754,1.7570249,8.430995,-2.4925237
1356430878796,2.3018389,7.6954966,-1.2666923
1356430878834,0.46309182,7.5456724,-0.46309182
1356430878875,-0.7218784,9.193735,0.08172209
1356430878915,-0.61291564,10.732834,-1.9885708
1356430878954,-0.53119355,11.073342,-2.7921712
1356430878994,-1.7978859,11.985906,-1.3756552
1356430879034,-3.0645783,11.223166,0.27240697
1356430879074,-1.2258313,12.762266,2.3018389
1356430879114,2.7240696,12.680544,1.4165162
1356430879154,2.8738933,14.437569,-0.08172209
1356430879194,-0.040861044,13.211738,-0.7218784
1356430879234,-0.9942854,9.302697,-1.3075534
1356430879274,-0.19068487,5.9793324,-0.29964766
1356430879314,0.23154591,5.407278,0.92618364
1356430879354,0.95342433,5.2165933,1.1441092
1356430879394,0.14982383,8.921328,-2.6832085
1356430879434,-0.19068487,10.923519,-6.932757
1356430879474,-0.27240697,12.067628,-8.308413
1356430879514,-1.2666923,10.760075,-6.782933
1356430879554,1.4165162,15.4046135,0.92618364
1356430879594,2.0294318,9.724928,2.2609777
1356430879634,-1.7297841,9.615966,-0.19068487
1356430879674,-1.7978859,9.697687,2.070293
1356430879714,1.0351465,8.117727,-2.6014864
1356430879755,1.2666923,7.8589406,-0.88532263
1356430879796,-0.38136974,8.19945,0.38136974
1356430879835,-0.3405087,9.915613,-0.95342433
1356430879874,-1.1441092,10.882658,-1.9477097
1356430879915,-0.08172209,11.985906,-1.7978859
1356430879955,-3.1054392,12.367276,-1.0760075
1356430879994,-1.7297841,10.95076,1.4573772
1356430880034,-0.38136974,12.176591,1.3756552
1356430880075,1.6480621,12.067628,1.3075534
1356430880115,2.4108016,13.184497,-0.7218784
1356430880155,0.42223078,12.721405,-1.4165162
1356430880194,-0.61291564,9.152874,-0.6537767
1356430880235,-0.10896278,6.782933,-0.29964766
1356430880275,0.7627395,5.938472,-0.040861044
1356430880315,0.50395286,5.6660647,-0.7218784
1356430880355,-0.23154591,7.8861814,-4.3312707
1356430880395,-0.040861044,10.228881,-5.7886477
1356430880435,-1.4573772,12.721405,-7.246025
1356430880474,-1.9477097,9.847511,-8.240311
1356430880514,3.0645783,16.04477,2.6423476
1356430880554,0.84446156,8.894087,0.84446156
1356430880594,-2.1111538,9.80665,-0.6537767
1356430880634,-1.9477097,10.18802,3.568531
1356430880674,1.3075534,7.8861814,-2.1383946
1356430880714,2.152015,8.349273,-0.5720546
1356430880755,0.84446156,9.234595,0.10896278
1356430880795,-1.7570249,10.882658,-3.214402
1356430880834,-1.7978859,10.528529,-2.1111538
1356430880875,-0.27240697,10.923519,-1.0351465
1356430880915,-1.4573772,10.841797,-1.4165162
1356430880955,-1.920469,9.847511,1.2258313
1356430880994,-0.29964766,13.906375,1.0351465
1356430881035,1.4165162,14.328606,1.334794
1356430881074,1.4165162,14.056199,-0.6537767
1356430881114,0.92618364,11.182305,-1.4982382
1356430881154,0.14982383,7.504812,-0.53119355
1356430881194,-0.88532263,6.0474343,0.3405087
1356430881234,0.3405087,5.284695,0.6946377
1356430881274,0.6946377,6.6331096,-1.1849703
1356430881314,0.61291564,9.507003,-5.243834
1356430881354,-0.61291564,10.691973,-7.8861814
1356430881394,-2.3426998,11.795221,-8.076866
1356430881435,-0.42223078,10.269742,-5.09401
1356430881474,3.3778462,17.24336,4.862464
1356430881515,-1.3756552,6.742072,-1.3756552
1356430881554,-2.1383946,10.651112,2.070293
1356430881594,-1.2258313,9.697687,2.152015
1356430881634,2.152015,7.3141265,-1.7297841
1356430881674,1.607201,8.349273,-0.0
1356430881714,-1.1849703,10.147159,-0.61291564
1356430881755,-2.3426998,10.651112,-2.1383946
1356430881795,-0.50395286,10.56939,-1.334794
1356430881834,-0.040861044,11.645397,-2.070293
1356430881875,-1.607201,10.732834,0.040861044
1356430881915,-2.9556155,12.217452,2.6423476
1356430881955,0.46309182,14.1787815,1.6480621
1356430881995,1.4573772,14.519291,0.7627395
1356430882035,0.27240697,13.715691,-0.7218784
1356430882074,-0.95342433,10.079058,-0.10896278
1356430882115,-0.14982383,5.938472,-0.19068487
1356430882155,0.53119355,4.440233,0.88532263
1356430882194,0.7627395,5.053149,0.88532263
1356430882234,0.19068487,8.580819,-3.636633
1356430882274,-0.46309182,10.528529,-6.973618
1356430882314,-1.1849703,12.258313,-7.246025
1356430882354,-1.56634,9.343558,-7.9679036
1356430882394,0.8036005,14.982383,0.23154591
1356430882434,1.1441092,11.917805,1.6889231
1356430882474,-1.3756552,8.008764,-0.040861044
1356430882514,-3.214402,11.604536,3.173541
1356430882554,0.61291564,8.049625,-0.84446156
1356430882594,1.9885708,7.8180795,-0.23154591
1356430882634,0.19068487,8.812365,0.61291564
1356430882674,-1.1849703,10.079058,-1.7570249
1356430882714,-1.6889231,10.310603,-2.7513103
1356430882755,-0.29964766,10.460427,-1.334794
1356430882795,-2.4925237,11.727119,-0.95342433
1356430882835,-1.879608,10.528529,0.61291564
1356430882875,-2.1111538,11.75436,1.7297841
1356430882915,1.2666923,13.33432,2.4925237
1356430882954,2.2201166,14.519291,-0.27240697
1356430882995,-0.29964766,13.33432,-1.4165162
1356430883035,-1.1441092,9.234595,-1.3075534
1356430883074,-0.19068487,6.973618,0.14982383
1356430883115,0.3405087,4.7943625,0.7627395
1356430883155,0.42223078,4.7126403,-0.14982383
1356430883195,-0.53119355,8.390134,-4.099725
1356430883234,-1.1168685,11.876944,-6.3198414
1356430883274,-1.2258313,11.727119,-6.932757
1356430883314,-2.0294318,13.0619135,-6.3607025
1356430883354,2.7649305,14.818938,2.6014864
1356430883394,-1.3756552,6.701211,1.607201
1356430883435,-3.718355,11.141444,0.7627395
1356430883476,-0.38136974,8.499097,-0.38136974
1356430883514,1.0760075,7.6954966,-1.56634
1356430883554,0.14982383,7.8861814,0.53119355
1356430883594,-0.0,8.771504,1.1441092
1356430883634,-0.46309182,11.604536,-1.3075534
1356430883674,-1.1441092,11.182305,-2.8738933
1356430883714,-2.5606253,12.340035,-1.1849703
1356430883755,-2.9556155,10.800936,0.040861044
1356430883795,-0.61291564,10.691973,0.95342433
1356430883834,-0.040861044,12.721405,1.607201
1356430883875,0.95342433,13.6748295,2.1111538
1356430883915,0.50395286,15.132206,-1.56634
1356430883955,-1.4982382,10.760075,-1.1849703
1356430883994,0.313268,6.742072,-0.8036005
1356430884034,0.42223078,4.5219555,0.23154591
1356430884074,0.27240697,4.399372,0.42223078
1356430884114,-0.29964766,7.3141265,-2.9556155
1356430884154,-0.42223078,10.147159,-5.9793324
1356430884195,-1.0351465,12.912089,-6.742072
1356430884234,-1.0351465,12.367276,-7.9270425
1356430884274,1.0351465,16.86199,-2.1111538
1356430884314,1.6480621,6.742072,2.3018389
1356430884354,-4.7535014,11.141444,0.88532263
1356430884394,-2.5606253,9.534244,1.6889231
1356430884434,0.92618364,7.6273947,-1.4165162
1356430884474,1.9885708,7.4639506,-0.14982383
1356430884514,0.42223078,8.240311,0.7627395
1356430884554,-1.0351465,10.923519,-2.1111538
1356430884594,-2.8330324,10.732834,-3.214402
1356430884634,-1.8387469,11.372991,-0.8036005
1356430884674,-2.4516625,10.800936,-0.8036005
1356430884714,-3.336985,11.413852,3.1463003
1356430884755,0.95342433,13.525005,2.4925237
1356430884795,2.6832085,14.1787815,0.92618364
1356430884835,1.6889231,14.709975,0.10896278
1356430884874,-0.7218784,12.026767,-1.4165162
1356430884915,-0.19068487,7.7772183,-0.42223078
1356430884954,0.040861044,6.0201936,-0.7218784
1356430884994,0.19068487,4.2495484,1.1168685
1356430885034,-0.10896278,5.6660647,-0.23154591
1356430885075,-0.08172209,8.689782,-5.47538
1356430885115,-0.3405087,10.61025,-6.782933
1356430885155,-1.9477097,12.912089,-8.267551
1356430885195,-0.53119355,15.894946,-4.5628166
1356430885235,1.920469,10.56939,3.9090397
1356430885275,-1.525479,8.962189,0.313268
1356430885315,-2.8330324,10.760075,2.1111538
1356430885355,0.19068487,8.076866,-1.525479
1356430885395,1.607201,7.3549876,-0.7218784
1356430885435,0.27240697,8.076866,0.313268
1356430885475,-0.29964766,10.18802,-0.7627395
1356430885515,-2.0294318,11.073342,-2.7240696
1356430885554,-0.50395286,11.264028,-1.607201
1356430885594,-2.3018389,11.836082,-1.879608
1356430885634,-2.7921712,10.269742,1.7570249
1356430885674,-1.3756552,13.021052,1.56634
1356430885714,2.4516625,13.184497,1.607201
1356430885755,1.9477097,13.756551,0.46309182
1356430885795,-0.50395286,12.639683,-0.84446156
1356430885835,-0.88532263,8.771504,-0.95342433
1356430885874,-0.19068487,6.742072,-0.38136974
1356430885915,-0.0,5.6252036,0.10896278
1356430885955,-0.08172209,4.9850473,-0.84446156
1356430885995,-0.46309182,8.308413,-3.9499009
1356430886034,-0.0,10.56939,-6.2789803
1356430886075,-2.070293,12.217452,-8.539958
1356430886115,-1.56634,16.43976,-6.0474343
1356430886154,1.920469,9.084772,2.8330324
1356430886194,-1.2666923,7.9270425,1.334794
1356430886235,-4.2086873,12.639683,3.5276701
1356430886274,1.334794,8.117727,-1.334794
1356430886314,1.9477097,6.973618,-0.8036005
1356430886354,-0.7218784,7.504812,0.10896278
1356430886394,-1.2666923,10.337844,-0.29964766
1356430886434,-1.3756552,10.882658,-2.8738933
1356430886474,-0.9942854,11.645397,-1.607201
1356430886515,-2.4108016,12.176591,-1.6480621
1356430886554,-3.0645783,10.991621,1.2666923
1356430886594,-2.070293,12.108489,2.152015
1356430886634,2.2201166,12.571581,2.1792557
1356430886674,1.8387469,12.762266,0.6946377
1356430886714,0.14982383,13.633968,-2.070293
1356430886755,-1.7570249,10.119919,-0.88532263
1356430886795,-0.50395286,6.851035,-1.0760075
1356430886835,-0.0,6.2789803,-0.5720546
1356430886874,0.23154591,5.053149,0.50395286
1356430886915,-0.29964766,6.5513873,-1.4982382
1356430886955,-0.10896278,9.193735,-5.366417
1356430886994,-0.6537767,12.108489,-6.428804
1356430887035,-2.1111538,11.876944,-8.689782
1356430887074,-0.29964766,14.328606,-3.718355
1356430887114,2.0294318,13.293459,4.099725
1356430887154,-0.9942854,7.504812,-0.0
1356430887194,-3.5276701,11.727119,2.4516625
1356430887234,-0.0,8.390134,-0.9942854
1356430887274,1.56634,7.3141265,-1.0760075
1356430887314,-0.29964766,7.504812,0.14982383
1356430887354,-0.46309182,10.310603,-0.6946377
1356430887394,-1.9477097,10.651112,-2.982856
1356430887434,-1.0351465,11.304889,-1.2258313
1356430887474,-2.7921712,12.176591,-1.2258313
1356430887515,-2.2609777,10.61025,0.46309182
1356430887554,-1.56634,12.217452,1.56634
1356430887594,0.42223078,12.9529505,1.56634
1356430887634,1.1441092,13.525005,0.92618364
1356430887674,-0.0,13.252599,-2.3018389
1356430887714,-1.0760075,9.043911,-0.3405087
1356430887755,-0.95342433,6.932757,-0.14982383
1356430887795,-0.10896278,6.4015636,0.42223078
1356430887835,0.8036005,4.944186,0.6537767
1356430887874,-0.08172209,6.782933,-2.6832085
1356430887915,-1.0351465,9.724928,-4.903325
1356430887954,-0.95342433,12.762266,-7.205164
1356430887995,-1.7297841,11.413852,-9.112013
1356430888034,0.08172209,16.507862,-1.9477097
1356430888075,1.9885708,8.689782,2.6832085
1356430888115,-3.0237172,10.147159,2.0294318
1356430888154,-1.8387469,9.847511,0.8036005
1356430888195,0.7218784,8.240311,-2.1792557
1356430888235,0.92618364,7.3141265,-0.84446156
1356430888275,-0.8036005,7.7363577,0.88532263
1356430888315,-0.6537767,9.888372,-1.2666923
1356430888355,-2.2609777,10.691973,-3.1054392
1356430888395,-0.9942854,11.372991,-1.334794
1356430888435,-3.2961242,12.217452,-1.7297841
1356430888475,-3.405087,10.841797,1.7570249
1356430888515,-1.1168685,12.299174,1.7570249
1356430888555,3.255263,12.217452,1.2666923
1356430888594,1.3756552,13.402422,-0.95342433
1356430888635,-1.1849703,12.912089,-2.070293
1356430888675,-1.1441092,9.193735,-1.2666923
1356430888715,-0.61291564,6.5922484,-0.7627395
1356430888755,-0.08172209,5.407278,0.23154591
1356430888795,0.6946377,4.6036777,-0.23154591
1356430888835,-0.23154591,7.8180795,-3.9090397
1356430888875,-0.61291564,11.264028,-6.0201936
1356430888914,-1.3756552,11.75436,-8.430995
1356430888954,-1.1168685,15.6634,-6.428804
1356430888995,0.61291564,12.912089,-0.6537767
1356430889035,0.61291564,5.434519,1.1168685
1356430889074,-4.8216033,11.34575,2.2201166
1356430889115,0.040861044,7.668256,-0.53119355
1356430889154,0.9942854,7.6273947,-2.6423476
1356430889194,-1.1441092,7.6954966,0.9942854
1356430889234,-0.7627395,9.193735,0.23154591
1356430889274,-1.0760075,11.141444,-2.6014864
1356430889314,-1.3075534,11.372991,-2.2609777
1356430889354,-1.1441092,11.876944,-1.4573772
1356430889394,-3.5276701,10.460427,-1.0760075
1356430889434,-3.405087,10.651112,2.9147544
1356430889475,0.8036005,14.056199,1.879608
1356430889514,2.6423476,14.709975,1.4573772
1356430889554,1.4165162,13.375181,-1.920469
1356430889594,-0.53119355,9.466142,-1.1849703
1356430889634,-1.2258313,6.510526,-0.6537767
1356430889674,-0.42223078,5.5162406,-0.14982383
1356430889714,0.61291564,4.8216033,0.50395286
1356430889755,0.19068487,6.8237944,-2.9556155
1356430889795,0.23154591,10.228881,-6.2108784
1356430889835,-0.84446156,11.958665,-7.7363577
1356430889875,-1.6480621,10.841797,-9.384419
1356430889915,1.1441092,16.208214,-2.070293
1356430889955,1.334794,10.119919,2.8738933
1356430889994,-1.879608,9.234595,-0.19068487
1356430890035,-3.6774938,11.032481,1.4982382
1356430890074,0.3405087,7.3549876,-2.2609777
1356430890114,0.7627395,7.5456724,-0.10896278
1356430890154,-0.040861044,9.302697,-0.3405087
1356430890194,-0.61291564,10.119919,-0.95342433
1356430890234,-2.3018389,10.460427,-3.214402
1356430890274,-0.84446156,11.413852,-1.8387469
1356430890314,-3.9090397,11.114203,-1.525479
1356430890354,-2.7513103,10.038197,1.7570249
1356430890394,-0.23154591,13.0619135,1.0760075
1356430890434,1.920469,15.050485,1.920469
1356430890474,2.0294318,14.369467,-1.4982382
1356430890514,-0.84446156,10.923519,-1.9477097
1356430890554,-0.50395286,7.5456724,-0.8036005
1356430890594,-0.61291564,5.829509,-0.61291564
1356430890634,-0.19068487,4.671779,0.46309182
1356430890674,-0.14982383,5.706926,-1.2258313
1356430890714,-0.08172209,10.147159,-6.0882955
1356430890755,0.7218784,12.598822,-7.7772183
1356430890794,-1.1441092,10.038197,-9.152874
1356430890835,0.14982383,10.56939,-5.6252036
1356430890875,-0.040861044,15.785983,3.5276701
1356430890915,-1.1849703,7.014479,-0.040861044
1356430890954,-2.3699405,11.876944,-0.08172209
1356430890995,-2.3018389,10.038197,0.10896278
1356430891035,0.88532263,7.504812,-0.9942854
1356430891075,1.0760075,8.240311,-0.29964766
1356430891115,-0.08172209,8.430995,-0.3405087
1356430891154,-0.9125633,9.724928,-1.4982382
1356430891195,-1.1849703,10.460427,-2.9556155
1356430891235,-2.5333846,11.727119,-0.53119355
1356430891275,-2.6423476,10.923519,-1.1849703
1356430891315,-2.3018389,12.299174,1.3756552
1356430891355,0.9942854,13.021052,1.4165162
1356430891394,2.0294318,14.2877445,0.5720546
1356430891435,0.84446156,14.369467,-2.2609777
1356430891475,-2.6832085,10.147159,0.23154591
1356430891515,-1.4573772,8.281172,-0.7218784
1356430891554,0.27240697,5.8976107,0.6946377
1356430891595,1.0351465,3.7864566,-0.0
1356430891634,-0.0,6.742072,-2.7240696
1356430891675,-0.50395286,9.507003,-5.7477865
1356430891715,-1.4982382,11.958665,-6.1700177
1356430891755,-2.6423476,10.800936,-7.5865335
1356430891795,-0.53119355,13.211738,-3.5276701
1356430891834,2.7649305,13.824653,1.879608
1356430891875,-1.920469,8.240311,0.88532263
1356430891915,-3.0237172,11.264028,2.7649305
1356430891954,-0.38136974,9.343558,-0.9125633
1356430891994,1.607201,7.205164,-1.6889231
1356430892035,0.6537767,7.9679036,0.92618364
1356430892074,-0.50395286,9.915613,-0.61291564
1356430892114,-1.9477097,10.760075,-2.6014864
1356430892155,-1.2666923,10.923519,-1.6480621
1356430892194,-3.3642259,11.645397,-1.1168685
1356430892234,-2.8738933,10.651112,1.3075534
1356430892274,-1.4573772,12.871228,1.8387469
1356430892314,1.5390993,13.715691,1.7570249
1356430892354,2.1792557,14.669114,-0.19068487
1356430892394,-0.88532263,12.14935,-1.9477097
1356430892434,-1.3756552,9.043911,-0.61291564
1356430892474,-0.27240697,6.0201936,-0.14982383
1356430892514,0.61291564,4.440233,0.6537767
1356430892555,0.38136974,4.9850473,-0.040861044
1356430892594,-0.27240697,8.308413,-3.7864566
1356430892634,0.10896278,11.073342,-6.0882955
1356430892674,-1.1849703,12.258313,-7.8861814
1356430892714,-1.2666923,14.328606,-6.8237944
1356430892755,-0.5720546,15.28203,-1.4573772
1356430892794,0.38136974,5.5162406,2.6423476
1356430892824,-4.3312707,11.141444,1.9477097
1356430892854,-2.9147544,10.337844,2.3426998
1356430892905,1.2666923,8.158588,-0.84446156
1356430892945,0.38136974,8.158588,-0.7218784
1356430892984,-1.2258313,7.9270425,0.9942854
1356430893025,-0.7627395,10.732834,-1.0760075
1356430893064,-1.8387469,10.882658,-2.7513103
1356430893104,-0.61291564,11.073342,-1.3756552
1356430893144,-2.5333846,11.536434,-1.0760075
1356430893184,-2.8738933,10.310603,1.7297841
1356430893224,-1.1168685,13.484144,2.2609777
1356430893264,2.1111538,12.9529505,1.4982382
1356430893304,1.4982382,14.246883,0.10896278
1356430893344,-0.7627395,11.958665,-1.607201
1356430893384,-0.8036005,8.049625,-0.7218784
1356430893424,-0.3405087,6.469665,-0.3405087
1356430893464,0.14982383,5.47538,0.46309182
1356430893504,-0.040861044,5.5571017,-0.50395286
1356430893545,-1.0760075,8.049625,-4.0588636
1356430893584,-1.1168685,10.732834,-5.7477865
1356430893624,-1.6480621,12.912089,-6.782933
1356430893664,-0.84446156,11.795221,-7.504812
1356430893704,0.95342433,15.826844,0.84446156
1356430893744,-0.27240697,6.5513873,1.7978859
1356430893784,-3.636633,10.61025,2.070293
1356430893824,-1.6480621,9.997335,0.6537767
1356430893865,0.7218784,8.158588,-2.2201166
1356430893905,0.313268,7.8861814,-0.29964766
1356430893944,-1.334794,8.471856,0.53119355
1356430893985,-0.6946377,10.460427,-1.2666923
1356430894024,-1.3075534,10.419566,-3.255263
1356430894064,-1.8387469,11.304889,-0.5720546
1356430894104,-3.636633,11.223166,-0.61291564
1356430894144,-3.336985,11.604536,1.1441092
1356430894184,-0.6537767,12.571581,1.7297841
1356430894224,1.9885708,12.53072,1.5390993
1356430894264,1.4165162,14.410328,-0.6537767
1356430894305,-1.1441092,11.495573,-1.334794
1356430894344,-2.3699405,9.043911,-0.38136974
1356430894384,-0.50395286,6.4424243,-0.6537767
1356430894424,0.8036005,5.175732,0.42223078
1356430894464,0.84446156,5.7477865,-0.53119355
1356430894504,-0.50395286,8.308413,-4.2904096
1356430894544,-1.879608,10.991621,-6.5513873
1356430894585,-1.334794,12.912089,-6.5922484
1356430894624,-2.4108016,9.847511,-8.076866
1356430894664,-0.19068487,15.091345,0.50395286
1356430894704,-0.14982383,10.079058,2.4516625
