1356431032567,-7.164303,-5.7886477,0.42223078
1356431032714,-7.164303,-5.706926,-0.42223078
1356431032755,-7.164303,-5.7886477,0.84446156
1356431032794,-7.04172,-5.9793324,0.46309182
1356431032834,-7.082581,-5.8567495,0.53119355
1356431032874,-7.04172,-5.8567495,0.313268
1356431032915,-7.014479,-5.8158884,0.42223078
1356431032954,-6.8237944,-5.7886477,0.3405087
1356431032994,-6.932757,-5.8567495,0.5720546
1356431033034,-6.8237944,-6.0201936,0.7218784
1356431033074,-6.701211,-6.0882955,-0.29964766
1356431033114,-6.5922484,-6.5922484,0.84446156
1356431033155,-6.428804,-6.428804,0.6946377
1356431033195,-6.5513873,-6.2108784,-0.50395286
1356431033234,-6.66035,-6.428804,0.53119355
1356431033274,-6.851035,-5.434519,-0.27240697
1356431033317,-6.742072,-5.366417,-1.3075534
1356431033354,-8.267551,-6.851035,-1.8387469
1356431033395,-7.6273947,-6.932757,-1.6480621
1356431033435,-6.1700177,-6.238119,-2.982856
1356431033474,-6.1700177,-6.469665,-2.4108016
1356431033514,-6.5513873,-7.04172,-1.1849703
1356431033554,-6.2789803,-6.238119,-1.334794
1356431033604,-5.706926,-5.9793324,-1.920469
1356431033645,-4.862464,-5.6252036,-2.3426998
1356431033684,-5.134871,-5.47538,-2.7240696
1356431033724,-5.597963,-6.1291566,-3.759216
1356431033765,-6.1291566,-7.3549876,-4.2904096
1356431033804,-5.202973,-7.3958488,-4.630918
1356431033844,-6.2108784,-7.1234417,-4.1814466
1356431033885,-7.3141265,-7.04172,-3.636633
1356431033924,-5.8158884,-5.5162406,-0.29964766
1356431033964,-7.205164,-5.7886477,1.0351465
1356431034004,-6.4015636,-5.47538,0.040861044
1356431034045,-6.5513873,-5.9793324,-0.6946377
1356431034084,-6.0474343,-5.284695,-0.08172209
1356431034124,-6.0201936,-4.399372,-0.040861044
1356431034164,-6.3198414,-4.440233,0.6537767
1356431034204,-7.3958488,-6.1291566,0.27240697
1356431034244,-6.891896,-7.8589406,-1.2258313
1356431034284,-7.3958488,-8.076866,0.42223078
1356431034324,-7.5456724,-8.076866,-0.0
1356431034364,-6.3198414,-7.205164,1.6480621
1356431034404,-8.662541,-6.851035,2.5606253
1356431034444,-11.141444,-3.486809,3.2961242
1356431034484,-11.9450445,-5.366417,-0.10896278
1356431034524,-7.3549876,-7.164303,-1.6480621
1356431034564,-5.366417,-6.1291566,-1.0351465
1356431034607,-3.9499009,-3.5276701,-0.23154591
1356431034644,-3.636633,-2.1383946,-0.040861044
1356431034684,-3.6774938,-2.3426998,-1.1168685
1356431034724,-5.09401,-5.597963,-5.134871
1356431034764,-6.973618,-7.6273947,-6.782933
1356431034804,-7.9679036,-7.43671,-4.1814466
1356431034844,-10.269742,-9.425281,-7.014479
1356431034884,-9.80665,-4.9850473,0.7627395
1356431034924,-5.284695,-4.8216033,2.1792557
1356431034964,-6.701211,-7.04172,0.84446156
1356431035004,-6.3607025,-4.944186,1.7978859
1356431035044,-5.243834,-2.1792557,-1.1849703
1356431035084,-5.134871,-2.9556155,0.313268
1356431035124,-7.205164,-6.742072,0.3405087
1356431035164,-6.6331096,-7.164303,-2.4108016
1356431035204,-7.5865335,-6.66035,0.08172209
1356431035244,-7.9679036,-7.3141265,-0.5720546
1356431035284,-6.0882955,-6.973618,1.6480621
1356431035324,-10.079058,-7.8180795,3.336985
1356431035364,-11.264028,-3.759216,3.0645783
1356431035404,-11.563675,-6.0201936,-0.5720546
1356431035444,-8.471856,-6.932757,-1.607201
1356431035484,-6.0201936,-4.671779,-0.27240697
1356431035524,-2.8738933,-2.982856,-0.7218784
1356431035564,-2.9147544,-2.1111538,-0.46309182
1356431035607,-4.0588636,-3.2961242,-2.0294318
1356431035644,-5.5162406,-5.7477865,-6.5513873
1356431035684,-6.66035,-7.504812,-3.636633
1356431035714,-9.343558,-7.164303,-5.7477865
1356431035744,-10.991621,-8.471856,-5.938472
1356431035784,-13.0619135,-5.012288,1.1441092
1356431035824,-5.175732,-6.701211,2.4108016
1356431035854,-7.164303,-7.6954966,2.1111538
1356431035894,-7.246025,-5.012288,1.1441092
1356431035924,-6.742072,-3.3642259,-0.08172209
1356431035954,-5.434519,-2.5333846,0.040861044
1356431035994,-4.944186,-2.3018389,0.95342433
1356431036034,-6.3198414,-5.053149,-0.19068487
1356431036074,-6.851035,-6.782933,-1.2258313
1356431036114,-7.3549876,-6.973618,1.1168685
1356431036154,-7.3549876,-8.771504,0.313268
1356431036194,-7.4639506,-8.390134,2.5333846
1356431036235,-11.413852,-6.0882955,3.445948
1356431036275,-11.536434,-4.2904096,2.3018389
1356431036314,-10.18802,-5.5571017,-1.334794
1356431036355,-8.076866,-7.082581,0.10896278
1356431036394,-4.2495484,-3.9771416,0.23154591
1356431036434,-2.3426998,-0.9125633,-0.7627395
1356431036474,-3.5957718,-0.53119355,-0.3405087
1356431036514,-4.8216033,-3.2961242,-4.4810944
1356431036555,-7.273266,-7.246025,-8.117727
1356431036603,-8.662541,-8.049625,-5.407278
1356431036635,-7.3141265,-8.430995,-8.812365
1356431036675,-12.680544,-6.851035,-0.46309182
1356431036715,-6.851035,-2.982856,2.4108016
1356431036755,-7.3141265,-6.782933,-0.5720546
1356431036794,-7.082581,-6.6331096,1.1849703
1356431036835,-5.284695,-4.372132,0.61291564
1356431036875,-5.09401,0.10896278,0.53119355
1356431036915,-6.0474343,-3.336985,0.61291564
1356431036954,-7.082581,-7.3141265,-3.1463003
1356431036995,-6.1700177,-8.430995,1.0760075
1356431037035,-8.049625,-8.921328,0.3405087
1356431037075,-6.973618,-6.973618,0.61291564
1356431037115,-8.962189,-6.742072,1.3756552
1356431037155,-10.760075,-6.238119,2.6014864
1356431037195,-12.639683,-5.6660647,2.1792557
1356431037235,-9.575105,-6.3607025,-1.607201
1356431037275,-5.8976107,-6.1291566,-0.29964766
1356431037315,-3.9499009,-3.173541,0.040861044
1356431037355,-1.920469,-1.1441092,-0.27240697
1356431037395,-3.636633,-0.9942854,-1.0760075
1356431037434,-5.47538,-4.2495484,-5.407278
1356431037475,-7.014479,-8.812365,-8.430995
1356431037515,-6.891896,-7.9270425,-5.7477865
1356431037554,-9.847511,-8.471856,-6.782933
1356431037594,-10.95076,-2.9147544,0.23154591
1356431037623,-5.7886477,-5.7886477,-0.3405087
1356431037654,-7.273266,-7.9679036,0.42223078
1356431037683,-7.3141265,-6.973618,1.5390993
1356431037713,-4.2904096,-4.140586,0.5720546
1356431037743,-3.445948,-2.5333846,0.46309182
1356431037774,-4.944186,-2.5606253,1.6889231
1356431037803,-6.0882955,-3.9090397,-0.46309182
1356431037834,-6.973618,-7.273266,-4.2904096
1356431037864,-8.008764,-8.499097,-1.607201
1356431037904,-8.730643,-7.8589406,1.1168685
1356431037943,-7.4639506,-7.082581,-0.08172209
1356431037987,-7.6273947,-6.851035,0.50395286
1356431038024,-10.501288,-5.938472,1.6889231
1356431038064,-11.114203,-5.5162406,1.7978859
1356431038105,-10.691973,-7.164303,-0.9125633
1356431038144,-6.66035,-6.2108784,0.42223078
1356431038184,-4.5219555,-2.8738933,1.1441092
1356431038224,-1.920469,-1.0351465,-0.95342433
1356431038264,-3.445948,-1.7297841,-2.8330324
1356431038304,-4.7126403,-5.366417,-4.372132
1356431038344,-5.8976107,-8.240311,-7.205164
1356431038385,-7.43671,-8.076866,-5.366417
1356431038424,-7.5456724,-8.812365,-7.7772183
1356431038464,-12.9529505,-4.7943625,-0.5720546
1356431038504,-4.140586,-6.2108784,0.61291564
1356431038544,-8.430995,-7.8589406,0.313268
1356431038605,-5.325556,-3.0645783,2.1792557
1356431038625,-3.9499009,-1.4573772,-0.08172209
1356431038665,-6.0882955,-3.9499009,-0.27240697
1356431038705,-6.1291566,-6.3607025,-1.4573772
1356431038745,-6.510526,-7.3958488,-2.2609777
1356431038785,-8.771504,-6.6331096,0.10896278
1356431038825,-7.3141265,-7.273266,-0.19068487
1356431038865,-5.8976107,-7.7772183,1.7978859
1356431038905,-11.495573,-7.3549876,3.255263
1356431038945,-11.413852,-5.284695,3.173541
1356431038985,-11.182305,-7.1234417,-0.29964766
1356431039024,-7.5456724,-6.66035,1.1168685
1356431039064,-4.0588636,-3.1463003,0.7218784
1356431039104,-2.3018389,-0.9942854,-0.040861044
1356431039145,-2.8738933,-1.3075534,-0.9125633
1356431039185,-4.7535014,-3.759216,-4.7943625
1356431039224,-6.6331096,-7.04172,-7.273266
1356431039265,-7.3141265,-8.267551,-6.1291566
1356431039304,-9.425281,-10.691973,-6.2108784
1356431039345,-10.760075,-3.5957718,2.2201166
1356431039384,-6.851035,-8.308413,-0.53119355
1356431039425,-7.8180795,-6.742072,-0.88532263
1356431039464,-5.09401,-3.255263,0.7218784
1356431039504,-5.597963,-3.2961242,0.84446156
1356431039544,-5.8158884,-4.2904096,0.46309182
1356431039606,-5.7886477,-5.243834,-2.4516625
1356431039625,-6.66035,-6.2108784,-2.7513103
1356431039665,-7.3141265,-6.973618,-0.46309182
1356431039705,-6.0201936,-8.308413,2.070293
1356431039745,-10.079058,-9.043911,4.140586
1356431039785,-12.026767,-4.8216033,1.6480621
1356431039825,-11.495573,-7.3141265,-1.4165162
1356431039865,-9.302697,-7.5456724,0.46309182
1356431039905,-6.3607025,-3.8273177,-0.29964766
1356431039945,-1.6480621,-1.607201,-0.50395286
1356431039985,-1.7297841,-1.3756552,-0.53119355
1356431040030,-4.0180025,-2.5333846,-2.4516625
1356431040075,-6.3198414,-5.597963,-6.973618
1356431040114,-6.973618,-7.8861814,-6.0201936
1356431040154,-11.372991,-9.997335,-8.240311
1356431040194,-10.800936,-5.325556,-2.6014864
1356431040234,-3.405087,-3.8273177,1.2666923
1356431040274,-8.689782,-8.349273,0.7218784
1356431040314,-6.2789803,-3.636633,1.0760075
1356431040354,-4.862464,-3.445948,-1.3756552
1356431040395,-5.284695,-3.7864566,0.08172209
1356431040435,-5.407278,-4.0180025,-0.10896278
1356431040474,-6.6331096,-5.9793324,-1.9477097
1356431040514,-7.6546354,-6.2789803,-1.4165162
1356431040555,-7.504812,-8.008764,-1.334794
1356431040606,-6.3198414,-8.921328,0.10896278
1356431040635,-9.466142,-8.771504,2.6423476
1356431040675,-10.95076,-4.2086873,3.568531
1356431040715,-11.454713,-5.7477865,0.92618364
1356431040755,-8.471856,-7.1234417,-1.1168685
1356431040795,-5.407278,-5.175732,0.46309182
1356431040835,-3.568531,-3.486809,-0.95342433
1356431040875,-2.982856,-1.607201,-0.46309182
1356431040915,-3.718355,-2.3426998,-2.1383946
1356431040954,-5.6252036,-5.175732,-5.053149
1356431040995,-8.390134,-7.1234417,-5.6660647
1356431041034,-6.3198414,-7.6273947,-8.390134
1356431041074,-10.923519,-8.689782,-3.759216
1356431041114,-9.697687,-4.372132,2.8330324
1356431041154,-6.701211,-7.273266,-0.42223078
1356431041194,-6.891896,-6.0201936,1.7297841
1356431041234,-5.6660647,-3.255263,0.7218784
1356431041274,-5.47538,-1.879608,0.040861044
1356431041314,-5.597963,-4.0588636,-0.3405087
1356431041355,-5.9793324,-6.932757,-3.8273177
1356431041394,-7.1234417,-6.469665,-0.7627395
1356431041435,-8.049625,-6.8237944,-1.0351465
1356431041474,-7.04172,-7.5865335,1.1168685
1356431041514,-8.240311,-8.240311,3.445948
1356431041555,-10.841797,-5.47538,2.4108016
1356431041605,-12.5579605,-5.7886477,-0.88532263
1356431041635,-9.847511,-6.701211,-1.607201
1356431041675,-6.851035,-5.284695,-1.4165162
1356431041714,-3.5276701,-2.3699405,-0.38136974
1356431041755,-2.7240696,-1.6480621,-0.23154591
1356431041795,-3.7864566,-1.334794,-1.0760075
1356431041835,-6.2789803,-4.5628166,-5.09401
1356431041874,-7.3958488,-6.1700177,-6.66035
1356431041914,-8.308413,-6.932757,-6.8237944
1356431041954,-10.419566,-9.152874,-6.3607025
1356431041995,-11.686258,-3.568531,2.4925237
1356431042034,-5.325556,-5.8158884,0.14982383
1356431042074,-8.349273,-7.504812,-0.19068487
1356431042114,-6.238119,-3.718355,0.61291564
1356431042155,-5.325556,-2.4925237,-0.5720546
1356431042195,-5.284695,-3.3642259,-0.08172209
1356431042234,-6.0882955,-5.325556,-0.84446156
1356431042275,-6.973618,-5.284695,-1.920469
1356431042314,-7.6954966,-6.851035,-0.29964766
1356431042355,-6.6331096,-8.853226,0.313268
1356431042394,-7.7772183,-7.9679036,3.255263
1356431042434,-11.114203,-6.469665,4.372132
1356431042482,-12.408136,-5.243834,2.1111538
1356431042524,-9.765789,-6.510526,-2.1383946
1356431042565,-6.2789803,-5.47538,-1.0760075
1356431042606,-3.636633,-2.7921712,0.5720546
1356431042645,-2.7921712,-1.2666923,0.42223078
1356431042684,-3.6774938,-1.7570249,-1.2258313
1356431042724,-6.66035,-5.8158884,-5.5162406
1356431042764,-8.049625,-6.851035,-6.891896
1356431042804,-7.273266,-5.8976107,-6.1700177
1356431042844,-11.264028,-8.812365,-5.284695
1356431042884,-9.152874,-3.7864566,0.5720546
1356431042924,-5.7886477,-6.5922484,0.27240697
1356431042965,-7.164303,-7.6954966,-0.53119355
1356431043005,-6.428804,-3.568531,0.14982383
1356431043044,-5.434519,-1.525479,0.6946377
1356431043084,-5.284695,-3.173541,0.92618364
1356431043124,-7.273266,-5.434519,-1.56634
1356431043164,-7.7772183,-6.6331096,-1.0351465
1356431043204,-8.349273,-7.504812,-0.42223078
1356431043244,-7.5865335,-8.471856,0.10896278
1356431043284,-8.471856,-8.349273,3.173541
1356431043324,-10.079058,-5.6660647,3.0237172
1356431043365,-10.419566,-4.671779,1.879608
1356431043404,-9.80665,-5.6660647,-0.8036005
1356431043444,-7.6954966,-5.6252036,-0.61291564
1356431043485,-4.7126403,-3.718355,-0.42223078
1356431043524,-3.0645783,-2.2201166,-0.6946377
1356431043565,-2.7513103,-1.7297841,-0.6537767
1356431043606,-5.8567495,-3.8681788,-3.0237172
1356431043644,-7.9270425,-5.47538,-5.8976107
1356431043685,-8.158588,-7.082581,-7.1234417
1356431043724,-11.645397,-10.841797,-7.5865335
1356431043764,-10.337844,-4.140586,0.9942854
1356431043804,-3.3642259,-4.2904096,-0.3405087
1356431043844,-7.3549876,-8.117727,1.1168685
1356431043885,-7.8861814,-5.134871,2.3018389
1356431043924,-5.366417,-0.29964766,-0.50395286
1356431043964,-5.09401,-3.336985,1.0351465
1356431044005,-6.701211,-6.1291566,-0.0
1356431044044,-6.932757,-6.0882955,-2.1383946
1356431044084,-7.6546354,-6.3607025,0.10896278
1356431044124,-7.6273947,-7.3958488,-0.9125633
1356431044164,-5.7477865,-8.267551,0.8036005
1356431044204,-8.008764,-7.3549876,4.5628166
1356431044245,-12.53072,-4.7943625,4.7943625
1356431044284,-13.211738,-5.5162406,1.0351465
1356431044324,-8.962189,-7.504812,-1.9477097
1356431044365,-6.66035,-5.6660647,-0.88532263
1356431044404,-3.8273177,-2.4925237,0.313268
1356431044445,-2.6014864,-1.525479,-0.42223078
1356431044484,-3.2961242,-2.3426998,-1.0760075
1356431044524,-6.1700177,-5.09401,-3.9090397
1356431044565,-7.3958488,-6.4015636,-4.8216033
1356431044606,-8.689782,-7.164303,-6.5922484
1356431044645,-7.3549876,-7.205164,-7.3549876
1356431044684,-12.5579605,-6.0201936,1.9477097
1356431044724,-5.366417,-5.7477865,1.334794
1356431044764,-7.43671,-6.701211,0.84446156
1356431044816,-6.5513873,-5.134871,-0.27240697
1356431044864,-4.7943625,-2.2609777,-0.38136974
1356431044904,-5.243834,-4.440233,1.2666923
1356431044944,-7.43671,-5.5162406,-1.2666923
1356431044985,-7.504812,-6.3198414,-0.84446156
1356431045025,-7.6273947,-7.504812,0.6946377
1356431045064,-6.428804,-7.6546354,0.53119355
1356431045104,-7.6954966,-6.0882955,2.4516625
1356431045144,-10.991621,-6.2789803,3.2961242
1356431045185,-11.304889,-4.7943625,2.6014864
1356431045225,-11.264028,-6.0201936,-0.7627395
1356431045264,-8.771504,-6.3607025,-1.3075534
1356431045305,-6.0474343,-5.012288,-0.23154591
1356431045344,-3.405087,-2.9556155,-0.38136974
1356431045384,-2.6423476,-1.0760075,0.27240697
1356431045424,-4.5219555,-2.3426998,-2.6832085
1356431045464,-5.6660647,-4.372132,-4.0180025
1356431045505,-7.8589406,-7.205164,-5.175732
1356431045544,-7.246025,-8.117727,-8.539958
1356431045604,-9.847511,-8.812365,-4.671779
1356431045625,-13.1708765,-3.214402,3.0237172
1356431045664,-4.5900574,-5.175732,-2.2609777
1356431045705,-8.390134,-7.164303,0.6946377
1356431045745,-6.238119,-4.0180025,0.92618364
1356431045784,-5.6660647,-1.0351465,-0.6537767
1356431045825,-5.407278,-2.6832085,-0.27240697
1356431045865,-6.6331096,-6.2789803,-0.42223078
1356431045905,-6.8237944,-6.932757,-2.7921712
1356431045945,-7.7772183,-5.5162406,-0.3405087
1356431045985,-6.932757,-8.240311,-0.50395286
1356431046025,-6.469665,-7.246025,2.1111538
1356431046065,-10.501288,-6.973618,4.2086873
1356431046105,-12.762266,-4.903325,3.255263
1356431046145,-11.727119,-5.134871,-1.0351465
1356431046185,-8.158588,-5.938472,-0.8036005
1356431046225,-5.202973,-4.5219555,-0.9125633
1356431046264,-3.486809,-2.7240696,-1.8387469
1356431046305,-2.7240696,-0.8036005,-0.8036005
1356431046345,-4.5900574,-2.2201166,-1.920469
1356431046384,-6.5513873,-4.5900574,-5.7477865
1356431046425,-7.7363577,-6.428804,-6.3607025
1356431046465,-7.7772183,-7.082581,-9.00305
1356431046504,-12.026767,-7.7772183,-3.486809
1356431046544,-10.038197,-2.5606253,2.7921712
1356431046601,-6.4015636,-6.851035,-0.040861044
1356431046625,-8.240311,-5.7477865,-0.10896278
1356431046664,-6.0882955,-3.0645783,-0.84446156
1356431046705,-5.325556,-2.1792557,-0.19068487
1356431046745,-5.243834,-3.718355,-0.19068487
1356431046785,-5.938472,-5.706926,-1.56634
1356431046825,-6.1700177,-6.3607025,-1.4982382
1356431046865,-7.7363577,-7.43671,-0.19068487
1356431046905,-7.5456724,-8.008764,0.08172209
1356431046945,-7.43671,-7.273266,2.5333846
1356431046984,-11.032481,-7.082581,3.255263
1356431047024,-12.176591,-4.862464,3.1463003
1356431047064,-10.460427,-5.6660647,-1.525479
1356431047104,-6.5922484,-7.164303,-1.6889231
1356431047144,-5.012288,-4.4810944,0.38136974
1356431047184,-2.8330324,-1.879608,0.27240697
1356431047224,-3.405087,-1.1849703,-0.27240697
1356431047264,-5.012288,-2.7513103,-2.9556155
1356431047304,-6.4015636,-5.7886477,-5.7477865
1356431047344,-8.158588,-7.7363577,-6.2789803
1356431047385,-8.349273,-7.246025,-8.730643
1356431047424,-15.363752,-6.0882955,-0.38136974
1356431047465,-3.9090397,-2.982856,-1.7978859
1356431047504,-8.19945,-7.3958488,1.2258313
1356431047545,-7.1234417,-5.434519,0.88532263
1356431047604,-5.8976107,-2.070293,-1.6480621
1356431047625,-5.434519,-1.6480621,-0.61291564
1356431047665,-6.2108784,-5.243834,0.313268
1356431047704,-6.0201936,-5.8567495,-2.2609777
1356431047745,-7.5456724,-6.0882955,-0.040861044
1356431047785,-7.6273947,-6.8237944,-0.61291564
1356431047825,-5.7886477,-7.7772183,2.070293
1356431047865,-9.888372,-8.267551,4.2904096
1356431047905,-12.408136,-4.372132,3.3778462
1356431047945,-12.5579605,-5.284695,-0.5720546
1356431047985,-8.158588,-7.04172,-1.4573772
1356431048025,-6.5922484,-5.202973,-0.61291564
1356431048065,-3.9771416,-2.5333846,0.19068487
1356431048104,-2.7513103,-1.6889231,-0.5720546
1356431048144,-4.099725,-3.0645783,-0.7218784
1356431048185,-5.434519,-4.5219555,-4.8216033
1356431048225,-6.6331096,-5.6252036,-4.399372
1356431048264,-8.471856,-7.1234417,-6.742072
1356431048305,-10.038197,-8.580819,-6.510526
1356431048344,-12.067628,-4.4810944,2.9556155
1356431048385,-3.5957718,-5.175732,0.8036005
1356431048424,-8.539958,-6.973618,-0.0
1356431048464,-6.0882955,-3.405087,0.8036005
1356431048505,-5.284695,-2.6423476,-0.84446156
1356431048544,-5.9793324,-3.8273177,2.0294318
1356431048600,-6.5922484,-4.8216033,-0.6946377
1356431048625,-6.5922484,-6.469665,-3.1054392
1356431048665,-7.014479,-6.5513873,0.040861044
1356431048705,-7.8589406,-7.43671,0.6537767
1356431048745,-7.273266,-8.62168,2.4108016
1356431048785,-10.378705,-7.6954966,3.718355
1356431048825,-11.114203,-3.3642259,3.568531
1356431048865,-11.985906,-6.0474343,-0.6537767
1356431048904,-8.662541,-6.701211,-0.38136974
1356431048945,-5.7886477,-4.5219555,0.27240697
1356431048985,-3.636633,-2.982856,-0.27240697
1356431049024,-3.336985,-2.0294318,0.50395286
1356431049065,-3.5957718,-1.9885708,-0.9125633
1356431049104,-6.4015636,-4.7943625,-5.8158884
1356431049144,-7.7363577,-7.205164,-5.6252036
1356431049184,-8.771504,-7.3958488,-5.8976107
1356431049224,-8.008764,-7.7772183,-7.082581
1356431049264,-13.593107,-4.7943625,3.0237172
1356431049304,-5.175732,-6.3198414,1.2258313
1356431049344,-7.8861814,-5.8567495,1.1168685
1356431049385,-7.3549876,-4.2904096,1.6889231
1356431049424,-5.366417,-2.7921712,-1.3075534
1356431049464,-5.284695,-3.5276701,0.313268
1356431049504,-6.238119,-4.862464,-0.08172209
1356431049545,-6.66035,-6.0201936,-2.4925237
1356431049600,-7.3549876,-6.8237944,0.14982383
1356431049625,-7.3958488,-7.8180795,0.14982383
1356431049665,-6.2789803,-8.158588,1.9885708
1356431049705,-11.3321295,-7.504812,3.405087
1356431049745,-12.871228,-4.5900574,3.405087
1356431049785,-11.114203,-6.0474343,0.6946377
1356431049825,-7.164303,-6.2789803,-0.84446156
1356431049864,-5.366417,-3.5957718,1.334794
1356431049904,-2.8330324,-2.7240696,0.46309182
1356431049944,-3.336985,-2.1111538,-0.95342433
1356431049984,-4.7126403,-2.8738933,-1.879608
1356431050024,-6.973618,-4.399372,-3.759216
1356431050064,-9.193735,-5.9793324,-5.325556
1356431050104,-7.6273947,-7.6546354,-8.62168
1356431050144,-6.2108784,-8.921328,-6.0474343
1356431050184,-16.698545,-4.903325,4.862464
1356431050224,-4.1814466,-3.568531,-1.1168685
1356431050265,-7.9270425,-7.9270425,-0.8036005
1356431050304,-6.782933,-4.2495484,3.1463003
1356431050344,-5.407278,-2.3699405,-2.7921712
1356431050385,-5.366417,-3.405087,0.5720546
1356431050424,-5.053149,-4.862464,0.42223078
1356431050464,-6.66035,-5.8976107,-1.8387469
1356431050505,-6.932757,-6.3607025,0.42223078
1356431050544,-7.8861814,-7.6954966,-0.29964766
1356431050600,-7.3549876,-8.390134,0.61291564
1356431050625,-9.00305,-8.580819,2.8738933
1356431050665,-10.310603,-5.5571017,4.2086873
1356431050705,-12.367276,-4.440233,3.1054392
1356431050745,-10.760075,-6.428804,-1.4982382
1356431050784,-7.014479,-5.8567495,1.0351465
1356431050824,-4.0180025,-3.3642259,0.46309182
1356431050864,-3.255263,-2.1383946,-0.10896278
1356431050905,-3.0237172,-1.4165162,0.040861044
1356431050945,-5.053149,-3.5957718,-2.982856
1356431050984,-7.164303,-6.510526,-6.4015636
1356431051024,-8.539958,-7.164303,-4.5219555
1356431051064,-8.771504,-7.3958488,-7.5865335
1356431051104,-14.601013,-6.2108784,-0.3405087
1356431051144,-4.140586,-5.284695,2.3426998
1356431051185,-7.7772183,-7.246025,1.0351465
1356431051225,-6.891896,-3.8273177,1.2666923
1356431051264,-6.1291566,-3.759216,0.19068487
1356431051305,-4.944186,-3.445948,-0.27240697
1356431051344,-6.238119,-4.5628166,1.1168685
1356431051384,-7.082581,-5.8976107,-1.4573772
1356431051425,-8.049625,-6.701211,-0.29964766
1356431051464,-7.6546354,-7.6273947,-0.29964766
1356431051505,-6.238119,-8.390134,0.6946377
1356431051544,-7.3958488,-6.428804,2.1792557
1356431051601,-11.563675,-5.7886477,3.1463003
1356431051625,-12.980191,-5.407278,3.2961242
1356431051665,-9.915613,-6.5513873,-1.0351465
1356431051705,-5.9793324,-6.1700177,-0.5720546
1356431051744,-4.9850473,-3.718355,0.46309182
1356431051785,-2.4108016,-1.9477097,0.08172209
1356431051825,-3.5957718,-1.4573772,0.313268
1356431051865,-5.8158884,-3.336985,-4.099725
1356431051905,-7.082581,-6.5922484,-6.469665
1356431051945,-8.921328,-7.1234417,-5.5162406
1356431051985,-6.8237944,-6.5922484,-7.6546354
1356431052024,-13.211738,-8.471856,-3.0645783
1356431052065,-9.343558,-1.607201,3.636633
1356431052104,-6.238119,-7.4639506,-1.4573772
1356431052144,-7.04172,-5.325556,2.3018389
1356431052184,-4.5219555,-2.8738933,-0.19068487
1356431052224,-6.1291566,-3.445948,0.50395286
1356431052264,-6.0882955,-4.4810944,1.3756552
1356431052304,-6.8237944,-5.6660647,-1.9885708
1356431052344,-7.3549876,-7.164303,0.08172209
1356431052384,-7.9270425,-7.6273947,0.19068487
1356431052424,-7.273266,-8.962189,2.3018389
1356431052464,-10.7192135,-7.7772183,3.7864566
1356431052504,-10.691973,-3.0237172,3.8273177
1356431052545,-11.073342,-4.0588636,0.7627395
1356431052601,-8.539958,-5.706926,-0.61291564
1356431052625,-5.5571017,-5.5162406,0.19068487
1356431052665,-4.372132,-3.3642259,-1.4573772
1356431052704,-4.5900574,-2.3426998,-0.08172209
1356431052745,-3.173541,-2.0294318,-0.7627395
1356431052785,-4.7126403,-4.0180025,-5.325556
1356431052825,-8.158588,-6.782933,-6.238119
1356431052865,-9.00305,-6.932757,-4.944186
1356431052905,-8.853226,-8.076866,-8.19945
1356431052945,-12.680544,-5.09401,3.0237172
1356431052984,-6.1291566,-5.8976107,1.3075534
1356431053024,-8.471856,-6.1291566,-0.10896278
1356431053064,-5.8976107,-4.0588636,0.95342433
1356431053104,-5.053149,-3.214402,-0.19068487
1356431053144,-5.434519,-3.405087,1.2258313
1356431053184,-6.782933,-4.630918,-0.23154591
1356431053224,-7.205164,-6.3607025,-1.8387469
1356431053264,-7.8589406,-7.1234417,0.46309182
1356431053304,-7.3141265,-8.662541,0.19068487
1356431053344,-6.510526,-7.504812,1.879608
1356431053384,-9.575105,-7.082581,4.0588636
1356431053424,-11.304889,-4.099725,4.7535014
1356431053464,-12.217452,-5.366417,0.14982383
1356431053504,-8.267551,-7.082581,-1.334794
1356431053544,-5.6252036,-4.2495484,-0.6537767
1356431053603,-3.9499009,-3.173541,-1.1168685
1356431053624,-3.718355,-2.4925237,0.46309182
1356431053664,-3.405087,-1.6889231,0.040861044
1356431053704,-4.7943625,-4.2904096,-4.1814466
1356431053745,-7.4639506,-7.164303,-6.0882955
1356431053785,-9.043911,-7.164303,-5.5162406
1356431053825,-7.9270425,-7.8861814,-7.8589406
1356431053865,-14.750836,-3.9499009,3.5276701
1356431053905,-4.5219555,-6.701211,0.42223078
1356431053945,-7.3141265,-6.2789803,-0.3405087
1356431053985,-7.04172,-4.2086873,1.4165162
1356431054025,-6.1700177,-2.7513103,0.6946377
1356431054064,-6.0474343,-2.8738933,-0.27240697
1356431054104,-5.9793324,-5.202973,0.14982383
1356431054144,-6.428804,-6.510526,-2.2609777
1356431054185,-7.014479,-6.66035,0.53119355
1356431054225,-7.8180795,-8.117727,-0.10896278
1356431054264,-6.6331096,-7.8861814,1.1441092
1356431054305,-7.9679036,-5.407278,2.2609777
1356431054344,-11.073342,-6.851035,3.8681788
1356431054384,-12.598822,-6.0882955,3.568531
1356431054424,-10.269742,-5.5162406,-2.1792557
1356431054464,-5.6660647,-5.5162406,-0.5720546
1356431054504,-3.7864566,-4.1814466,-0.23154591
1356431054545,-3.445948,-2.6014864,-0.14982383
1356431054603,-4.372132,-1.6889231,-0.040861044
1356431054624,-5.325556,-3.2961242,-3.1463003
1356431054665,-7.1234417,-4.903325,-4.440233
1356431054704,-9.084772,-7.4639506,-6.782933
1356431054745,-7.5456724,-8.349273,-8.19945
1356431054785,-15.132206,-5.6252036,3.5276701
1356431054825,-3.9771416,-4.4810944,-0.23154591
1356431054865,-9.575105,-7.164303,0.5720546
1356431054905,-7.504812,-4.2495484,2.152015
1356431054945,-5.47538,-2.6014864,-1.525479
1356431054985,-5.325556,-3.9090397,0.7627395
1356431055024,-6.428804,-4.7126403,-0.14982383
1356431055065,-7.014479,-5.202973,-1.8387469
1356431055104,-7.04172,-6.3607025,-0.23154591
1356431055145,-7.246025,-8.117727,-0.14982383
1356431055185,-7.014479,-7.1234417,0.8036005
1356431055224,-7.6273947,-6.973618,2.4108016
1356431055264,-11.536434,-5.8976107,3.8681788
1356431055304,-12.680544,-4.1814466,2.6832085
1356431055344,-9.956474,-6.8237944,-2.1383946
1356431055384,-6.8237944,-5.6660647,0.42223078
1356431055425,-5.202973,-3.568531,0.6537767
1356431055464,-3.255263,-2.5333846,-0.7218784
1356431055504,-3.6774938,-1.9885708,0.040861044
1356431055545,-4.7126403,-2.9147544,-2.4108016
1356431055600,-6.510526,-5.407278,-5.202973
1356431055625,-9.575105,-6.851035,-4.372132
1356431055665,-7.504812,-7.164303,-7.9679036
1356431055705,-8.771504,-7.9679036,-4.9850473
1356431055745,-11.917805,-4.399372,4.7126403
1356431055784,-5.053149,-5.09401,-0.7218784
1356431055825,-7.5865335,-6.4015636,1.7570249
1356431055865,-5.938472,-2.7513103,1.4573772
1356431055905,-5.8976107,-2.4516625,-0.7627395
1356431055945,-4.862464,-3.8273177,1.6480621
1356431055985,-6.701211,-5.5162406,-1.7297841
1356431056024,-7.3549876,-6.3607025,-0.5720546
1356431056064,-8.117727,-6.66035,1.1168685
1356431056104,-7.5865335,-8.390134,-0.53119355
1356431056144,-6.851035,-7.8180795,1.5390993
1356431056184,-9.888372,-7.3141265,3.0237172
1356431056224,-11.264028,-3.405087,4.140586
1356431056264,-13.143636,-5.012288,0.42223078
1356431056305,-8.240311,-7.273266,-1.6889231
1356431056344,-6.0201936,-5.284695,0.50395286
1356431056384,-3.7864566,-2.6014864,-0.42223078
1356431056425,-3.8681788,-1.525479,0.27240697
1356431056464,-3.9499009,-1.7570249,-1.0351465
1356431056504,-6.0201936,-4.3312707,-3.486809
1356431056544,-8.853226,-5.407278,-5.47538
1356431056598,-8.853226,-6.5513873,-6.3607025
1356431056625,-5.434519,-8.662541,-9.234595
1356431056665,-10.800936,-6.1291566,0.08172209
1356431056705,-13.402422,-4.0180025,5.407278
1356431056745,-4.4810944,-5.434519,-2.6423476
1356431056785,-9.384419,-6.0882955,2.6014864
1356431056825,-5.5571017,-3.1463003,-0.14982383
1356431056865,-5.6660647,-2.5333846,-0.0
1356431056905,-6.238119,-4.099725,0.19068487
1356431056945,-6.701211,-5.325556,-2.1383946
1356431056984,-6.5513873,-5.9793324,-0.14982383
1356431057024,-7.3549876,-6.701211,0.42223078
1356431057064,-7.205164,-7.9679036,-0.0
1356431057104,-7.273266,-6.701211,1.7978859
1356431057144,-10.501288,-7.1234417,3.445948
1356431057185,-13.525005,-4.7535014,3.718355
1356431057225,-12.067628,-5.5162406,-0.08172209
1356431057264,-6.2789803,-6.3198414,-1.56634
1356431057305,-4.630918,-3.2961242,0.5720546
1356431057344,-2.8330324,-1.920469,0.19068487
1356431057384,-4.099725,-2.1383946,-0.5720546
1356431057425,-5.012288,-3.255263,-2.5606253
1356431057464,-6.701211,-5.5571017,-6.5513873
1356431057504,-8.730643,-6.66035,-4.7535014
1356431057544,-8.921328,-7.164303,-7.5456724
1356431057600,-10.378705,-8.730643,-4.0180025
1356431057625,-10.419566,-3.8273177,4.903325
1356431057665,-6.510526,-5.407278,-0.5720546
1356431057705,-8.771504,-5.8976107,0.5720546
1356431057745,-5.325556,-3.759216,-0.10896278
1356431057785,-5.012288,-3.1463003,-0.7627395
1356431057825,-5.9793324,-3.718355,1.2666923
1356431057865,-6.742072,-4.5219555,-0.19068487
1356431057905,-7.04172,-6.0201936,-1.607201
1356431057944,-8.008764,-6.3198414,0.27240697
1356431057985,-7.6954966,-7.4639506,0.10896278
1356431058025,-6.851035,-8.19945,2.2201166
1356431058065,-11.114203,-7.3141265,4.5628166
1356431058105,-12.4489975,-2.3426998,4.372132
1356431058145,-11.645397,-5.7886477,-1.4573772
1356431058184,-6.891896,-6.8237944,-0.53119355
1356431058224,-4.9850473,-3.336985,-0.3405087
1356431058264,-3.6774938,-2.1792557,-0.61291564
1356431058305,-4.099725,-2.2201166,0.50395286
1356431058344,-3.8273177,-2.6832085,-1.3075534
1356431058384,-6.5922484,-4.7943625,-5.366417
1356431058425,-9.193735,-6.3198414,-4.630918
1356431058464,-8.580819,-7.9270425,-7.1234417
1356431058504,-11.304889,-9.084772,-4.5628166
1356431058544,-9.80665,-2.9556155,4.0588636
1356431058599,-6.238119,-5.47538,-0.19068487
1356431058625,-8.158588,-6.0882955,0.50395286
1356431058665,-5.5162406,-3.2961242,1.1168685
1356431058705,-5.47538,-2.8330324,-0.19068487
1356431058745,-5.8158884,-3.2961242,1.1441092
1356431058785,-6.66035,-4.440233,-0.6946377
1356431058825,-7.5456724,-5.9793324,-2.6423476
1356431058865,-7.8589406,-7.082581,0.61291564
1356431058905,-8.240311,-8.730643,-0.040861044
1356431058945,-7.6954966,-8.390134,1.9885708
1356431058984,-10.651112,-6.428804,3.2961242
1356431059026,-11.9450445,-2.9147544,3.759216
1356431059064,-11.141444,-6.1700177,-0.7218784
1356431059104,-7.6954966,-6.742072,0.10896278
1356431059144,-4.944186,-3.759216,0.5720546
1356431059184,-3.1054392,-2.3426998,-1.2666923
1356431059224,-3.6774938,-1.4573772,-0.27240697
1356431059264,-4.671779,-2.3699405,-1.607201
1356431059304,-7.205164,-5.175732,-6.0201936
1356431059344,-8.499097,-6.510526,-4.7535014
1356431059384,-8.117727,-7.1234417,-5.8976107
1356431059424,-11.413852,-8.158588,-5.09401
1356431059465,-10.841797,-3.8273177,3.9499009
1356431059504,-5.706926,-5.6660647,0.50395286
1356431059544,-8.390134,-6.891896,1.6889231
1356431059594,-6.2108784,-2.5606253,1.0351465
1356431059625,-5.407278,-1.920469,-1.7978859
1356431059665,-5.706926,-3.718355,0.50395286
1356431059705,-7.04172,-5.6660647,-0.53119355
1356431059745,-7.082581,-6.510526,-1.8387469
1356431059785,-7.6954966,-6.1291566,0.42223078
1356431059824,-8.349273,-7.04172,0.040861044
1356431059865,-6.8237944,-7.3958488,1.1849703
1356431059905,-7.9270425,-7.3549876,3.5276701
1356431059945,-11.304889,-4.2086873,4.6036777
1356431059985,-12.108489,-4.372132,0.92618364
1356431060025,-9.615966,-6.2108784,-1.525479
1356431060065,-7.014479,-5.5571017,-0.95342433
1356431060105,-4.5219555,-3.405087,-0.38136974
1356431060145,-3.568531,-1.2258313,-0.46309182
1356431060185,-3.568531,-1.1441092,-0.29964766
1356431060225,-5.706926,-3.9499009,-3.6774938
1356431060264,-8.049625,-4.8216033,-4.4810944
1356431060305,-9.765789,-6.3198414,-6.782933
1356431060344,-8.430995,-8.240311,-8.62168
1356431060384,-14.369467,-6.66035,2.4925237
1356431060424,-4.0180025,-2.8738933,0.3405087
1356431060464,-7.3141265,-6.428804,-0.46309182
1356431060504,-7.8861814,-5.706926,2.8330324
1356431060544,-6.469665,-2.3426998,-0.7627395
1356431060591,-5.434519,-1.8387469,0.10896278
1356431060624,-5.47538,-4.0588636,0.27240697
1356431060664,-7.6546354,-5.938472,0.040861044
1356431060705,-7.3958488,-6.2108784,-1.7297841
1356431060744,-8.689782,-6.0474343,0.42223078
1356431060785,-7.246025,-8.308413,0.10896278
1356431060825,-7.43671,-7.8589406,2.9556155
1356431060865,-11.372991,-5.5162406,3.8273177
1356431060905,-11.917805,-2.4516625,2.9556155
1356431060945,-11.223166,-6.2108784,-1.8387469
1356431060985,-6.8237944,-6.3607025,-1.4982382
1356431061024,-4.3312707,-3.9499009,-0.0
1356431061064,-3.405087,-1.8387469,0.08172209
1356431061104,-3.5276701,-1.2666923,-0.88532263
1356431061144,-4.9850473,-2.6832085,-2.5606253
1356431061184,-7.6546354,-5.706926,-4.5219555
1356431061224,-10.760075,-7.04172,-5.7886477
1356431061264,-8.471856,-6.0882955,-8.19945
1356431061304,-13.715691,-7.6273947,-1.607201
1356431061344,-6.973618,-2.1792557,2.4108016
1356431061384,-7.3141265,-6.2108784,0.50395286
1356431061424,-7.6546354,-6.0474343,1.5390993
1356431061464,-5.5162406,-2.1111538,-0.50395286
1356431061504,-5.5162406,-2.070293,-0.10896278
1356431061544,-6.238119,-4.9850473,0.14982383
1356431061591,-7.164303,-6.0474343,-1.1441092
1356431061624,-6.973618,-6.510526,-1.1849703
1356431061665,-8.921328,-6.2789803,0.53119355
1356431061705,-8.117727,-7.3958488,0.313268
1356431061744,-7.273266,-7.4639506,3.0237172
1356431061785,-10.841797,-5.053149,3.636633
1356431061825,-12.4489975,-3.718355,2.2609777
1356431061864,-10.378705,-5.7477865,-1.2258313
1356431061904,-7.273266,-5.8976107,-0.88532263
1356431061945,-4.862464,-3.9090397,0.3405087
1356431061984,-3.0645783,-1.3075534,-0.0
1356431062025,-3.445948,-0.6537767,-0.0
1356431062064,-5.407278,-2.4516625,-2.3018389
1356431062104,-8.158588,-6.0474343,-5.7886477
1356431062144,-10.147159,-6.6331096,-5.597963
1356431062184,-9.275456,-6.891896,-7.8861814
1356431062224,-14.09706,-6.6331096,-0.9125633
1356431062264,-5.597963,-2.070293,2.1792557
1356431062304,-8.267551,-6.1291566,1.2666923
1356431062344,-8.008764,-5.597963,0.6946377
1356431062384,-5.366417,-2.3699405,-1.4982382
1356431062424,-4.9850473,-2.7240696,0.313268
1356431062464,-6.3607025,-4.5219555,0.84446156
1356431062504,-7.6954966,-5.706926,-0.9125633
1356431062544,-7.014479,-6.238119,-0.9125633
1356431062591,-8.662541,-6.973618,-0.14982383
1356431062624,-7.504812,-7.8180795,0.50395286
1356431062665,-7.5865335,-6.973618,3.1054392
1356431062705,-11.372991,-4.671779,2.982856
1356431062744,-12.789507,-3.405087,1.7978859
1356431062785,-10.106298,-5.284695,-0.7627395
1356431062825,-6.782933,-5.407278,-0.38136974
1356431062865,-5.134871,-3.8681788,0.10896278
1356431062904,-4.0588636,-2.4516625,0.040861044
1356431062945,-4.2495484,-0.95342433,0.08172209
1356431062984,-5.938472,-3.1054392,-2.4108016
1356431063025,-8.580819,-5.938472,-6.0474343
1356431063064,-10.18802,-6.0882955,-5.8567495
1356431063104,-6.1700177,-8.19945,-8.19945
1356431063144,-14.206022,-5.6660647,2.2609777
1356431063185,-7.273266,-1.7570249,4.1814466
1356431063225,-9.493382,-6.973618,0.27240697
1356431063264,-7.7772183,-4.903325,0.95342433
1356431063305,-5.6660647,-2.3426998,0.42223078
1356431063344,-5.5162406,-1.9477097,-0.0
1356431063384,-6.5922484,-4.2086873,0.5720546
1356431063424,-7.504812,-5.9793324,-1.7297841
1356431063465,-6.973618,-5.9793324,-1.4165162
1356431063504,-7.9679036,-7.205164,0.6537767
1356431063544,-7.9270425,-7.6954966,1.1849703
1356431063592,-8.267551,-6.1291566,3.173541
1356431063624,-11.454713,-4.903325,3.9090397
1356431063665,-11.3321295,-1.9885708,2.8738933
1356431063705,-12.176591,-5.6252036,-0.9125633
1356431063745,-8.539958,-6.851035,-1.2666923
1356431063785,-5.938472,-4.372132,0.38136974
1356431063825,-4.7126403,-2.4516625,0.5720546
1356431063864,-3.255263,-1.0351465,0.27240697
1356431063905,-4.0588636,-2.6014864,-1.4982382
1356431063945,-7.082581,-5.7477865,-5.407278
1356431063984,-8.62168,-5.7477865,-3.718355
1356431064024,-8.771504,-6.428804,-6.4015636
1356431064064,-11.304889,-7.5865335,-3.8681788
1356431064104,-10.419566,-3.7864566,4.399372
1356431064144,-7.164303,-5.6252036,1.2258313
1356431064184,-8.62168,-5.284695,1.0351465
1356431064224,-6.2789803,-3.214402,-0.0
1356431064264,-5.706926,-1.7570249,0.08172209
1356431064304,-5.8158884,-3.336985,0.7627395
1356431064345,-7.246025,-5.5571017,-0.42223078
1356431064384,-7.273266,-6.3198414,-1.7978859
1356431064424,-8.499097,-5.706926,0.95342433
1356431064465,-8.267551,-7.3958488,0.7218784
1356431064504,-7.4639506,-5.8976107,2.5606253
1356431064544,-10.079058,-5.706926,4.099725
1356431064591,-12.489859,-4.372132,2.9556155
1356431064624,-13.0619135,-5.053149,-0.19068487
1356431064665,-7.9679036,-5.8976107,-2.1111538
1356431064704,-5.243834,-3.9771416,-1.2666923
1356431064734,-3.0237172,-3.1054392,0.08172209
1356431064775,-3.486809,-2.1383946,0.08172209
1356431064815,-4.399372,-0.6537767,-0.9942854
1356431064855,-6.1700177,-3.173541,-4.7535014
1356431064895,-8.62168,-5.8567495,-4.7943625
1356431064935,-9.656827,-6.6331096,-7.1234417
1356431064975,-7.3141265,-6.891896,-9.084772
1356431065015,-15.622539,-4.9850473,3.5957718
1356431065054,-5.5162406,-4.7535014,0.61291564
1356431065094,-8.812365,-6.701211,0.23154591
1356431065134,-7.014479,-3.255263,1.3756552
1356431065174,-6.1700177,-2.1792557,-0.53119355
1356431065214,-5.597963,-2.6423476,0.6537767
1356431065254,-6.3607025,-4.5628166,0.38136974
1356431065294,-6.851035,-5.9793324,-2.4108016
1356431065334,-7.164303,-6.2789803,0.040861044
1356431065374,-8.471856,-7.3549876,-0.040861044
1356431065414,-7.164303,-7.246025,1.5390993
1356431065454,-9.724928,-7.014479,3.1463003
1356431065495,-11.686258,-3.636633,3.9090397
1356431065534,-12.830367,-5.09401,0.42223078
1356431065591,-9.234595,-6.5922484,-2.3018389
1356431065615,-6.2108784,-4.4810944,-0.7627395
1356431065655,-4.4810944,-2.982856,-0.23154591
1356431065695,-4.0180025,-1.9477097,0.23154591
1356431065735,-3.2961242,-1.0760075,-0.50395286
1356431065775,-5.134871,-3.5276701,-2.6014864
1356431065815,-8.539958,-5.8976107,-6.973618
1356431065854,-10.460427,-5.8567495,-5.243834
1356431065894,-11.795221,-8.580819,-8.430995
1356431065934,-9.534244,-4.1814466,0.38136974
1356431065975,-5.053149,-4.0588636,1.7297841
1356431066014,-8.580819,-5.8976107,0.7218784
1356431066054,-7.3141265,-4.2495484,1.4165162
1356431066094,-5.09401,-2.6014864,-0.9942854
1356431066134,-5.134871,-3.214402,0.46309182
1356431066175,-6.782933,-3.8273177,0.7627395
1356431066215,-8.62168,-5.9793324,-2.070293
1356431066254,-7.6954966,-6.973618,-1.4165162
1356431066295,-8.390134,-7.6273947,0.040861044
1356431066334,-7.3958488,-7.6954966,0.92618364
1356431066374,-8.076866,-6.0474343,2.8738933
1356431066414,-11.3321295,-3.214402,2.6832085
1356431066454,-13.211738,-4.2495484,1.4982382
1356431066494,-9.997335,-6.851035,-1.7570249
1356431066534,-5.9793324,-4.671779,-1.1849703
1356431066590,-4.0588636,-2.6832085,-0.29964766
1356431066615,-3.7864566,-1.9885708,0.08172209
1356431066655,-3.9771416,-1.4165162,-0.3405087
1356431066695,-5.6660647,-3.214402,-2.3699405
1356431066735,-7.9270425,-5.8158884,-5.9793324
1356431066774,-9.888372,-5.407278,-5.47538
1356431066815,-9.80665,-7.246025,-9.343558
1356431066855,-12.9529505,-5.7477865,-0.46309182
1356431066894,-5.6660647,-3.1463003,2.5333846
1356431066935,-7.43671,-6.782933,-0.19068487
1356431066974,-8.267551,-4.5900574,1.56634
1356431067015,-5.938472,-1.6889231,-1.1441092
1356431067055,-5.366417,-2.9147544,0.84446156
1356431067095,-5.706926,-4.7535014,0.53119355
1356431067135,-7.8180795,-5.938472,-1.4982382
1356431067174,-7.164303,-6.4015636,-0.95342433
1356431067214,-8.689782,-6.973618,-0.23154591
1356431067254,-7.6273947,-8.117727,0.5720546
1356431067294,-7.9270425,-7.246025,2.1111538
1356431067334,-10.800936,-3.5957718,2.9556155
1356431067374,-11.836082,-2.6832085,2.3018389
1356431067414,-10.337844,-5.938472,-1.56634
1356431067454,-7.205164,-6.2108784,-0.84446156
1356431067494,-4.671779,-3.9090397,-0.7627395
1356431067534,-3.718355,-2.3426998,-0.53119355
1356431067574,-3.6774938,-0.95342433,-0.8036005
1356431067614,-5.407278,-3.0237172,-2.070293
1356431067654,-7.273266,-5.434519,-5.134871
1356431067695,-10.337844,-6.66035,-5.284695
1356431067734,-8.853226,-7.04172,-9.084772
1356431067774,-10.528529,-7.3141265,-2.5333846
1356431067814,-9.425281,-2.4108016,3.255263
1356431067854,-6.3607025,-5.134871,0.6946377
1356431067895,-8.240311,-5.9793324,1.5390993
1356431067934,-5.8567495,-3.3642259,-0.23154591
1356431067975,-5.938472,-2.3426998,-0.3405087
1356431068014,-5.7886477,-3.445948,1.3075534
1356431068055,-7.8861814,-5.8976107,-0.61291564
1356431068094,-7.3958488,-6.782933,-2.0294318
1356431068134,-8.049625,-5.8158884,0.7627395
1356431068174,-7.3958488,-7.6954966,0.19068487
1356431068214,-7.082581,-6.6331096,1.4982382
1356431068254,-9.765789,-6.428804,3.0237172
1356431068294,-11.413852,-2.8330324,3.6774938
1356431068334,-12.598822,-4.399372,0.8036005
1356431068374,-9.084772,-6.428804,-2.0294318
1356431068414,-6.4015636,-5.09401,-0.46309182
1356431068454,-3.8681788,-3.214402,-0.19068487
1356431068494,-3.9771416,-1.7978859,-0.08172209
